32_7 615 1001 625 1028
8_7 745 640 755 679
Sharp 79 989 98 1010
16_-2 329 821 343 866
16_-3 612 309 625 351
32_6 420 225 431 258
16_-3 567 307 581 352
2_-2 738 310 751 360
dot 405 226 410 231
16_1 481 482 491 511
32_7 411 224 420 257
4_-4 411 656 424 699
16_13 515 1069 526 1114
16_4 541 475 551 510
32_10 712 906 722 942
16_11 480 1075 491 1114
16_1 565 828 574 870
16_10 644 905 655 942
4_-5 628 310 640 356
Rests16 241 1009 252 1028
16_11 172 1075 184 1115
16_0 367 651 378 687
Single_barline 295 657 302 681
16_12 557 123 569 165
16_0 400 655 410 687
16_13 498 1069 512 1114
32_9 723 909 735 942
16_11 262 471 273 511
Single_barline 628 1087 634 1114
16_6 220 828 231 866
16_3 745 817 755 855
8_-5 660 741 673 789
16_11 657 903 672 942
8_6 394 224 404 258
16_5 610 225 619 259
Rests16 294 1008 304 1028
8_-5 507 741 519 789
16_-3 96 396 110 436
dot 325 227 329 231
8_6 771 641 782 684
16_6 689 828 699 866
8_-4 742 742 754 785
16_-2 98 908 112 952
16_3 356 650 369 683
16_6 598 225 608 259
16_11 322 558 333 597
16_3 343 821 353 856
16_6 718 484 730 512
16_3 479 311 492 351
8_-5 728 643 743 703
16_9 407 909 420 942
16_10 247 475 258 510
dot 467 675 472 681
16_8 723 1085 735 1115
16_-1 772 820 783 862
16_2 309 908 320 942
16_5 131 903 141 942
Rests16 610 492 620 511
16_11 111 558 122 597
dot 579 683 584 688
4_12 327 382 339 425
1_7 503 1002 516 1028
16_7 240 914 250 942
16_7 361 914 374 950
16_3 234 828 245 868
16_-1 304 821 315 862
Single_barline 315 829 321 855
16_3 652 1088 662 1125
16_0 121 483 133 514
16_11 571 126 585 165
16_4 121 217 133 251
16_3 133 218 142 252
16_0 178 742 189 773
dot 234 220 239 225
Rests8 676 923 686 942
16_7 185 397 201 436
16_5 633 224 642 257
16_9 525 133 535 165
dot 372 990 376 996
8_-1 567 656 579 691
8_-4 466 741 478 785
8_-4 699 654 712 700
16_-2 387 654 398 692
16_9 772 478 783 510
16_3 276 817 287 856
dot 338 380 343 386
16_6 330 484 340 512
16_11 115 989 129 1028
16_11 454 903 466 942
Rests8 109 1094 117 1108
16_5 362 817 372 855
dot 743 485 748 490
16_3 112 907 122 942
Rests8 441 1095 448 1108
16_12 538 1072 549 1114
dot 272 226 276 231
4_6 217 570 227 600
8_-4 701 741 716 785
16_-1 552 303 563 345
16_7 108 656 118 692
16_7 376 814 386 856
8_12 476 899 488 942
16_9 595 1082 606 1114
16_8 263 653 273 683
8_-3 446 741 460 782
dot 228 571 233 576
16_11 398 989 409 1028
16_1 456 482 469 511
16_-1 771 397 782 431
16_7 333 656 343 689
Natural 551 483 557 504
16_11 552 1075 563 1115
16_7 617 1087 628 1114
16_8 395 912 406 942
Sharp 122 915 130 935
16_6 350 914 360 951
8_10 423 906 434 942
16_9 251 650 261 683
16_-1 96 821 110 862
16_10 687 1078 698 1114
16_5 386 311 396 348
16_-1 598 309 609 345
8_8 378 912 388 942
16_5 97 657 106 692
Natural 703 900 710 919
16_9 200 1081 210 1115
Sharp 532 570 541 593
16_-1 139 483 149 517
16_2 469 482 479 511
16_3 505 476 517 510
16_1 758 819 769 856
Sharp 78 647 87 666
16_5 349 483 359 518
16_5 398 471 411 510
16_-1 112 395 122 431
8_-4 528 740 543 785
16_2 583 309 593 338
8_5 155 225 167 258
16_6 284 656 296 683
16_10 712 1078 723 1115
16_1 111 820 121 856
Sharp 131 503 138 521
16_11 644 471 655 511
Single_barline 445 484 451 509
16_5 541 570 551 605
16_11 589 126 601 166
Natural 634 1086 640 1104
16_8 190 653 200 683
16_10 441 906 452 942
16_2 434 476 445 510
8_5 432 225 442 258
Natural 211 567 216 586
Single_barline 280 1089 285 1113
Rests16 176 404 186 424
16_7 177 656 188 683
16_6 640 1087 650 1126
16_9 202 649 211 683
16_5 451 311 461 347
16_8 607 1085 617 1114
Sharp 88 657 97 676
8_-4 415 741 428 784
16_5 267 1088 279 1120
16_2 541 822 552 856
16_10 363 388 374 425
Sharp 300 657 308 677
8_6 291 1087 301 1118
16_1 290 819 301 856
8_4 144 225 153 260
16_3 578 828 588 867
4_-2 611 656 622 692
16_9 159 1082 170 1114
8_-3 671 654 685 696
16_9 618 392 628 425
16_8 207 826 217 864
Natural 244 644 251 664
16_3 703 828 713 869
16_8 501 567 511 598
16_0 756 397 767 428
8_-3 486 741 498 782
16_8 675 826 686 864
16_7 274 656 284 683
16_1 161 740 175 770
16_7 273 1001 288 1030
16_9 290 477 300 511
16_6 262 816 275 855
16_2 493 482 503 511
16_10 623 130 634 165
16_6 251 1088 260 1119
16_4 466 311 477 349
Natural 493 1063 500 1083
Natural 657 469 664 489
Single_barline 630 916 636 941
16_9 292 305 305 338
16_11 179 126 190 165
16_10 629 474 640 511
16_10 230 647 243 683
Natural 245 1085 250 1104
Natural 324 481 330 500
4_6 736 1087 746 1118
16_3 708 397 721 437
16_7 137 1087 147 1114
16_9 637 133 649 165
Sharp 118 1085 125 1104
Natural 759 235 766 255
16_10 483 130 494 165
Sharp 212 766 220 783
16_8 673 1084 685 1125
16_9 416 822 427 855
16_6 663 1088 673 1125
16_9 675 564 685 597
Sharp 534 235 541 254
16_9 220 650 229 683
Natural 468 894 475 914
Natural 445 312 451 332
8_-3 375 742 387 782
16_6 361 483 371 517
16_8 151 826 162 857
16_5 405 311 415 346
Single_barline 212 226 218 250
Single_barline 635 1002 641 1027
16_9 389 822 399 856
Natural 720 558 726 577
16_8 700 1085 710 1115
16_9 156 650 166 683
16_6 126 1087 136 1115
Single_barline 412 1088 418 1113
8_8 319 999 329 1029
Sharp 78 1079 87 1099
16_6 592 828 602 865
Rests8 305 1094 313 1108
16_4 620 225 631 259
Sharp 89 987 97 1006
16_9 497 133 509 165
16_7 603 828 616 863
Rests8 516 664 524 677
8_9 205 995 215 1029
16_8 761 481 771 510
16_10 606 130 618 165
16_8 179 826 189 857
Single_barline 302 226 308 250
4_2 182 480 193 511
4_6 746 224 756 255
4_5 558 483 568 517
8_3 555 218 566 252
8_-2 590 740 602 779
16_5 139 311 149 344
16_5 343 656 354 689
8_-3 334 741 346 782
16_9 441 564 452 597
16_5 353 311 366 344
Single_barline 512 225 518 250
16_9 169 995 183 1029
16_9 678 478 688 511
Sharp 755 766 763 784
8_10 98 992 109 1028
16_6 457 1087 466 1115
16_10 275 474 288 511
16_4 587 225 597 260
16_3 527 819 538 855
Single_barline 491 1002 498 1027
16_8 223 1085 233 1115
16_9 171 563 181 597
16_6 252 914 264 942
Single_barline 608 743 614 768
16_6 435 311 445 344
8_9 403 391 414 438
Sharp 449 1085 456 1105
Rests16 189 1008 200 1028
Natural 144 986 151 1006
16_5 308 656 318 689
16_9 367 564 377 597
Sharp 341 484 349 504
16_8 197 912 209 942
Rests8 546 664 554 677
Single_barline 660 657 665 681
16_1 741 397 752 425
16_8 210 1085 221 1114
8_4 591 656 601 694
16_10 582 1078 593 1114
16_7 556 569 566 606
16_6 514 569 526 598
16_9 185 908 195 942
Sharp 353 829 361 848
Natural 312 1110 319 1130
Single_barline 677 225 683 250
Rests8 187 232 195 246
16_3 422 474 433 510
16_10 663 475 675 511
Sharp 396 312 404 332
16_9 292 564 303 597
Sharp 565 232 573 251
Sharp 685 558 693 578
16_9 726 563 736 597
16_6 644 224 653 255
Single_barline 321 915 327 941
16_4 517 476 527 510
4_-1 193 742 204 776
16_7 235 1087 244 1117
8_2 524 218 536 252
16_4 410 472 420 510
Sharp 528 1066 536 1086
8_6 732 224 743 255
Single_barline 510 915 516 941
Sharp 634 900 643 921
2_6 281 397 292 427
16_5 571 569 581 607
Single_barline 553 829 559 854
16_8 664 222 677 252
8_6 156 397 166 435
16_6 731 816 744 855
Rests16 135 1009 145 1028
16_3 583 570 595 608
16_4 142 391 152 424
16_3 529 475 540 510
Sharp 673 398 681 418
Single_barline 260 743 266 768
Single_barline 784 484 790 510
16_6 383 484 396 516
16_9 655 133 665 166
16_7 468 1087 478 1114
16_9 693 564 703 597
Sharp 79 993 87 1013
16_6 417 311 430 345
16_5 768 139 780 171
16_8 198 567 210 597
Sharp 212 644 220 664
Sharp 320 851 328 871
Single_barline 392 398 398 423
8_10 152 992 164 1028
16_8 647 825 658 857
16_9 235 478 245 511
Rests8 242 749 251 763
16_8 376 395 388 424
16_6 341 310 351 343
8_1 715 654 726 684
16_10 307 561 318 597
Rests8 369 1095 378 1108
16_10 96 561 107 597
Rests8 667 1008 675 1022
16_10 381 561 393 597
4_1 457 656 467 683
16_10 600 561 611 597
16_8 310 308 320 339
16_9 444 822 455 856
8_-1 272 742 285 776
Sharp 580 765 588 784
Single_barline 784 829 790 855
16_9 212 132 222 165
16_8 149 1085 158 1114
Sharp 377 679 385 698
16_6 476 1001 488 1028
8_1 500 222 510 252
16_7 373 483 383 517
Rests8 737 1008 745 1022
4_8 736 912 746 942
Single_barline 382 225 388 250
16_9 158 908 168 942
4_6 261 224 271 255
8_9 688 219 699 252
Single_barline 546 398 551 423
16_10 412 992 426 1028
Sharp 78 389 88 409
16_3 125 818 135 855
Sharp 602 679 610 699
Sharp 78 475 88 495
Sharp 78 302 87 322
16_7 315 483 324 511
16_8 220 998 235 1028
8_-2 292 742 304 779
16_2 537 303 548 338
Sharp 620 469 628 489
8_-2 765 742 777 778
16_10 706 560 718 597
Sharp 283 765 291 784
Single_barline 681 311 687 337
16_9 213 908 223 942
16_3 130 656 141 694
8_4 117 735 128 768
Single_barline 495 311 501 337
Rests4 753 1089 762 1112
8_2 542 218 552 252
16_6 138 816 149 856
Rests4 430 659 438 681
Single_barline 307 1002 314 1027
Single_barline 281 570 287 595
Rests8 529 404 537 418
8_-2 395 742 407 779
16_4 167 311 179 344
Rests8 253 404 261 418
Single_barline 784 1002 790 1028
Single_barline 237 311 244 337
Sharp 78 820 88 840
16_3 295 906 306 942
Sharp 78 734 87 754
Sharp 88 938 97 958
8_4 719 225 729 261
16_1 715 828 727 870
16_10 139 561 152 597
16_10 143 647 154 683
16_6 663 397 672 431
Single_barline 434 743 440 768
16_9 126 564 136 597
8_0 682 741 693 773
16_10 602 388 614 425
Sharp 261 1088 269 1107
Single_barline 223 484 230 509
16_7 454 569 467 597
Sharp 78 906 87 926
16_6 191 828 203 857
16_9 430 995 440 1028
16_7 655 224 664 254
16_10 187 1078 199 1114
16_5 120 656 130 693
16_4 371 311 381 349
16_9 335 564 347 597
Rests8 629 663 638 677
8_4 444 225 456 259
Single_barline 270 398 276 423
Single_barline 513 139 519 164
16_9 615 564 625 597
Single_barline 322 139 328 164
16_8 279 308 289 338
16_2 126 393 137 424
16_8 620 825 630 857
16_4 696 397 706 435
16_8 660 567 670 597
Single_barline 444 656 451 682
16_4 291 139 303 172
4_7 732 483 742 511
16_8 167 653 177 683
Single_barline 784 398 790 424
16_6 660 828 671 857
16_7 123 310 134 345
Sharp 79 216 87 235
Sharp 712 482 720 501
Rests4 368 228 376 250
16_5 682 397 691 434
4_10 360 992 371 1028
16_8 633 395 643 424
16_6 484 828 496 856
8_3 473 219 483 251
16_6 770 569 781 596
16_8 690 481 700 511
Single_barline 784 743 790 769
16_10 195 130 207 165
Single_barline 556 657 562 682
8_10 336 992 350 1028
16_6 166 828 176 857
16_8 303 481 313 511
Rests4 204 486 212 508
16_7 486 569 496 599
8_9 690 908 700 942
4_5 433 138 443 172
Single_barline 784 139 790 165
8_0 151 483 164 514
8_3 642 649 658 684
16_6 634 828 644 857
Sharp 78 130 87 150
16_10 565 1078 579 1115
8_-1 620 741 634 776
16_6 753 138 763 170
16_2 726 397 739 424
Single_barline 784 225 790 251
Single_barline 784 570 790 596
4_3 185 305 196 338
Rests8 462 146 470 159
16_8 630 567 640 597
16_8 266 567 278 597
16_7 702 483 711 511
8_1 167 483 178 511
8_5 341 138 351 172
8_4 459 217 472 251
16_8 672 136 682 166
16_8 403 826 413 855
16_8 541 136 551 166
16_8 688 136 698 165
4_7 97 311 106 338
16_4 522 303 533 338
8_2 686 654 697 683
8_-1 723 742 734 776
Rests8 540 922 549 936
16_2 506 303 520 338
Rests4 656 314 664 335
16_8 426 566 437 597
16_8 171 912 182 942
Sharp 79 562 87 581
16_8 394 567 407 597
16_6 737 139 747 168
8_0 499 656 513 687
16_6 154 311 164 344
Single_barline 599 484 605 509
Single_barline 784 656 790 682
8_5 386 139 396 172
16_8 156 567 166 598
16_7 462 1001 472 1028
16_7 721 138 731 166
8_5 362 138 372 172
4_7 314 225 324 252
16_4 282 904 293 942
Rests8 137 145 145 159
8_1 569 740 580 770
16_7 253 569 263 599
16_6 249 311 259 338
16_7 411 569 422 597
16_5 277 138 288 170
Rests4 579 486 587 509
16_1 246 827 259 870
16_7 245 138 255 166
16_8 741 567 751 597
16_7 185 569 196 597
8_8 492 912 504 942
4_8 582 912 593 942
8_-2 221 742 238 779
8_9 522 909 532 942
16_6 471 569 481 599
8_-1 313 742 324 776
16_5 268 902 281 942
16_8 352 567 362 597
8_-2 354 742 368 779
16_5 500 816 514 856
Rests4 212 314 221 335
16_8 446 999 456 1028
16_8 226 911 237 942
16_8 226 136 239 166
16_7 325 310 335 341
8_9 158 133 169 166
Single_barline 784 915 790 941
16_7 472 828 482 856
16_7 646 397 658 425
8_4 96 217 110 251
8_6 199 224 210 255
16_8 428 826 440 855
4_9 702 219 712 251
16_6 261 138 271 168
8_5 337 225 347 258
16_7 702 138 714 166
4_2 206 394 217 425
8_4 247 225 257 261
16_4 514 818 525 856
16_7 756 569 766 597
8_0 96 483 109 514
8_1 641 741 652 770
8_2 767 221 781 252
16_8 458 826 468 855
4_7 607 915 618 942
4_10 576 388 587 425
16_7 642 570 655 597
8_6 646 1001 657 1032
8_1 332 914 343 957
8_8 257 999 267 1029
8_5 405 139 417 171
4_7 761 915 771 942
4_3 352 219 362 252
8_0 97 740 111 773
4_6 170 224 180 255
8_3 574 217 584 252
4_9 224 219 234 252
Single_barline 784 311 790 337
16_7 264 310 275 338
8_2 142 739 155 769
8_2 284 222 300 251
8_2 549 740 560 769
4_9 558 909 568 942
Gclef 57 903 77 952
8_2 486 220 496 252
8_2 481 653 496 683
8_1 233 397 249 424
Gclef 57 127 77 176
Gclef 57 1076 77 1125
Gclef 57 644 77 693
Gclef 57 989 77 1038
8_3 528 649 543 683
Gclef 57 558 77 607
Gclef 57 213 77 262
Gclef 57 386 77 435
Gclef 57 299 77 348
Gclef 57 817 77 866
Gclef 57 731 77 780
Gclef 57 471 77 521
