32_6 131 780 143 813
16_13 143 1068 157 1115
16_12 129 1066 141 1114
16_-4 286 318 300 362
2_4 484 165 495 198
16_-1 316 241 327 276
16_-3 581 241 592 282
16_4 617 152 627 191
16_-1 286 241 299 276
16_-1 131 619 144 659
16_3 374 229 384 269
2_0 297 165 311 199
4_-5 409 856 422 903
16_1 216 615 231 655
16_-3 396 855 407 896
Sharp 713 567 721 589
16_3 230 615 239 653
16_1 168 235 179 269
16_1 144 620 154 654
16_-1 556 854 566 891
16_13 112 1069 124 1115
16_12 449 611 460 653
2_-2 496 855 510 904
16_11 289 691 302 730
16_0 456 933 468 964
Rests16 608 865 617 885
16_2 382 160 392 192
Single_barline 301 550 307 575
8_9 493 774 503 807
16_12 462 611 475 654
32_7 120 780 131 813
16_-1 346 849 357 892
16_5 760 626 770 658
4_13 341 992 352 1038
16_13 375 992 386 1038
16_-4 111 241 122 285
16_-2 301 319 312 355
16_13 402 300 413 346
16_11 179 1075 190 1114
16_-3 358 854 371 897
16_11 599 922 611 961
16_3 633 1004 645 1037
8_-1 532 535 544 583
16_6 234 549 246 582
16_3 677 1076 688 1115
16_11 467 536 479 576
16_6 453 395 463 433
16_1 346 229 356 269
16_12 393 995 405 1037
8_-1 626 549 637 583
16_9 536 390 548 424
16_-1 383 855 394 891
16_-1 409 933 420 967
16_3 761 924 772 960
Natural 239 627 246 646
16_0 316 318 326 349
16_1 430 393 440 423
Single_barline 503 242 508 268
16_7 145 395 155 430
16_4 491 695 503 730
16_-2 351 163 366 202
16_4 227 1002 237 1037
16_9 228 697 240 730
dot 715 705 719 710
16_11 461 153 474 192
16_12 387 303 399 346
Single_barline 502 318 509 344
16_3 156 620 167 653
16_6 233 857 245 891
16_9 218 390 228 423
dot 108 781 112 786
16_5 264 856 273 894
16_11 245 383 256 423
dot 170 90 175 95
dot 615 698 620 703
16_12 417 303 429 346
16_-1 417 395 430 429
16_9 213 1082 225 1115
16_10 393 617 404 654
16_-1 474 933 484 967
16_-3 543 856 556 897
dot 657 705 662 710
16_3 633 155 644 191
16_4 661 1073 672 1114
16_9 347 697 359 730
16_1 303 241 313 269
dot 508 127 512 132
16_6 380 626 391 655
dot 743 839 748 845
16_3 96 310 110 345
16_4 708 88 718 122
16_9 424 544 434 577
16_3 736 88 747 123
16_2 371 855 381 885
16_3 278 550 288 587
16_0 596 241 606 273
16_3 726 158 738 192
16_10 228 387 241 423
16_4 322 849 332 883
16_7 487 395 499 433
Sharp 708 568 717 592
Single_barline 311 1012 317 1036
16_3 549 82 561 115
16_11 305 691 317 730
16_3 358 934 370 973
4_12 732 842 744 884
dot 723 1101 728 1106
16_3 471 88 483 127
16_7 208 549 217 583
16_8 772 854 783 884
16_10 760 848 771 884
Natural 297 255 302 275
Natural 735 175 741 194
16_3 502 696 512 730
16_12 162 1072 174 1114
16_8 526 393 536 424
16_6 112 549 121 587
Natural 384 233 390 252
16_0 397 934 408 964
16_10 406 617 419 655
16_5 127 550 140 584
16_0 108 395 121 426
16_4 157 396 167 430
8_2 312 549 322 589
Rests16 576 1095 586 1114
Sharp 466 952 473 971
16_1 662 164 676 192
16_8 386 547 398 577
16_7 615 856 629 895
8_-1 594 549 606 583
16_5 421 780 431 813
16_12 96 1072 108 1114
16_9 328 544 337 585
16_4 772 626 783 659
16_0 771 164 783 195
16_0 367 161 378 195
16_4 133 390 143 422
16_8 292 931 302 960
16_2 773 926 784 961
16_11 430 307 443 345
Sharp 506 316 515 337
16_3 488 241 501 282
16_6 285 396 296 424
16_10 217 695 228 730
16_9 194 390 204 423
16_10 370 309 384 347
Natural 239 1011 245 1030
16_9 494 544 505 576
16_6 667 934 678 962
16_10 264 1078 276 1114
16_5 400 157 410 192
Sharp 392 166 399 185
16_2 334 849 344 884
Natural 662 931 669 950
16_1 581 310 592 346
16_9 248 1082 258 1114
16_4 275 857 285 895
Flat 641 563 650 581
Sharp 679 934 687 954
16_10 585 925 596 961
16_6 722 933 734 966
16_5 442 703 454 736
16_1 385 933 395 961
Natural 217 551 224 570
Natural 627 172 633 191
16_9 405 236 414 269
Single_barline 454 704 460 729
16_8 264 700 274 730
Natural 718 89 724 108
16_5 220 472 232 506
Flat 246 551 253 568
Natural 257 858 263 877
Natural 621 1085 627 1104
16_6 142 549 152 583
16_6 699 934 709 968
16_5 335 934 345 970
16_6 247 857 257 891
16_1 756 162 767 192
16_10 613 925 626 960
16_5 205 858 214 893
16_5 572 164 582 198
16_3 441 389 452 422
16_2 563 82 573 115
8_5 143 703 153 736
16_6 317 933 327 967
16_1 196 235 207 269
16_9 376 544 386 577
8_0 651 549 665 580
Flat 458 529 465 548
16_0 111 310 122 349
Rests8 671 865 678 878
16_10 267 925 278 961
Natural 280 393 286 412
16_10 551 387 562 424
16_2 115 1009 126 1038
Single_barline 270 627 276 652
16_9 279 1082 291 1114
16_3 285 857 297 896
16_3 171 1002 185 1038
Sharp 507 251 515 272
Sharp 687 175 695 194
16_5 247 615 257 653
16_4 712 780 724 813
16_10 482 540 493 577
8_-1 564 540 575 583
16_5 724 88 734 123
16_6 665 318 677 347
16_9 251 697 262 730
16_9 628 928 638 960
16_-1 96 241 109 276
16_5 224 549 234 582
16_6 360 229 370 269
16_10 423 618 434 653
16_1 133 1009 145 1039
8_12 488 611 500 654
Flat 200 542 207 559
Natural 208 1076 214 1096
16_4 176 88 190 122
16_0 566 242 580 272
16_6 428 88 438 122
16_6 626 1087 638 1116
16_8 367 623 377 655
Natural 500 1079 506 1098
Rests8 211 96 220 109
8_-1 698 549 708 583
16_8 412 547 422 577
16_10 336 694 347 730
Rests2 741 251 753 258
Rests2 741 328 753 335
Sharp 164 188 172 207
Sharp 122 550 130 570
16_8 624 316 634 347
Sharp 215 858 223 878
4_7 703 703 714 731
16_11 680 614 691 653
16_7 169 395 179 430
16_4 289 549 301 587
16_9 352 544 362 576
16_2 638 234 649 268
Natural 233 470 239 490
16_8 434 547 446 577
16_11 411 999 423 1038
16_-1 125 242 135 276
16_4 567 310 580 345
16_8 120 854 130 884
16_4 347 933 357 972
16_4 580 850 590 883
Single_barline 592 704 598 729
16_5 683 780 694 813
Natural 551 470 557 490
16_7 394 703 406 730
Single_barline 420 934 426 959
16_8 652 316 663 347
16_2 652 1004 662 1038
16_5 154 549 164 583
16_9 400 544 410 577
16_8 391 239 400 269
16_2 696 160 706 192
16_2 696 1080 706 1115
8_6 160 88 169 119
Natural 603 791 610 809
16_5 194 319 206 352
Natural 486 768 493 788
16_8 563 393 574 425
16_7 270 395 280 423
16_10 429 1002 442 1038
16_5 586 396 598 428
16_5 538 472 550 506
16_3 330 319 340 353
16_6 699 780 709 813
16_9 708 620 718 653
4_10 244 925 256 961
Single_barline 485 89 491 113
16_9 572 928 583 961
16_8 144 854 154 885
16_5 176 549 188 583
16_3 183 235 193 269
Single_barline 481 780 487 806
16_5 687 934 697 968
Single_barline 281 473 287 498
Single_barline 338 165 344 191
16_6 584 165 597 197
16_2 742 160 753 192
8_0 487 933 500 964
16_9 361 697 371 730
16_9 280 928 289 961
16_3 710 158 721 192
16_2 667 234 678 268
16_5 223 857 232 892
8_9 96 927 106 973
16_8 502 393 512 425
Single_barline 266 780 272 805
16_1 96 1009 110 1038
8_-1 667 549 677 583
16_2 678 163 688 192
Single_barline 505 550 512 575
Single_barline 599 473 605 498
Sharp 586 1085 594 1104
Sharp 688 1098 695 1118
16_6 190 549 200 583
Sharp 428 470 436 489
16_7 488 319 501 345
Rests8 202 711 210 724
16_10 321 694 332 730
Sharp 643 1021 651 1040
Rests8 329 96 337 109
16_1 139 241 150 269
16_9 462 313 472 345
16_9 258 390 267 423
16_2 152 1009 163 1038
16_2 580 1004 591 1038
8_3 609 1004 621 1037
16_3 169 620 180 653
8_8 517 532 530 577
16_4 749 922 760 960
16_9 448 544 458 577
16_10 448 156 459 193
16_6 695 88 705 123
Single_barline 692 704 698 729
Single_barline 403 473 409 499
Single_barline 784 934 790 960
Sharp 439 150 447 170
8_6 119 473 128 507
16_5 767 1087 779 1120
16_6 437 779 447 811
16_10 196 1078 206 1114
Rests8 619 90 627 103
16_2 121 393 131 423
Sharp 110 470 118 490
16_6 554 165 564 198
Single_barline 683 858 689 882
Single_barline 628 781 634 805
Rests8 114 634 122 647
16_5 259 615 269 653
16_5 390 780 400 815
16_4 254 550 264 587
16_5 421 1087 434 1122
16_4 460 88 470 127
16_5 346 1087 358 1120
Sharp 564 166 572 186
16_4 206 472 216 506
Sharp 290 790 298 809
Sharp 439 89 447 109
16_3 561 1001 573 1037
16_5 328 626 338 658
16_3 208 1002 219 1037
16_5 737 921 750 960
Rests8 298 634 306 647
16_4 624 233 637 268
16_10 447 309 459 345
16_2 568 853 578 884
Sharp 277 111 285 131
Sharp 330 787 339 806
16_9 130 850 142 884
16_6 514 396 524 424
4_5 182 703 192 736
16_3 125 309 136 345
16_6 166 549 176 582
8_4 96 472 106 507
16_3 465 396 475 433
Single_barline 598 396 604 421
Single_barline 298 858 304 883
16_7 205 395 216 423
16_4 524 472 534 507
Single_barline 679 319 685 344
Rests8 573 634 581 647
Rests16 405 403 415 422
Single_barline 596 1011 603 1036
Rests8 743 480 751 493
Sharp 78 156 88 176
Sharp 476 166 484 186
Rests4 706 399 714 420
Rests8 220 172 229 186
Rests8 769 96 777 109
8_4 188 772 201 806
Sharp 78 464 87 484
16_10 695 617 706 653
Sharp 370 111 379 131
Rests8 654 480 663 493
16_5 266 549 276 587
Rests8 564 711 572 724
16_9 449 1005 459 1038
16_8 372 700 383 730
16_5 603 151 616 192
Single_barline 297 396 303 421
Single_barline 477 627 483 652
16_6 474 1087 484 1116
16_4 193 857 203 894
16_7 408 703 418 731
16_7 539 165 549 198
Sharp 78 233 88 253
Single_barline 362 1088 368 1113
Single_barline 240 704 246 729
Single_barline 784 165 790 191
16_5 447 88 457 125
Sharp 78 1002 88 1022
16_7 712 933 722 967
16_6 432 703 442 735
16_6 638 318 648 347
Single_barline 784 626 790 653
8_6 561 780 572 810
16_4 753 1087 763 1122
2_6 695 857 705 887
Single_barline 214 934 220 959
Single_barline 611 627 617 652
16_4 596 308 606 345
16_7 653 934 662 961
16_5 179 857 190 890
16_5 390 1087 401 1122
16_2 372 933 385 960
16_7 108 856 118 884
16_2 610 241 620 269
Single_barline 679 243 685 268
Single_barline 450 857 457 882
Single_barline 531 857 537 883
16_7 611 1087 621 1116
4_5 308 396 318 429
16_7 153 318 164 352
Sharp 79 694 87 713
16_3 154 235 167 269
16_2 309 849 322 884
16_8 465 777 478 807
Sharp 327 934 335 954
Sharp 78 541 87 561
16_8 364 547 374 577
16_7 156 857 166 887
Single_barline 260 242 266 267
16_6 477 395 488 433
Sharp 78 925 87 945
16_7 182 319 192 351
16_8 436 623 446 653
Single_barline 694 396 701 422
16_6 420 703 430 733
Sharp 78 617 88 637
4_4 764 395 775 432
Rests4 766 706 774 727
Single_barline 393 396 399 421
16_4 476 242 486 280
Sharp 78 387 87 407
16_9 429 158 439 192
16_3 331 229 345 269
16_5 524 998 538 1037
16_4 404 780 415 815
2_5 323 472 333 505
8_-1 96 626 112 660
Rests8 200 633 208 647
8_5 103 703 113 736
16_5 344 318 354 351
4_3 713 1081 723 1114
Rests4 590 629 598 651
16_7 358 318 368 349
16_6 747 626 757 656
16_8 468 1008 478 1037
8_6 436 473 446 507
4_5 246 1011 256 1044
Rests4 431 860 440 882
Sharp 78 310 87 330
Single_barline 226 89 233 114
16_7 734 626 744 654
Sharp 342 188 350 207
Rests8 201 941 209 955
16_6 448 242 458 275
8_0 432 933 445 964
16_8 640 931 650 961
16_6 503 1010 515 1037
4_-1 211 241 222 276
4_3 747 697 757 730
16_8 719 623 731 653
16_4 653 234 664 268
Single_barline 784 396 790 422
16_8 298 1085 308 1115
Sharp 78 771 87 790
16_7 487 1087 500 1116
16_8 384 700 394 730
16_5 139 308 150 345
16_7 303 934 315 961
8_4 576 473 590 507
16_4 374 1087 384 1122
8_5 159 472 172 506
Rests8 698 479 707 493
16_2 648 157 659 192
16_7 452 779 462 809
Single_barline 237 165 244 191
8_3 497 85 510 115
4_6 647 703 656 733
16_6 168 857 178 888
16_6 594 1087 605 1116
Single_barline 344 89 350 114
16_8 341 622 351 656
8_0 682 549 693 580
16_5 645 1073 658 1114
8_2 611 776 626 807
Rests4 540 244 549 267
Sharp 78 79 87 99
16_8 419 239 429 270
8_10 505 617 517 654
4_8 507 1084 517 1115
Single_barline 783 89 790 114
16_4 359 780 369 815
16_8 231 1084 242 1114
16_4 407 1087 417 1122
4_3 211 312 221 345
16_6 575 395 585 427
8_6 239 473 250 505
8_5 527 703 539 736
4_6 582 780 592 810
16_6 374 780 385 814
Rests4 752 1014 761 1035
Rests4 540 322 549 343
16_6 96 856 106 884
Sharp 78 1080 87 1099
Single_barline 565 1088 571 1113
Single_barline 561 934 567 959
16_5 462 242 472 278
16_7 668 779 678 813
16_8 352 623 364 655
Rests4 716 245 725 266
Rests8 646 634 655 647
8_1 548 537 559 577
8_8 522 623 532 654
16_7 431 242 443 270
4_6 515 319 525 348
16_5 168 318 178 352
Sharp 78 848 87 868
Single_barline 784 857 790 883
Single_barline 260 319 266 344
16_8 476 316 486 345
16_3 315 626 325 660
Rests4 537 1090 545 1112
Single_barline 634 89 640 114
Rests4 758 783 766 805
4_9 603 697 613 730
16_6 609 308 620 346
Rests4 675 398 684 421
2_5 728 395 738 429
8_1 503 933 513 961
4_2 516 238 526 269
4_4 375 472 385 509
Rests4 236 244 245 266
Single_barline 527 165 534 191
Single_barline 784 473 790 498
Rests4 541 936 550 959
4_5 718 1010 728 1044
8_3 208 774 218 807
Rests4 716 322 725 344
8_5 118 703 129 736
4_0 691 241 701 272
4_2 519 930 529 961
8_5 155 703 168 736
Rests16 273 326 283 345
16_4 543 1000 554 1037
16_8 337 546 349 583
8_6 96 780 106 813
16_6 331 1087 341 1119
16_8 179 393 191 430
Rests4 373 398 382 421
4_6 631 396 642 426
16_7 314 1087 325 1117
8_1 653 857 669 884
8_1 579 549 592 577
8_2 278 773 291 807
8_4 695 1003 705 1037
8_1 96 549 106 591
16_7 457 1087 467 1116
8_3 339 772 349 807
16_6 441 1087 451 1116
8_6 558 473 568 505
4_9 513 774 523 807
8_6 592 857 602 895
8_7 458 473 468 506
Rests16 97 404 106 422
4_7 330 395 341 422
8_3 319 773 329 807
8_1 248 778 259 807
Single_barline 784 1011 790 1037
Single_barline 784 1088 790 1114
16_7 414 164 424 192
16_7 487 1010 497 1038
Rests4 236 321 245 344
4_6 544 703 554 733
Single_barline 783 704 790 729
8_2 299 773 309 807
8_5 147 780 157 813
8_1 531 82 545 115
4_10 351 387 363 423
Rests4 279 1014 288 1036
Single_barline 783 242 790 268
8_4 164 780 177 815
8_7 140 472 150 506
4_4 691 319 701 355
Rests16 273 250 283 269
16_4 190 1002 201 1037
8_4 541 780 552 817
8_5 477 472 490 506
Single_barline 783 319 790 344
Single_barline 784 550 790 576
Single_barline 784 780 790 805
4_2 293 469 304 500
8_9 663 620 674 653
8_4 465 695 478 730
8_5 632 464 643 500
8_4 258 473 271 507
4_7 640 780 650 807
8_4 631 703 641 740
8_2 514 87 524 115
4_2 632 854 642 884
8_1 610 549 621 577
8_5 731 703 741 736
8_6 578 703 589 734
4_4 610 396 620 432
8_3 183 620 198 653
4_9 653 390 663 423
8_4 414 472 424 507
8_2 194 85 209 115
4_3 730 774 741 807
8_3 184 473 194 509
8_4 514 703 524 738
8_2 228 776 239 807
8_2 611 470 625 499
8_4 676 472 687 509
8_3 670 1004 684 1038
8_2 752 85 766 115
8_6 537 626 549 655
8_2 674 700 690 730
8_5 556 626 566 660
8_3 721 466 737 499
8_3 502 472 512 509
8_2 765 469 780 499
Gclef 57 75 77 125
8_5 281 626 292 660
Gclef 57 230 77 279
Gclef 57 1076 77 1125
Gclef 57 538 77 587
Gclef 57 306 77 356
Gclef 57 844 77 894
Gclef 57 999 77 1047
Gclef 57 614 77 663
Gclef 57 461 77 510
Gclef 57 922 77 971
Gclef 57 153 77 202
Gclef 57 690 77 740
Gclef 57 383 77 433
Gclef 57 768 77 817
