16_10 199 957 208 992
4_14 540 724 552 773
16_5 690 87 702 113
8_-4 673 307 685 350
16_11 191 959 204 992
16_12 174 182 185 224
8_-4 273 397 286 461
16_12 367 1066 382 1114
8_4 754 284 764 335
8_13 430 398 444 459
Single_barline 673 418 680 443
16_13 153 179 164 225
16_12 291 182 302 224
Rests8 358 863 368 882
32_5 698 746 710 784
16_12 389 1066 400 1114
16_13 655 1069 666 1114
16_13 268 180 281 225
16_14 678 834 690 882
16_11 177 514 188 554
8_10 737 284 749 335
8_-5 705 307 717 354
16_11 445 514 457 554
16_5 727 73 740 115
16_4 742 76 752 114
1_10 96 956 110 992
16_13 694 837 708 883
4_-5 619 745 632 792
16_-1 587 81 597 122
8_9 323 410 334 454
16_12 371 511 382 554
16_13 618 1069 629 1114
16_11 218 186 230 225
16_13 407 1069 419 1115
32_6 684 745 694 783
16_11 151 514 162 554
16_12 715 839 726 882
8_-3 235 401 251 458
16_11 305 185 317 224
16_10 480 1077 492 1114
16_5 229 746 241 779
Rests16 137 863 148 882
8_-5 257 399 271 462
16_12 502 730 514 773
16_11 304 734 318 773
8_-3 177 417 189 457
16_11 188 186 200 224
dot 167 863 172 868
16_7 323 88 333 121
16_13 372 179 384 224
8_-3 192 301 204 348
Rests16 476 862 486 882
16_11 414 514 426 553
dot 682 212 687 217
dot 545 206 550 211
dot 665 754 670 759
4_13 635 837 647 883
16_1 572 81 583 115
Single_barline 373 417 378 443
8_13 327 725 340 795
Single_barline 516 418 522 443
Natural 205 743 212 763
Sharp 520 418 528 439
8_10 290 394 302 444
8_-4 721 297 734 349
16_12 96 730 108 774
16_10 355 518 367 560
dot 228 102 233 107
16_4 291 307 301 344
dot 647 838 652 843
16_4 198 88 210 126
16_12 401 511 412 553
4_2 671 195 682 225
32_5 196 855 209 893
16_12 430 511 442 553
16_2 292 526 305 565
8_-3 351 745 364 799
16_11 386 514 397 554
16_9 333 192 345 225
32_6 184 856 193 893
8_12 468 402 480 445
16_0 406 742 418 776
16_6 212 746 222 778
16_11 671 1075 684 1114
16_3 644 88 657 128
16_12 352 1071 364 1115
4_1 764 417 774 444
16_9 499 1081 508 1114
8_11 499 405 513 445
16_12 255 182 266 225
8_2 128 417 139 457
16_11 115 734 126 773
4_2 218 85 228 117
16_12 233 181 245 225
Natural 206 649 212 669
Rests8 643 205 651 219
16_5 640 636 650 672
8_9 573 410 587 452
8_-3 632 307 643 346
Sharp 677 426 686 447
16_11 767 624 780 664
16_9 217 520 227 556
Single_barline 305 856 310 881
8_-3 689 307 701 346
4_1 461 636 471 663
Rests8 417 863 428 882
16_12 425 1072 437 1114
16_11 462 1074 473 1114
8_-4 234 295 248 351
8_-2 657 307 671 344
16_10 202 189 215 225
16_-2 387 744 402 783
16_8 343 524 353 563
Natural 211 98 217 117
8_-4 210 416 222 459
16_10 320 188 332 225
4_3 752 740 762 773
16_9 582 1082 592 1116
16_10 136 189 150 232
16_3 661 417 673 455
Natural 224 747 230 766
16_1 317 526 327 567
16_4 241 527 253 560
Natural 177 854 183 872
16_9 598 849 608 884
16_10 388 189 399 225
Sharp 310 854 317 873
16_11 442 1075 454 1114
Natural 377 427 383 447
Natural 734 426 741 446
Single_barline 474 966 480 991
Natural 106 409 112 428
Natural 166 176 173 196
Rests16 535 862 546 882
16_9 546 1082 555 1116
16_1 763 965 773 992
16_6 622 636 631 670
4_1 723 197 734 225
Natural 720 89 727 108
16_5 524 527 536 559
8_2 384 417 394 460
16_6 513 526 523 558
16_11 636 1075 648 1114
Sharp 89 854 96 872
16_11 732 843 743 883
Natural 628 831 634 851
Natural 89 628 96 647
Natural 317 405 323 425
16_11 597 1074 611 1116
16_9 255 521 266 560
16_11 612 843 626 883
16_1 542 82 556 115
16_10 461 518 471 554
Single_barline 646 308 651 333
16_9 289 739 298 775
Natural 155 430 162 451
16_7 115 855 130 883
Natural 132 515 138 535
Sharp 350 409 357 427
Natural 369 853 376 872
8_7 251 293 261 335
16_6 268 526 279 562
8_-2 193 417 206 454
Sharp 79 847 87 867
16_7 111 88 121 121
8_7 141 416 155 457
16_8 515 1084 527 1114
16_6 372 636 383 663
Natural 312 956 319 976
16_1 96 197 106 239
Sharp 384 637 392 657
4_-1 473 197 484 231
8_-2 567 307 579 343
8_7 607 417 620 447
8_5 435 856 445 887
Single_barline 369 308 375 333
16_9 189 521 200 554
8_-1 615 307 627 341
Natural 89 725 95 745
Single_barline 530 89 537 114
16_8 358 195 369 225
Natural 320 721 327 741
Sharp 249 450 257 467
16_6 383 88 393 123
Sharp 614 634 622 654
16_2 738 963 751 992
Sharp 632 637 640 657
16_3 301 307 313 345
Natural 283 176 290 196
Single_barline 507 308 513 333
16_9 472 520 484 554
Rests8 356 314 364 328
16_2 517 80 528 115
Sharp 687 89 695 109
16_2 771 81 782 115
16_6 122 526 132 562
8_-1 494 307 505 341
Single_barline 223 308 229 333
8_9 770 284 780 335
16_10 334 1078 345 1115
16_9 135 521 148 560
Single_barline 256 1088 262 1113
8_5 568 198 579 231
Rests8 606 205 614 219
16_1 444 189 455 225
Natural 137 1101 144 1120
16_4 269 80 279 115
Sharp 452 650 460 669
16_7 464 745 474 773
16_9 519 740 531 773
Sharp 510 1079 517 1098
4_1 719 526 730 554
Sharp 78 299 87 319
16_4 651 417 660 454
16_8 487 524 497 554
Single_barline 537 527 543 552
16_9 483 740 493 773
8_-2 160 300 175 344
16_8 125 194 134 235
8_-1 535 307 546 341
16_9 165 521 174 554
16_5 445 738 456 773
Single_barline 659 198 665 223
16_6 417 184 430 225
16_9 324 630 334 663
16_3 459 191 469 224
16_7 771 526 783 554
16_3 186 88 196 126
Single_barline 534 1088 539 1113
Single_barline 661 527 667 552
16_3 488 79 499 115
Sharp 754 978 763 998
16_5 695 88 705 124
8_6 376 855 386 888
16_9 736 630 746 663
8_10 544 408 556 451
Single_barline 347 199 354 223
Single_barline 608 746 614 772
4_0 229 636 239 667
Single_barline 225 417 231 443
16_5 336 88 348 121
16_9 525 630 538 663
16_10 135 736 146 773
16_10 554 627 565 663
Sharp 246 176 254 196
16_2 96 526 106 566
Single_barline 522 198 528 223
16_6 707 88 719 123
16_4 662 88 672 126
Sharp 79 409 87 427
16_9 766 849 778 882
16_9 151 739 163 773
Single_barline 254 966 260 991
16_5 293 88 303 121
8_-2 599 307 611 344
Sharp 78 79 87 99
16_4 396 88 408 123
16_4 503 79 513 115
16_8 587 634 597 663
Single_barline 783 198 790 224
16_10 752 627 764 663
Rests8 749 205 757 219
Sharp 79 628 87 648
8_-1 128 298 140 341
Single_barline 784 88 790 114
16_4 428 88 438 126
Sharp 78 1079 87 1099
Sharp 78 189 87 209
16_8 400 195 412 225
16_8 173 743 183 773
Rests8 291 1095 300 1108
4_2 316 304 327 335
Sharp 291 628 298 648
16_1 213 635 223 664
16_4 109 526 119 564
Sharp 459 396 468 416
16_5 171 87 181 126
16_5 126 88 136 121
Single_barline 543 637 549 662
16_5 659 965 669 997
Rests8 595 533 604 547
8_5 112 298 123 334
Rests8 120 1094 129 1108
8_1 416 416 427 460
8_1 162 416 175 444
Sharp 571 956 579 976
Sharp 79 738 87 757
Single_barline 784 527 790 553
16_6 330 526 340 565
16_9 571 629 581 663
8_5 634 417 645 452
8_7 400 416 411 460
Sharp 78 518 87 538
16_2 473 79 486 115
16_8 511 634 521 663
16_4 657 636 667 674
Single_barline 376 746 382 772
16_6 110 197 120 237
8_9 548 959 558 992
16_4 282 526 291 564
8_5 654 745 664 783
16_3 557 81 568 115
16_5 677 88 687 125
16_2 196 634 206 663
8_0 96 298 111 338
16_3 413 88 423 126
Single_barline 550 856 556 881
Rests8 743 533 751 547
16_6 138 88 151 121
16_2 442 629 452 663
16_5 393 623 406 663
16_5 368 88 378 123
16_6 230 526 240 558
16_4 454 856 468 889
16_5 443 88 453 126
8_6 97 855 107 884
16_4 353 88 363 123
16_6 580 855 590 886
16_8 96 634 106 664
16_5 617 88 627 124
8_5 528 417 538 452
4_5 672 526 682 560
8_0 519 307 532 338
Single_barline 281 89 288 114
8_4 144 298 155 334
Sharp 78 956 87 976
16_3 179 631 190 663
8_-1 584 307 597 340
Single_barline 305 527 311 552
16_4 632 88 642 126
16_4 156 88 166 126
8_0 552 307 563 337
16_4 250 745 260 779
16_6 602 88 612 122
16_4 680 964 693 998
8_5 275 307 285 343
16_5 394 856 409 888
16_7 280 636 290 665
Single_barline 313 637 318 662
8_5 156 855 166 892
16_4 562 855 572 888
8_4 494 847 508 882
Single_barline 784 636 790 662
16_3 431 187 441 225
16_6 760 526 770 555
16_7 357 636 368 663
Rests4 575 748 584 770
16_6 564 1087 574 1116
Rests4 725 1090 734 1112
16_7 335 855 350 883
8_7 705 197 715 225
Single_barline 784 417 790 443
Rests8 296 972 305 986
Single_barline 784 856 790 882
8_3 702 414 712 445
8_8 112 413 123 457
4_4 548 526 558 563
16_3 671 636 683 676
16_6 96 88 106 122
16_5 143 636 156 669
Rests8 201 1095 210 1108
16_7 601 636 613 663
16_3 426 627 436 662
16_2 426 740 437 773
Rests8 402 972 410 986
8_3 593 417 603 452
16_6 308 88 318 121
Rests8 259 643 267 657
Rests8 490 643 498 657
16_7 193 745 203 775
16_3 254 81 267 115
4_9 692 1081 702 1114
Rests4 498 200 507 222
8_8 355 413 368 454
8_6 485 417 496 445
16_6 129 636 139 668
8_4 561 417 571 452
16_10 750 846 761 882
Rests8 517 972 525 986
8_2 209 301 219 334
8_9 265 959 275 992
Rests4 572 529 580 550
8_0 429 305 440 339
16_3 517 848 527 882
Single_barline 784 965 790 991
8_6 317 855 327 884
16_7 316 1087 325 1115
8_4 307 417 317 454
8_7 450 416 460 445
Rests16 720 644 730 663
16_7 500 526 510 556
16_8 296 634 308 663
16_3 456 88 468 126
8_6 767 198 778 228
4_4 534 198 544 233
8_3 177 301 188 334
16_7 113 636 123 666
8_6 628 965 638 995
Single_barline 784 308 790 334
8_1 338 307 354 335
16_8 341 633 351 663
16_3 756 79 767 115
Single_barline 783 746 790 772
4_3 697 520 707 553
16_8 580 962 589 992
16_4 409 625 420 663
8_0 461 307 472 338
4_4 717 746 727 782
16_7 600 964 614 992
8_1 446 307 459 335
8_4 630 519 640 553
8_1 478 307 489 335
8_2 381 306 394 334
16_4 163 630 176 663
8_3 708 961 721 992
8_2 686 414 699 443
16_6 269 745 279 777
8_4 237 848 248 882
8_3 260 848 271 882
4_2 690 633 701 663
8_3 340 417 350 453
8_1 397 306 408 335
8_3 96 417 106 456
8_4 214 847 228 882
8_3 284 849 294 882
8_2 647 518 657 554
Gclef 57 844 77 893
8_2 612 519 626 553
8_3 588 191 603 225
Gclef 57 1076 77 1125
8_6 624 197 634 228
Gclef 57 625 77 673
8_2 413 306 424 334
Gclef 57 405 77 454
Gclef 57 186 77 235
8_2 97 1084 113 1114
Gclef 57 76 77 125
Gclef 57 953 77 1002
Gclef 57 733 77 783
Gclef 57 296 77 345
Gclef 57 515 77 564
