32_6 1163 614 1223 859
16_-1 2733 603 2795 784
32_8 1677 1062 1727 1228
16_-2 1020 609 1074 870
16_-2 1575 594 1626 803
2_12 3462 5144 3520 5379
16_7 1400 1077 1456 1273
32_5 756 986 806 1217
32_5 1103 613 1153 865
16_8 2380 1062 2430 1245
32_3 3197 547 3251 751
16_4 3126 547 3188 752
8_10 1892 3312 1951 3530
16_-2 1090 1538 1147 1728
16_5 3059 1538 3118 1717
D_S 653 3343 737 3492
32_6 1350 1073 1397 1278
32_5 2758 1076 2817 1273
32_6 2707 1077 2756 1271
16_0 2123 561 2176 769
32_2 3593 556 3643 752
16_2 1970 558 2020 751
dot 1229 3891 1251 3915
8_13 1320 5142 1391 5379
16_0 3630 2000 3682 2159
16_0 2807 597 2855 773
16_-1 1647 602 1698 787
16_7 2430 1074 2490 1246
dot 1376 3429 1399 3454
D_S 496 5195 579 5344
dot 856 3893 877 3916
8_13 2417 5144 2475 5378
dot 2377 1643 2401 1670
16_-1 2253 580 2325 787
16_9 2636 1043 2690 1269
16_0 785 560 833 769
16_6 694 987 751 1219
32_7 1727 1076 1785 1233
16_1 3664 558 3715 754
dot 1042 3892 1063 3914
16_-3 1728 606 1783 816
16_1 2040 557 2092 755
dot 1519 3430 1541 3453
8_1 2197 2462 2249 2606
8_13 1991 5144 2060 5379
Single_barline 2558 3856 2590 3989
32_3 3519 557 3579 752
8_13 1796 5145 1854 5378
8_13 1125 5143 1181 5379
8_12 2108 5159 2165 5379
16_0 2209 1538 2262 1696
dot 3575 2107 3599 2133
Single_barline 2190 620 2225 749
4_13 2727 5144 2786 5379
dot 682 2074 706 2101
16_7 1246 613 1297 848
8_12 1009 5160 1080 5380
D_S 497 4265 580 4413
16_-1 1745 1537 1808 1714
dot 2352 2041 2379 2067
dot 2781 1545 2809 1573
dot 2170 1646 2194 1670
8_12 1629 5161 1701 5380
8_11 1231 5175 1284 5380
16_8 2398 1521 2466 1729
8_13 2612 5145 2680 5377
16_11 887 1935 943 2142
16_3 1897 560 1957 753
16_1 2410 580 2463 754
dot 3165 4292 3189 4316
dot 3727 1613 3752 1637
16_0 1840 1537 1892 1695
Rests1 2603 4339 2659 4374
D_S 498 2881 579 3024
8_8 1110 1987 1159 2142
16_5 2381 2002 2457 2176
dot 1052 1676 1077 1700
dot 3346 1147 3371 1175
8_0 2115 1538 2179 1696
8_10 1962 3340 2029 3530
dot 2847 2999 2874 3028
dot 3738 3496 3761 3520
8_13 1411 2368 1470 2607
16_10 715 1951 786 2158
dot 2282 4817 2309 4845
16_1 881 987 935 1222
dot 2076 2537 2099 2562
16_1 853 570 906 756
dot 3522 5152 3545 5177
8_7 1813 2856 1868 3070
dot 3610 1214 3635 1241
dot 2600 2471 2626 2500
16_7 2404 2463 2480 2613
dot 1801 1676 1825 1701
16_3 3764 1507 3815 1678
8_11 2523 5177 2578 5377
dot 2374 2443 2401 2467
8_11 1903 5176 1957 5381
dot 1163 1979 1189 2004
4_13 1023 2368 1082 2605
dot 1981 2076 2006 2102
16_2 2341 582 2399 753
dot 2639 3430 2664 3456
16_-3 1496 589 1559 819
dot 3466 4754 3491 4779
dot 3134 4785 3159 4811
dot 1419 4355 1445 4382
4_13 1617 3294 1674 3532
dot 3082 5152 3105 5177
16_-1 937 578 989 793
4_0 3700 2002 3754 2158
16_9 2542 1508 2591 1684
16_8 1198 1987 1268 2139
8_6 1297 1483 1349 1678
dot 682 3957 705 3981
16_-2 1810 556 1882 799
8_12 1436 5161 1495 5379
D_S 497 569 581 717
8_12 1727 3309 1785 3530
16_8 1607 1060 1658 1222
dot 2046 4355 2073 4381
16_7 3181 4314 3251 4454
dot 1548 4817 1574 4843
8_6 2181 2000 2246 2176
8_12 1149 2385 1210 2608
16_10 965 1955 1022 2140
8_10 2185 3342 2238 3530
16_3 3173 1046 3225 1216
dot 1803 4817 1833 4847
dot 3673 4721 3699 4748
8_12 2301 5160 2375 5379
16_-1 711 555 771 787
8_1 2324 1537 2374 1756
Sharp 2581 3905 2624 4005
16_7 2654 1539 2712 1685
16_9 1029 1969 1087 2142
16_0 2481 581 2537 771
dot 680 5187 704 5212
16_8 1467 1061 1518 1262
8_-1 1216 1501 1282 1713
8_12 3359 5159 3417 5381
8_5 3715 3849 3780 4040
16_5 1143 1012 1194 1216
16_4 2827 1075 2875 1272
16_2 3268 546 3322 752
4_-1 3554 1073 3609 1248
Rests2 3531 2971 3599 3011
8_1 920 2923 988 3136
4_0 3683 3390 3737 3545
8_12 816 5158 875 5379
8_-4 3644 2442 3716 2685
16_0 3750 556 3798 769
8_-3 3554 2443 3611 2670
Single_barline 2264 1543 2295 1674
16_4 3547 1537 3595 1719
16_5 3485 1538 3532 1718
dot 2611 4786 2640 4816
4_4 1366 4313 1416 4504
16_4 2883 1074 2946 1272
16_6 3007 1538 3056 1714
Natural 3452 1544 3483 1646
16_6 628 549 692 753
4_11 1286 2401 1344 2606
4_13 3024 5148 3082 5379
16_1 1282 1074 1328 1285
16_6 3397 1538 3446 1720
4_11 1593 2399 1651 2606
8_4 1912 4314 1962 4500
4_13 3217 5143 3275 5378
8_6 2727 1539 2778 1687
16_5 3597 1539 3658 1717
16_6 815 987 868 1219
D_S 498 2418 579 2563
D_S 496 4732 581 4882
16_4 2172 1073 2220 1291
D_S 496 1027 580 1180
Single_barline 1158 1543 1188 1676
16_1 623 986 691 1218
16_0 3436 558 3508 772
8_1 3518 2003 3585 2146
16_7 2946 1539 2995 1712
8_3 627 2001 675 2180
16_1 3352 548 3406 758
16_10 811 1955 867 2142
16_8 2482 1525 2529 1681
Rests4 1333 3406 1377 3516
16_6 3184 4779 3263 4923
8_3 3670 1506 3736 1681
Sharp 684 4369 724 4469
16_0 3036 1048 3089 1233
16_5 2225 1074 2290 1288
8_11 2461 2862 2537 3084
8_2 2792 2924 2844 3131
4_0 629 3851 680 4010
D_S 496 1956 582 2106
8_12 2872 5160 2930 5379
16_6 1525 1076 1588 1251
4_3 3296 1046 3346 1216
8_4 624 4273 695 4455
D_S 497 1484 581 1643
8_10 1541 5193 1596 5381
16_6 2308 1075 2362 1247
8_9 708 2893 779 3092
8_5 2298 2001 2347 2174
8_6 3347 4312 3399 4503
Single_barline 3817 4313 3850 4452
8_3 3425 4311 3476 4500
8_8 1502 2909 1556 3114
2_5 1994 4316 2043 4489
16_4 2331 4781 2410 4957
Natural 1108 2353 1143 2454
16_5 1314 611 1378 843
Single_barline 3818 3855 3850 3988
8_7 3286 4778 3348 4922
16_2 3041 550 3108 756
Single_barline 2909 3395 2942 3523
8_2 726 4273 779 4454
4_4 3181 1539 3233 1727
8_5 3353 3390 3415 3547
8_-1 995 1538 1059 1712
16_4 1784 2000 1831 2181
16_5 1854 1075 1915 1246
8_-1 916 1538 969 1710
16_4 1417 581 1478 754
8_8 3733 4298 3798 4460
16_1 2875 589 2929 755
Single_barline 2045 3397 2080 3525
16_3 1212 1013 1262 1219
16_4 1981 1073 2032 1287
16_2 2127 2454 2178 2607
8_10 2583 2880 2640 3081
4_10 1421 3805 1476 3994
Rests4 1477 3404 1519 3514
8_8 3589 4299 3639 4461
Single_barline 3231 1080 3264 1211
Final_barline 3793 2925 3845 3062
8_8 3255 4299 3315 4454
8_4 803 4272 855 4460
Rests4 1000 3865 1040 3975
Single_barline 3818 1542 3849 1678
8_6 3668 4313 3718 4460
16_3 2035 1968 2088 2139
8_6 3495 4311 3558 4501
8_11 1810 3321 1867 3532
16_6 2799 1540 2869 1685
8_10 2213 5193 2265 5379
16_5 1840 2000 1903 2183
8_7 1352 2854 1403 3069
16_5 1713 2004 1761 2181
8_6 1368 4776 1434 4998
8_10 920 5192 975 5379
16_2 2566 580 2618 755
16_3 953 1011 1019 1219
Rests4 1189 3868 1231 3976
Single_barline 3816 616 3851 748
16_9 1361 1968 1411 2144
8_1 627 2465 706 2605
16_8 2602 1524 2652 1686
16_6 2499 1075 2550 1246
Single_barline 1229 2468 1260 2599
Single_barline 1564 2007 1598 2139
4_8 718 2448 770 2605
8_2 2629 3845 2691 3989
16_7 2888 2925 2964 3099
4_6 3289 1539 3339 1697
4_4 1752 4780 1802 4968
8_5 3527 3850 3578 4041
16_3 2967 1045 3031 1217
8_-1 2019 2895 2076 3102
Rests4 814 3867 855 3975
8_3 3627 3850 3679 4040
4_10 3619 4726 3671 4918
4_2 3277 1985 3330 2142
Natural 1680 2003 1712 2103
16_8 1432 1988 1483 2147
16_1 2648 611 2712 756
8_8 3109 4297 3156 4457
16_8 2554 1063 2619 1248
4_10 1718 2417 1773 2607
16_6 1623 2005 1673 2185
Single_barline 1445 2928 1477 3061
8_4 2377 2924 2429 3108
8_0 1244 2881 1318 3088
16_6 2886 1539 2935 1707
4_10 622 5192 676 5379
8_8 2255 3374 2317 3530
8_6 1916 2867 1982 3070
8_9 2104 3358 2156 3530
16_8 1291 1989 1339 2142
8_-2 3281 2441 3358 2656
8_5 1158 4775 1210 4999
8_2 625 2923 676 3121
Single_barline 1922 1079 1957 1213
8_10 3026 4268 3080 4455
Single_barline 2320 2929 2353 3061
16_3 2959 580 3010 752
8_8 832 2908 885 3115
8_6 3105 2406 3170 2608
8_-2 2117 2914 2195 3115
8_6 1710 4313 1772 4504
Single_barline 3817 1077 3850 1213
4_6 2730 3392 2779 3546
Single_barline 1739 5246 1774 5374
Rests4 3395 2939 3436 3052
Single_barline 2856 4317 2891 4449
Single_barline 3120 2006 3153 2132
Single_barline 1362 3858 1395 3986
Sharp 2256 2004 2296 2105
Single_barline 2466 2008 2500 2134
16_6 1792 1076 1844 1240
Single_barline 1274 3394 1308 3525
4_6 2918 4314 2967 4473
Single_barline 3819 2466 3849 2602
8_0 2724 3846 2780 4011
Single_barline 2485 2470 2518 2600
8_3 3463 1047 3542 1216
4_1 1904 1539 1955 1680
Single_barline 3818 3394 3849 3525
8_1 3025 3819 3082 3992
Single_barline 2965 5247 2997 5373
16_7 1493 2003 1554 2149
8_5 1563 4313 1612 4504
8_3 961 4313 1013 4502
8_8 780 4763 831 4917
8_2 2108 2001 2156 2197
4_2 627 1521 681 1680
Single_barline 3123 1544 3159 1673
4_5 1373 1538 1425 1712
Single_barline 3814 4782 3852 4914
8_9 3046 3357 3097 3530
4_8 3411 4763 3460 4920
8_5 3377 2424 3428 2605
8_8 1663 3837 1713 3992
8_6 2494 3390 2554 3537
4_5 2583 3390 2635 3564
8_5 883 4310 934 4504
Single_barline 1502 4318 1536 4449
8_8 2967 3374 3018 3529
8_4 3229 3812 3295 3990
4_5 1493 4779 1545 4954
Gclef 384 2863 478 3112
8_7 1848 3852 1912 3989
4_5 1803 4313 1853 4489
8_5 2364 3851 2417 4037
8_1 1269 4779 1322 4998
4_6 2815 4778 2866 4934
16_3 3104 1046 3156 1215
8_6 1046 4780 1097 4931
8_2 3328 3813 3383 3991
Single_barline 3190 2929 3222 3061
8_3 1926 1969 1988 2146
8_4 3428 3811 3479 3991
Gclef 384 5181 479 5427
4_3 3253 2897 3303 3067
Single_barline 3817 2006 3849 2137
8_6 934 2464 985 2618
8_6 2716 2464 2766 2620
8_2 1205 4270 1258 4457
8_8 2425 3374 2475 3535
8_1 3403 2003 3489 2146
8_3 2675 2923 2740 3106
8_3 1641 4313 1693 4504
4_6 2621 2002 2669 2157
8_5 1032 4312 1094 4503
Single_barline 1685 1545 1718 1674
4_10 1893 2417 1948 2607
8_2 840 1531 903 1679
Gclef 384 4716 477 4968
8_4 2267 3853 2317 4035
Single_barline 3045 2469 3078 2598
Single_barline 1837 2470 1870 2597
4_6 2558 4778 2608 4938
8_5 2152 3853 2215 4007
8_8 2320 2448 2370 2608
8_6 2527 2002 2577 2153
8_5 2228 4779 2278 4958
8_3 3525 3351 3580 3530
8_0 1040 2912 1110 3084
8_4 3604 3348 3656 3530
Single_barline 2754 4784 2789 4912
8_7 3283 3390 3334 3540
8_4 3468 2426 3534 2606
4_5 2748 2002 2799 2177
8_7 3114 3389 3174 3529
4_4 1961 4779 2012 4965
8_4 3445 3349 3510 3531
8_4 1144 2887 1197 3068
8_3 2452 3850 2519 4041
Gclef 383 1015 480 1266
8_3 3126 3820 3179 3991
8_7 3082 4777 3130 4924
4_6 2548 2465 2597 2622
8_5 1285 4267 1337 4456
8_10 1492 2416 1560 2605
8_2 2826 3845 2877 3992
Single_barline 1690 4785 1725 4912
8_-1 3194 2428 3250 2638
4_9 624 4745 674 4916
4_3 1590 1510 1640 1678
8_9 1761 3820 1813 3991
8_3 2022 2445 2084 2605
8_9 1560 3821 1613 3992
Gclef 539 3326 635 3577
Gclef 384 555 479 805
4_4 2876 2002 2927 2190
8_7 2063 3851 2115 4005
8_6 1963 3852 2014 4002
8_0 1711 2878 1781 3085
8_3 2926 3820 2994 3991
8_3 3740 2425 3791 2607
8_9 2969 4747 3020 4919
8_3 3726 1046 3805 1219
8_7 2839 3390 2890 3528
Gclef 385 2405 478 2652
8_1 1593 2920 1656 3138
4_6 2806 2464 2856 2621
4_7 891 4778 943 4918
8_7 844 2465 893 2602
4_5 2931 2464 2981 2637
4_3 733 1508 785 1680
4_4 2009 1538 2058 1726
8_6 3206 3389 3256 3538
8_4 1126 4275 1192 4455
8_7 2347 3390 2396 3530
8_5 2228 2886 2279 3068
8_5 2432 4778 2495 4957
4_4 1483 1538 1534 1725
Gclef 384 3790 479 4041
8_3 3183 1971 3262 2142
Gclef 382 1473 480 1729
8_7 2115 4779 2165 4916
Gclef 384 1939 477 2190
Gclef 383 4253 476 4502
8_3 3008 1972 3085 2140
8_3 3099 2895 3150 3068
8_3 2996 2895 3061 3068
