dot 1155 2649 1173 2711
Single_barline 1321 2327 1374 2467
Single_barline 1325 1254 1374 1394
8_8 2269 1280 2304 1421
8_8 759 747 796 885
8_8 723 2354 760 2493
8_11 2025 2087 2066 2230
8_8 724 1281 761 1421
8_11 1045 1248 1093 1403
D_S 278 2100 330 2204
8_9 996 1807 1033 1948
D_S 278 2635 331 2741
D_S 278 1560 331 1668
8_11 1045 2321 1091 2476
8_11 1044 2857 1091 3012
8_11 1045 1784 1093 1939
dot 2186 2696 2204 2715
dot 1153 2652 1173 2671
D_S 278 2891 333 2997
8_8 723 2890 760 3030
dot 2185 2631 2204 2651
8_13 536 1763 584 1926
4_8 1755 2658 1789 2767
8_13 537 1227 583 1390
4_11 2026 2624 2065 2767
8_13 535 2836 583 2999
8_9 2083 734 2129 888
dot 1153 2695 1173 2715
D_S 279 1818 332 1921
8_13 536 2299 583 2461
8_9 2076 1807 2122 1963
8_3 1204 714 1241 854
D_S 278 1025 332 1132
D_S 279 1280 332 1386
dot 2184 2095 2203 2115
8_-3 1647 745 1696 899
8_9 1559 1805 1606 1963
8_10 2322 724 2370 876
dot 1153 2116 1172 2136
8_8 2269 2354 2303 2493
8_13 576 689 623 853
8_8 2271 744 2308 884
8_8 724 1818 761 1957
8_-3 1630 1281 1682 1435
8_9 1575 735 1624 889
8_6 966 756 1002 889
Single_barline 1881 759 1903 850
8_5 2208 1294 2242 1431
8_11 484 1248 523 1392
8_-3 1630 1817 1682 1971
8_10 806 725 857 877
8_9 995 2344 1030 2484
8_11 484 1783 523 1929
8_5 2208 2367 2242 2503
8_11 483 2857 523 3001
4_6 366 2134 402 2235
Single_barline 189 1600 208 1689
8_8 2269 1817 2304 1957
Single_barline 2385 2133 2406 2227
8_11 1075 711 1123 868
D_S 279 2355 332 2457
Single_barline 873 759 894 851
8_10 2319 1259 2368 1414
8_-3 1629 2890 1681 3043
8_11 483 2321 523 2464
Single_barline 189 2672 209 2762
8_-3 1629 2354 1681 2507
8_9 1026 736 1061 875
8_8 425 1282 459 1404
2_8 365 1048 401 1158
8_10 2317 1796 2370 1949
8_9 2075 2880 2121 3035
Single_barline 2385 758 2405 851
8_9 995 2880 1030 3020
8_9 996 1271 1032 1412
Single_barline 840 1831 863 1923
Single_barline 2385 2367 2405 2460
8_0 1392 1291 1427 1460
Single_barline 2386 1296 2405 1388
8_5 2208 1830 2242 1968
8_0 1391 1828 1427 1996
8_0 1916 755 1952 924
Gclef 210 2634 269 2795
8_7 2027 1290 2062 1435
Single_barline 2385 2670 2406 2763
Single_barline 2386 2905 2405 2997
8_9 1558 2344 1605 2500
Single_barline 189 2135 208 2225
8_8 424 1818 460 1941
4_10 604 2100 642 2230
Single_barline 840 1295 862 1387
8_8 424 2354 460 2477
8_11 524 711 564 855
8_10 773 1260 823 1415
8_0 1412 755 1448 925
8_8 2268 2890 2303 3030
Single_barline 1375 758 1400 850
Single_barline 190 1296 208 1386
8_9 2075 2345 2122 2499
Single_barline 190 1831 208 1921
8_9 2076 1271 2123 1425
Single_barline 2384 527 2406 617
8_10 2317 2869 2368 3022
8_9 1558 2878 1604 3036
8_10 774 1795 823 1950
Single_barline 2385 1061 2406 1154
8_0 1907 1291 1942 1461
8_10 772 2333 822 2487
D_S 277 490 331 595
Single_barline 2385 1831 2405 1923
8_10 2317 2334 2368 2485
Single_barline 190 2905 208 2995
4_6 997 2669 1031 2776
Single_barline 2385 1598 2406 1691
Single_barline 838 2368 861 2459
8_0 1907 1827 1942 1997
8_8 424 2890 460 3014
Single_barline 1869 2368 1893 2459
Single_barline 1354 2135 1378 2227
D_S 279 744 330 848
Single_barline 189 1063 208 1153
8_10 772 2869 822 3023
Single_barline 190 2368 208 2458
8_0 1389 2364 1425 2532
Single_barline 1354 1296 1378 1386
8_4 364 1829 400 1953
8_9 1560 1270 1607 1427
Single_barline 1870 1296 1893 1386
8_4 363 2902 400 3025
Single_barline 1870 1832 1893 1922
8_1 1708 736 1747 856
Single_barline 1354 1832 1378 1922
8_8 467 746 501 868
8_7 2027 1829 2062 1970
8_-1 1117 1257 1166 1413
Single_barline 841 1600 862 1691
8_7 2026 2364 2061 2507
8_0 1905 2363 1941 2534
8_9 2329 2111 2366 2230
8_6 936 1292 971 1425
2_4 1391 1059 1427 1180
2_6 876 1060 912 1165
8_0 1390 2901 1425 3068
8_6 936 1828 971 1961
4_8 1753 2121 1789 2230
Single_barline 839 2904 862 2995
8_9 2329 2646 2366 2767
8_4 1966 1293 2002 1447
8_4 1755 1797 1791 1926
Single_barline 1354 2368 1377 2458
4_9 725 2647 761 2766
8_4 364 2366 400 2488
8_8 1324 692 1360 855
8_4 1768 725 1804 853
8_6 1815 2322 1853 2462
4_10 2146 2099 2187 2232
Single_barline 190 759 207 850
8_5 2208 2903 2242 3040
4_9 724 2111 761 2229
8_4 1975 757 2011 912
8_0 1905 2900 1941 3070
8_8 1298 1764 1337 1927
8_-1 1143 721 1194 877
Single_barline 1354 2905 1377 2995
8_-1 1116 2866 1165 3022
8_8 1298 2300 1337 2463
2_7 605 1060 644 1158
8_4 364 1294 400 1416
8_4 1755 1260 1791 1390
Single_barline 189 527 208 616
4_9 1906 2110 1942 2229
8_8 1298 1227 1337 1391
8_1 605 1830 640 1980
8_5 2211 757 2247 895
Single_barline 1355 2670 1378 2763
8_6 935 2364 969 2497
8_-1 1117 1794 1166 1950
Gclef 210 2097 268 2258
Single_barline 1870 2905 1893 2995
8_8 1299 2836 1337 3000
8_4 1754 2333 1791 2462
8_4 1965 2366 2000 2520
Fclef 206 1828 270 1924
4_8 485 2659 520 2766
8_-1 1116 2330 1165 2486
8_2 875 1828 911 1976
8_7 2034 756 2069 898
8_4 1966 1829 2002 1983
2_4 1906 1060 1942 1180
8_6 1827 713 1864 854
4_6 996 2132 1031 2239
Gclef 209 1558 268 1723
8_6 1240 1238 1277 1391
8_7 1511 1293 1546 1433
8_4 1754 2869 1791 2998
8_6 1240 1774 1277 1926
8_7 1530 756 1565 897
4_8 484 2122 520 2229
Rests1 2118 542 2169 570
8_6 1815 1786 1852 1926
8_1 2148 1293 2184 1445
8_6 1815 1249 1853 1390
8_7 1511 1830 1546 1969
8_4 1471 757 1506 910
Single_barline 1870 2135 1895 2226
4_8 1117 2122 1152 2230
8_7 2026 2901 2061 3043
Single_barline 1881 527 1904 617
8_1 605 1294 639 1444
8_6 1239 2311 1276 2462
8_1 605 2366 639 2516
Single_barline 1376 527 1399 618
4_8 874 2122 910 2230
8_1 2148 1828 2184 1981
8_7 1300 2669 1336 2765
Single_barline 839 1063 864 1155
8_4 1965 2902 2001 3056
8_6 1263 702 1300 855
8_6 935 2901 969 3033
8_2 875 1292 911 1440
8_7 1299 2133 1336 2228
8_2 906 755 943 904
8_1 2153 757 2189 908
4_4 1512 2669 1547 2791
4_6 1390 2133 1425 2238
8_5 701 756 736 896
8_3 1177 2322 1215 2464
Fclef 206 1292 270 1388
8_1 643 757 678 906
Single_barline 1354 1063 1378 1155
8_6 1239 2847 1276 2999
Gclef 210 1023 268 1187
8_4 1451 1293 1486 1448
Single_barline 839 2135 864 2226
8_3 1178 1785 1216 1928
8_7 1510 2367 1545 2506
8_4 1451 1829 1486 1984
8_3 1178 1249 1216 1392
8_5 664 1828 700 1968
8_1 2147 2365 2183 2518
Single_barline 839 2671 863 2763
4_6 1632 2132 1668 2239
Rests1 1110 542 1159 569
2_5 2148 1060 2184 1173
Single_barline 1870 2671 1895 2762
8_5 664 1292 700 1433
Single_barline 872 527 895 617
8_1 1693 1271 1732 1392
Fclef 206 2364 270 2460
Rests1 1614 542 1664 569
8_4 1449 2365 1485 2521
8_2 873 2365 909 2511
8_5 664 2364 699 2505
8_7 1510 2902 1545 3042
8_6 1815 2858 1852 2998
8_2 873 2901 909 3047
Rests1 603 542 654 570
8_3 1177 2858 1216 3001
Single_barline 1871 1600 1892 1691
Single_barline 1355 1600 1377 1691
8_1 604 2902 640 3052
2_3 1633 1043 1672 1156
Single_barline 1869 1063 1892 1155
8_5 664 2901 699 3042
8_1 1693 2343 1731 2465
Gclef 209 486 268 650
Fclef 206 2901 271 2998
8_4 1450 2902 1485 3057
8_1 1693 2880 1731 3001
8_1 1693 1807 1732 1928
8_1 2147 2902 2183 3053
2_5 1117 1060 1154 1173
8_4 409 757 444 880
4_4 1511 2133 1547 2255
Fclef 206 755 271 852
