Single_barline 1319 1455 1384 1585
16_1 1961 2670 2082 2771
16_-1 2125 2667 2162 2787
16_3 711 2668 746 2806
8_8 723 1115 759 1253
8_8 723 523 760 662
16_3 1845 2642 1880 2764
8_8 2270 1706 2304 1847
8_9 2077 1696 2124 1849
16_4 2339 2642 2376 2766
8_6 1213 2260 1251 2406
Single_barline 2384 895 2406 987
D_S 279 2889 332 2997
8_7 720 1488 755 1612
8_11 1044 1083 1092 1236
16_9 469 2648 508 2766
8_8 2269 2297 2304 2439
16_3 1354 2642 1397 2764
8_13 527 2243 574 2406
8_10 754 2278 802 2430
8_8 1306 1655 1343 1815
8_9 1565 1696 1614 1851
8_13 533 1652 581 1813
8_13 576 2835 622 2998
8_11 1296 1441 1345 1583
16_5 1985 2078 2025 2199
8_8 2269 1115 2303 1254
D_S 279 1704 331 1809
16_8 433 2659 466 2765
8_8 2269 521 2304 664
8_13 536 468 583 631
8_13 536 1060 583 1222
8_11 1044 1673 1093 1828
16_4 1396 2640 1432 2766
8_11 1021 2266 1072 2421
8_11 480 2267 518 2410
dot 2184 305 2204 327
8_5 2208 535 2242 673
D_S 278 2043 330 2149
dot 2184 897 2204 918
D_S 277 267 331 373
8_9 755 2055 800 2174
Single_barline 1363 1489 1387 1580
16_1 1267 2667 1306 2832
8_10 517 2637 557 2765
D_S 278 522 331 627
16_2 1481 2641 1517 2766
Single_barline 1875 1488 1896 1580
Single_barline 2385 2080 2406 2169
8_11 1044 490 1093 646
D_S 277 1452 330 1556
16_3 1438 2641 1476 2766
8_2 1733 2643 1781 2765
dot 1153 855 1173 876
Single_barline 818 2081 841 2171
16_1 2041 2663 2086 2770
16_0 1997 2668 2035 2777
16_8 1666 2066 1700 2175
dot 2185 2082 2204 2101
16_0 2168 2668 2206 2776
8_-3 1636 1705 1687 1861
8_9 1560 872 1606 991
dot 1153 264 1173 285
8_6 1753 892 1788 1003
8_5 2329 892 2365 1011
16_6 838 2668 873 2769
8_-1 1093 2275 1143 2429
Single_barline 2385 304 2406 393
16_0 2085 2664 2121 2777
16_10 668 2640 708 2807
8_5 2330 2078 2366 2195
D_S 278 2635 331 2742
D_S 279 2297 331 2403
16_4 1802 2642 1845 2764
8_9 1389 872 1426 990
8_11 1298 258 1339 399
16_7 1698 2077 1738 2174
D_S 277 861 331 964
8_11 517 2859 556 3001
8_8 707 2297 743 2439
Single_barline 189 2080 208 2171
8_9 2078 2289 2122 2443
16_9 621 2647 663 2768
8_9 1559 1105 1605 1261
16_1 1955 2668 1996 2767
8_5 2208 1128 2242 1265
8_9 994 1696 1030 1838
8_10 2320 1688 2368 1837
8_0 1399 1718 1434 1884
8_9 2076 513 2122 668
Single_barline 1870 897 1892 987
8_0 2331 1485 2368 1593
8_-3 1629 523 1681 676
Single_barline 836 1488 858 1581
8_-3 2037 2889 2090 3041
16_1 2211 2663 2255 2767
8_8 1273 2244 1311 2407
8_10 1092 2044 1131 2173
8_11 483 1082 524 1224
8_0 1389 533 1425 701
8_5 2330 301 2364 418
8_11 484 1674 521 1816
D_S 278 1115 332 1219
Single_barline 2386 537 2406 628
8_0 1905 533 1941 701
16_5 787 2670 832 2807
8_11 483 490 524 633
Single_barline 835 1720 857 1811
8_11 1297 849 1338 991
8_6 483 1484 519 1608
8_0 1892 2308 1928 2478
8_9 2076 1106 2122 1261
Single_barline 2386 1487 2407 1580
8_10 2318 503 2367 654
8_10 593 2045 633 2175
8_8 1201 2657 1237 2827
Single_barline 1858 2081 1879 2171
Single_barline 1871 305 1892 393
8_8 720 1707 756 1847
Single_barline 1354 897 1378 988
Single_barline 190 2905 208 2995
Single_barline 2386 1129 2406 1219
Single_barline 189 2671 208 2762
16_6 1953 2078 1986 2193
8_11 1256 2856 1306 3011
Single_barline 189 1488 208 1579
8_-3 1629 1115 1681 1269
Single_barline 1869 536 1893 627
Single_barline 1329 2080 1351 2172
8_4 1424 2309 1459 2462
8_10 2319 2277 2369 2430
Single_barline 1874 1719 1897 1812
16_4 754 2669 788 2809
8_5 2080 2078 2122 2195
Single_barline 1869 1129 1892 1219
8_6 1801 2266 1839 2409
Single_barline 1354 305 1378 395
8_9 996 1104 1031 1245
8_6 1814 1082 1852 1222
16_8 585 2660 619 2765
Single_barline 1011 2905 1033 2994
Single_barline 191 1721 207 1810
16_1 1567 2647 1603 2768
Single_barline 189 305 208 395
4_10 1116 860 1154 991
8_0 1389 1126 1425 1293
8_7 1510 534 1546 675
8_10 2318 1095 2368 1247
8_4 1458 1717 1494 1871
8_0 1910 1717 1945 1885
16_7 1150 2669 1191 2770
8_4 1760 1686 1796 1814
Gclef 209 2633 269 2797
8_9 1399 1463 1435 1583
8_7 2025 1126 2061 1268
8_6 1820 1676 1856 1814
8_11 912 2032 951 2174
8_9 1200 2879 1235 3020
8_9 1940 2880 1990 3034
8_0 1363 2307 1400 2478
8_6 1814 491 1852 631
8_9 1154 2056 1189 2174
8_8 1298 1062 1337 1224
8_10 772 502 822 655
8_0 1905 1125 1941 1295
8_-3 1603 2296 1652 2453
8_4 1906 867 1953 989
8_5 2208 2310 2243 2449
8_4 1964 1127 2001 1280
8_10 364 2635 405 2765
4_10 1117 269 1155 397
8_10 1244 1452 1283 1582
Single_barline 2387 1720 2406 1812
16_2 2255 2657 2291 2766
Single_barline 189 897 208 986
8_10 708 2044 745 2172
8_9 1531 2288 1580 2443
16_3 2296 2649 2333 2766
8_-1 1118 1684 1168 1840
8_9 1558 511 1605 668
Single_barline 839 537 861 628
Single_barline 1699 2671 1721 2764
8_6 365 1485 401 1594
Single_barline 1011 2671 1034 2765
8_5 425 893 460 1009
Single_barline 817 2312 839 2403
16_2 1303 2669 1346 2831
8_8 1297 468 1338 632
8_10 772 1093 823 1248
Single_barline 191 538 207 627
8_10 768 1684 818 1839
Single_barline 190 2314 208 2402
Single_barline 1354 536 1377 628
Single_barline 190 1129 208 1218
Single_barline 1354 1129 1377 1220
Single_barline 839 1129 861 1220
8_-1 1116 500 1165 654
8_6 1238 1072 1276 1223
Single_barline 1363 1720 1386 1811
8_-1 1116 1091 1165 1248
Single_barline 2387 2313 2406 2404
16_9 958 2647 998 2765
8_7 1518 1718 1555 1857
8_4 2030 2079 2063 2200
8_6 366 2078 401 2176
8_8 1047 2658 1082 2770
8_8 424 1116 459 1237
8_0 1734 2901 1769 3070
8_7 2027 2310 2063 2451
8_8 421 2299 457 2420
4_6 2148 893 2182 1000
8_8 853 2066 888 2174
8_7 1265 2076 1308 2173
8_7 1482 2309 1519 2452
8_7 2025 534 2062 675
8_6 1743 2079 1777 2176
8_4 1753 1095 1791 1221
16_3 1652 2646 1688 2766
8_6 366 893 401 1002
8_9 995 512 1031 654
8_1 2089 1482 2127 1584
16_6 1115 2668 1150 2769
8_4 1753 502 1791 632
8_10 972 2043 1010 2173
4_6 2148 302 2182 409
8_4 1968 1718 2005 1871
8_9 972 2289 1008 2429
8_5 2210 1718 2245 1856
16_7 881 2670 915 2767
8_9 1893 2055 1928 2177
8_7 651 2076 686 2173
Single_barline 1328 2313 1351 2403
4_5 725 894 761 1008
8_8 1791 2065 1836 2173
8_9 1024 2057 1068 2175
8_7 2029 1717 2065 1860
Single_barline 1857 2311 1880 2403
16_8 923 2658 956 2766
Single_barline 1698 2906 1722 2995
8_8 1459 1475 1495 1583
8_7 1698 1485 1735 1586
8_7 423 2077 457 2173
8_8 424 523 460 644
8_8 479 2066 514 2173
8_5 1811 1485 1854 1604
8_10 907 2868 959 3021
8_0 2150 1484 2197 1595
16_3 1523 2646 1568 2765
Single_barline 839 304 864 395
8_1 1699 1696 1737 1817
8_6 935 1126 969 1258
8_4 365 2311 399 2433
8_5 1807 893 1850 1011
8_2 1046 2903 1082 3046
8_3 1966 871 2002 991
8_8 1609 2838 1647 3000
8_4 365 2902 400 3025
4_6 2027 893 2061 998
8_6 934 535 970 666
8_8 423 1707 459 1829
Single_barline 2386 2670 2407 2764
8_4 1449 1126 1485 1281
8_4 364 1127 399 1249
8_6 1754 302 1789 413
8_8 1182 1475 1216 1584
8_7 1510 1129 1545 1266
8_9 528 2056 571 2174
8_6 932 1717 967 1850
Single_barline 2385 2906 2407 2997
8_7 1885 2901 1921 3043
8_6 1238 480 1276 633
8_9 1568 1464 1615 1584
8_4 364 1718 400 1841
8_1 2270 1485 2308 1583
8_4 1952 2310 1988 2465
8_4 1741 2277 1779 2407
8_9 1390 280 1426 398
8_6 1759 1485 1795 1596
8_5 425 301 460 416
4_6 875 302 910 406
8_4 1964 535 2001 687
8_2 1888 2664 1932 2765
8_1 605 1127 639 1277
8_6 1114 2901 1150 3036
8_8 1214 2066 1249 2173
4_6 2027 302 2061 407
4_6 2150 2078 2184 2185
8_3 536 894 580 1022
4_8 996 882 1031 990
8_8 432 2890 468 3012
8_6 1523 2848 1561 3000
8_6 912 2310 948 2443
4_6 874 893 910 998
Gclef 211 1448 269 1611
8_2 874 1126 909 1272
8_6 483 892 520 1017
8_5 602 1485 638 1614
4_5 725 302 760 416
8_4 365 535 399 657
8_-1 1351 2866 1404 3020
8_3 1181 1675 1220 1816
8_3 1177 1082 1215 1224
Single_barline 839 896 864 986
16_2 1610 2647 1646 2766
8_8 766 1472 816 1614
8_3 534 1485 577 1614
8_2 2030 1475 2067 1583
8_1 2147 1127 2183 1278
8_6 2296 2858 2333 2999
8_3 1966 280 2002 399
8_2 873 534 910 679
4_8 997 291 1031 397
8_7 1693 893 1728 995
8_6 1245 1663 1281 1814
8_6 871 1484 906 1589
Gclef 209 856 268 1021
8_5 423 1485 459 1599
8_1 2149 1719 2186 1870
8_3 1154 2266 1190 2407
8_1 2147 534 2183 685
8_8 836 2889 872 3032
8_8 1639 1475 1675 1584
8_1 669 2902 704 3052
8_7 1511 894 1547 990
8_3 1177 490 1215 633
8_4 1425 2077 1460 2200
8_4 1906 275 1952 398
8_5 664 1126 699 1265
4_3 606 876 641 989
8_4 1911 1459 1955 1582
Gclef 211 2039 268 2203
8_6 1363 2077 1400 2200
8_5 752 2902 789 3043
8_1 1693 513 1731 632
8_8 1633 291 1667 398
8_5 650 2310 685 2449
8_5 994 1485 1030 1602
8_4 1450 535 1485 689
8_2 870 1717 906 1863
8_6 1606 2077 1641 2178
8_7 1520 1485 1555 1583
8_8 1451 883 1486 990
8_1 2148 2310 2184 2461
8_9 1561 280 1606 399
8_1 593 2309 628 2461
Fclef 206 2900 272 2997
Fclef 206 1716 271 1812
8_6 484 301 519 424
8_4 1484 2078 1520 2201
8_5 1806 301 1849 419
8_5 663 534 700 674
8_7 1693 302 1728 403
8_1 604 534 639 684
8_8 1632 883 1668 991
8_5 1119 1485 1155 1592
8_4 1800 2902 1837 3057
8_2 2211 1485 2247 1582
Fclef 206 1125 269 1220
8_1 602 1718 637 1867
8_1 1693 1105 1732 1226
8_6 933 1485 968 1595
Fclef 206 2308 271 2404
8_1 1665 2289 1703 2409
8_5 661 1717 696 1859
8_4 2210 2869 2247 2998
8_6 366 302 400 410
8_4 1048 1485 1092 1609
8_5 1536 2077 1581 2201
8_3 1969 1465 2008 1582
8_1 2124 2880 2164 3000
4_3 606 285 641 397
Fclef 207 532 270 630
8_3 536 302 580 430
8_2 851 2311 888 2454
8_7 1511 302 1546 398
8_3 662 1485 697 1614
Gclef 211 264 268 427
8_8 1451 291 1486 397
8_3 1438 2858 1476 2999
