8_9 2041 1107 2075 1248
8_13 1585 1059 1633 1223
16_6 1668 2078 1709 2190
8_-1 2128 2276 2179 2429
8_9 524 1696 572 1850
8_5 479 1484 515 1608
8_7 479 1716 514 1858
8_9 1027 1696 1073 1850
D_S 277 266 331 375
D_S 277 2042 331 2151
8_13 1499 2244 1546 2404
8_11 2089 1084 2137 1238
dot 738 351 755 370
16_7 1399 2077 1439 2176
8_7 1714 893 1748 1042
8_13 1573 468 1620 631
8_13 1550 1652 1599 1814
16_10 1142 2634 1188 2766
16_5 1963 2078 2004 2198
8_9 1264 2879 1312 3033
8_3 684 2077 721 2239
16_11 1097 2625 1133 2765
8_6 2041 844 2079 990
8_11 2098 490 2145 645
D_S 279 1705 332 1811
dot 747 942 765 961
8_5 428 302 463 426
8_7 934 2309 970 2450
8_0 366 2311 399 2476
Single_barline 189 2081 208 2171
8_8 1235 523 1271 663
8_8 1775 1115 1808 1254
8_11 2076 1677 2123 1830
dot 1172 899 1189 918
D_S 277 859 331 965
8_8 1158 2297 1195 2439
Natural 404 302 426 377
8_10 1829 502 1881 655
D_S 279 2297 331 2404
8_-3 588 522 639 676
8_7 470 2309 505 2451
dot 1976 286 1994 304
16_10 2191 2045 2226 2188
16_7 785 2669 828 2786
D_S 277 1451 330 1556
Single_barline 190 1489 207 1579
dot 1422 264 1442 286
8_-3 575 2296 625 2452
8_0 856 1716 893 1885
D_S 278 2634 332 2741
8_7 1008 1126 1044 1266
8_8 2328 1653 2368 1817
8_9 512 2287 558 2441
8_7 481 533 518 674
8_13 1970 2836 2019 2998
Single_barline 1870 1488 1892 1579
8_1 631 2077 667 2238
16_9 2223 2056 2264 2179
Single_barline 1268 2080 1290 2172
D_S 278 522 331 627
8_-1 2157 1091 2206 1247
Single_barline 787 2080 809 2172
8_6 2275 1072 2312 1222
8_6 738 2266 776 2407
8_9 524 511 571 669
8_5 1321 893 1356 1010
8_-3 594 1113 647 1266
Single_barline 1870 1720 1891 1811
8_0 822 2308 857 2477
Single_barline 1338 1488 1360 1580
Natural 404 893 425 966
8_9 528 1103 573 1260
D_S 279 2888 333 2995
Natural 923 893 945 968
8_7 470 2076 505 2173
Single_barline 191 1720 208 1810
8_0 870 533 907 700
Single_barline 1338 1720 1359 1811
4_8 1940 290 1972 399
8_3 768 1473 805 1582
D_S 278 1113 332 1219
Single_barline 822 1488 844 1579
8_11 1444 2266 1484 2407
8_11 1517 490 1556 634
8_11 1497 1674 1536 1817
16_4 1931 2079 1966 2199
8_10 1269 1685 1319 1839
8_8 727 2065 774 2239
8_7 2321 1485 2365 1591
8_6 2277 481 2315 631
16_3 802 872 838 990
8_11 2059 2263 2106 2421
8_0 1655 893 1690 1060
8_9 2026 1696 2062 1838
8_8 1219 1709 1255 1846
8_7 1714 2077 1749 2175
Single_barline 189 305 208 394
4_10 1387 271 1424 397
Single_barline 2387 1486 2407 1580
8_8 1256 1118 1293 1254
8_10 1283 501 1332 655
Single_barline 1891 897 1912 988
Single_barline 1268 2312 1289 2402
8_9 586 2881 636 3035
8_10 903 2635 950 2766
8_11 1534 1082 1572 1225
Single_barline 1904 537 1926 628
Single_barline 1835 2080 1858 2171
16_3 789 281 824 395
8_10 1204 2277 1253 2430
16_6 1367 2078 1399 2177
4_6 1135 893 1170 1000
Natural 910 302 931 376
8_8 577 2066 614 2240
8_6 1995 534 2030 668
8_11 1713 257 1752 397
8_-1 2147 1683 2196 1839
8_5 428 894 463 1017
Single_barline 190 1129 207 1217
8_0 366 1719 400 1884
8_9 1042 515 1089 666
Single_barline 1693 2671 1715 2762
8_7 2327 303 2370 397
Single_barline 822 1720 844 1811
8_10 1779 269 1817 397
8_9 982 2056 1026 2175
Single_barline 835 305 857 395
8_9 979 2287 1024 2444
8_5 935 301 969 425
8_10 1647 269 1687 397
8_8 2268 1474 2305 1596
Single_barline 1379 1129 1400 1219
8_4 1010 893 1045 1016
8_9 1199 2646 1234 2766
8_10 1799 1684 1850 1838
8_5 948 895 982 1016
8_11 1270 2625 1318 2766
8_10 1765 2277 1814 2430
8_8 821 2065 857 2173
8_8 2329 2244 2368 2406
Single_barline 1890 1129 1912 1219
16_4 2177 2669 2220 2808
16_10 1439 2637 1477 2772
Single_barline 189 897 208 985
8_4 878 2310 913 2464
Single_barline 1379 896 1401 986
16_9 439 2646 471 2772
8_0 366 2902 399 3068
8_6 2009 2078 2044 2186
8_0 366 1126 400 1293
8_-3 673 2890 724 3043
8_2 1534 894 1568 1035
8_8 1414 882 1450 1021
8_0 366 535 400 702
4_6 598 893 633 998
Single_barline 787 2312 809 2403
8_7 1823 892 1869 1019
8_3 2222 491 2258 633
8_6 884 894 918 1016
8_3 2159 883 2204 990
8_7 977 1717 1013 1857
8_6 769 1675 806 1813
8_6 2270 1661 2307 1814
8_5 2208 1484 2244 1600
16_8 474 2659 518 2766
Single_barline 2385 2313 2408 2404
Single_barline 189 2672 207 2761
8_9 2050 514 2086 652
8_9 593 2646 637 2765
Sharp 1290 896 1321 968
8_1 1587 894 1630 1044
8_3 2217 1082 2253 1223
8_6 755 492 792 631
Single_barline 981 2673 1004 2762
8_10 1309 1093 1359 1247
8_8 2269 2066 2304 2173
Single_barline 190 2905 208 2993
Single_barline 848 897 871 987
8_10 1602 2868 1653 3022
Single_barline 982 2905 1004 2994
Single_barline 2386 304 2407 395
Single_barline 2385 1721 2407 1811
8_8 2332 1061 2370 1224
16_5 1635 2079 1668 2192
8_1 1133 1126 1170 1275
4_5 1237 302 1271 416
Single_barline 848 1129 871 1219
16_9 1481 2647 1522 2766
8_0 884 1126 919 1293
8_2 2275 883 2312 990
8_9 2223 280 2258 397
8_11 1902 2857 1941 2999
Single_barline 2387 895 2407 987
8_6 1924 837 1974 990
8_8 1539 2658 1572 2766
8_4 1372 1718 1407 1841
8_4 421 1718 456 1872
Single_barline 2386 2079 2407 2170
8_7 1047 2077 1082 2205
8_0 1016 2902 1052 3068
8_8 1473 1116 1507 1236
Single_barline 190 538 207 627
8_4 2100 848 2138 992
8_10 1823 1094 1874 1246
Single_barline 1904 304 1927 396
8_6 365 2078 400 2183
8_1 1473 894 1508 1030
8_6 2269 2255 2306 2408
8_5 2147 1483 2183 1604
8_8 2165 291 2200 396
8_8 840 2658 875 2766
8_4 530 1484 573 1610
8_8 2333 470 2372 631
Single_barline 2385 537 2408 629
8_-3 592 1705 643 1861
8_4 917 1717 952 1872
8_5 531 893 575 1016
8_8 1748 1707 1784 1847
8_1 1099 1719 1135 1868
8_6 1903 2668 1939 2778
8_4 710 1095 747 1222
16_5 1847 2669 1888 2790
Single_barline 190 2314 207 2402
8_9 1834 281 1879 397
8_9 516 2055 559 2174
Single_barline 2385 1130 2407 1219
8_4 421 1485 457 1609
8_4 365 1485 401 1610
8_7 993 533 1030 675
8_5 1045 301 1091 425
8_6 418 2078 453 2175
8_4 947 1127 983 1281
8_1 653 1697 691 1816
8_9 1060 1104 1105 1257
8_3 2208 1675 2245 1815
8_6 871 303 904 426
Single_barline 1692 2905 1714 2995
8_8 1445 2065 1479 2174
8_7 1159 2076 1194 2203
8_9 879 2056 915 2174
8_8 1365 2299 1401 2421
8_4 2089 1459 2124 1583
8_5 2235 2667 2270 2789
8_6 767 1082 804 1220
8_10 1582 269 1622 397
Single_barline 1351 537 1373 628
8_9 2007 2287 2043 2430
8_7 483 1128 519 1265
8_2 1937 534 1975 680
8_8 1777 522 1814 665
8_6 1501 2078 1543 2177
8_4 711 1686 749 1814
8_4 418 2310 452 2462
Single_barline 2385 2670 2407 2763
8_4 1413 1126 1448 1251
8_4 2062 2078 2104 2201
8_1 645 512 683 633
8_5 528 302 572 425
8_8 1451 524 1487 645
8_4 484 893 520 1016
Single_barline 1835 2312 1857 2404
8_7 1199 2901 1234 3042
8_6 1965 1718 2000 1850
Gclef 211 2039 268 2203
8_8 1774 880 1809 1032
Sharp 1205 303 1236 376
8_4 1727 2902 1762 3026
8_8 1435 1708 1470 1829
Gclef 209 855 268 1021
8_5 1714 1127 1749 1265
8_6 365 894 401 1017
8_6 1373 1485 1408 1586
Single_barline 834 537 858 627
8_2 1869 2309 1905 2455
8_3 2217 883 2254 990
8_5 1623 1485 1660 1592
8_6 1552 1485 1597 1586
8_1 1654 1126 1689 1277
8_4 1301 2311 1337 2433
8_7 527 2900 563 3042
8_8 1712 2299 1748 2439
8_4 700 503 736 632
4_6 1115 302 1150 408
8_10 2298 2869 2349 3021
8_1 632 2289 668 2409
8_8 1536 2890 1571 3032
8_8 935 2066 969 2173
8_4 685 2276 721 2406
8_1 654 1104 691 1226
8_6 1983 1125 2018 1259
16_3 2137 2669 2172 2807
Single_barline 2385 2906 2407 2995
8_5 1063 894 1106 1016
Gclef 210 1448 268 1613
Single_barline 1351 305 1375 394
8_1 1981 841 2023 990
8_4 482 302 518 424
8_4 1906 1459 1952 1582
8_2 1904 1717 1940 1863
8_1 1114 534 1150 686
8_8 2109 291 2143 398
4_6 592 302 626 407
8_3 2303 2667 2348 2798
8_6 913 2859 951 2999
8_5 1173 533 1210 673
Fclef 206 1126 270 1219
8_5 1686 1484 1722 1591
8_4 1220 1486 1256 1603
8_4 1386 535 1422 658
8_4 918 1460 955 1582
8_1 1623 1718 1659 1869
8_8 2233 2890 2267 3031
8_5 1102 2310 1138 2448
8_4 427 1127 462 1280
8_4 933 534 969 688
Fclef 205 1716 270 1812
8_5 1685 1718 1722 1857
8_4 427 535 462 687
8_7 1608 2669 1652 2764
8_3 2191 2268 2228 2406
8_3 2333 883 2369 989
8_4 840 2870 877 2999
16_6 750 2667 784 2793
8_3 654 1474 691 1582
8_8 2279 291 2313 397
8_2 1923 1126 1960 1273
8_6 365 303 400 427
8_1 1357 2902 1394 3053
8_7 2322 2076 2364 2172
8_1 1571 2309 1606 2460
8_4 1040 1459 1075 1583
8_4 995 301 1030 425
8_5 1195 1126 1231 1265
8_5 1208 2076 1251 2204
8_5 1272 1485 1317 1602
8_4 856 1459 904 1582
8_3 710 872 756 991
8_-1 2163 500 2213 655
8_6 1930 2310 1966 2444
8_4 1095 2902 1133 3058
8_2 712 1474 749 1583
8_8 1805 2891 1840 3014
8_4 1966 1459 2004 1582
8_4 437 2903 473 3057
8_1 2059 2903 2095 3053
8_5 1159 1717 1195 1858
8_6 1436 1485 1471 1585
8_5 1712 534 1748 674
8_5 1802 1484 1847 1591
8_3 1102 2077 1139 2205
8_5 1160 1484 1196 1604
8_3 978 1459 1016 1583
8_1 1046 2309 1082 2461
8_3 596 1474 642 1582
8_1 1646 534 1683 685
Gclef 209 2632 268 2797
8_5 1633 2308 1669 2450
Gclef 211 263 268 427
8_5 1100 1482 1135 1604
8_5 1769 2077 1813 2184
8_7 1497 1485 1533 1584
8_6 1750 1484 1785 1591
16_6 1806 2668 1840 2788
Fclef 206 532 270 629
8_1 748 2881 787 3000
8_5 1437 2902 1474 3045
8_3 2026 1460 2064 1582
8_3 1972 2668 2017 2799
8_3 699 280 746 396
8_7 529 2669 563 2764
Fclef 206 2309 271 2405
8_5 2136 2902 2173 3044
Fclef 206 2900 271 2997
