16_7 454 304 488 403
dot 1936 1486 1953 1542
dot 1976 312 1994 377
8_8 1639 1122 1736 1261
dot 1884 858 1902 894
16_7 1217 301 1258 417
8_5 1503 301 1543 420
8_7 968 2310 1004 2453
16_7 694 303 731 403
8_5 888 1482 923 1609
16_6 422 302 454 409
8_0 590 2275 641 2430
8_9 476 1103 512 1245
dot 1936 1536 1953 1553
8_9 989 1696 1039 1851
dot 1883 898 1902 916
dot 1885 855 1902 872
8_7 1463 1127 1498 1266
8_8 2253 1117 2289 1254
dot 400 1492 419 1509
dot 1975 308 1995 324
16_3 975 276 1008 400
8_8 2266 2890 2302 3031
dot 1974 285 1994 303
8_13 2071 2245 2121 2404
dot 401 1469 419 1487
8_13 2073 1652 2123 1815
dot 1935 1557 1953 1574
dot 1651 1512 1670 1531
8_4 888 1720 923 1870
dot 1214 1535 1231 1553
D_S 278 860 330 965
8_4 1897 2310 1931 2434
dot 1936 1491 1953 1510
dot 1651 1535 1670 1553
8_11 550 2857 597 3012
dot 1239 2127 1257 2146
8_8 1530 1696 1578 1851
8_13 2069 2838 2119 2998
8_6 687 1664 722 1815
D_S 278 267 332 373
dot 1975 351 1995 370
dot 1619 943 1637 962
8_11 521 1083 570 1239
D_S 279 2043 331 2151
8_13 2099 468 2145 631
8_5 2205 2309 2241 2450
D_S 278 1452 331 1558
8_6 848 2078 881 2199
D_S 278 2889 333 2995
dot 402 2149 419 2167
D_S 279 1115 333 1220
8_4 1012 302 1046 424
8_11 523 2266 572 2421
D_S 279 2299 332 2404
D_S 280 1706 331 1810
8_13 2041 1062 2090 1221
dot 1934 2126 1952 2146
dot 402 899 418 917
8_10 1790 2870 1842 3021
D_S 277 2634 332 2741
8_4 2206 2056 2244 2174
D_S 278 522 331 628
8_8 740 1653 776 1815
16_8 662 292 695 405
8_-3 1077 1114 1128 1269
4_5 1747 2077 1782 2193
8_11 512 1673 561 1827
8_7 1505 2903 1540 3043
8_4 1548 301 1583 424
8_5 1418 1484 1453 1610
8_8 2267 2297 2302 2438
16_3 1297 2056 1333 2172
Natural 1392 1486 1414 1560
8_11 537 489 586 647
Natural 863 1487 885 1564
8_-3 1057 1705 1109 1860
8_11 2050 491 2090 632
Natural 707 2670 732 2746
8_10 1746 1095 1795 1246
8_10 2323 501 2371 655
8_9 1553 2878 1599 3033
8_9 1593 512 1641 669
16_6 1472 301 1506 419
8_4 971 2078 1005 2199
8_9 1054 512 1104 669
Single_barline 189 1489 208 1580
Natural 1417 2077 1440 2153
8_8 2267 1706 2302 1847
8_2 2330 2054 2366 2175
8_-3 1114 2888 1164 3044
8_0 1411 533 1447 700
8_0 1352 1716 1389 1885
8_8 757 1064 795 1222
8_9 504 2879 540 3021
8_8 1743 2297 1782 2438
8_9 1008 1104 1054 1263
8_8 1914 1115 1950 1237
8_11 2018 2857 2055 3000
8_-3 1083 2297 1133 2453
8_-3 1125 522 1177 676
8_8 1956 2892 1990 3014
4_6 365 895 400 997
8_7 1501 2308 1537 2451
Single_barline 189 2672 208 2762
8_11 2020 1673 2059 1818
8_0 876 533 912 700
8_10 2315 2869 2368 3022
8_11 1983 1083 2022 1225
Natural 887 2077 910 2154
8_9 1041 2880 1091 3036
8_0 1379 2309 1414 2477
8_0 1386 2901 1423 3068
8_10 1833 503 1885 654
8_8 2276 523 2312 664
8_11 2020 2265 2060 2408
8_6 1296 2859 1333 2999
8_10 1792 2277 1844 2430
8_8 1743 2889 1779 3030
8_-1 586 1091 637 1247
Single_barline 1317 1488 1339 1580
Single_barline 190 2904 208 2994
8_8 1699 1115 1734 1254
16_4 937 274 978 396
Single_barline 1377 305 1398 394
8_7 2327 303 2369 397
Single_barline 2386 537 2406 629
16_1 1271 1478 1307 1582
8_9 1014 2287 1062 2446
8_5 1595 301 1640 420
8_6 1353 1486 1388 1610
Single_barline 812 2080 835 2172
8_10 2317 2276 2366 2431
Single_barline 189 305 208 394
8_10 2318 1684 2367 1839
8_9 490 513 526 652
8_0 761 2077 798 2185
Sharp 1583 1486 1615 1560
8_9 1551 2287 1598 2444
Single_barline 1902 538 1924 628
8_6 702 1072 739 1222
Sharp 1715 2079 1745 2152
8_0 848 2309 884 2477
Single_barline 190 1129 208 1218
8_6 1257 1082 1295 1222
8_4 2206 1463 2244 1582
8_4 1937 535 1972 657
8_0 1346 1125 1382 1293
Single_barline 842 305 864 393
Single_barline 190 2081 207 2171
8_0 877 2900 913 3069
8_6 1379 2078 1413 2201
8_1 593 2078 637 2174
Single_barline 1350 2904 1373 2995
Single_barline 1859 2904 1880 2996
Single_barline 1343 2080 1366 2172
Single_barline 2387 304 2407 394
8_-1 618 2865 667 3021
8_8 1785 523 1822 664
8_8 789 2837 827 2998
Single_barline 2385 895 2407 988
8_7 961 1125 997 1267
8_9 1511 1104 1557 1258
Single_barline 190 538 207 627
8_5 2205 1718 2240 1859
8_9 2222 280 2257 396
8_7 944 1717 981 1859
8_4 1235 2870 1273 2998
Single_barline 812 2313 835 2403
8_8 1960 1708 1996 1829
8_6 540 301 584 402
8_5 1532 1485 1578 1610
8_-1 604 500 655 655
8_6 590 893 624 1006
Gclef 209 2632 269 2796
8_6 419 534 455 669
Single_barline 1813 898 1835 986
8_0 823 1716 859 1885
Single_barline 189 897 208 986
8_10 1792 1685 1842 1838
Single_barline 1812 1129 1835 1220
8_6 420 1125 455 1259
8_4 1898 1719 1933 1840
Single_barline 810 897 830 987
8_6 533 893 569 999
Single_barline 1310 1128 1333 1219
8_6 705 2257 742 2406
8_4 1198 1094 1235 1222
Single_barline 841 537 864 627
8_7 996 2900 1031 3043
8_7 1544 534 1581 674
Single_barline 841 2905 865 2994
8_6 446 2901 482 3034
Single_barline 190 1721 207 1810
Single_barline 2384 2905 2407 2996
8_8 2166 291 2200 396
Single_barline 808 1129 831 1218
8_8 790 470 826 632
8_6 732 480 770 632
8_0 844 1125 880 1291
Single_barline 1376 537 1398 627
8_6 733 2847 770 3000
8_8 760 2243 799 2407
8_5 749 893 793 1011
Single_barline 190 2314 207 2402
8_1 2143 1719 2180 1870
8_10 2309 1094 2361 1248
8_2 390 2902 425 3047
8_6 419 2309 456 2444
Single_barline 2386 2080 2407 2172
8_4 903 1126 939 1281
Single_barline 1864 1490 1886 1577
8_5 994 1485 1039 1609
8_8 1993 524 2030 645
8_7 1008 534 1045 676
8_5 2203 2902 2240 3041
8_6 702 893 736 1009
8_9 471 1697 507 1836
8_8 1958 2298 1993 2420
Single_barline 2385 1130 2406 1219
8_7 1479 1716 1515 1857
8_1 704 2077 742 2174
8_4 1894 2902 1929 3026
Single_barline 1316 1721 1340 1811
8_1 1175 2879 1214 3000
8_-1 578 1684 626 1839
8_4 1416 1718 1452 1871
8_4 1176 1685 1214 1815
8_6 418 1719 453 1849
8_1 2142 2902 2178 3052
Single_barline 1343 2312 1365 2403
Single_barline 2386 2313 2406 2404
8_4 1405 1126 1441 1280
Single_barline 2386 1721 2406 1812
8_4 1847 1126 1882 1250
8_1 1143 2289 1181 2409
8_5 1443 2080 1478 2200
4_6 1624 2079 1660 2183
Single_barline 1861 2313 1884 2404
8_7 645 893 679 1007
4_1 364 2077 401 2174
8_8 1740 1706 1776 1848
Single_barline 1862 2082 1885 2171
8_3 2267 2056 2306 2174
Single_barline 1863 1721 1885 1812
8_9 476 2289 513 2430
Single_barline 788 1721 811 1811
4_5 1788 301 1823 416
8_3 647 2267 685 2407
8_4 1446 2902 1481 3056
8_4 1203 2278 1240 2407
Single_barline 789 1488 811 1580
4_7 2267 2669 2303 2767
8_6 1235 1674 1272 1815
8_1 1119 1697 1156 1816
4_6 1080 893 1114 999
8_4 935 2902 972 3055
Single_barline 2385 2670 2407 2763
8_2 364 1127 399 1272
Single_barline 2387 1487 2407 1580
8_3 676 2859 712 2999
8_5 913 2078 947 2200
8_3 662 492 699 631
8_8 2108 291 2143 396
4_6 1061 1485 1095 1590
8_4 912 2310 947 2462
16_8 1189 291 1222 428
4_6 1086 2078 1121 2183
8_6 1322 491 1359 631
8_4 1262 502 1299 632
8_4 1503 2077 1538 2200
8_1 1625 2901 1661 3052
8_3 644 1082 683 1223
8_1 2164 535 2199 684
8_5 1684 2902 1719 3041
Gclef 210 856 268 1021
8_5 1758 893 1794 1012
8_8 2279 291 2313 396
8_6 1264 302 1297 400
8_1 1187 514 1226 632
Fclef 206 2901 271 2997
Single_barline 1859 2673 1882 2762
8_6 1261 2265 1298 2408
Single_barline 1902 307 1925 394
8_5 2220 535 2255 673
8_1 1581 1126 1617 1277
8_8 1312 290 1356 396
8_4 946 1486 981 1609
8_1 2143 2308 2179 2462
8_4 1480 1486 1515 1609
Fclef 206 1125 270 1221
8_1 1612 1718 1649 1870
8_1 1139 1104 1177 1225
4_3 1583 875 1618 990
8_5 1060 301 1104 420
8_5 1805 1485 1839 1603
8_1 2119 1126 2155 1277
8_2 364 535 400 679
Single_barline 842 2673 863 2762
8_5 1019 2078 1062 2201
8_5 1640 1126 1675 1265
8_3 2144 2056 2191 2174
Single_barline 1311 897 1332 987
8_4 1442 2311 1478 2462
8_5 782 301 825 407
8_3 633 1677 669 1816
8_1 1623 2309 1660 2461
8_5 1726 534 1762 673
8_5 1677 1717 1713 1857
8_4 934 534 971 689
8_2 363 2311 399 2455
4_2 997 2660 1033 2765
8_5 1684 2309 1720 2449
8_5 1554 2078 1599 2200
8_4 1470 534 1507 689
8_2 2329 1462 2366 1581
8_5 2186 1127 2221 1265
8_1 1666 534 1703 686
8_3 2085 1469 2135 1581
8_1 533 2078 588 2174
Gclef 211 263 268 428
4_3 1897 2060 1934 2173
4_3 1199 876 1234 989
Gclef 210 1448 269 1612
8_2 363 1718 399 1862
4_3 1895 2653 1931 2765
Fclef 207 532 271 630
Gclef 211 2039 269 2204
Single_barline 1351 2673 1372 2762
4_3 1236 2651 1272 2764
8_3 2146 1464 2191 1581
8_3 2081 2060 2134 2173
8_3 1203 2056 1248 2173
8_6 734 302 768 404
Fclef 206 2309 270 2405
8_2 649 2077 684 2173
8_3 2267 1463 2305 1582
8_3 1177 1464 1223 1580
Fclef 205 1717 270 1814
