8_-3 3730 3288 3829 3686
8_10 3593 5377 3683 5702
8_7 945 4610 1013 4824
8_3 3524 5440 3589 5701
8_13 3239 2019 3319 2366
8_13 2128 2019 2208 2369
8_14 1095 3273 1174 3592
8_13 2122 4476 2206 4837
8_14 1104 813 1186 1137
8_9 813 4514 879 4829
1_10 4504 5370 4597 5620
8_9 816 4164 876 4388
8_-3 3745 824 3853 1234
8_12 2392 4543 2466 4829
8_0 2722 3413 2790 3743
8_4 1475 2976 1562 3237
8_10 1998 2125 2075 2405
8_9 813 2056 879 2368
8_-2 567 4506 679 4891
8_-4 1680 3315 1781 3704
8_3 4472 517 4539 784
1_10 1595 1686 1690 1925
8_10 2504 4582 2594 4828
8_4 3876 911 3940 1144
4_9 1065 4160 1127 4391
1_10 1594 4144 1688 4385
8_11 2992 4123 3064 4398
8_12 4580 4100 4680 4429
8_7 3738 2979 3805 3213
8_11 1833 435 1909 700
8_4 3355 5440 3423 5704
8_12 1056 4542 1136 4827
8_12 2858 4107 2932 4399
4_10 3780 5375 3853 5619
8_6 4114 836 4181 1141
8_4 3943 2065 4012 2368
8_11 2036 5362 2129 5658
8_-4 1711 862 1807 1240
8_11 4219 3332 4301 3609
8_-3 3825 2064 3920 2447
8_12 4153 4104 4244 4393
8_13 3202 833 3279 1136
8_10 782 5376 851 5631
8_11 867 5353 951 5621
8_9 814 1704 877 1927
Final_barline 4660 5877 4728 6049
8_8 4464 3395 4532 3628
8_10 4460 2916 4540 3247
Single_barline 2638 4647 2691 4822
8_10 2260 4582 2331 4831
8_9 945 913 1037 1203
8_12 3958 4103 4034 4389
8_11 1541 5355 1616 5624
8_13 3195 3293 3273 3593
8_10 4340 5377 4415 5621
8_12 1865 2078 1949 2430
dot 1129 4176 1165 4212
8_1 1605 4640 1676 4928
8_11 4266 2100 4346 2375
8_12 1054 2081 1138 2366
8_6 4282 4215 4348 4430
8_12 3104 4103 3196 4395
8_12 3380 4105 3456 4395
dot 1130 1717 1165 1754
8_7 1932 3324 2000 3593
Single_barline 309 1755 346 1925
8_12 3620 4102 3718 4393
8_11 1267 5356 1354 5618
Single_barline 4692 4645 4740 4825
8_10 2661 5376 2734 5619
8_11 835 3329 913 3686
Single_barline 308 524 347 694
dot 4226 5407 4258 5440
8_12 4481 1643 4564 1980
8_12 1864 4539 1944 4890
8_3 1809 3321 1879 3598
8_10 4572 458 4664 782
8_12 2978 2083 3060 2431
Single_barline 308 5442 345 5615
Single_barline 4699 3420 4738 3592
8_10 4044 1688 4124 1975
8_11 4268 1665 4347 1951
8_11 835 866 911 1228
8_4 3857 3294 3932 3592
8_12 4385 4104 4462 4429
8_12 2718 1646 2798 1944
4_9 4160 5396 4226 5623
Single_barline 4696 4210 4740 4387
8_8 3984 2956 4046 3161
8_9 3936 5399 3996 5619
8_9 3834 1710 3902 1943
8_-2 567 2045 675 2429
8_10 3095 5376 3174 5657
8_10 2825 5374 2914 5621
8_4 2521 2975 2603 3243
8_9 3514 4172 3580 4396
8_11 2525 437 2620 744
Sharp 888 4146 942 4282
8_11 676 5353 752 5652
8_5 696 4518 766 4834
8_11 1702 5358 1785 5626
8_12 2391 2083 2470 2369
8_8 3982 3294 4051 3592
8_11 1493 434 1588 703
8_10 2721 2917 2797 3216
Single_barline 307 4213 347 4385
8_10 2960 894 3038 1240
8_10 2300 5379 2375 5658
Single_barline 308 2982 347 3155
8_3 2211 5437 2281 5681
8_11 1246 432 1319 703
8_5 4494 4195 4563 4427
Single_barline 2640 4213 2693 4386
8_11 2412 2895 2491 3228
8_10 1975 4583 2070 4870
Single_barline 3665 3419 3707 3591
8_10 3375 2126 3445 2368
Single_barline 4698 2978 4741 3159
8_0 568 959 633 1270
8_11 4231 873 4307 1146
Single_barline 310 5881 343 6050
8_5 696 2054 765 2367
Single_barline 4699 2192 4738 2363
8_10 3087 2124 3183 2416
Single_barline 4698 1753 4740 1926
8_11 1879 5359 1959 5658
8_10 3253 4146 3324 4392
8_12 3504 2085 3582 2367
8_11 1081 5352 1153 5622
Single_barline 1517 4645 1568 4823
Single_barline 1616 3419 1657 3592
8_7 2751 5438 2815 5618
8_10 2190 894 2265 1158
Sharp 890 2148 945 2278
Sharp 4010 5375 4064 5508
8_10 3434 5373 3516 5703
8_4 2960 2976 3028 3252
Single_barline 2139 5444 2184 5618
8_-1 2718 957 2786 1280
8_10 2954 3353 3034 3693
8_10 4347 460 4427 781
8_11 1359 3330 1438 3601
Single_barline 1522 2191 1567 2360
8_10 3254 5375 3344 5661
Single_barline 2663 964 2704 1132
8_8 922 4188 1007 4388
8_9 2392 5396 2459 5642
8_8 920 1728 1008 1926
Single_barline 309 4649 346 4820
Single_barline 2651 2983 2693 3156
8_4 1968 5440 2034 5657
8_10 3618 2125 3706 2367
8_9 943 3374 1033 3660
Single_barline 1642 525 1688 694
8_10 4094 458 4187 735
8_6 4101 3293 4171 3594
8_10 3546 457 3640 702
8_6 2841 3411 2909 3723
8_0 578 3413 644 3730
Single_barline 4699 963 4739 1134
Single_barline 2135 5878 2186 6052
8_6 4569 3414 4656 3638
8_10 1413 4144 1485 4389
8_3 4574 2973 4656 3268
Single_barline 4697 523 4741 695
Single_barline 3682 525 3726 695
8_10 3871 457 3948 742
8_10 2261 2122 2333 2369
Single_barline 3695 5443 3738 5614
Single_barline 3682 964 3723 1133
Single_barline 4425 5879 4474 6050
8_9 1927 2934 1997 3238
8_11 2051 437 2147 704
8_8 4046 5415 4128 5619
8_9 1472 3373 1557 3597
Single_barline 1618 2982 1659 3156
Single_barline 3758 2192 3800 2359
8_11 956 435 1045 705
Single_barline 1373 5880 1419 6050
8_8 1687 2957 1756 3208
Sharp 3881 5356 3934 5490
Sharp 759 4126 814 4262
Single_barline 4429 5446 4468 5612
Single_barline 2648 3419 2691 3590
Single_barline 1643 964 1684 1132
8_10 2174 3355 2248 3615
Sharp 889 1688 944 1822
8_3 3539 2977 3624 3241
Single_barline 2663 525 2706 694
8_10 1412 1689 1488 1929
Single_barline 3760 1755 3799 1923
Single_barline 1375 5445 1418 5614
8_9 4223 2937 4292 3221
4_10 577 4145 649 4388
8_5 4583 1748 4666 1991
Fclef 345 5873 478 6040
Sharp 889 4603 943 4737
Final_barline 4667 5440 4736 5611
4_10 577 1688 648 1928
8_8 4486 2167 4555 2397
8_5 2853 1745 2921 1957
8_10 2507 2126 2593 2367
8_11 698 433 776 734
8_10 2466 5376 2555 5630
8_9 1293 4604 1363 4835
Single_barline 3759 4647 3813 4824
8_11 574 2893 654 3208
Sharp 759 1668 811 1804
Single_barline 309 2193 343 2359
8_8 3504 1728 3570 1965
8_5 2053 3319 2121 3596
Single_barline 3667 2982 3708 3155
8_8 2574 5414 2637 5623
Single_barline 1518 4216 1564 4383
8_10 2171 2917 2249 3204
8_8 3535 3394 3619 3599
8_6 3755 520 3822 740
8_5 2730 4205 2797 4408
Single_barline 2928 5444 2971 5615
8_3 2719 522 2786 763
8_7 698 956 768 1249
Single_barline 3764 4214 3811 4385
Fclef 345 4644 478 4821
8_10 3325 460 3398 703
8_8 3854 4188 3920 4391
8_8 4469 934 4538 1169
Gclef 353 2911 473 3219
8_11 1377 871 1453 1144
8_1 2719 2184 2787 2472
8_4 709 2977 779 3213
8_6 1955 521 2021 701
8_8 4053 2059 4122 2368
8_7 4068 4207 4134 4390
8_6 1635 5438 1699 5616
Gclef 353 1683 473 1991
Gclef 354 5372 471 5680
Single_barline 2645 1755 2692 1925
8_11 2310 432 2386 741
8_1 1608 2188 1676 2472
Single_barline 309 963 343 1131
Gclef 353 453 470 763
Single_barline 1521 1756 1565 1922
8_9 1111 477 1177 701
Gclef 353 4143 474 4451
8_8 3317 3397 3381 3601
8_10 3431 3356 3507 3595
8_9 2962 477 3029 726
8_10 838 458 911 715
Single_barline 3689 5880 3740 6051
Single_barline 2644 2191 2689 2358
Single_barline 2924 5877 2977 6052
8_7 1953 863 2025 1141
8_6 4163 2064 4230 2368
Single_barline 309 3421 344 3588
8_9 1233 3376 1299 3598
8_9 1248 916 1311 1140
8_7 1396 4645 1478 4842
8_8 3993 832 4064 1136
8_3 4081 2975 4169 3261
8_8 1733 4624 1805 4911
8_8 2850 2163 2918 2453
8_4 4232 520 4302 785
8_7 3448 519 3514 699
8_9 1294 2145 1362 2376
8_9 1496 916 1581 1139
8_3 1835 866 1908 1141
4_9 1062 1705 1126 1925
8_6 4576 958 4658 1180
8_7 1177 4645 1244 4826
8_10 3445 897 3517 1138
8_3 3855 2974 3928 3232
8_8 1738 2166 1806 2453
8_7 1463 5439 1527 5617
8_9 982 5398 1050 5620
8_3 2840 2976 2910 3233
8_4 2433 518 2501 738
8_4 579 5436 648 5671
8_5 3183 5438 3250 5657
8_5 1798 5436 1866 5659
8_8 1184 5418 1249 5621
8_6 2839 955 2908 1264
8_8 1381 500 1445 700
8_7 2430 959 2498 1185
8_6 4351 959 4417 1156
8_5 4379 1746 4446 1964
8_10 2836 461 2913 741
8_8 3055 3395 3145 3680
8_8 3546 938 3632 1139
8_7 1720 519 1786 701
8_5 2073 863 2143 1142
8_6 3014 5439 3080 5658
8_6 4345 3416 4411 3614
8_4 568 520 634 752
8_6 3434 2977 3502 3234
8_8 3208 501 3271 703
8_5 4143 1748 4229 1991
Fclef 344 2186 478 2363
8_4 2033 2978 2122 3252
8_3 4343 2975 4413 3230
8_10 3062 457 3157 709
8_5 836 2976 908 3238
8_5 2519 3417 2605 3657
8_6 1101 2976 1169 3206
8_8 3326 938 3391 1139
8_6 4582 2186 4666 2407
8_4 1807 2975 1876 3219
8_4 1231 2977 1300 3217
8_8 3057 936 3150 1223
8_7 1177 2187 1243 2365
8_7 1394 2189 1478 2385
8_6 4379 2186 4446 2386
8_5 3198 2975 3267 3225
Fclef 344 955 478 1121
8_4 2294 2978 2363 3217
8_5 3941 1750 4009 1961
8_5 3093 1748 3181 1990
8_6 2982 1749 3050 1979
8_5 2535 959 2618 1204
8_7 2414 3415 2481 3644
8_5 3375 1748 3443 1958
8_3 3063 2979 3146 3262
8_4 950 2976 1035 3251
Fclef 345 3413 474 3576
8_7 1360 2977 1431 3228
8_5 3993 520 4061 740
8_7 3245 1749 3313 1953
8_5 2191 519 2261 742
8_5 2309 959 2378 1170
8_3 3315 2977 3384 3226
8_5 2292 3414 2361 3629
8_5 3619 1748 3705 1970
