16_5 394 358 419 437
32_10 1036 952 1062 1026
32_10 431 660 452 733
16_-2 471 971 490 1045
16_-1 435 970 457 1040
32_5 945 1557 964 1635
8_2 1231 384 1250 465
16_11 775 1239 797 1320
32_9 1014 958 1035 1027
16_9 403 666 423 734
16_3 1059 384 1084 466
32_6 979 1557 1004 1634
16_-1 365 970 384 1039
8_11 1077 1238 1099 1320
16_10 1117 1245 1139 1319
16_5 1035 676 1060 758
16_4 1009 384 1028 465
4_11 866 1366 887 1448
16_5 1036 384 1056 465
dot 522 1025 532 1035
dot 522 1165 532 1175
dot 1409 1586 1418 1596
dot 1408 1726 1418 1737
8_8 643 1256 662 1320
16_9 1144 1252 1168 1319
Sharp 456 1015 470 1056
4_11 533 1366 554 1447
16_6 1288 971 1312 1026
16_5 848 678 872 745
Sharp 1279 964 1294 1004
16_3 981 384 1001 466
4_10 560 786 579 860
16_3 1201 676 1219 759
16_2 1386 368 1405 440
16_9 1378 665 1402 733
16_5 1304 357 1329 439
16_3 434 1544 460 1612
16_4 1228 677 1247 759
16_9 744 1251 763 1320
16_10 805 1246 827 1319
4_12 641 1361 664 1447
16_5 1263 677 1287 759
16_8 983 965 1004 1027
Sharp 838 677 854 720
Single_barline 193 1100 202 1151
Single_barline 1489 1101 1500 1151
8_-3 1317 1677 1339 1766
8_2 1444 677 1466 764
8_5 1316 1264 1339 1331
16_4 1147 384 1167 455
Single_barline 1053 1266 1066 1317
16_3 1175 384 1195 457
8_12 1002 1232 1029 1319
8_11 486 653 506 733
8_11 662 779 684 862
Single_barline 193 807 202 858
16_6 1171 675 1191 759
16_4 1012 677 1031 759
16_9 1219 1252 1238 1319
4_-3 499 1097 521 1179
16_6 956 676 976 759
16_9 1194 959 1213 1026
Gclef 205 367 239 460
16_4 1449 1264 1472 1338
16_3 984 677 1003 759
Single_barline 637 1100 649 1151
16_3 1358 365 1378 439
Single_barline 1487 807 1500 858
Sharp 1254 678 1270 719
16_0 332 970 357 1033
Single_barline 192 1687 203 1738
16_4 421 362 441 438
Single_barline 1068 973 1081 1024
16_5 1422 1263 1442 1337
4_-1 501 970 521 1039
Single_barline 192 513 203 565
Sharp 250 1538 266 1581
16_9 661 958 680 1026
16_4 693 1558 718 1632
8_10 1411 658 1433 749
Sharp 929 1105 945 1147
Single_barline 1487 513 1501 565
8_6 700 804 718 862
8_1 646 1684 666 1779
Single_barline 1067 1100 1081 1151
Gclef 205 1247 239 1340
Single_barline 1053 1393 1066 1444
16_2 475 369 495 439
16_6 1298 677 1316 734
Single_barline 1094 385 1108 439
Single_barline 1488 1265 1500 1319
16_4 1198 384 1222 459
16_9 683 1252 702 1320
Gclef 205 954 240 1047
8_10 592 952 613 1026
8_0 1230 481 1253 576
16_4 487 1544 507 1613
4_11 659 1073 681 1154
16_3 447 365 468 438
Sharp 1429 1085 1444 1127
8_11 863 946 886 1026
Single_barline 1488 972 1500 1024
Sharp 729 1360 744 1404
16_2 954 377 973 440
16_2 593 1544 613 1613
16_7 907 1263 926 1320
Single_barline 193 1394 202 1445
16_9 831 1251 856 1319
16_3 539 1544 560 1612
Gclef 205 660 239 753
Single_barline 1488 678 1501 731
16_8 932 1258 957 1319
8_6 1267 484 1287 568
16_8 1244 1257 1268 1318
8_9 293 666 312 733
16_5 1361 1264 1380 1333
Sharp 249 1244 266 1287
8_10 1179 1373 1199 1447
Single_barline 1488 385 1500 438
8_-1 332 1087 355 1167
Single_barline 637 679 649 731
Single_barline 367 386 380 437
8_2 926 510 946 595
16_7 699 677 718 737
Gclef 204 1540 241 1633
4_10 646 493 667 567
16_6 723 677 747 739
8_10 592 1080 613 1154
Single_barline 637 973 649 1023
Sharp 248 365 266 408
8_10 1124 1080 1151 1155
Sharp 544 774 560 816
8_7 1120 474 1147 567
Sharp 248 951 266 995
16_7 784 676 804 738
8_9 784 959 804 1026
8_4 1175 477 1197 568
8_4 1444 970 1464 1045
Sharp 249 1385 266 1428
8_8 867 1257 886 1320
Single_barline 192 1559 203 1612
Single_barline 617 1393 631 1444
4_6 1099 677 1118 738
Sharp 250 1678 268 1721
Single_barline 1072 806 1086 857
Sharp 577 1067 592 1109
8_3 1142 1655 1163 1741
8_11 1212 1366 1239 1447
Rests8 1411 819 1428 847
Sharp 248 1091 267 1136
Single_barline 618 1266 631 1317
16_4 1332 362 1351 439
Sharp 249 798 266 842
Sharp 249 504 266 549
Single_barline 1094 514 1109 565
8_0 396 971 420 1033
8_8 752 1678 773 1774
8_5 1091 1098 1111 1166
4_0 1387 1684 1407 1746
Single_barline 192 1265 202 1319
Single_barline 722 386 735 438
8_6 503 384 522 440
Single_barline 1035 1686 1051 1738
16_8 708 1258 731 1319
8_7 890 511 910 594
Single_barline 367 513 380 564
Rests8 944 986 962 1014
8_9 1281 1251 1300 1322
16_8 1354 672 1373 733
Single_barline 637 807 650 857
8_6 1413 384 1432 440
8_9 1442 370 1468 439
8_1 293 970 320 1027
8_6 1261 384 1286 455
4_6 1298 805 1317 866
16_8 756 671 775 734
16_4 891 1557 911 1639
Single_barline 722 513 736 564
Single_barline 1036 1560 1050 1611
16_5 646 1558 665 1627
4_10 744 1373 764 1448
8_7 1074 1646 1099 1740
16_8 1224 964 1244 1026
Single_barline 192 972 203 1025
16_6 1392 1264 1411 1335
16_6 813 676 832 742
16_2 1195 1551 1215 1612
8_10 818 952 844 1025
8_5 1134 804 1154 873
4_10 453 1373 474 1447
Rests8 559 693 577 720
16_7 1158 970 1181 1026
16_5 1120 384 1139 453
8_-1 1248 1558 1274 1626
Single_barline 1487 1394 1500 1444
8_9 1092 959 1111 1026
4_6 882 676 901 738
16_3 928 375 951 439
Rests8 366 692 384 720
16_6 749 970 772 1026
16_7 1254 970 1274 1026
8_6 956 804 976 865
4_2 1387 1550 1407 1613
Rests8 373 1278 391 1306
8_6 969 1264 988 1320
4_5 1281 1392 1300 1460
8_5 1443 511 1468 573
4_2 434 1679 454 1740
8_1 1318 1557 1339 1613
16_8 1132 964 1151 1026
4_9 747 499 766 567
8_9 1249 1085 1273 1153
Sharp 249 658 266 701
8_0 394 1090 416 1161
8_4 294 1085 320 1153
8_6 821 1683 842 1771
4_5 752 1557 773 1626
8_4 1172 805 1191 873
16_8 691 964 710 1026
Single_barline 192 386 203 438
Rests8 819 399 836 425
4_8 293 1385 312 1447
4_9 373 1379 392 1446
16_7 1325 676 1345 734
Single_barline 192 679 203 731
8_5 918 805 938 869
Single_barline 1072 679 1086 731
8_6 328 384 349 444
16_7 722 970 741 1027
8_10 517 658 543 733
16_3 1142 1549 1167 1612
8_7 295 1558 315 1626
4_4 945 1098 964 1172
8_7 1439 1098 1463 1153
8_7 898 971 922 1026
8_9 575 372 594 439
8_3 981 511 1002 598
4_6 486 804 505 865
8_6 819 1098 843 1153
8_9 596 666 616 733
4_7 1303 512 1322 567
Rests8 534 1279 552 1306
8_8 1194 1092 1213 1153
Rests8 647 399 665 425
8_4 1030 512 1057 600
4_3 296 1673 315 1739
8_8 663 671 682 734
8_6 1413 512 1432 568
4_8 818 505 838 567
8_4 892 371 916 439
Rests8 1404 986 1422 1014
8_9 1118 1379 1137 1447
4_7 366 805 386 860
8_6 1098 804 1118 874
8_6 328 512 349 573
Rests8 969 1407 986 1434
8_5 1448 804 1467 872
8_9 784 1086 803 1153
8_8 604 378 629 439
8_5 1324 1098 1343 1166
8_9 533 371 558 439
8_4 882 805 901 873
4_4 293 805 313 877
8_7 1006 805 1030 860
8_10 1179 1245 1199 1319
8_8 805 799 832 866
8_4 1074 1545 1099 1612
8_6 413 1264 433 1325
8_8 574 1257 594 1319
8_4 884 1685 910 1766
8_5 328 1264 352 1326
4_7 864 1098 884 1153
8_3 357 1557 383 1638
8_1 435 1092 456 1154
8_6 503 512 522 569
8_6 1358 1098 1383 1160
8_5 855 384 875 451
8_7 1221 805 1248 873
8_7 756 805 775 864
8_7 1078 1391 1097 1447
8_5 533 512 558 573
8_6 777 384 802 446
8_8 323 671 348 732
8_4 293 1264 312 1333
4_7 393 511 413 567
8_4 1249 1669 1269 1740
4_7 1323 971 1343 1026
8_7 488 1264 513 1319
8_6 1009 1392 1029 1452
8_6 454 1264 473 1320
4_4 1361 1392 1380 1466
8_7 747 384 766 441
4_4 575 512 594 585
8_7 682 384 702 439
8_7 1404 1098 1423 1153
Fclef 202 1684 243 1739
Fclef 202 1392 242 1446
Fclef 202 511 243 566
Fclef 202 1098 242 1153
Fclef 202 805 242 859
