4_-3 1177 1187 1200 1274
Single_barline 1483 859 1499 909
Single_barline 883 1455 901 1519
8_-3 861 1187 885 1268
32_1 856 1456 880 1522
8_-4 886 1188 908 1274
16_-2 518 1187 540 1261
Rests4 1425 1329 1442 1378
32_0 543 1187 562 1255
16_-3 539 1455 564 1536
16_-3 426 1723 452 1811
Single_barline 1200 1458 1212 1513
32_9 538 1304 561 1371
Single_barline 1180 1852 1194 1902
2_-3 1399 1456 1421 1536
2_-2 737 1188 758 1262
8_7 1298 1815 1326 1908
4_3 356 322 375 400
4_2 1370 1851 1389 1938
8_5 1401 1281 1421 1374
dot 1476 1894 1486 1903
8_9 971 1775 990 1911
2_-2 491 1724 514 1797
dot 441 1522 452 1534
8_-2 673 1727 695 1799
4_6 946 1852 965 1912
8_7 990 1249 1009 1368
8_-3 937 1187 959 1270
16_-2 340 1723 360 1798
8_-3 921 1724 945 1810
8_6 1364 1282 1383 1373
32_8 518 1310 536 1371
16_-2 741 1723 760 1798
4_2 788 1308 808 1371
8_3 849 588 873 669
8_-3 316 1725 339 1803
8_7 1019 1785 1039 1909
8_-3 386 1187 407 1267
4_6 788 1851 806 1913
dot 1466 885 1475 894
4_-4 361 1456 384 1543
16_-3 718 1724 741 1804
dot 1466 1026 1475 1035
8_0 652 1724 672 1788
8_-3 1341 1454 1372 1535
8_0 821 1456 845 1517
dot 404 1790 414 1800
16_-1 619 1723 638 1792
dot 695 1778 705 1789
4_-2 1288 1456 1309 1529
Single_barline 469 1727 481 1780
4_11 934 1557 956 1638
dot 508 1306 517 1316
2_-4 1298 1188 1321 1274
2_-1 761 1187 782 1255
16_-1 362 1724 381 1794
8_12 965 1551 987 1638
Single_barline 760 1727 772 1780
dot 1225 1254 1236 1266
4_3 640 703 659 769
4_5 825 1851 843 1920
dot 1274 1842 1285 1853
dot 508 1242 517 1252
dot 525 1510 535 1521
8_-2 360 1188 385 1262
16_4 1051 320 1070 389
dot 841 1497 851 1508
2_-1 787 1724 807 1792
8_-2 640 1188 666 1263
4_7 1230 1279 1250 1372
dot 377 350 387 360
4_-1 616 1187 636 1257
dot 945 885 955 896
dot 811 349 821 360
dot 1016 349 1027 360
4_11 1232 691 1254 770
dot 757 1510 768 1521
4_-3 301 1456 323 1537
Single_barline 1321 1854 1334 1904
dot 1310 1510 1320 1521
8_-2 912 1187 933 1262
4_-3 1250 983 1272 1064
4_11 907 690 929 770
Final_barline 1480 1726 1499 1777
Single_barline 1043 1854 1055 1905
dot 1320 1255 1330 1266
4_-3 1204 1186 1225 1269
4_3 924 857 944 936
4_11 1005 692 1027 771
4_1 1179 1315 1199 1408
4_10 1459 698 1481 771
4_11 1431 691 1452 771
8_7 1324 1279 1343 1371
8_8 1229 1809 1249 1906
4_-2 692 1187 715 1261
Single_barline 837 1190 850 1242
Natural 706 1775 718 1816
Single_barline 1372 1457 1383 1510
Natural 640 1757 652 1796
Sharp 772 1844 787 1888
2_0 1445 983 1466 1046
8_-2 594 1724 617 1797
4_4 1394 1851 1414 1927
Single_barline 392 1457 403 1510
4_-3 742 982 764 1064
4_6 443 716 463 778
4_-3 819 447 841 530
8_-2 504 1456 529 1529
Single_barline 591 1458 603 1509
4_1 711 857 731 912
4_-3 1322 447 1344 529
8_-1 486 1186 512 1255
4_-3 418 1454 440 1537
8_4 1452 1284 1472 1371
4_-2 331 1455 352 1529
Single_barline 837 1317 850 1368
Single_barline 1488 591 1500 641
4_-2 812 1187 834 1262
4_-2 411 1187 433 1262
4_-2 1140 1455 1162 1531
Rests4 1460 593 1477 635
Single_barline 1154 1317 1166 1364
Single_barline 717 1191 729 1241
Single_barline 1488 1458 1499 1510
4_1 935 1456 956 1512
8_-3 895 1724 921 1804
4_-1 1172 1455 1192 1524
Natural 1388 1316 1401 1357
4_0 965 448 985 510
2_9 289 971 309 1040
Sharp 1348 1309 1364 1353
4_4 1292 448 1312 522
4_10 1111 1564 1132 1639
8_4 824 589 843 666
4_5 541 589 560 655
Flat 301 1826 314 1866
4_0 568 1188 588 1250
Sharp 1094 728 1110 771
Single_barline 1232 450 1245 501
4_10 567 1298 588 1370
Gclef 205 838 240 932
4_-1 734 1455 755 1524
4_9 616 1304 635 1370
4_8 813 1309 833 1371
Single_barline 436 1190 448 1242
4_2 1340 977 1360 1038
Single_barline 1013 1317 1024 1368
4_-2 678 1456 700 1529
16_4 979 857 998 924
16_5 1077 321 1101 384
2_3 443 577 464 643
Sharp 624 727 641 771
Sharp 1049 684 1065 728
Single_barline 1352 322 1365 374
Single_barline 907 1458 920 1510
Single_barline 872 1852 885 1903
8_-2 1247 1186 1282 1262
16_4 411 320 430 389
Natural 302 1776 315 1816
Natural 811 1852 824 1892
Single_barline 1321 1727 1333 1776
4_8 412 1310 432 1370
Sharp 1025 1309 1042 1354
4_10 1065 697 1086 772
4_10 350 965 372 1039
Single_barline 872 1726 884 1778
Single_barline 592 1190 604 1241
Natural 1095 1852 1109 1895
2_3 531 971 551 1038
Single_barline 415 717 428 768
Single_barline 717 1317 729 1367
Single_barline 864 859 876 909
Single_barline 1352 450 1364 501
Natural 1066 1316 1079 1358
4_10 1176 697 1199 771
8_11 995 1558 1015 1639
2_3 1141 310 1161 375
Single_barline 1232 322 1245 374
4_10 648 1564 670 1639
Single_barline 1160 858 1172 909
Single_barline 436 1317 448 1368
Sharp 1055 1845 1070 1888
Single_barline 707 1458 719 1510
Single_barline 1206 591 1219 641
2_6 1403 589 1422 648
Single_barline 1375 717 1388 768
Single_barline 1281 859 1292 909
Single_barline 565 1725 577 1778
Single_barline 381 986 394 1036
4_-1 1292 320 1312 388
Sharp 780 588 796 632
Single_barline 1488 1585 1500 1637
4_-1 460 1188 480 1256
Rests4 1394 1729 1411 1772
2_7 1065 589 1084 644
8_8 641 1310 660 1371
Single_barline 1180 1726 1193 1776
Single_barline 1375 590 1388 642
Single_barline 1280 985 1293 1037
4_9 460 1303 479 1370
Single_barline 1111 322 1124 374
Single_barline 881 590 893 642
4_9 335 1303 354 1371
4_-1 1318 1584 1339 1652
Single_barline 1206 718 1218 768
4_10 1005 569 1027 644
4_6 388 589 407 649
Single_barline 1160 986 1173 1037
Single_barline 193 718 202 769
Single_barline 1013 1190 1024 1241
4_8 1141 1577 1162 1639
2_2 1446 850 1465 910
8_5 874 320 894 392
4_0 650 1454 670 1518
8_4 1133 1830 1152 1907
Single_barline 1488 717 1500 770
8_9 1050 1571 1074 1639
Single_barline 760 1853 771 1904
Single_barline 682 858 695 909
Single_barline 193 1318 202 1368
Single_barline 696 717 709 768
8_7 382 1316 405 1370
Single_barline 1084 1458 1096 1509
4_7 723 589 742 644
2_5 410 856 430 924
Single_barline 193 450 202 501
Single_barline 1034 717 1046 768
8_4 1106 1293 1124 1370
4_4 711 984 731 1057
8_10 1024 1564 1045 1639
Single_barline 392 1585 404 1635
8_9 486 1304 505 1372
8_0 1025 1456 1045 1519
4_4 849 1852 869 1926
Single_barline 1155 1190 1166 1241
4_10 818 1564 840 1639
2_3 1070 846 1089 909
Single_barline 1084 1586 1096 1636
Single_barline 568 717 581 767
4_0 1381 447 1401 510
4_2 1400 1576 1420 1639
4_-1 619 1455 639 1524
B_F 247 1310 272 1366
Rests4 540 1729 559 1774
Single_barline 591 1585 603 1635
Single_barline 1111 450 1124 500
Single_barline 707 1585 720 1635
16_5 437 321 461 384
Single_barline 565 1853 578 1904
4_7 289 716 309 771
Single_barline 1040 859 1052 909
2_2 1309 850 1330 910
Single_barline 192 321 203 374
Single_barline 592 1318 604 1367
4_-1 1220 857 1240 924
4_0 1111 1455 1132 1518
Single_barline 1033 591 1046 642
Single_barline 192 1725 202 1778
Single_barline 592 322 605 374
4_6 1459 1583 1478 1644
4_4 518 1851 536 1925
Single_barline 192 986 202 1037
4_6 679 1584 698 1645
4_3 790 310 810 375
Single_barline 471 322 485 374
Single_barline 192 858 202 910
Single_barline 696 591 709 642
Sharp 578 1769 593 1810
4_3 997 435 1017 503
8_-2 471 1456 504 1529
Single_barline 192 1457 202 1511
Sharp 245 977 262 1022
4_0 1205 1316 1224 1377
4_9 735 1571 754 1638
8_5 796 589 814 663
4_8 693 1310 713 1370
2_3 502 309 521 375
Rests4 1442 325 1458 369
Single_barline 735 450 749 501
Single_barline 880 717 893 768
2_8 908 582 927 645
4_4 1220 984 1239 1056
4_5 596 715 615 784
4_-1 335 1188 355 1256
4_6 441 984 461 1043
4_1 1252 856 1271 912
16_5 1006 857 1030 917
Sharp 245 442 261 486
Single_barline 502 986 514 1037
8_9 1262 576 1281 643
Rests4 1458 1460 1474 1503
4_0 893 984 913 1047
4_8 673 1846 693 1906
8_0 1260 1454 1279 1518
Single_barline 1043 1726 1054 1777
Single_barline 192 1853 202 1904
Single_barline 193 1586 202 1636
Single_barline 381 858 394 909
4_9 761 1302 781 1370
4_1 955 984 975 1039
Sharp 245 302 262 345
Single_barline 592 450 605 501
4_0 1309 983 1329 1046
4_4 1403 716 1422 789
4_8 409 977 430 1040
B_F 247 1169 273 1225
Single_barline 1200 1586 1212 1636
Single_barline 415 591 428 642
Single_barline 908 1586 919 1635
4_7 302 1583 322 1638
4_0 319 716 340 778
Single_barline 502 859 514 908
Single_barline 469 1853 481 1904
Single_barline 936 322 949 374
8_-1 1055 1456 1075 1524
4_9 1172 1571 1191 1638
4_2 1413 441 1433 503
Rests4 1370 860 1387 904
Sharp 244 569 262 612
Sharp 245 710 262 755
Sharp 245 837 262 881
Sharp 607 996 623 1038
4_4 1371 983 1390 1057
2_4 290 589 309 661
4_8 1232 582 1252 644
Single_barline 735 323 748 374
Single_barline 1372 1586 1384 1636
4_4 668 716 687 790
Single_barline 683 986 695 1037
Rests4 847 1729 866 1773
8_8 361 1310 380 1371
4_1 1323 321 1343 376
4_3 356 435 375 503
4_7 383 1851 402 1906
8_7 1319 589 1338 644
B_F 248 1846 274 1901
4_8 316 1845 335 1906
4_9 289 843 308 911
4_7 896 1851 916 1906
4_9 1177 575 1197 643
Single_barline 568 591 581 642
Single_barline 471 450 485 501
8_0 805 857 825 918
Single_barline 1040 985 1052 1036
4_8 823 709 844 771
Single_barline 936 450 949 501
4_5 332 1584 351 1651
4_4 1443 448 1462 522
4_3 624 971 642 1038
8_5 562 831 587 910
4_9 619 1571 639 1638
8_-1 836 857 855 924
4_8 722 709 743 772
4_2 564 314 583 376
4_3 1260 434 1281 502
4_-1 471 715 492 784
4_4 966 321 985 395
4_6 541 716 560 778
Single_barline 864 986 877 1036
8_8 1291 583 1310 644
4_1 706 448 726 504
4_0 326 449 345 510
4_7 388 716 408 771
8_1 773 857 793 912
Single_barline 192 1189 203 1242
4_2 450 1576 469 1638
4_3 531 844 551 910
4_3 1111 703 1129 771
4_8 668 582 687 644
4_4 789 448 809 523
4_2 1204 441 1223 504
4_3 1261 308 1281 375
4_9 639 575 658 643
4_7 862 1316 881 1371
4_3 543 1839 563 1906
4_1 1027 449 1047 504
4_5 706 321 725 388
4_2 621 441 641 503
4_4 501 448 521 523
4_4 1429 1584 1448 1657
4_6 1289 1584 1309 1646
4_2 1203 314 1223 376
Single_barline 192 590 203 642
B_F 248 1437 273 1492
4_4 875 448 895 522
4_6 362 1584 382 1644
2_2 1381 314 1402 375
4_4 420 1584 439 1657
4_4 804 984 824 1057
4_4 893 857 913 930
4_6 408 1851 427 1912
4_4 1141 449 1161 522
B_F 248 1578 273 1633
4_8 1318 709 1339 771
4_6 621 321 640 381
8_8 1342 582 1367 644
4_2 531 441 551 503
4_5 1228 1584 1248 1652
8_1 995 1456 1015 1511
4_5 493 1851 512 1920
8_-1 1229 1455 1253 1524
4_3 1189 844 1209 910
8_4 591 834 612 911
4_2 597 582 616 644
Single_barline 1274 1318 1286 1368
4_4 325 320 345 394
4_7 698 1852 718 1906
4_1 752 716 772 772
4_6 321 857 340 917
4_4 471 857 491 929
4_1 387 449 407 504
4_6 912 1316 931 1377
B_F 248 1706 273 1760
8_4 845 321 864 390
4_3 653 435 672 503
4_4 937 715 956 789
4_7 1261 716 1282 771
4_7 351 856 371 911
4_7 652 321 672 376
4_4 1069 984 1088 1056
4_3 1172 435 1192 503
8_6 752 588 771 658
4_5 562 448 583 515
8_7 664 1315 686 1370
8_0 789 1456 820 1517
Gclef 205 570 239 664
4_2 766 1576 786 1638
4_9 593 1839 613 1906
4_2 1132 977 1151 1039
4_3 1101 971 1120 1037
Gclef 204 303 239 396
4_8 503 1577 523 1639
4_3 925 971 944 1038
8_2 654 842 673 910
4_7 471 984 491 1039
Gclef 205 1170 238 1263
4_3 1189 971 1209 1037
4_2 1131 849 1151 910
8_2 965 1456 989 1511
Gclef 205 1439 238 1532
8_2 744 856 767 910
8_3 622 838 643 911
8_3 901 321 925 397
Gclef 204 1705 238 1799
Fclef 202 1852 242 1906
Fclef 202 449 243 502
Fclef 202 1316 242 1370
Fclef 202 716 242 771
Fclef 202 984 242 1039
Fclef 202 1584 242 1638
