16_-2 494 1508 535 1667
32_9 1142 3832 1185 3992
16_8 943 2784 1012 2971
32_9 2450 3836 2498 3993
16_9 1994 3836 2035 4048
Rests16 2699 1492 2748 1748
32_7 1891 3839 1941 4059
Rests16 1621 1520 1674 1680
32_9 2184 3836 2225 4023
16_1 2771 926 2812 1123
32_2 1853 3861 1893 4058
32_7 496 3842 537 4058
16_8 1724 1316 1764 1479
Rests16 2755 1329 2799 1522
16_8 2821 909 2882 1092
16_8 2300 1543 2366 1713
16_11 1242 3806 1299 3981
16_5 2258 2122 2300 2293
Single_barline 2994 3443 3050 3609
16_8 2546 3185 2589 3365
16_-2 2595 1546 2641 1780
16_8 907 1539 963 1716
16_6 2111 1321 2160 1501
32_11 2551 3807 2610 3984
16_5 1626 886 1662 1033
32_6 1517 3862 1559 4005
16_5 2649 1548 2690 1765
16_13 2860 3372 2910 3580
32_6 2975 3859 3025 4004
16_6 2969 1950 3023 2126
16_1 1990 928 2032 1116
32_9 963 3833 1011 4007
16_7 2901 1954 2945 2132
16_-2 1042 2565 1099 2721
32_9 1386 3834 1430 3991
32_6 2233 3860 2273 4013
32_6 1637 3858 1686 4003
32_9 2703 3835 2745 3990
32_3 1768 3147 1807 3314
32_8 1601 3846 1642 4005
32_10 1334 3819 1384 3982
16_3 2592 3196 2641 3374
16_8 1223 1535 1269 1700
16_-2 1363 699 1412 852
32_8 1430 3850 1471 4000
16_1 836 1548 877 1750
16_1 2235 1548 2279 1749
32_8 2749 3848 2791 4000
32_6 924 3861 963 4014
32_9 2889 3833 2932 4002
16_5 1520 2517 1563 2692
16_14 557 1854 618 2066
16_0 2945 692 2982 833
32_2 1725 3149 1767 3319
32_4 734 3859 772 4042
32_8 2937 3849 2977 4004
32_2 544 3860 586 4061
16_0 1889 1551 1929 1754
16_13 2954 3382 3002 3578
32_4 1809 3143 1850 3316
16_0 1096 2558 1135 2705
16_7 2165 702 2204 888
16_1 1138 1551 1179 1746
32_6 2843 3858 2887 4005
16_0 2014 1935 2054 2085
16_0 2124 703 2165 899
16_-1 624 1269 677 1471
32_10 804 3155 866 3318
32_10 2649 3819 2699 3982
32_7 2790 3860 2837 4006
16_-2 2898 695 2952 862
16_7 2913 3457 2953 3579
32_7 1761 1323 1809 1473
16_7 572 1474 615 1658
32_7 1467 3859 1513 4005
32_5 449 3862 489 4058
16_12 1300 3390 1363 3586
16_7 2796 1322 2848 1514
32_7 1101 3860 1139 4002
16_1 2027 1323 2068 1519
32_4 2995 3199 3055 3370
16_5 1329 2751 1370 2915
16_5 1849 2176 1888 2351
16_1 889 2795 929 2996
16_10 2787 2759 2832 2915
dot 2935 2552 2958 2574
16_8 1316 910 1359 1076
32_7 2408 3860 2448 4003
16_3 1683 3150 1732 3315
32_7 2964 2573 3022 2716
16_5 1112 699 1161 850
16_7 1586 1548 1623 1692
16_1 1690 2795 1730 3000
16_4 1279 1324 1320 1475
16_10 2889 2761 2934 2914
16_6 706 700 758 824
16_11 713 3408 761 3578
16_4 1002 701 1042 851
16_12 1017 3397 1065 3588
16_-2 2191 2137 2248 2334
dot 2960 3203 2983 3226
16_-2 1268 2768 1326 2961
dot 2285 1357 2306 1379
16_5 1741 2798 1782 2973
16_-2 1573 884 1626 1080
16_0 1410 686 1448 833
16_2 1677 1322 1717 1498
16_-1 1464 2517 1517 2718
16_-2 439 1516 497 1707
16_4 2537 700 2577 851
16_12 2764 3395 2815 3578
16_0 1750 697 1802 834
dot 1934 1330 1957 1354
16_6 2609 700 2649 851
dot 762 3150 784 3173
16_7 2341 2096 2380 2291
16_8 2494 3450 2539 3611
dot 2390 3204 2412 3227
16_0 2842 1950 2886 2150
dot 1585 1331 1606 1353
16_6 646 2177 689 2298
16_7 2366 699 2405 853
Rests8 671 1582 706 1637
16_-2 1955 1944 2011 2109
16_4 1573 2518 1616 2694
16_7 2072 1322 2113 1509
16_7 2490 697 2533 851
Single_barline 2724 703 2749 815
Rests16 1043 2831 1084 2916
16_8 2074 909 2118 1081
Sharp 539 1530 572 1609
Rests8 2074 1581 2110 1637
16_5 2726 2176 2765 2350
16_7 957 697 999 852
16_6 1633 1947 1673 2099
16_5 2471 1263 2512 1439
Single_barline 1189 702 1215 814
16_7 2497 3198 2537 3348
16_6 1938 2572 1988 2701
Sharp 615 2169 646 2246
16_6 1075 700 1113 850
16_4 639 2575 681 2726
Rests8 2424 1582 2460 1637
16_9 518 3433 560 3581
Rests8 1408 956 1444 1012
16_10 2032 3423 2080 3579
16_11 713 3142 761 3317
16_6 2235 700 2289 874
Single_barline 842 2577 867 2689
16_6 913 699 955 851
Single_barline 1386 3202 1414 3312
Natural 1049 691 1073 770
Rests8 1517 2829 1554 2886
16_3 1450 668 1493 818
16_8 2736 2787 2779 2918
16_6 949 3461 993 3586
16_3 2987 666 3026 817
Flat 488 3396 515 3479
Flat 1069 3396 1099 3476
Single_barline 1642 2578 1669 2688
Single_barline 408 930 432 1040
Rests16 1363 957 1404 1041
16_7 2716 3461 2759 3579
Single_barline 1520 702 1545 813
16_8 1893 2163 1942 2329
Natural 686 2567 711 2644
16_7 831 697 873 851
16_6 1366 1324 1414 1449
Flat 1420 3203 1449 3282
Rests8 2943 956 2978 1013
16_11 582 3407 631 3579
16_5 2647 699 2694 851
16_0 2404 1944 2459 2081
16_10 948 3157 997 3318
16_6 2685 2800 2726 2921
Single_barline 1216 2577 1241 2688
16_7 2815 3455 2857 3579
16_7 1412 2720 1451 2917
16_6 2426 1262 2466 1439
Rests8 2483 2205 2521 2261
16_8 2934 2784 2983 2917
16_6 1924 3461 1967 3583
Sharp 1670 902 1702 982
16_5 2176 2798 2218 2975
Single_barline 863 1954 891 2063
Rests8 1094 2830 1131 2887
Sharp 2452 1996 2483 2075
Single_barline 2574 2576 2602 2687
Rests16 1234 1356 1274 1440
Single_barline 271 2803 293 2916
Single_barline 271 1554 293 1663
Single_barline 2541 1327 2566 1438
16_7 441 2571 481 2728
Single_barline 787 703 815 815
Single_barline 408 700 434 812
Single_barline 789 1328 815 1436
Single_barline 2622 1952 2646 2063
16_1 2668 2173 2708 2368
Sharp 1795 744 1826 826
Single_barline 1746 2176 1774 2288
16_7 580 2572 623 2726
Single_barline 3052 2177 3079 2290
16_8 2891 2560 2930 2697
16_0 2374 1263 2430 1457
16_6 2913 3199 2954 3347
Single_barline 841 2802 869 2913
Sharp 955 2168 987 2248
Sharp 758 1942 790 2021
Single_barline 270 2576 294 2690
Rests8 2010 2205 2049 2261
Single_barline 2191 1326 2217 1440
16_6 1460 1947 1500 2100
Single_barline 2723 928 2750 1040
16_5 671 1270 711 1442
Single_barline 3055 701 3078 816
Single_barline 2540 1553 2566 1663
16_6 791 1951 833 2079
Single_barline 1945 701 1969 814
Rests8 1725 1581 1761 1636
Rests1 2507 948 2559 979
16_7 1707 849 1744 1042
Single_barline 2619 2177 2647 2287
16_10 1565 3422 1613 3579
Sharp 1374 2775 1407 2856
16_0 2954 1550 3019 1683
Rests8 1827 955 1868 1012
Rests16 2124 957 2164 1042
Sharp 1097 1939 1129 2019
Rests16 573 2207 611 2290
16_10 1681 3422 1729 3578
16_6 2449 700 2487 852
Natural 2582 691 2607 771
Flat 2290 2735 2319 2812
Single_barline 2189 1552 2217 1663
Rests8 1897 2829 1932 2886
16_7 1375 1945 1415 2101
Rests16 2857 733 2898 816
16_1 1794 2172 1836 2368
Sharp 682 690 716 772
16_4 720 1269 762 1439
Single_barline 2136 1952 2162 2066
Single_barline 1699 3863 1727 3975
16_6 524 2573 564 2726
Single_barline 1841 1327 1868 1438
16_7 634 697 675 820
Single_barline 270 3863 295 3976
16_9 1019 3170 1062 3323
Sharp 488 2565 522 2647
16_3 1145 2540 1188 2691
16_7 1507 1947 1551 2101
16_8 2090 3449 2131 3578
Natural 1606 1940 1631 2021
Rests16 793 2205 836 2290
Single_barline 1188 928 1216 1039
Single_barline 2295 3202 2322 3313
Single_barline 3053 2574 3079 2690
Rests1 975 948 1027 978
Single_barline 3053 1555 3080 1662
Single_barline 1748 1953 1774 2066
Single_barline 272 2177 294 2290
16_4 2551 1915 2594 2066
Single_barline 271 3464 295 3575
16_4 1875 665 1919 816
16_2 2485 1931 2528 2065
Gclef 438 661 515 861
Single_barline 271 4090 294 4202
16_1 2111 2796 2152 3000
Rests8 1327 1582 1363 1637
16_8 1624 3448 1667 3579
Rests8 2901 2205 2939 2261
16_8 1979 3448 2021 3581
16_2 1831 681 1871 815
Single_barline 3053 3201 3082 3314
Single_barline 1215 2802 1242 2912
Single_barline 271 1327 294 1440
16_5 760 2573 812 2724
Single_barline 1330 1952 1356 2065
16_9 650 3434 691 3578
Sharp 2947 1941 2980 2020
16_7 504 1948 546 2067
16_5 1327 1324 1367 1460
16_6 988 2176 1029 2298
Single_barline 3054 1951 3079 2066
Flat 675 3104 703 3186
Rests16 1281 1584 1320 1667
16_4 1559 1949 1600 2098
Sharp 880 688 913 773
Sharp 2306 2152 2339 2233
Single_barline 1840 1552 1867 1663
16_8 2213 3448 2267 3578
Rests16 2844 2207 2887 2291
Single_barline 2136 2178 2163 2288
Single_barline 863 2178 890 2286
16_8 1782 2786 1833 2959
Rests16 2899 957 2937 1042
16_10 2141 3422 2189 3578
Sharp 2191 3191 2224 3270
16_8 2772 2162 2825 2330
Single_barline 788 1553 815 1663
16_6 2214 3199 2267 3320
Rests16 974 1583 1015 1666
Single_barline 3053 3465 3079 3576
Single_barline 1517 929 1545 1039
Rests8 2169 955 2204 1012
16_6 1450 3460 1492 3586
Single_barline 1943 929 1969 1038
8_5 1991 699 2034 844
16_3 1538 1549 1577 1719
4_5 2718 3200 2759 3336
Rests8 1195 2205 1231 2262
Rests1 586 2820 642 2853
Single_barline 2669 3201 2701 3313
Sharp 2414 690 2448 772
Single_barline 893 3202 922 3313
Single_barline 2319 703 2346 814
16_6 1130 1948 1172 2075
16_4 1845 2572 1885 2725
8_4 2597 1323 2641 1486
16_6 1249 1948 1301 2072
16_8 1508 3448 1551 3582
Single_barline 3052 2803 3080 2915
Single_barline 2350 3864 2377 3975
Rests16 2378 1584 2418 1666
Rests16 1464 2831 1507 2916
Rests16 2029 1584 2069 1667
Single_barline 2670 3463 2700 3575
Rests16 1749 958 1789 1041
Gclef 302 2533 378 2738
16_3 2066 1914 2108 2066
Rests16 639 4117 685 4203
Sharp 1423 1941 1458 2023
16_9 769 3434 822 3580
16_6 713 2573 754 2725
Single_barline 2294 3464 2324 3576
Sharp 2215 690 2247 771
Rests16 992 2606 1035 2690
Rests16 623 1583 663 1666
16_5 1895 2573 1935 2709
16_8 2839 2788 2882 2916
Rests16 2810 1582 2852 1664
16_6 2143 3198 2183 3322
Single_barline 271 3201 293 3314
Rests16 1323 731 1364 815
Single_barline 1700 4088 1726 4199
8_4 1270 2574 1314 2730
Rests16 912 2206 951 2290
Single_barline 786 929 814 1040
16_7 1168 3197 1212 3338
Rests16 2244 2606 2291 2691
Single_barline 892 3463 923 3576
Single_barline 2319 929 2344 1040
Rests16 2703 1358 2745 1439
Rests16 1679 1584 1718 1666
Single_barline 3053 1326 3080 1437
Single_barline 1641 2802 1669 2913
Single_barline 1879 3201 1907 3313
Rests16 2785 1981 2828 2063
8_4 2192 1948 2236 2109
16_5 1303 3200 1358 3350
Gclef 302 3820 379 4027
16_6 440 3460 485 3587
Single_barline 3053 930 3080 1041
16_5 2341 3461 2385 3613
Rests16 573 1357 615 1439
Single_barline 1329 2178 1355 2289
8_4 1574 700 1619 859
Rests1 1487 2196 1541 2228
16_7 701 2175 754 2294
16_6 2588 3460 2641 3611
8_3 2772 679 2837 816
16_8 1100 3184 1141 3332
4_3 837 1305 880 1441
Rests8 635 957 673 1012
Rests16 1794 2606 1835 2689
Single_barline 270 1951 294 2064
8_-2 1753 4087 1828 4244
8_3 1795 1927 1864 2068
Rests16 716 1982 754 2063
16_5 1677 1947 1726 2100
Rests16 506 2206 550 2290
Rests16 1904 1982 1947 2066
Single_barline 1042 3863 1070 3975
Rests16 1948 4118 1992 4203
Single_barline 2574 2801 2602 2913
Single_barline 3051 3862 3080 3976
Rests16 2080 732 2122 815
Fclef 295 1550 382 1669
16_8 1754 3449 1807 3579
Rests16 1055 1983 1095 2064
Single_barline 1878 3464 1907 3575
Gclef 2871 1535 2930 1699
8_4 442 1322 485 1484
Rests16 2758 1583 2799 1665
Rests16 1958 2207 2000 2292
Single_barline 1385 3463 1414 3575
16_7 1193 1946 1235 2074
Rests16 2339 1982 2383 2064
Rests16 2953 1356 2995 1439
Fclef 432 925 515 1042
Rests16 1704 732 1744 815
8_6 1887 1323 1930 1454
8_3 1237 679 1302 816
4_5 1926 3199 1967 3337
8_5 2667 1948 2709 2094
Rests16 2405 2206 2447 2292
16_7 438 2175 482 2292
16_8 2228 2789 2284 2958
Single_barline 3049 4090 3081 4202
Rests16 1845 2831 1887 2917
Single_barline 1041 4090 1070 4201
Rests16 1131 2207 1174 2292
8_4 1453 3162 1511 3315
Rests16 1409 2606 1451 2688
8_6 570 3198 626 3321
16_6 1245 3198 1286 3344
8_7 1537 1325 1580 1441
Rests16 651 1981 692 2064
Gclef 301 2136 379 2339
Fclef 295 2798 381 2915
Rests16 440 1982 483 2064
16_7 1039 2174 1094 2294
Fclef 1672 2174 1740 2292
8_3 890 2550 958 2691
Single_barline 2348 4091 2377 4201
Gclef 299 4045 380 4252
8_7 2342 3198 2385 3315
8_3 1689 2552 1757 2691
8_7 910 1949 954 2065
Fclef 295 3461 381 3581
8_3 1565 3169 1610 3316
8_5 2236 1323 2278 1470
Gclef 1632 4072 1695 4236
Gclef 302 1909 380 2114
8_3 2113 2551 2180 2691
8_7 442 3198 485 3317
Gclef 302 1284 378 1487
Fclef 2549 4086 2618 4206
Gclef 302 3157 379 3360
8_3 1138 1306 1205 1442
Fclef 1234 4086 1302 4206
