12 0.09678819444444443 0.11656441717791412 0.016493055555555556 0.04171779141104295
12 0.8563368055555555 0.11656441717791412 0.019965277777777776 0.04171779141104295
12 0.20182291666666666 0.36625766871165644 0.018229166666666664 0.04171779141104295
12 0.85546875 0.36595092024539877 0.019965277777777776 0.04110429447852761
12 0.8541666666666666 0.4677914110429448 0.020833333333333332 0.04233128834355829
12 0.20182291666666666 0.4677914110429448 0.018229166666666664 0.04233128834355829
12 0.203125 0.5932515337423313 0.01909722222222222 0.04171779141104295
12 0.8546006944444444 0.5932515337423313 0.016493055555555556 0.04171779141104295
12 0.8546006944444444 0.6950920245398774 0.019965277777777776 0.04171779141104295
12 0.20225694444444442 0.6950920245398774 0.017361111111111112 0.04171779141104295
14 0.10416666666666666 0.46288343558282213 0.010416666666666666 0.007975460122699387
216 0.06770833333333333 0.13067484662576687 0.029513888888888888 0.07239263803680981
164 0.13975694444444445 0.11012269938650307 0.027777777777777776 0.05582822085889571
163 0.18272569444444445 0.11104294478527608 0.021701388888888888 0.05766871165644172
164 0.22699652777777776 0.11073619631901842 0.021701388888888888 0.054601226993865035
163 0.2690972222222222 0.11073619631901842 0.026041666666666664 0.05582822085889571
164 0.3198784722222222 0.11012269938650307 0.030381944444444444 0.054601226993865035
163 0.36371527777777773 0.11073619631901842 0.026041666666666664 0.05582822085889571
164 0.40842013888888884 0.11042944785276074 0.0234375 0.05644171779141104
163 0.44921875 0.11104294478527608 0.02690972222222222 0.05521472392638037
163 0.5030381944444444 0.11104294478527608 0.028645833333333332 0.05521472392638037
162 0.5451388888888888 0.11073619631901842 0.022569444444444444 0.054601226993865035
163 0.58984375 0.11104294478527608 0.0234375 0.05521472392638037
162 0.6349826388888888 0.11257668711656442 0.021701388888888888 0.05582822085889571
163 0.6831597222222222 0.11165644171779142 0.029513888888888888 0.05521472392638037
162 0.7269965277777778 0.11196319018404909 0.021701388888888888 0.05582822085889571
163 0.7721354166666666 0.11104294478527608 0.021701388888888888 0.053987730061349694
162 0.8168402777777777 0.11134969325153375 0.020833333333333332 0.05337423312883436
134 0.23350694444444442 0.36073619631901843 0.027777777777777776 0.05521472392638037
133 0.3103298611111111 0.3610429447852761 0.0234375 0.05092024539877301
133 0.3880208333333333 0.3628834355828221 0.024305555555555552 0.049693251533742336
132 0.4678819444444444 0.36349693251533743 0.022569444444444444 0.04846625766871166
132 0.5512152777777778 0.36533742331288344 0.026041666666666664 0.04355828220858896
130 0.7842881944444444 0.3680981595092025 0.0234375 0.05030674846625767
152 0.8216145833333333 0.6156441717791411 0.02517361111111111 0.08895705521472393
156 0.7864583333333333 0.6052147239263804 0.024305555555555552 0.06932515337423313
154 0.7421875 0.6107361963190184 0.027777777777777776 0.08036809815950921
158 0.7065972222222222 0.6015337423312884 0.027777777777777776 0.06073619631901841
156 0.661892361111111 0.6067484662576688 0.02690972222222222 0.06993865030674846
158 0.5833333333333333 0.6009202453987731 0.026041666666666664 0.05950920245398773
160 0.5047743055555556 0.5904907975460123 0.021701388888888888 0.06196319018404908
158 0.822048611111111 0.7030674846625767 0.022569444444444444 0.060122699386503074
157 0.7417534722222222 0.7058282208588957 0.0234375 0.06564417177914111
15 0.2868923611111111 0.37208588957055216 0.018229166666666664 0.03128834355828221
15 0.4444444444444444 0.3760736196319019 0.01909722222222222 0.0294478527607362
15 0.6028645833333333 0.38098159509202456 0.019965277777777776 0.033128834355828224
16 0.3680555555555555 0.3708588957055215 0.013888888888888888 0.030061349693251537
17 0.5269097222222222 0.3754601226993865 0.017361111111111112 0.0343558282208589
17 0.6861979166666666 0.3815950920245399 0.014756944444444444 0.0343558282208589
131 0.6276041666666666 0.36533742331288344 0.022569444444444444 0.04355828220858896
131 0.7065972222222222 0.3656441717791411 0.024305555555555552 0.04294478527607362
163 0.05425347222222222 0.46134969325153374 0.033854166666666664 0.053987730061349694
134 0.08723958333333333 0.46134969325153374 0.021701388888888888 0.05766871165644172
112 0.04644097222222222 0.5788343558282208 0.0234375 0.07300613496932516
170 0.23046875 0.585276073619632 0.02690972222222222 0.0638036809815951
166 0.2677951388888889 0.596319018404908 0.019965277777777776 0.049079754601226995
168 0.30859375 0.5957055214723926 0.0234375 0.0588957055214724
164 0.3454861111111111 0.5987730061349693 0.022569444444444444 0.05521472392638037
166 0.3914930555555555 0.58159509202454 0.03125 0.0687116564417178
162 0.42621527777777773 0.583435582822086 0.024305555555555552 0.06503067484662577
164 0.46744791666666663 0.5855828220858896 0.0234375 0.05950920245398773
162 0.5499131944444444 0.5938650306748466 0.02690972222222222 0.044171779141104296
160 0.625 0.596319018404908 0.024305555555555552 0.049079754601226995
158 0.6631944444444444 0.7027607361963191 0.027777777777777776 0.05828220858895706
161 0.6254340277777778 0.6953987730061351 0.021701388888888888 0.04478527607361964
159 0.583767361111111 0.7003067484662577 0.0234375 0.05582822085889571
161 0.55078125 0.6950920245398774 0.03211805555555555 0.04539877300613497
161 0.5043402777777778 0.6953987730061351 0.024305555555555552 0.047239263803680986
162 0.4678819444444444 0.694478527607362 0.020833333333333332 0.04539877300613497
161 0.42621527777777773 0.6938650306748466 0.022569444444444444 0.04539877300613497
162 0.3919270833333333 0.693558282208589 0.030381944444444444 0.04601226993865031
161 0.34765625 0.694478527607362 0.02517361111111111 0.046625766871165646
162 0.3107638888888889 0.6938650306748466 0.020833333333333332 0.04539877300613497
161 0.26953125 0.6947852760736196 0.021701388888888888 0.04601226993865031
162 0.2361111111111111 0.6941717791411043 0.03125 0.04601226993865031
162 0.16796875 0.6892638036809816 0.0234375 0.05337423312883436
163 0.1271701388888889 0.6901840490797546 0.0234375 0.053987730061349694
162 0.08810763888888888 0.6895705521472393 0.021701388888888888 0.05521472392638037
163 0.04904513888888889 0.688957055214724 0.030381944444444444 0.053987730061349694
161 0.7092013888888888 0.6966257668711657 0.027777777777777776 0.04478527607361964
161 0.78515625 0.6950920245398774 0.0234375 0.044171779141104296
215 0.04210069444444444 0.13128834355828223 0.019965277777777776 0.0687116564417178
