14 0.5895865237366004 0.579004329004329 0.018376722817764167 0.017316017316017316
14 0.5888208269525268 0.7678571428571429 0.016845329249617153 0.01406926406926407
12 0.1209800918836141 0.07738095238095238 0.030627871362940276 0.07251082251082251
12 0.9632465543644717 0.0762987012987013 0.030627871362940276 0.07251082251082251
12 0.9601837672281777 0.26461038961038963 0.030627871362940276 0.07251082251082251
12 0.9617151607963247 0.454004329004329 0.030627871362940276 0.07251082251082251
12 0.12021439509954059 0.2662337662337662 0.01990811638591118 0.0735930735930736
12 0.12021439509954059 0.45454545454545453 0.01990811638591118 0.0735930735930736
12 0.12174578866768761 0.6428571428571429 0.01990811638591118 0.0735930735930736
12 0.11715160796324656 0.8300865800865801 0.01990811638591118 0.0735930735930736
12 0.9624808575803983 0.6417748917748918 0.01990811638591118 0.0735930735930736
12 0.9594180704441042 0.8300865800865801 0.01990811638591118 0.0735930735930736
18 0.5382848392036753 0.06385281385281386 0.056661562021439515 0.021645021645021644
18 0.5390505359877489 0.25216450216450215 0.045941807044410414 0.021645021645021644
18 0.5390505359877489 0.44101731601731603 0.05206738131699847 0.016233766233766232
83 0.20597243491577336 0.6217532467532467 0.05053598774885146 0.12012987012987013
110 0.5581929555895866 0.6255411255411255 0.03522205206738132 0.11255411255411256
140 0.8552833078101072 0.6304112554112554 0.03828483920367535 0.10497835497835498
140 0.8545176110260337 0.8187229437229437 0.036753445635528334 0.10714285714285714
109 0.5597243491577336 0.8181818181818182 0.03215926493108729 0.10173160173160173
81 0.20290964777947934 0.8187229437229437 0.0444104134762634 0.10497835497835498
