14 0.714395099540582 0.31764069264069267 0.022970903522205207 0.022727272727272728
14 0.712863705972435 0.5221861471861472 0.022970903522205207 0.022727272727272728
14 0.030627871362940276 0.3024891774891775 0.02756508422664625 0.0183982683982684
12 0.611791730474732 0.18344155844155843 0.03522205206738132 0.07251082251082251
12 0.6110260336906586 0.3430735930735931 0.033690658499234305 0.07142857142857142
12 0.610260336906585 0.5313852813852814 0.03522205206738132 0.0735930735930736
12 0.610260336906585 0.6904761904761905 0.03215926493108729 0.0735930735930736
12 0.5872894333843798 0.9047619047619048 0.03215926493108729 0.0735930735930736
108 0.2848392036753446 0.17803030303030304 0.033690658499234305 0.09415584415584416
139 0.6852986217457887 0.17694805194805194 0.03828483920367535 0.09415584415584416
138 0.8269525267993875 0.18235930735930736 0.036753445635528334 0.08982683982683982
139 0.9831546707503829 0.17532467532467533 0.033690658499234305 0.10173160173160173
139 0.42572741194486985 0.3392857142857143 0.030627871362940276 0.09848484848484848
105 0.6883614088820827 0.3484848484848485 0.0444104134762634 0.08874458874458875
104 0.6830015313935682 0.5405844155844156 0.033690658499234305 0.09848484848484848
78 0.6921898928024502 0.689935064935065 0.04900459418070444 0.07467532467532467
107 0.6830015313935682 0.8998917748917749 0.036753445635528334 0.08766233766233766
140 0.30245022970903523 0.8944805194805194 0.03522205206738132 0.10714285714285714
135 0.2848392036753446 0.7007575757575758 0.045941807044410414 0.10281385281385282
33 0.5620214395099541 0.3587662337662338 0.06431852986217458 0.10497835497835498
15 0.39280245022970905 0.2987012987012987 0.03828483920367535 0.047619047619047616
15 0.1416539050535988 0.6996753246753247 0.03828483920367535 0.10064935064935066
15 0.4218989280245023 0.7002164502164502 0.05053598774885146 0.09956709956709957
139 0.4418070444104135 0.895021645021645 0.04747320061255743 0.09307359307359307
15 0.9517611026033691 0.13906926406926406 0.03828483920367535 0.048701298701298704
141 0.1554364471669219 0.8890692640692641 0.04134762633996937 0.11147186147186147
110 0.9793261868300154 0.887987012987013 0.04134762633996937 0.11363636363636363
