12 0.10583446404341926 0.13291746641074856 0.027137042062415195 0.06621880998080613
12 0.11058344640434192 0.31573896353166986 0.028493894165535955 0.06525911708253358
12 0.1078697421981004 0.4990403071017274 0.025780189959294434 0.06333973128598848
12 0.1112618724559023 0.6645873320537428 0.035278154681139755 0.06621880998080613
12 0.10922659430122116 0.8238963531669865 0.028493894165535955 0.06429942418426103
12 0.9341926729986431 0.13291746641074856 0.028493894165535955 0.06621880998080613
12 0.9348710990502035 0.31621880998080615 0.021709633649932156 0.06813819577735125
12 0.9362279511533242 0.49856046065259113 0.024423337856173677 0.06621880998080613
12 0.9362279511533242 0.6641074856046065 0.027137042062415195 0.06525911708253358
12 0.9348710990502035 0.8253358925143953 0.021709633649932156 0.06525911708253358
13 0.5379918588873812 0.131957773512476 0.03934871099050203 0.06429942418426103
13 0.539348710990502 0.31525911708253357 0.033921302578018994 0.06429942418426103
13 0.5386702849389416 0.4990403071017274 0.032564450474898234 0.06525911708253358
13 0.5386702849389416 0.6650671785028791 0.032564450474898234 0.06525911708253358
13 0.5379918588873812 0.8243761996161229 0.033921302578018994 0.06333973128598848
14 0.7774762550881953 0.7039347408829174 0.016282225237449117 0.012476007677543186
14 0.776797829036635 0.8666026871401151 0.023066485753052916 0.015355086372360844
132 0.03324287652645861 0.12907869481765835 0.04206241519674355 0.07389635316698656
131 0.07259158751696064 0.13339731285988482 0.028493894165535955 0.0710172744721689
72 0.15603799185888736 0.13243761996161227 0.04070556309362279 0.0690978886756238
69 0.36160108548168246 0.14443378119001918 0.03934871099050203 0.0911708253358925
127 0.4443690637720488 0.14779270633397312 0.04477611940298507 0.09788867562380038
126 0.49728629579375844 0.15019193857965452 0.03934871099050203 0.10652591170825336
67 0.5793758480325644 0.15211132437619962 0.04070556309362279 0.10652591170825336
102 0.7455902306648575 0.1261996161228407 0.033921302578018994 0.08157389635316699
102 0.8113975576662144 0.12428023032629558 0.035278154681139755 0.08157389635316699
125 0.4450474898236092 0.3387715930902111 0.048846675712347354 0.11324376199616122
126 0.07055630936227951 0.33397312859884837 0.04070556309362279 0.10556621880998081
73 0.15603799185888736 0.4952015355086372 0.032564450474898234 0.07293666026871401
71 0.5793758480325644 0.5014395393474088 0.04070556309362279 0.07389635316698656
99 0.7842605156037992 0.5023992322456814 0.03799185888738127 0.07581573896353166
98 0.5800542740841248 0.6727447216890595 0.033921302578018994 0.08445297504798464
70 0.7496607869742198 0.673704414587332 0.03934871099050203 0.08445297504798464
20 0.26797829036635007 0.13147792706333972 0.031207598371777473 0.04990403071017274
20 0.6845318860244233 0.1300383877159309 0.031207598371777473 0.04702495201535509
20 0.26797829036635007 0.3128598848368522 0.025780189959294434 0.04990403071017274
20 0.6852103120759837 0.31238003838771594 0.027137042062415195 0.04894433781190019
21 0.7394843962008141 0.31765834932821496 0.027137042062415195 0.03838771593090211
20 0.2693351424694708 0.4961612284069098 0.031207598371777473 0.04990403071017274
20 0.6852103120759837 0.496641074856046 0.029850746268656712 0.04894433781190019
21 0.7408412483039348 0.501919385796545 0.032564450474898234 0.04222648752399232
20 0.023744911804613297 0.6607485604606526 0.031207598371777473 0.04702495201535509
20 0.023744911804613297 0.8229366602687139 0.031207598371777473 0.04894433781190019
20 0.43283582089552236 0.6626679462571977 0.035278154681139755 0.04894433781190019
20 0.4348710990502035 0.8234165067178503 0.031207598371777473 0.04798464491362764
98 0.5793758480325644 0.8320537428023033 0.035278154681139755 0.08253358925143954
98 0.6343283582089552 0.8320537428023033 0.036635006784260515 0.08253358925143954
70 0.748303934871099 0.8320537428023033 0.03934871099050203 0.08253358925143954
79 0.155359565807327 0.6612284069097888 0.03934871099050203 0.07869481765834932
102 0.8649932157394843 0.1238003838771593 0.033921302578018994 0.08253358925143954
102 0.971506105834464 0.1257197696737044 0.035278154681139755 0.08061420345489444
67 0.1546811397557666 0.33445297504798466 0.04070556309362279 0.10844529750479846
67 0.3602442333785617 0.3349328214971209 0.04206241519674355 0.10556621880998081
67 0.5814111261872456 0.33445297504798466 0.04206241519674355 0.10844529750479846
126 0.49660786974219806 0.33589251439539347 0.03799185888738127 0.10940499040307101
100 0.7829036635006784 0.3147792706333973 0.032564450474898234 0.0710172744721689
100 0.8385345997286295 0.31621880998080615 0.03799185888738127 0.06813819577735125
131 0.9009497964721844 0.31525911708253357 0.05156037991858887 0.06621880998080613
100 0.9687924016282224 0.31573896353166986 0.03799185888738127 0.0690978886756238
133 0.032564450474898234 0.4952015355086372 0.04070556309362279 0.07293666026871401
132 0.07259158751696064 0.4956813819577735 0.036635006784260515 0.07389635316698656
73 0.3629579375848032 0.4952015355086372 0.036635006784260515 0.07677543186180422
131 0.4450474898236092 0.49856046065259113 0.04341926729986431 0.06813819577735125
130 0.49660786974219806 0.5014395393474088 0.035278154681139755 0.07389635316698656
99 0.8392130257801899 0.501919385796545 0.036635006784260515 0.07677543186180422
130 0.9016282225237449 0.5028790786948176 0.04748982360922659 0.07293666026871401
99 0.9687924016282224 0.5028790786948176 0.032564450474898234 0.07293666026871401
139 0.27204884667571233 0.6564299424184261 0.033921302578018994 0.08061420345489444
140 0.3127544097693351 0.6521113243761996 0.036635006784260515 0.09309021113243762
81 0.36160108548168246 0.6530710172744721 0.036635006784260515 0.09309021113243762
98 0.6370420624151967 0.6722648752399232 0.033921302578018994 0.08349328214971209
98 0.6933514246947082 0.6713051823416506 0.035278154681139755 0.08157389635316699
99 0.9694708276797829 0.6679462571976967 0.033921302578018994 0.07485604606525911
79 0.1546811397557666 0.8219769673704415 0.035278154681139755 0.07581573896353166
139 0.2700135685210312 0.8166986564299424 0.035278154681139755 0.08253358925143954
81 0.36431478968792397 0.8133397312859885 0.04477611940298507 0.09309021113243762
127 0.032564450474898234 0.331573896353167 0.04341926729986431 0.10076775431861804
140 0.3127544097693351 0.8138195777351247 0.04206241519674355 0.09213051823416507
98 0.6919945725915875 0.8315738963531669 0.035278154681139755 0.08349328214971209
99 0.9687924016282224 0.8282149712092131 0.03799185888738127 0.07485604606525911
