12 0.18300153139356815 0.2408008658008658 0.03215926493108729 0.07251082251082251
12 0.18070444104134764 0.4231601731601732 0.02756508422664625 0.0735930735930736
12 0.8537519142419602 0.24134199134199133 0.026033690658499236 0.0735930735930736
12 0.8522205206738132 0.42207792207792205 0.02909647779479326 0.0735930735930736
12 0.8529862174578867 0.604978354978355 0.030627871362940276 0.07575757575757576
12 0.18223583460949463 0.6033549783549783 0.033690658499234305 0.07251082251082251
12 0.18223583460949463 0.7873376623376623 0.030627871362940276 0.07467532467532467
12 0.8506891271056662 0.7857142857142857 0.03522205206738132 0.0735930735930736
106 0.23813169984686064 0.4226190476190476 0.0444104134762634 0.07467532467532467
103 0.3958652373660031 0.43344155844155846 0.04134762633996937 0.09848484848484848
106 0.5581929555895866 0.4237012987012987 0.04134762633996937 0.07900432900432901
105 0.7197549770290965 0.4258658008658009 0.03981623277182236 0.0854978354978355
108 0.7166921898928025 0.23214285714285715 0.036753445635528334 0.09199134199134198
107 0.5612557427258805 0.23809523809523808 0.04747320061255743 0.08658008658008658
108 0.3966309341500766 0.2326839826839827 0.036753445635528334 0.09307359307359307
106 0.23813169984686064 0.2418831168831169 0.04134762633996937 0.07467532467532467
106 0.04211332312404288 0.24296536796536797 0.03828483920367535 0.07467532467532467
108 0.03981623277182236 0.4134199134199134 0.036753445635528334 0.09307359307359307
109 0.04058192955589587 0.5936147186147186 0.04134762633996937 0.10281385281385282
18 0.5191424196018377 0.5914502164502164 0.045941807044410414 0.0183982683982684
54 0.2427258805513017 0.7786796536796536 0.05053598774885146 0.09848484848484848
