12 0.22970903522205208 0.15692640692640691 0.030627871362940276 0.0735930735930736
12 0.8522205206738132 0.15692640692640691 0.022970903522205207 0.0735930735930736
12 0.8537519142419602 0.3327922077922078 0.03215926493108729 0.07251082251082251
12 0.22741194486983154 0.33225108225108224 0.026033690658499236 0.07142857142857142
12 0.222052067381317 0.7196969696969697 0.02756508422664625 0.07142857142857142
12 0.8529862174578867 0.7202380952380952 0.030627871362940276 0.07251082251082251
12 0.8529862174578867 0.908008658008658 0.02756508422664625 0.0735930735930736
12 0.22052067381317 0.9085497835497836 0.030627871362940276 0.07467532467532467
107 0.2741194486983155 0.15313852813852813 0.033690658499234305 0.08116883116883117
103 0.4226646248085758 0.16883116883116883 0.036753445635528334 0.09956709956709957
103 0.5627871362940275 0.16937229437229437 0.03215926493108729 0.10281385281385282
71 0.28101071975497705 0.33766233766233766 0.0444104134762634 0.08658008658008658
110 0.2679938744257274 0.7050865800865801 0.03981623277182236 0.11147186147186147
107 0.4173047473200613 0.7175324675324676 0.03828483920367535 0.08658008658008658
83 0.5704441041347627 0.6991341991341992 0.04747320061255743 0.11904761904761904
81 0.4241960183767228 0.8961038961038961 0.05206738131699847 0.1038961038961039
141 0.1531393568147014 0.7050865800865801 0.033690658499234305 0.11147186147186147
96 0.09647779479326188 0.35064935064935066 0.033690658499234305 0.11038961038961038
17 0.06355283307810107 0.12175324675324675 0.026033690658499236 0.050865800865800864
136 0.7075038284839203 0.16017316017316016 0.030627871362940276 0.08225108225108226
135 0.7886676875957122 0.15963203463203463 0.03981623277182236 0.08333333333333333
99 0.7105666156202144 0.3371212121212121 0.033690658499234305 0.08766233766233766
133 0.16539050535987748 0.8993506493506493 0.04900459418070444 0.09523809523809523
102 0.26875957120980093 0.8998917748917749 0.03522205206738132 0.09632034632034632
108 0.714395099540582 0.9015151515151515 0.03215926493108729 0.09307359307359307
107 0.09647779479326188 0.15422077922077923 0.030627871362940276 0.0854978354978355
20 0.5627871362940275 0.3235930735930736 0.03522205206738132 0.05194805194805195
