12 0.8550347222222222 0.17208588957055215 0.01909722222222222 0.04233128834355829
12 0.8546006944444444 0.2800613496932515 0.019965277777777776 0.04233128834355829
12 0.2825520833333333 0.5288343558282209 0.021701388888888888 0.04049079754601227
12 0.8546006944444444 0.5288343558282209 0.019965277777777776 0.04294478527607362
12 0.8541666666666666 0.6303680981595092 0.020833333333333332 0.04355828220858896
12 0.2834201388888889 0.6309815950920246 0.019965277777777776 0.04233128834355829
12 0.2825520833333333 0.7561349693251534 0.018229166666666664 0.04233128834355829
12 0.8550347222222222 0.7561349693251534 0.022569444444444444 0.04233128834355829
12 0.8563368055555555 0.8659509202453988 0.019965277777777776 0.04110429447852761
12 0.2834201388888889 0.8659509202453988 0.021701388888888888 0.04110429447852761
14 0.33637152777777773 0.6358895705521472 0.013020833333333332 0.009202453987730062
14 0.33637152777777773 0.646319018404908 0.011284722222222222 0.009202453987730062
14 0.4366319444444444 0.6457055214723927 0.012152777777777776 0.007975460122699387
14 0.5390625 0.6355828220858896 0.012152777777777776 0.0098159509202454
14 0.6401909722222222 0.6450920245398774 0.00954861111111111 0.007975460122699387
131 0.41840277777777773 0.6306748466257669 0.024305555555555552 0.04294478527607362
132 0.5208333333333333 0.6306748466257669 0.020833333333333332 0.044171779141104296
131 0.6241319444444444 0.6334355828220859 0.020833333333333332 0.04846625766871166
140 0.45355902777777773 0.7570552147239265 0.0234375 0.07484662576687116
136 0.6566840277777778 0.7634969325153375 0.021701388888888888 0.05950920245398773
133 0.7886284722222222 0.7650306748466258 0.03211805555555555 0.06134969325153375
163 0.7309027777777778 0.6242331288343559 0.03298611111111111 0.05582822085889571
164 0.3220486111111111 0.8601226993865031 0.029513888888888888 0.05521472392638037
163 0.3515625 0.8607361963190184 0.020833333333333332 0.05644171779141104
164 0.3858506944444444 0.8604294478527608 0.019965277777777776 0.057055214723926384
163 0.41796875 0.8598159509202454 0.021701388888888888 0.05582822085889571
22 0.31640625 0.5349693251533743 0.021701388888888888 0.0294478527607362
15 0.10460069444444443 0.11595092024539878 0.018229166666666664 0.03558282208588957
15 0.18793402777777776 0.14662576687116566 0.016493055555555556 0.030674846625766874
15 0.2708333333333333 0.1414110429447853 0.017361111111111112 0.030061349693251537
15 0.3858506944444444 0.13128834355828223 0.016493055555555556 0.030674846625766874
15 0.46875 0.12638036809815953 0.017361111111111112 0.030674846625766874
15 0.5824652777777778 0.11595092024539878 0.015625 0.03190184049079755
15 0.6662326388888888 0.14570552147239266 0.018229166666666664 0.03128834355828221
15 0.75 0.14171779141104296 0.017361111111111112 0.03190184049079755
15 0.6688368055555555 0.5346625766871166 0.018229166666666664 0.03374233128834356
15 0.13324652777777776 0.7515337423312883 0.016493055555555556 0.03190184049079755
17 0.7395833333333333 0.5358895705521473 0.012152777777777776 0.03374233128834356
220 0.15755208333333331 0.1726993865030675 0.021701388888888888 0.06564417177914111
220 0.20920138888888887 0.1726993865030675 0.01909722222222222 0.06564417177914111
221 0.24131944444444442 0.16993865030674848 0.022569444444444444 0.0687116564417178
221 0.2938368055555555 0.1687116564417178 0.019965277777777776 0.06993865030674846
222 0.3255208333333333 0.1677914110429448 0.024305555555555552 0.07546012269938651
223 0.3550347222222222 0.16472392638036812 0.024305555555555552 0.08159509202453988
223 0.40885416666666663 0.16533742331288345 0.022569444444444444 0.08036809815950921
224 0.4383680555555555 0.1619631901840491 0.024305555555555552 0.08466257668711658
224 0.4921875 0.16226993865030676 0.022569444444444444 0.08527607361963191
225 0.5230034722222222 0.15950920245398775 0.0234375 0.09079754601226994
226 0.5529513888888888 0.15766871165644172 0.024305555555555552 0.09447852760736197
226 0.6046006944444444 0.1570552147239264 0.019965277777777776 0.09447852760736197
220 0.6354166666666666 0.17177914110429449 0.020833333333333332 0.06503067484662577
220 0.6888020833333333 0.17239263803680982 0.019965277777777776 0.06503067484662577
221 0.7196180555555555 0.16932515337423315 0.020833333333333332 0.06993865030674846
221 0.7725694444444444 0.16932515337423315 0.020833333333333332 0.06993865030674846
222 0.8016493055555555 0.16717791411042945 0.019965277777777776 0.07423312883435583
223 0.8302951388888888 0.16441717791411045 0.028645833333333332 0.07975460122699388
131 0.4874131944444444 0.5242331288343559 0.021701388888888888 0.054601226993865035
134 0.6236979166666666 0.5236196319018406 0.019965277777777776 0.05337423312883436
133 0.6922743055555555 0.5236196319018406 0.021701388888888888 0.054601226993865035
133 0.759548611111111 0.5239263803680982 0.020833333333333332 0.05521472392638037
163 0.8272569444444444 0.5230061349693251 0.022569444444444444 0.05337423312883436
165 0.15494791666666666 0.7610429447852761 0.019965277777777776 0.05337423312883436
165 0.18967013888888887 0.7613496932515338 0.021701388888888888 0.05521472392638037
165 0.22265625 0.7616564417177915 0.019965277777777776 0.05582822085889571
165 0.2543402777777778 0.7610429447852761 0.022569444444444444 0.05582822085889571
165 0.03993055555555555 0.7573619631901841 0.020833333333333332 0.04601226993865031
165 0.07378472222222222 0.7576687116564418 0.01909722222222222 0.046625766871165646
165 0.10416666666666666 0.7573619631901841 0.027777777777777776 0.04601226993865031
164 0.4578993055555555 0.8598159509202454 0.028645833333333332 0.05582822085889571
163 0.48697916666666663 0.8598159509202454 0.022569444444444444 0.057055214723926384
164 0.5208333333333333 0.8604294478527608 0.022569444444444444 0.057055214723926384
163 0.5542534722222222 0.8607361963190184 0.021701388888888888 0.05644171779141104
163 0.59375 0.8607361963190184 0.029513888888888888 0.053987730061349694
162 0.6236979166666666 0.8610429447852761 0.019965277777777776 0.05582822085889571
163 0.657986111111111 0.8610429447852761 0.022569444444444444 0.054601226993865035
162 0.6918402777777778 0.8610429447852761 0.020833333333333332 0.05582822085889571
163 0.7287326388888888 0.8610429447852761 0.028645833333333332 0.054601226993865035
162 0.759548611111111 0.8604294478527608 0.020833333333333332 0.054601226993865035
163 0.7934027777777777 0.8610429447852761 0.020833333333333332 0.05337423312883436
162 0.8276909722222222 0.8613496932515338 0.021701388888888888 0.053987730061349694
134 0.7591145833333333 0.6242331288343559 0.021701388888888888 0.05828220858895706
224 0.013020833333333332 0.1619631901840491 0.022569444444444444 0.08588957055214724
225 0.04296875 0.15981595092024542 0.0234375 0.09018404907975461
226 0.07335069444444443 0.1570552147239264 0.0234375 0.09570552147239264
226 0.1271701388888889 0.1570552147239264 0.0234375 0.09447852760736197
14 0.4383680555555555 0.6457055214723927 0.015625 0.012883435582822086
14 0.5399305555555556 0.6352760736196319 0.017361111111111112 0.012883435582822086
14 0.642361111111111 0.6457055214723927 0.013888888888888888 0.012883435582822086
14 0.7782118055555555 0.6251533742331289 0.013020833333333332 0.012269938650306749
14 0.3368055555555555 0.6352760736196319 0.015625 0.012883435582822086
14 0.3368055555555555 0.645398773006135 0.01909722222222222 0.012269938650306749
