12 0.35980902777777773 0.17453987730061352 0.014756944444444444 0.04233128834355829
12 0.3585069444444444 0.291717791411043 0.013888888888888888 0.04233128834355829
12 0.35807291666666663 0.4177914110429448 0.018229166666666664 0.04171779141104295
12 0.3606770833333333 0.5196319018404908 0.014756944444444444 0.04171779141104295
12 0.14496527777777776 0.7677914110429448 0.015625 0.04110429447852761
12 0.14322916666666666 0.8702453987730062 0.013888888888888888 0.04233128834355829
12 0.3376736111111111 0.7634969325153375 0.010416666666666666 0.009202453987730062
26 0.3875868055555555 0.17331288343558282 0.04079861111111111 0.07546012269938651
26 0.3880208333333333 0.4162576687116565 0.03819444444444444 0.07546012269938651
26 0.17317708333333331 0.7668711656441718 0.03732638888888889 0.07484662576687116
27 0.3862847222222222 0.29202453987730065 0.043402777777777776 0.04539877300613497
27 0.3858506944444444 0.5199386503067485 0.04253472222222222 0.04478527607361964
27 0.17274305555555555 0.8705521472392639 0.041666666666666664 0.04539877300613497
134 0.5946180555555555 0.18282208588957055 0.020833333333333332 0.060122699386503074
135 0.6953125 0.18190184049079755 0.020833333333333332 0.05828220858895706
133 0.796875 0.18159509202453988 0.03125 0.05766871165644172
134 0.9097222222222222 0.16901840490797548 0.027777777777777776 0.05337423312883436
133 0.5946180555555555 0.2861963190184049 0.020833333333333332 0.054601226993865035
164 0.9066840277777777 0.3006134969325154 0.021701388888888888 0.06134969325153375
166 0.80078125 0.4226993865030675 0.021701388888888888 0.05521472392638037
165 0.8511284722222222 0.4233128834355828 0.02517361111111111 0.05521472392638037
128 0.6961805555555555 0.5266871165644172 0.024305555555555552 0.05828220858895706
128 0.80078125 0.5266871165644172 0.02517361111111111 0.05950920245398773
136 0.9097222222222222 0.4242331288343559 0.029513888888888888 0.05582822085889571
161 0.49609375 0.5193251533742331 0.028645833333333332 0.04233128834355829
162 0.5464409722222222 0.5199386503067485 0.021701388888888888 0.04355828220858896
159 0.595486111111111 0.5242331288343559 0.024305555555555552 0.05337423312883436
130 0.6480034722222222 0.5220858895705521 0.021701388888888888 0.04785276073619632
161 0.9105902777777777 0.5193251533742331 0.029513888888888888 0.04478527607361964
160 0.9596354166666666 0.5214723926380368 0.021701388888888888 0.05030674846625767
218 0.23480902777777776 0.7797546012269939 0.019965277777777776 0.06503067484662577
217 0.2625868055555555 0.7803680981595092 0.019965277777777776 0.06748466257668712
216 0.2881944444444444 0.7815950920245399 0.024305555555555552 0.0687116564417178
189 0.32074652777777773 0.7819018404907976 0.021701388888888888 0.07177914110429448
188 0.4014756944444444 0.7843558282208589 0.028645833333333332 0.07668711656441718
188 0.45920138888888884 0.7849693251533743 0.022569444444444444 0.07546012269938651
214 0.5151909722222222 0.7831288343558283 0.019965277777777776 0.07300613496932516
215 0.5434027777777778 0.7828220858895706 0.020833333333333332 0.07239263803680981
216 0.5711805555555555 0.7819018404907976 0.01909722222222222 0.07177914110429448
217 0.5998263888888888 0.7815950920245399 0.01909722222222222 0.07116564417177915
218 0.62890625 0.7812883435582823 0.021701388888888888 0.06932515337423313
219 0.65625 0.7782208588957056 0.01909722222222222 0.07300613496932516
220 0.6840277777777778 0.7745398773006136 0.01909722222222222 0.07668711656441718
221 0.7122395833333333 0.7720858895705522 0.019965277777777776 0.08036809815950921
222 0.7404513888888888 0.7684049079754601 0.020833333333333332 0.08404907975460123
223 0.7703993055555555 0.7650306748466258 0.02517361111111111 0.08834355828220859
173 0.7964409722222222 0.7625766871165645 0.021701388888888888 0.09202453987730062
174 0.8255208333333333 0.7598159509202455 0.022569444444444444 0.09754601226993866
175 0.853298611111111 0.7564417177914111 0.022569444444444444 0.09938650306748467
163 0.958767361111111 0.2996932515337423 0.021701388888888888 0.06196319018404908
227 0.8802083333333333 0.7530674846625768 0.020833333333333332 0.10368098159509204
228 0.9053819444444444 0.75 0.027777777777777776 0.1098159509202454
178 0.9340277777777777 0.746319018404908 0.027777777777777776 0.11104294478527608
