15 0.21527777777777776 0.09983633387888707 0.03009259259259259 0.0425531914893617
15 0.21585648148148148 0.5126841243862521 0.028935185185185182 0.04009819967266776
15 0.21585648148148148 0.9504909983633388 0.03125 0.043371522094926354
98 0.657986111111111 0.0716039279869067 0.028935185185185182 0.07119476268412439
81 0.6568287037037037 0.22708674304418985 0.03356481481481481 0.08101472995090017
145 0.24594907407407407 0.21112929623567922 0.03125 0.11456628477905074
143 0.08564814814814814 0.21849427168576105 0.03009259259259259 0.09983633387888707
139 0.08680555555555555 0.3772504091653028 0.027777777777777776 0.07201309328968904
141 0.24537037037037035 0.37029459901800327 0.03009259259259259 0.08428805237315876
75 0.6568287037037037 0.39157119476268415 0.03356481481481481 0.07774140752864157
73 0.657986111111111 0.6693944353518821 0.03356481481481481 0.06382978723404256
143 0.39814814814814814 0.3637479541734861 0.041666666666666664 0.09901800327332243
132 0.08680555555555555 0.6841243862520459 0.03009259259259259 0.08183306055646482
134 0.24537037037037035 0.6828968903436989 0.027777777777777776 0.08101472995090017
136 0.3975694444444444 0.6808510638297872 0.04050925925925926 0.07364975450081833
135 0.08796296296296297 0.8211947626841244 0.032407407407407406 0.06464811783960721
137 0.24479166666666666 0.8203764320785598 0.03587962962962963 0.06137479541734861
139 0.39641203703703703 0.8126022913256956 0.04282407407407407 0.07037643207855974
71 0.6591435185185185 0.8220130932896891 0.03587962962962963 0.06792144026186579
105 0.6556712962962963 0.5306873977086743 0.02662037037037037 0.06464811783960721
105 0.24710648148148145 0.5286415711947627 0.028935185185185182 0.06219312602291326
105 0.24710648148148145 0.9664484451718495 0.03125 0.06710310965630115
105 0.6550925925925926 0.9672667757774142 0.032407407407407406 0.06546644844517185
98 0.24710648148148145 0.07242225859247137 0.03125 0.07446808510638299
147 0.3987268518518518 0.20458265139116205 0.04050925925925926 0.12765957446808512
