12 0.053598774885145486 0.2305194805194805 0.02756508422664625 0.0735930735930736
12 0.29249617151607965 0.2305194805194805 0.02756508422664625 0.0735930735930736
12 0.7243491577335376 0.2305194805194805 0.02756508422664625 0.0735930735930736
12 0.7274119448698316 0.41233766233766234 0.02756508422664625 0.0735930735930736
12 0.29096477794793263 0.41233766233766234 0.02756508422664625 0.0735930735930736
12 0.05206738131699847 0.41233766233766234 0.02756508422664625 0.0735930735930736
12 0.04900459418070444 0.5941558441558441 0.02756508422664625 0.0735930735930736
12 0.2879019908116386 0.5930735930735931 0.02756508422664625 0.0735930735930736
12 0.7289433384379785 0.5941558441558441 0.02756508422664625 0.0735930735930736
12 0.7274119448698316 0.775974025974026 0.02756508422664625 0.0735930735930736
12 0.29096477794793263 0.775974025974026 0.02756508422664625 0.0735930735930736
12 0.053598774885145486 0.777056277056277 0.02756508422664625 0.0735930735930736
79 0.11408882082695253 0.2288961038961039 0.04134762633996937 0.08766233766233766
81 0.2120980091883614 0.21861471861471862 0.0444104134762634 0.10606060606060606
82 0.3522205206738132 0.2159090909090909 0.042879019908116385 0.11796536796536797
77 0.3537519142419602 0.41774891774891776 0.03981623277182236 0.08658008658008658
79 0.2098009188361409 0.4107142857142857 0.042879019908116385 0.08982683982683982
77 0.10949464012251149 0.41774891774891776 0.03522205206738132 0.08658008658008658
74 0.11562021439509955 0.5838744588744589 0.04134762633996937 0.10281385281385282
76 0.21286370597243492 0.6028138528138528 0.042879019908116385 0.09307359307359307
138 0.43644716692189894 0.591991341991342 0.045941807044410414 0.08658008658008658
136 0.4747320061255743 0.5946969696969697 0.042879019908116385 0.07900432900432901
138 0.5390505359877489 0.5925324675324676 0.03981623277182236 0.08766233766233766
78 0.35298621745788666 0.7775974025974026 0.04134762633996937 0.08116883116883117
106 0.767228177641654 0.5941558441558441 0.042879019908116385 0.07575757575757576
104 0.8346094946401226 0.6028138528138528 0.045941807044410414 0.09307359307359307
105 0.9088820826952527 0.5974025974025974 0.0444104134762634 0.08874458874458875
19 0.5428790199081164 0.2288961038961039 0.04747320061255743 0.022727272727272728
18 0.888208269525268 0.21645021645021645 0.042879019908116385 0.01948051948051948
18 0.8889739663093416 0.39880952380952384 0.04747320061255743 0.0183982683982684
19 0.5413476263399694 0.4096320346320346 0.05053598774885146 0.022727272727272728
19 0.5390505359877489 0.7732683982683982 0.0551301684532925 0.0183982683982684
18 0.889739663093415 0.7608225108225108 0.05206738131699847 0.021645021645021644
19 0.2105666156202144 0.7727272727272727 0.04747320061255743 0.021645021645021644
19 0.11332312404287903 0.7721861471861472 0.042879019908116385 0.022727272727272728
17 0.31623277182235837 0.16937229437229437 0.02909647779479326 0.05519480519480519
17 0.0773353751914242 0.604978354978355 0.03215926493108729 0.05411255411255411
17 0.31623277182235837 0.599025974025974 0.04134762633996937 0.048701298701298704
102 0.3552833078101072 0.5838744588744589 0.03981623277182236 0.09848484848484848
139 0.5911179173047474 0.5882034632034632 0.042879019908116385 0.09848484848484848
137 0.6393568147013783 0.5946969696969697 0.03828483920367535 0.07900432900432901
138 0.6929555895865238 0.5909090909090909 0.053598774885145486 0.08441558441558442
