12 0.2212863705972435 0.11580086580086581 0.03215926493108729 0.07575757575757576
12 0.8552833078101072 0.11634199134199134 0.03215926493108729 0.07467532467532467
12 0.8545176110260337 0.3041125541125541 0.036753445635528334 0.0735930735930736
12 0.2228177641653905 0.3041125541125541 0.03522205206738132 0.0735930735930736
12 0.8537519142419602 0.7007575757575758 0.04134762633996937 0.07251082251082251
12 0.8545176110260337 0.8885281385281385 0.036753445635528334 0.07142857142857142
80 0.28637059724349156 0.10768398268398269 0.045941807044410414 0.09415584415584416
109 0.5796324655436448 0.1038961038961039 0.03828483920367535 0.1038961038961039
110 0.7228177641653906 0.1001082251082251 0.036753445635528334 0.11363636363636363
109 0.7228177641653906 0.2916666666666667 0.033690658499234305 0.10064935064935066
109 0.5781010719754978 0.2922077922077922 0.03828483920367535 0.10173160173160173
109 0.4310872894333844 0.2916666666666667 0.03522205206738132 0.10281385281385282
107 0.27947932618683 0.3024891774891775 0.03828483920367535 0.0854978354978355
18 0.3744257274119449 0.6866883116883117 0.04747320061255743 0.020562770562770564
18 0.3744257274119449 0.8755411255411255 0.04747320061255743 0.021645021645021644
34 0.17075038284839206 0.10984848484848485 0.053598774885145486 0.08766233766233766
