12 0.22135416666666666 0.5279141104294479 0.022569444444444444 0.04233128834355829
12 0.22092013888888887 0.6297546012269939 0.02690972222222222 0.04110429447852761
12 0.7135416666666666 0.5288343558282209 0.026041666666666664 0.04171779141104295
12 0.7161458333333333 0.6309815950920246 0.027777777777777776 0.04110429447852761
12 0.7161458333333333 0.7555214723926381 0.01909722222222222 0.04233128834355829
12 0.71484375 0.8656441717791411 0.019965277777777776 0.04049079754601227
12 0.22092013888888887 0.7564417177914111 0.019965277777777776 0.04171779141104295
12 0.2222222222222222 0.8662576687116565 0.024305555555555552 0.04049079754601227
18 0.5972222222222222 0.04294478527607362 0.026041666666666664 0.011042944785276074
18 0.5247395833333333 0.27116564417177913 0.028645833333333332 0.012269938650306749
22 0.24348958333333331 0.5355828220858896 0.018229166666666664 0.030674846625766874
18 0.46744791666666663 0.6230061349693252 0.028645833333333332 0.011656441717791411
15 0.018663194444444444 0.19662576687116565 0.019965277777777776 0.03128834355828221
15 0.23177083333333331 0.18251533742331288 0.017361111111111112 0.03251533742331288
15 0.3146701388888889 0.17730061349693252 0.018229166666666664 0.03190184049079755
15 0.4292534722222222 0.16717791411042945 0.018229166666666664 0.03251533742331288
15 0.5125868055555556 0.16226993865030676 0.018229166666666664 0.03128834355828221
15 0.6263020833333333 0.1512269938650307 0.019965277777777776 0.03128834355828221
15 0.7100694444444444 0.14693251533742333 0.020833333333333332 0.03251533742331288
15 0.79296875 0.14079754601226996 0.018229166666666664 0.030061349693251537
15 0.9071180555555555 0.13128834355828223 0.017361111111111112 0.03190184049079755
15 0.40104166666666663 0.5076687116564418 0.017361111111111112 0.03251533742331288
16 0.13194444444444445 0.17699386503067485 0.013888888888888888 0.027607361963190184
17 0.18055555555555555 0.18159509202453988 0.012152777777777776 0.030674846625766874
17 0.5013020833333333 0.5079754601226995 0.013020833333333332 0.030674846625766874
16 0.1284722222222222 0.7358895705521473 0.015625 0.027607361963190184
15 0.1753472222222222 0.7512269938650307 0.01909722222222222 0.03251533742331288
18 0.46875 0.8585889570552148 0.029513888888888888 0.011656441717791411
109 0.5941840277777778 0.5217791411042945 0.02690972222222222 0.05950920245398773
102 0.07335069444444443 0.5245398773006136 0.021701388888888888 0.05276073619631902
210 0.041666666666666664 0.15981595092024542 0.022569444444444444 0.08650306748466258
211 0.07161458333333333 0.15674846625766872 0.021701388888888888 0.08404907975460123
212 0.10199652777777778 0.15368098159509203 0.0234375 0.07914110429447853
213 0.15494791666666666 0.1539877300613497 0.0234375 0.0785276073619632
213 0.20182291666666666 0.15368098159509203 0.021701388888888888 0.08036809815950921
213 0.2543402777777778 0.15337423312883436 0.020833333333333332 0.08220858895705523
214 0.2847222222222222 0.15276073619631902 0.022569444444444444 0.0834355828220859
214 0.3368055555555555 0.15245398773006136 0.020833333333333332 0.08282208588957056
215 0.3684895833333333 0.1521472392638037 0.0234375 0.0834355828220859
216 0.39887152777777773 0.15153374233128836 0.019965277777777776 0.08466257668711658
216 0.45138888888888884 0.15153374233128836 0.020833333333333332 0.08466257668711658
217 0.48263888888888884 0.1512269938650307 0.022569444444444444 0.08527607361963191
217 0.5347222222222222 0.15092024539877302 0.022569444444444444 0.08588957055214724
218 0.5655381944444444 0.15000000000000002 0.021701388888888888 0.08650306748466258
219 0.595486111111111 0.17607361963190185 0.020833333333333332 0.06134969325153375
219 0.650173611111111 0.17453987730061352 0.024305555555555552 0.06073619631901841
220 0.6796875 0.17300613496932515 0.022569444444444444 0.06625766871165645
220 0.7309027777777778 0.17331288343558282 0.020833333333333332 0.06564417177914111
221 0.7643229166666666 0.17024539877300615 0.02517361111111111 0.06932515337423313
221 0.8159722222222222 0.17055214723926382 0.024305555555555552 0.07116564417177915
222 0.8450520833333333 0.16748466257668712 0.021701388888888888 0.07484662576687116
223 0.8771701388888888 0.16503067484662579 0.0234375 0.07975460122699388
223 0.9305555555555555 0.1659509202453988 0.024305555555555552 0.08159509202453988
224 0.9618055555555555 0.16257668711656442 0.026041666666666664 0.08466257668711658
166 0.03298611111111111 0.5337423312883436 0.027777777777777776 0.053987730061349694
169 0.48046875 0.5291411042944786 0.019965277777777776 0.06441717791411043
168 0.521267361111111 0.5312883435582823 0.021701388888888888 0.0588957055214724
169 0.5512152777777778 0.5291411042944786 0.029513888888888888 0.06441717791411043
163 0.48263888888888884 0.7466257668711657 0.020833333333333332 0.06257668711656442
170 0.62890625 0.7496932515337423 0.021701388888888888 0.060122699386503074
168 0.6588541666666666 0.7546012269938651 0.020833333333333332 0.05030674846625767
166 0.6901041666666666 0.7558282208588958 0.024305555555555552 0.04294478527607362
169 0.7387152777777778 0.751840490797546 0.020833333333333332 0.054601226993865035
169 0.7734375 0.7512269938650307 0.022569444444444444 0.05337423312883436
169 0.8081597222222222 0.7512269938650307 0.027777777777777776 0.054601226993865035
169 0.8394097222222222 0.750920245398773 0.022569444444444444 0.053987730061349694
169 0.8741319444444444 0.7512269938650307 0.020833333333333332 0.05337423312883436
169 0.9088541666666666 0.7512269938650307 0.022569444444444444 0.052147239263803685
169 0.9422743055555555 0.7512269938650307 0.019965277777777776 0.05337423312883436
169 0.97265625 0.7512269938650307 0.02690972222222222 0.05337423312883436
168 0.10503472222222221 0.7588957055214725 0.01909722222222222 0.0588957055214724
167 0.14973958333333331 0.7619631901840491 0.021701388888888888 0.05521472392638037
165 0.19401041666666666 0.7613496932515338 0.0234375 0.05644171779141104
15 0.9904513888888888 0.12515337423312883 0.017361111111111112 0.030674846625766874
