8 0.2986217457886677 0.0817099567099567 0.10107197549770292 0.08333333333333333
8 0.29709035222052066 0.24512987012987014 0.09494640122511486 0.08982683982683982
8 0.29709035222052066 0.4025974025974026 0.09800918836140889 0.08874458874458875
8 0.2986217457886677 0.6396103896103896 0.10107197549770292 0.08658008658008658
8 0.29785604900459417 0.8003246753246753 0.09647779479326188 0.0854978354978355
8 0.30321592649310875 0.9583333333333334 0.10413476263399694 0.08333333333333333
33 0.19448698315467075 0.7997835497835498 0.07350689127105667 0.11038961038961038
34 0.19065849923430322 0.9572510822510822 0.07503828483920368 0.0854978354978355
27 0.19448698315467075 0.4101731601731602 0.06431852986217458 0.07792207792207792
80 0.42572741194486985 0.055735930735930736 0.03981623277182236 0.09199134199134198
135 0.4211332312404288 0.25487012987012986 0.030627871362940276 0.08982683982683982
135 0.5681470137825422 0.25595238095238093 0.033690658499234305 0.08982683982683982
134 0.7151607963246555 0.2597402597402597 0.033690658499234305 0.09523809523809523
133 0.8568147013782542 0.2591991341991342 0.0444104134762634 0.09632034632034632
74 0.4310872894333844 0.4004329004329004 0.04747320061255743 0.09740259740259741
80 0.4280245022970904 0.6179653679653679 0.04747320061255743 0.10606060606060606
79 0.9326186830015314 0.6190476190476191 0.045941807044410414 0.08225108225108226
137 0.9280245022970904 0.7878787878787878 0.03981623277182236 0.08441558441558442
78 0.4241960183767228 0.7824675324675324 0.04900459418070444 0.07792207792207792
18 0.891271056661562 0.9572510822510822 0.05819295558958652 0.0183982683982684
33 0.19372128637059724 0.0817099567099567 0.07197549770290965 0.11363636363636363
33 0.19525267993874426 0.6396103896103896 0.06891271056661562 0.11471861471861472
34 0.19448698315467075 0.24242424242424243 0.07044410413476264 0.09740259740259741
