3 0.3223583460949464 0.06547619047619048 0.13935681470137826 0.10930735930735931
3 0.3208269525267994 0.24675324675324675 0.1424196018376723 0.10822510822510822
3 0.3223583460949464 0.4448051948051948 0.1424196018376723 0.10822510822510822
3 0.32006125574272587 0.6125541125541125 0.1439509954058193 0.11038961038961038
3 0.32006125574272587 0.7905844155844156 0.1439509954058193 0.10930735930735931
12 0.14701378254211334 0.08441558441558442 0.030627871362940276 0.0735930735930736
12 0.14701378254211334 0.24621212121212122 0.02756508422664625 0.07251082251082251
12 0.1447166921898928 0.46320346320346323 0.026033690658499236 0.0735930735930736
12 0.14548238897396631 0.6304112554112554 0.02450229709035222 0.07251082251082251
12 0.14701378254211334 0.7916666666666666 0.030627871362940276 0.07251082251082251
12 0.7450229709035222 0.08441558441558442 0.026033690658499236 0.07142857142857142
12 0.7465543644716692 0.24621212121212122 0.026033690658499236 0.07251082251082251
12 0.6125574272588056 0.46374458874458874 0.033690658499234305 0.07251082251082251
12 0.8116385911179174 0.46320346320346323 0.02756508422664625 0.06926406926406926
12 0.611791730474732 0.6309523809523809 0.022970903522205207 0.07142857142857142
12 0.8131699846860644 0.6309523809523809 0.030627871362940276 0.0735930735930736
12 0.8124042879019908 0.7916666666666666 0.03215926493108729 0.07467532467532467
12 0.614854517611026 0.7905844155844156 0.03522205206738132 0.07251082251082251
26 0.19525267993874426 0.08495670995670995 0.06891271056661562 0.13095238095238096
31 0.19372128637059724 0.4686147186147186 0.07197549770290965 0.15367965367965367
26 0.1990811638591118 0.6293290043290043 0.07044410413476264 0.13744588744588745
27 0.19295558958652376 0.24621212121212122 0.07350689127105667 0.08333333333333333
27 0.19448698315467075 0.7927489177489178 0.07044410413476264 0.07900432900432901
18 0.5 0.43127705627705626 0.04747320061255743 0.020562770562770564
18 0.711332312404288 0.4318181818181818 0.04747320061255743 0.021645021645021644
18 0.9096477794793262 0.43235930735930733 0.05206738131699847 0.022727272727272728
