14 0.03981623277182236 0.24134199134199133 0.021439509954058193 0.012987012987012988
14 0.03981623277182236 0.01948051948051948 0.021439509954058193 0.012987012987012988
12 0.5888208269525268 0.0633116883116883 0.026033690658499236 0.07251082251082251
12 0.5888208269525268 0.25 0.026033690658499236 0.0735930735930736
12 0.5872894333843798 0.4101731601731602 0.02909647779479326 0.0735930735930736
12 0.43644716692189894 0.6222943722943723 0.02756508422664625 0.0735930735930736
12 0.4349157733537519 0.7824675324675324 0.02756508422664625 0.0735930735930736
137 0.4517611026033691 0.06547619047619048 0.030627871362940276 0.07900432900432901
77 0.6898928024502298 0.06764069264069264 0.0444104134762634 0.08116883116883117
81 0.6891271056661562 0.23809523809523808 0.045941807044410414 0.1038961038961039
136 0.4517611026033691 0.2554112554112554 0.030627871362940276 0.08874458874458875
136 0.6837672281776417 0.4145021645021645 0.03215926493108729 0.08658008658008658
136 0.8315467075038285 0.4166666666666667 0.03981623277182236 0.08874458874458875
135 0.9762633996937213 0.41883116883116883 0.03522205206738132 0.09523809523809523
140 0.8751914241960184 0.6103896103896104 0.05053598774885146 0.10173160173160173
139 0.7565084226646248 0.6168831168831169 0.036753445635528334 0.09740259740259741
107 0.503062787136294 0.6206709956709957 0.03522205206738132 0.0854978354978355
77 0.5076569678407351 0.7884199134199135 0.04747320061255743 0.08766233766233766
15 0.6523736600306279 0.046536796536796536 0.030627871362940276 0.05194805194805195
15 0.2894333843797856 0.7748917748917749 0.030627871362940276 0.05411255411255411
15 0.722052067381317 0.5800865800865801 0.02909647779479326 0.049783549783549784
136 0.17917304747320062 0.7905844155844156 0.033690658499234305 0.10064935064935066
137 0.052833078101071976 0.7873376623376623 0.03828483920367535 0.09199134199134198
135 0.3177641653905054 0.7922077922077922 0.04747320061255743 0.09956709956709957
