12 0.614854517611026 0.0633116883116883 0.02909647779479326 0.07251082251082251
14 0.0551301684532925 0.43398268398268397 0.018376722817764167 0.015151515151515152
14 0.711332312404288 0.43344155844155846 0.01990811638591118 0.016233766233766232
12 0.6202143950995406 0.44101731601731603 0.02756508422664625 0.07251082251082251
12 0.6186830015313936 0.8198051948051948 0.030627871362940276 0.07251082251082251
133 0.03215926493108729 0.055735930735930736 0.06125574272588055 0.09199134199134198
133 0.6868300153139357 0.05519480519480519 0.05972434915773354 0.09307359307359307
138 0.8667687595712098 0.058982683982683984 0.042879019908116385 0.08333333333333333
75 0.6768759571209801 0.4518398268398268 0.042879019908116385 0.10064935064935066
75 0.019142419601837674 0.45075757575757575 0.03522205206738132 0.10281385281385282
134 0.2105666156202144 0.8322510822510822 0.03828483920367535 0.09956709956709957
21 0.11715160796324656 0.06547619047619048 0.03522205206738132 0.04004329004329004
21 0.3514548238897397 0.06385281385281386 0.03828483920367535 0.03896103896103896
21 0.5421133231240429 0.06547619047619048 0.03981623277182236 0.03571428571428571
21 0.7733537519142419 0.06439393939393939 0.03981623277182236 0.03787878787878788
21 0.9571209800918836 0.06277056277056277 0.033690658499234305 0.0367965367965368
21 0.11715160796324656 0.821969696969697 0.03828483920367535 0.03787878787878788
19 0.8660030627871363 0.816017316017316 0.0444104134762634 0.023809523809523808
15 0.3116385911179173 0.810064935064935 0.03215926493108729 0.05519480519480519
105 0.4448698315467075 0.823051948051948 0.03828483920367535 0.08116883116883117
105 0.6753445635528331 0.8241341991341992 0.03981623277182236 0.08766233766233766
135 0.34686064318529863 0.829004329004329 0.04747320061255743 0.09523809523809523
134 0.018376722817764167 0.8306277056277056 0.033690658499234305 0.09848484848484848
14 0.7120980091883614 0.4329004329004329 0.02450229709035222 0.023809523809523808
