12 0.02986217457886677 0.2077922077922078 0.02909647779479326 0.07142857142857142
12 0.6378254211332313 0.20833333333333334 0.03215926493108729 0.07251082251082251
12 0.6416539050535988 0.3722943722943723 0.03981623277182236 0.07142857142857142
12 0.022970903522205207 0.37283549783549785 0.036753445635528334 0.07251082251082251
12 0.028330781010719758 0.545995670995671 0.026033690658499236 0.07251082251082251
12 0.6408882082695253 0.5449134199134199 0.03522205206738132 0.07467532467532467
12 0.6431852986217458 0.762987012987013 0.02756508422664625 0.0735930735930736
12 0.033690658499234305 0.7624458874458875 0.030627871362940276 0.07251082251082251
12 0.032924961715160794 0.9291125541125541 0.02909647779479326 0.07251082251082251
12 0.6431852986217458 0.9296536796536796 0.033690658499234305 0.07142857142857142
132 0.14777947932618685 0.1958874458874459 0.03828483920367535 0.10606060606060606
136 0.21745788667687596 0.1920995670995671 0.045941807044410414 0.11147186147186147
136 0.29326186830015316 0.18885281385281386 0.03828483920367535 0.11796536796536797
132 0.3614088820826953 0.19967532467532467 0.045941807044410414 0.09848484848484848
132 0.4318529862174579 0.19805194805194806 0.042879019908116385 0.1038961038961039
132 0.6837672281776417 0.2278138528138528 0.04134762633996937 0.11796536796536797
132 0.7580398162327718 0.22294372294372294 0.03981623277182236 0.11038961038961038
136 0.8284839203675345 0.21915584415584416 0.03981623277182236 0.10064935064935066
136 0.9004594180704442 0.21645021645021645 0.045941807044410414 0.09956709956709957
132 0.9747320061255743 0.22673160173160173 0.04134762633996937 0.11796536796536797
130 0.14777947932618685 0.5503246753246753 0.04134762633996937 0.08766233766233766
130 0.29402756508422667 0.5514069264069265 0.042879019908116385 0.09199134199134198
130 0.4318529862174579 0.5487012987012987 0.042879019908116385 0.08441558441558442
130 0.5796324655436448 0.5508658008658008 0.04134762633996937 0.08874458874458875
130 0.7611026033690659 0.5487012987012987 0.03981623277182236 0.08225108225108226
130 0.9058192955589587 0.5481601731601732 0.03828483920367535 0.0854978354978355
132 0.07886676875957122 0.7840909090909091 0.03828483920367535 0.11580086580086581
132 0.15007656967840735 0.7797619047619048 0.03981623277182236 0.10930735930735931
136 0.2228177641653905 0.7738095238095238 0.0444104134762634 0.10173160173160173
136 0.2886676875957121 0.7721861471861472 0.053598774885145486 0.09848484848484848
132 0.3621745788667688 0.7846320346320347 0.03828483920367535 0.11688311688311688
132 0.43644716692189894 0.7797619047619048 0.036753445635528334 0.10930735930735931
136 0.5076569678407351 0.7765151515151515 0.04134762633996937 0.10281385281385282
136 0.5773353751914242 0.7711038961038961 0.042879019908116385 0.09415584415584416
132 0.6868300153139357 0.7851731601731602 0.03828483920367535 0.12012987012987013
132 0.7595712098009189 0.7792207792207793 0.03981623277182236 0.11038961038961038
136 0.8315467075038285 0.7727272727272727 0.036753445635528334 0.09956709956709957
136 0.9019908116385912 0.7711038961038961 0.05206738131699847 0.09415584415584416
132 0.9716692189892803 0.7797619047619048 0.04134762633996937 0.11580086580086581
136 0.5053598774885145 0.19155844155844157 0.03981623277182236 0.11038961038961038
136 0.5773353751914242 0.18777056277056278 0.036753445635528334 0.11363636363636363
123 0.07963246554364473 0.5817099567099567 0.05819295558958652 0.15043290043290045
123 0.21822358346094947 0.5817099567099567 0.053598774885145486 0.15043290043290045
123 0.35987748851454826 0.5822510822510822 0.0551301684532925 0.14935064935064934
123 0.5045941807044411 0.5817099567099567 0.04134762633996937 0.14826839826839827
123 0.6906584992343032 0.579004329004329 0.06738131699846861 0.1471861471861472
123 0.832312404287902 0.5817099567099567 0.04134762633996937 0.1525974025974026
