12 0.1447166921898928 0.21915584415584416 0.03215926493108729 0.07251082251082251
12 0.9264931087289434 0.21861471861471862 0.02450229709035222 0.0735930735930736
12 0.9264931087289434 0.40584415584415584 0.02756508422664625 0.0735930735930736
12 0.14624808575803983 0.40584415584415584 0.02909647779479326 0.07575757575757576
12 0.14624808575803983 0.5822510822510822 0.022970903522205207 0.0735930735930736
12 0.9264931087289434 0.5817099567099567 0.030627871362940276 0.07251082251082251
27 0.19142419601837674 0.21753246753246752 0.07963246554364473 0.08225108225108226
26 0.19601837672281777 0.4090909090909091 0.06431852986217458 0.11471861471861472
27 0.19295558958652376 0.5833333333333334 0.07350689127105667 0.08008658008658008
135 0.3514548238897397 0.4090909090909091 0.03215926493108729 0.08441558441558442
136 0.42496171516079634 0.408008658008658 0.03215926493108729 0.07792207792207792
137 0.5 0.4063852813852814 0.04134762633996937 0.08116883116883117
109 0.6493108728943339 0.5681818181818182 0.036753445635528334 0.10173160173160173
108 0.4946401225114855 0.571969696969697 0.033690658499234305 0.09415584415584416
107 0.3506891271056662 0.5784632034632035 0.042879019908116385 0.08766233766233766
15 0.26339969372128635 0.20183982683982685 0.036753445635528334 0.05519480519480519
15 0.2649310872894334 0.3685064935064935 0.03981623277182236 0.05303030303030303
15 0.2649310872894334 0.5638528138528138 0.033690658499234305 0.05411255411255411
15 0.9601837672281777 0.5568181818181818 0.02756508422664625 0.05303030303030303
15 0.26416539050535986 0.952922077922078 0.03828483920367535 0.05519480519480519
17 0.5474732006125574 0.36796536796536794 0.02909647779479326 0.05194805194805195
133 0.6493108728943339 0.41774891774891776 0.033690658499234305 0.1038961038961039
134 0.7212863705972435 0.4166666666666667 0.036753445635528334 0.09956709956709957
135 0.7932618683001532 0.41233766233766234 0.036753445635528334 0.08874458874458875
136 0.8621745788667688 0.4101731601731602 0.042879019908116385 0.08441558441558442
107 0.7940275650842267 0.5773809523809523 0.03215926493108729 0.08333333333333333
138 0.5796324655436448 0.4025974025974026 0.04134762633996937 0.08225108225108226
57 0.3629402756508423 0.19967532467532467 0.06125574272588055 0.12445887445887446
