12 0.5206738131699847 0.11634199134199134 0.03981623277182236 0.07467532467532467
12 0.5214395099540582 0.30357142857142855 0.03215926493108729 0.07034632034632035
12 0.11868300153139358 0.7007575757575758 0.03522205206738132 0.07034632034632035
12 0.11868300153139358 0.8885281385281385 0.03215926493108729 0.07142857142857142
12 0.9609494640122512 0.7012987012987013 0.03522205206738132 0.07142857142857142
12 0.9594180704441042 0.8885281385281385 0.03522205206738132 0.07142857142857142
18 0.8346094946401226 0.10173160173160173 0.04900459418070444 0.021645021645021644
18 0.8376722817764166 0.2911255411255411 0.04900459418070444 0.021645021645021644
18 0.5398162327718223 0.6872294372294372 0.05053598774885146 0.023809523809523808
18 0.5413476263399694 0.8760822510822511 0.04747320061255743 0.022727272727272728
18 0.1983154670750383 0.29329004329004327 0.04747320061255743 0.023809523809523808
20 0.3843797856049005 0.11038961038961038 0.036753445635528334 0.05844155844155844
20 0.2343032159264931 0.11147186147186147 0.033690658499234305 0.05627705627705628
