12 0.14701378254211334 0.07738095238095238 0.018376722817764167 0.07467532467532467
12 0.14548238897396631 0.2667748917748918 0.018376722817764167 0.07467532467532467
12 0.14548238897396631 0.454004329004329 0.018376722817764167 0.07467532467532467
12 0.1439509954058193 0.6433982683982684 0.018376722817764167 0.07467532467532467
12 0.14548238897396631 0.8317099567099567 0.018376722817764167 0.07467532467532467
26 0.19525267993874426 0.07900432900432901 0.06278713629402757 0.10822510822510822
26 0.19678407350689128 0.2689393939393939 0.06584992343032159 0.10930735930735931
26 0.1975497702909648 0.4556277056277056 0.06431852986217458 0.11038961038961038
34 0.1975497702909648 0.6331168831168831 0.07350689127105667 0.09523809523809523
26 0.19525267993874426 0.8306277056277056 0.07503828483920368 0.08116883116883117
18 0.6975497702909648 0.06493506493506493 0.05053598774885146 0.021645021645021644
18 0.6975497702909648 0.2532467532467532 0.05053598774885146 0.021645021645021644
18 0.6990811638591118 0.4420995670995671 0.04747320061255743 0.020562770562770564
107 0.7021439509954058 0.6385281385281385 0.03522205206738132 0.08441558441558442
108 0.9180704441041349 0.6352813852813853 0.03215926493108729 0.09523809523809523
109 0.9196018376722818 0.8192640692640693 0.03522205206738132 0.1038961038961039
109 0.6990811638591118 0.8176406926406926 0.03522205206738132 0.10497835497835498
80 0.3460949464012251 0.8225108225108225 0.04900459418070444 0.09740259740259741
78 0.3430321592649311 0.6433982683982684 0.04900459418070444 0.0854978354978355
16 0.26339969372128635 0.6293290043290043 0.033690658499234305 0.046536796536796536
16 0.2626339969372129 0.8430735930735931 0.03522205206738132 0.045454545454545456
