14 0.17096336499321574 0.5762955854126679 0.021709633649932156 0.016314779270633396
14 0.17028493894165533 0.131957773512476 0.023066485753052916 0.01439539347408829
14 0.17096336499321574 0.7802303262955854 0.018995929443690635 0.01727447216890595
12 0.3656716417910447 0.21833013435700574 0.031207598371777473 0.06621880998080613
12 0.36499321573948434 0.3896353166986564 0.029850746268656712 0.06333973128598848
12 0.36635006784260515 0.6137236084452975 0.032564450474898234 0.06621880998080613
12 0.36499321573948434 0.8502879078694817 0.027137042062415195 0.06717850287907869
86 0.14111261872455902 0.18761996161228406 0.04070556309362279 0.13147792706333972
114 0.08208955223880596 0.18809980806142035 0.031207598371777473 0.13243761996161227
114 0.025101763907734054 0.1885796545105566 0.033921302578018994 0.13147792706333972
108 0.025101763907734054 0.6060460652591171 0.033921302578018994 0.0854126679462572
108 0.08344640434192672 0.6065259117082533 0.036635006784260515 0.08637236084452975
80 0.14111261872455902 0.6060460652591171 0.035278154681139755 0.08349328214971209
112 0.025780189959294434 0.8291746641074855 0.035278154681139755 0.11708253358925144
112 0.08276797829036635 0.8286948176583493 0.035278154681139755 0.118042226487524
84 0.13975576662143827 0.8296545105566219 0.03799185888738127 0.11612284069097888
18 0.11601085481682495 0.3622840690978887 0.04477611940298507 0.016314779270633396
18 0.38331071913161463 0.190978886756238 0.04477611940298507 0.02111324376199616
18 0.38263229308005425 0.3651631477927063 0.05156037991858887 0.02015355086372361
18 0.11601085481682495 0.97936660268714 0.04748982360922659 0.01439539347408829
18 0.383989145183175 0.9784069097888676 0.048846675712347354 0.02015355086372361
34 0.31886024423337855 0.8474088291746641 0.05698778833107191 0.07869481765834932
16 0.389416553595658 0.5580614203454894 0.024423337856173677 0.04510556621880998
16 0.38873812754409764 0.7936660268714011 0.023066485753052916 0.044145873320537425
16 0.6872455902306648 0.8095009596928983 0.028493894165535955 0.04318618042226487
16 0.7584803256445047 0.8166986564299424 0.029850746268656712 0.044145873320537425
16 0.7584803256445047 0.5825335892514395 0.029850746268656712 0.04222648752399232
17 0.6940298507462686 0.5825335892514395 0.023066485753052916 0.051823416506717845
