14 0.04036458333333333 0.48312883435582826 0.013020833333333332 0.01411042944785276
14 0.16015625 0.4730061349693252 0.013020833333333332 0.012269938650306749
14 0.2782118055555555 0.4828220858895706 0.014756944444444444 0.013496932515337423
14 0.9457465277777777 0.36042944785276076 0.013020833333333332 0.012883435582822086
14 0.9583333333333333 0.36073619631901843 0.012152777777777776 0.013496932515337423
14 0.947048611111111 0.48343558282208593 0.013888888888888888 0.013496932515337423
14 0.828125 0.47239263803680986 0.015625 0.013496932515337423
14 0.708767361111111 0.48343558282208593 0.013020833333333332 0.015950920245398775
12 0.5347222222222222 0.36595092024539877 0.01909722222222222 0.04233128834355829
12 0.5342881944444444 0.46748466257668714 0.021701388888888888 0.04294478527607362
14 0.5902777777777778 0.47331288343558287 0.013888888888888888 0.009202453987730062
14 0.5889756944444444 0.48343558282208593 0.013020833333333332 0.008588957055214725
12 0.5334201388888888 0.593558282208589 0.0234375 0.04233128834355829
12 0.5347222222222222 0.6947852760736196 0.015625 0.04110429447852761
215 0.1032986111111111 0.13098159509202456 0.026041666666666664 0.07300613496932516
215 0.19227430555555555 0.12975460122699387 0.02690972222222222 0.07300613496932516
215 0.24609375 0.1294478527607362 0.02517361111111111 0.07239263803680981
131 0.10199652777777778 0.36042944785276076 0.02517361111111111 0.054601226993865035
134 0.26171875 0.36134969325153377 0.02517361111111111 0.05766871165644172
133 0.3420138888888889 0.36134969325153377 0.022569444444444444 0.05276073619631902
133 0.421875 0.3610429447852761 0.026041666666666664 0.054601226993865035
131 0.7708333333333333 0.36595092024539877 0.024305555555555552 0.047239263803680986
130 0.26171875 0.4705521472392638 0.0234375 0.051533742331288344
132 0.14192708333333331 0.46840490797546014 0.02517361111111111 0.04601226993865031
131 0.02300347222222222 0.46809815950920247 0.02517361111111111 0.04539877300613497
140 0.06163194444444444 0.5941717791411043 0.026041666666666664 0.07668711656441718
136 0.3003472222222222 0.6006134969325154 0.022569444444444444 0.0588957055214724
133 0.4561631944444444 0.6015337423312884 0.030381944444444444 0.06073619631901841
22 0.5698784722222222 0.3717791411042945 0.0234375 0.030674846625766874
140 0.7317708333333333 0.5938650306748466 0.029513888888888888 0.0785276073619632
215 0.3016493055555555 0.1303680981595092 0.0234375 0.07055214723926381
215 0.3585069444444444 0.13128834355828223 0.022569444444444444 0.07116564417177915
216 0.3858506944444444 0.13098159509202456 0.021701388888888888 0.07300613496932516
215 0.4149305555555555 0.13128834355828223 0.022569444444444444 0.07484662576687116
216 0.4422743055555555 0.13006134969325153 0.0234375 0.07239263803680981
215 0.4696180555555555 0.13098159509202456 0.026041666666666664 0.07300613496932516
216 0.4969618055555555 0.12975460122699387 0.0234375 0.06932515337423313
215 0.5464409722222222 0.12975460122699387 0.02690972222222222 0.07177914110429448
216 0.5863715277777778 0.1303680981595092 0.028645833333333332 0.07300613496932516
215 0.6163194444444444 0.13006134969325153 0.024305555555555552 0.07484662576687116
216 0.6458333333333333 0.13098159509202456 0.027777777777777776 0.07423312883435583
215 0.6996527777777778 0.13067484662576687 0.026041666666666664 0.0736196319018405
216 0.732204861111111 0.12883435582822086 0.02690972222222222 0.07116564417177915
215 0.7621527777777778 0.13067484662576687 0.027777777777777776 0.0736196319018405
216 0.7899305555555555 0.13006134969325153 0.027777777777777776 0.0736196319018405
215 0.818142361111111 0.13067484662576687 0.021701388888888888 0.0736196319018405
216 0.8446180555555555 0.12975460122699387 0.022569444444444444 0.07177914110429448
215 0.8741319444444444 0.13006134969325153 0.026041666666666664 0.06993865030674846
215 0.9010416666666666 0.13098159509202456 0.022569444444444444 0.07300613496932516
134 0.4214409722222222 0.46134969325153374 0.021701388888888888 0.0588957055214724
131 0.6918402777777778 0.4687116564417178 0.024305555555555552 0.046625766871165646
132 0.8116319444444444 0.46840490797546014 0.022569444444444444 0.04601226993865031
130 0.9292534722222222 0.4705521472392638 0.0234375 0.049079754601226995
216 0.05034722222222222 0.1303680981595092 0.029513888888888888 0.07546012269938651
215 0.020833333333333332 0.12975460122699387 0.029513888888888888 0.07668711656441718
215 0.9301215277777777 0.13128834355828223 0.021701388888888888 0.07239263803680981
143 0.888454861111111 0.5776073619631902 0.0234375 0.07668711656441718
164 0.06380208333333333 0.6895705521472393 0.0234375 0.05644171779141104
163 0.10243055555555555 0.688957055214724 0.024305555555555552 0.05644171779141104
164 0.14105902777777776 0.6886503067484663 0.0234375 0.057055214723926384
163 0.1814236111111111 0.6895705521472393 0.020833333333333332 0.05766871165644172
163 0.22395833333333331 0.6895705521472393 0.029513888888888888 0.05521472392638037
162 0.2612847222222222 0.6901840490797546 0.022569444444444444 0.053987730061349694
163 0.3016493055555555 0.689877300613497 0.02517361111111111 0.054601226993865035
162 0.34027777777777773 0.6892638036809816 0.020833333333333332 0.05582822085889571
163 0.3845486111111111 0.6892638036809816 0.03125 0.054601226993865035
162 0.4188368055555555 0.6892638036809816 0.0234375 0.05582822085889571
163 0.45963541666666663 0.689877300613497 0.019965277777777776 0.054601226993865035
162 0.49869791666666663 0.6901840490797546 0.02517361111111111 0.053987730061349694
164 0.5750868055555555 0.6895705521472393 0.028645833333333332 0.05644171779141104
163 0.6119791666666666 0.688957055214724 0.022569444444444444 0.05644171779141104
164 0.6510416666666666 0.6895705521472393 0.022569444444444444 0.05644171779141104
163 0.6888020833333333 0.689877300613497 0.021701388888888888 0.05828220858895706
164 0.7330729166666666 0.6892638036809816 0.028645833333333332 0.057055214723926384
163 0.7690972222222222 0.6892638036809816 0.022569444444444444 0.057055214723926384
164 0.8081597222222222 0.6886503067484663 0.022569444444444444 0.05582822085889571
163 0.8467881944444444 0.6892638036809816 0.0234375 0.05828220858895706
163 0.890625 0.6901840490797546 0.029513888888888888 0.053987730061349694
162 0.9288194444444444 0.6895705521472393 0.024305555555555552 0.05644171779141104
163 0.9670138888888888 0.689877300613497 0.022569444444444444 0.057055214723926384
103 0.9279513888888888 0.37239263803680983 0.022569444444444444 0.05644171779141104
18 0.5243055555555556 0.9358895705521473 0.03125 0.010429447852760737
215 0.07725694444444443 0.12883435582822086 0.022569444444444444 0.07484662576687116
216 0.16145833333333331 0.13006134969325153 0.026041666666666664 0.0736196319018405
216 0.21918402777777776 0.12975460122699387 0.0234375 0.07300613496932516
216 0.2747395833333333 0.1303680981595092 0.02690972222222222 0.07300613496932516
216 0.3302951388888889 0.13128834355828223 0.021701388888888888 0.07239263803680981
216 0.958767361111111 0.13220858895705523 0.021701388888888888 0.07300613496932516
215 0.9856770833333333 0.1315950920245399 0.019965277777777776 0.07423312883435583
163 0.5004340277777778 0.3610429447852761 0.019965277777777776 0.054601226993865035
163 0.3828125 0.4622699386503068 0.029513888888888888 0.05582822085889571
173 0.9670138888888888 0.5785276073619632 0.027777777777777776 0.07607361963190185
215 0.13368055555555555 0.13098159509202456 0.022569444444444444 0.07300613496932516
15 0.3181423611111111 0.3699386503067485 0.019965277777777776 0.03190184049079755
17 0.39887152777777773 0.37147239263803683 0.019965277777777776 0.03496932515337423
163 0.022135416666666664 0.688957055214724 0.02517361111111111 0.05644171779141104
