12 0.222052067381317 0.08441558441558442 0.030627871362940276 0.0735930735930736
12 0.8568147013782542 0.08441558441558442 0.026033690658499236 0.0735930735930736
12 0.8568147013782542 0.47186147186147187 0.02909647779479326 0.0735930735930736
12 0.23889739663093415 0.47294372294372294 0.02450229709035222 0.0735930735930736
12 0.23813169984686064 0.6601731601731602 0.026033690658499236 0.0735930735930736
12 0.8560490045941808 0.6596320346320347 0.02450229709035222 0.07251082251082251
12 0.8537519142419602 0.8354978354978355 0.02909647779479326 0.0735930735930736
12 0.24042879019908117 0.83495670995671 0.02756508422664625 0.07034632034632035
97 0.09418070444104135 0.09632034632034632 0.04134762633996937 0.10173160173160173
131 0.27105666156202146 0.08116883116883117 0.036753445635528334 0.08225108225108226
132 0.3430321592649311 0.07900432900432901 0.033690658499234305 0.08441558441558442
133 0.4173047473200613 0.07738095238095238 0.03828483920367535 0.08982683982683982
134 0.49157733537519144 0.07413419913419914 0.033690658499234305 0.09415584415584416
135 0.5719754977029097 0.07196969696969698 0.04747320061255743 0.09848484848484848
132 0.6393568147013783 0.07251082251082251 0.03828483920367535 0.09956709956709957
78 0.29173047473200614 0.4734848484848485 0.04134762633996937 0.07683982683982683
77 0.5941807044410413 0.4772727272727273 0.042879019908116385 0.08441558441558442
82 0.4525267993874426 0.6417748917748918 0.0444104134762634 0.11038961038961038
103 0.2879019908116386 0.6704545454545454 0.036753445635528334 0.10281385281385282
136 0.09188361408882083 0.6612554112554112 0.030627871362940276 0.08008658008658008
101 0.09418070444104135 0.4675324675324675 0.03215926493108729 0.08874458874458875
15 0.5520673813169985 0.45454545454545453 0.02909647779479326 0.05411255411255411
15 0.14624808575803983 0.650974025974026 0.03215926493108729 0.048701298701298704
15 0.05819295558958652 0.7992424242424242 0.02756508422664625 0.050865800865800864
15 0.3399693721286371 0.8436147186147186 0.030627871362940276 0.050865800865800864
136 0.17457886676875958 0.8371212121212122 0.042879019908116385 0.08333333333333333
134 0.445635528330781 0.8262987012987013 0.036753445635528334 0.09199134199134198
136 0.5849923430321593 0.8365800865800865 0.033690658499234305 0.07792207792207792
137 0.6562021439509954 0.836038961038961 0.02909647779479326 0.07900432900432901
136 0.7289433384379785 0.8371212121212122 0.030627871362940276 0.08116883116883117
135 0.7947932618683002 0.8376623376623377 0.045941807044410414 0.08441558441558442
135 0.714395099540582 0.0735930735930736 0.03522205206738132 0.09956709956709957
134 0.7932618683001532 0.07305194805194805 0.033690658499234305 0.09848484848484848
132 0.2901990811638591 0.8300865800865801 0.04134762633996937 0.08658008658008658
133 0.3759571209800919 0.8284632034632035 0.03522205206738132 0.08766233766233766
109 0.7304747320061256 0.6466450216450217 0.036753445635528334 0.10064935064935066
135 0.1768759571209801 0.6655844155844156 0.03828483920367535 0.08441558441558442
138 0.09264931087289434 0.8322510822510822 0.02909647779479326 0.08874458874458875
135 0.5160796324655437 0.8257575757575758 0.033690658499234305 0.09740259740259741
