12 0.041666666666666664 0.14042357274401474 0.026041666666666664 0.05985267034990792
12 0.4388020833333333 0.13996316758747698 0.028645833333333332 0.06077348066298343
12 0.8561197916666666 0.13950276243093923 0.02734375 0.06353591160220995
12 0.8561197916666666 0.3623388581952118 0.02734375 0.061694290976058934
14 0.48046875 0.4677716390423573 0.018229166666666664 0.016574585635359115
12 0.037109375 0.36279926335174956 0.02734375 0.06261510128913444
12 0.4140625 0.36279926335174956 0.026041666666666664 0.06261510128913444
14 0.47916666666666663 0.2941988950276243 0.018229166666666664 0.011970534069981584
14 0.037109375 0.505524861878453 0.029947916666666664 0.06261510128913444
14 0.412109375 0.5050644567219154 0.02734375 0.061694290976058934
14 0.853515625 0.5059852670349908 0.029947916666666664 0.061694290976058934
14 0.8528645833333333 0.7302025782688767 0.041666666666666664 0.06261510128913444
14 0.8561197916666666 0.8724677716390424 0.03255208333333333 0.061694290976058934
14 0.23502604166666666 0.8720073664825047 0.03255208333333333 0.06077348066298343
14 0.234375 0.7292817679558011 0.0234375 0.06261510128913444
134 0.20638020833333331 0.13167587476979742 0.04036458333333333 0.07918968692449356
133 0.263671875 0.13351749539594843 0.03515625 0.08103130755064457
133 0.3255208333333333 0.13305709023941067 0.03645833333333333 0.08195211786372007
132 0.3880208333333333 0.13305709023941067 0.0390625 0.08195211786372007
112 0.3118489583333333 0.34208103130755063 0.03515625 0.11141804788213629
142 0.45182291666666663 0.3448434622467772 0.03645833333333333 0.10220994475138122
139 0.451171875 0.4990791896869245 0.03515625 0.08103130755064457
170 0.544921875 0.4953959484346225 0.045572916666666664 0.09023941068139964
20 0.064453125 0.837937384898711 0.029947916666666664 0.04972375690607735
17 0.3359375 0.6892265193370166 0.020833333333333332 0.04511970534069982
16 0.423828125 0.8733885819521179 0.022135416666666664 0.0432780847145488
16 0.4212239583333333 0.6832412523020258 0.024739583333333332 0.0423572744014733
134 0.13216145833333331 0.14825046040515655 0.04036458333333333 0.08103130755064457
133 0.47330729166666663 0.13305709023941067 0.037760416666666664 0.0837937384898711
134 0.537109375 0.13259668508287292 0.03515625 0.08103130755064457
142 0.06705729166666666 0.710865561694291 0.03515625 0.10128913443830571
141 0.158203125 0.7140883977900553 0.03515625 0.09484346224677717
140 0.2727864583333333 0.7186924493554329 0.03255208333333333 0.08747697974217311
139 0.4563802083333333 0.7209944751381215 0.03255208333333333 0.08287292817679558
137 0.5208333333333333 0.7288213627992634 0.033854166666666664 0.06537753222836096
135 0.5852864583333333 0.7320441988950277 0.037760416666666664 0.0718232044198895
139 0.6666666666666666 0.7219152854511971 0.033854166666666664 0.08103130755064457
137 0.7330729166666666 0.7306629834254144 0.03645833333333333 0.06721915285451198
135 0.796875 0.7325046040515654 0.0390625 0.070902394106814
104 0.6373697916666666 0.1477900552486188 0.03515625 0.08195211786372007
105 0.791015625 0.143646408839779 0.03255208333333333 0.07550644567219153
110 0.7578125 0.34898710865561694 0.03645833333333333 0.0994475138121547
110 0.642578125 0.3476058931860037 0.03515625 0.09484346224677717
112 0.19661458333333331 0.34208103130755063 0.033854166666666664 0.11141804788213629
109 0.07421875 0.35267034990791896 0.033854166666666664 0.09208103130755065
104 0.07421875 0.5138121546961326 0.03645833333333333 0.0847145488029466
109 0.1953125 0.4953959484346225 0.03645833333333333 0.09208103130755065
109 0.3079427083333333 0.49585635359116026 0.037760416666666664 0.08931860036832413
107 0.6419270833333333 0.5027624309392266 0.03645833333333333 0.07366482504604052
107 0.7552083333333333 0.503683241252302 0.03645833333333333 0.0718232044198895
101 0.6673177083333333 0.8697053406998159 0.03515625 0.07274401473296502
102 0.4583333333333333 0.8655616942909761 0.03645833333333333 0.08103130755064457
97 0.27604166666666663 0.8830570902394107 0.0390625 0.09023941068139964
139 0.3606770833333333 0.7223756906077349 0.041666666666666664 0.08195211786372007
135 0.07421875 0.1468692449355433 0.033854166666666664 0.08011049723756906
