12 0.8564814814814814 0.19435351882160393 0.027777777777777776 0.05482815057283143
12 0.8530092592592592 0.3391980360065467 0.037037037037037035 0.05319148936170213
12 0.8564814814814814 0.4844517184942717 0.034722222222222224 0.05728314238952537
12 0.8564814814814814 0.6297054009819968 0.037037037037037035 0.05482815057283143
12 0.8564814814814814 0.7753682487725041 0.032407407407407406 0.05646481178396072
12 0.8524305555555555 0.9198036006546645 0.03819444444444444 0.05564648117839607
20 0.5868055555555555 0.19312602291325698 0.027777777777777776 0.0425531914893617
20 0.5856481481481481 0.3342880523731588 0.03009259259259259 0.041734860883797055
20 0.5862268518518519 0.48199672667757776 0.03125 0.03927986906710311
20 0.5862268518518519 0.6288870703764321 0.028935185185185182 0.043371522094926354
20 0.5862268518518519 0.7745499181669395 0.028935185185185182 0.046644844517184945
20 0.5873842592592592 0.9193944353518823 0.03125 0.045008183306055646
108 0.30613425925925924 0.7692307692307693 0.03125 0.07201309328968904
112 0.30844907407407407 0.6100654664484452 0.03356481481481481 0.09901800327332243
114 0.30729166666666663 0.45867430441898527 0.03587962962962963 0.11211129296235679
114 0.30787037037037035 0.3142389525368249 0.037037037037037035 0.11292962356792144
94 0.30902777777777773 0.9390343698854338 0.032407407407407406 0.10065466448445172
114 0.30787037037037035 0.16734860883797054 0.032407407407407406 0.1104746317512275
