14 0.3453292496171516 0.41504329004329005 0.022970903522205207 0.01406926406926407
12 0.14777947932618685 0.06277056277056277 0.03215926493108729 0.07142857142857142
12 0.9548238897396631 0.0633116883116883 0.026033690658499236 0.07251082251082251
12 0.9571209800918836 0.44155844155844154 0.030627871362940276 0.0735930735930736
12 0.14777947932618685 0.4420995670995671 0.026033690658499236 0.07251082251082251
12 0.14548238897396631 0.8203463203463204 0.030627871362940276 0.0735930735930736
12 0.9555895865237366 0.8198051948051948 0.03981623277182236 0.07467532467532467
131 0.3238897396630934 0.0633116883116883 0.056661562021439515 0.07467532467532467
138 0.5191424196018377 0.061147186147186144 0.036753445635528334 0.0854978354978355
138 0.7373660030627872 0.060064935064935064 0.04134762633996937 0.08333333333333333
77 0.3093415007656968 0.4431818181818182 0.03981623277182236 0.08333333333333333
136 0.3108728943338438 0.8208874458874459 0.042879019908116385 0.07683982683982683
136 0.5176110260336907 0.8241341991341992 0.036753445635528334 0.08766233766233766
133 0.6202143950995406 0.8300865800865801 0.0551301684532925 0.09740259740259741
136 0.7350689127105666 0.8252164502164502 0.03981623277182236 0.08766233766233766
133 0.8583460949464012 0.8300865800865801 0.053598774885145486 0.09956709956709957
21 0.42496171516079634 0.06385281385281386 0.03522205206738132 0.03463203463203463
21 0.6309341500765697 0.06439393939393939 0.036753445635528334 0.03787878787878788
21 0.8675344563552834 0.06493506493506493 0.03522205206738132 0.03896103896103896
27 0.1998468606431853 0.44264069264069267 0.08116385911179173 0.07575757575757576
26 0.20444104134762633 0.8154761904761905 0.0781010719754977 0.1396103896103896
138 0.41577335375191427 0.8143939393939394 0.04747320061255743 0.0854978354978355
15 0.383614088820827 0.7835497835497836 0.03522205206738132 0.05627705627705628
14 0.3453292496171516 0.41504329004329005 0.02909647779479326 0.020562770562770564
