12 0.045572916666666664 0.17453987730061352 0.019965277777777776 0.04110429447852761
12 0.8546006944444444 0.17453987730061352 0.019965277777777776 0.04110429447852761
12 0.85546875 0.2914110429447853 0.019965277777777776 0.04171779141104295
12 0.85546875 0.4171779141104295 0.018229166666666664 0.04171779141104295
12 0.8541666666666666 0.5193251533742331 0.01909722222222222 0.04233128834355829
12 0.046875 0.4177914110429448 0.022569444444444444 0.04171779141104295
12 0.047309027777777776 0.5187116564417178 0.0234375 0.04233128834355829
12 0.09852430555555555 0.7680981595092025 0.0234375 0.04171779141104295
12 0.8541666666666666 0.7687116564417178 0.022569444444444444 0.04294478527607362
12 0.85546875 0.8702453987730062 0.021701388888888888 0.04233128834355829
12 0.09678819444444443 0.8702453987730062 0.021701388888888888 0.04233128834355829
14 0.15451388888888887 0.8751533742331289 0.013888888888888888 0.007975460122699387
14 0.1540798611111111 0.8855828220858897 0.011284722222222222 0.007975460122699387
14 0.2890625 0.885276073619632 0.010416666666666666 0.00736196319018405
14 0.42578125 0.8754601226993866 0.013020833333333332 0.008588957055214725
14 0.5607638888888888 0.885276073619632 0.010416666666666666 0.00736196319018405
14 0.743923611111111 0.8650306748466258 0.010416666666666666 0.00736196319018405
134 0.18055555555555555 0.18374233128834358 0.024305555555555552 0.06196319018404908
135 0.2795138888888889 0.18282208588957055 0.022569444444444444 0.060122699386503074
133 0.3823784722222222 0.18159509202453988 0.03211805555555555 0.0588957055214724
134 0.4952256944444444 0.1687116564417178 0.03211805555555555 0.05766871165644172
132 0.5972222222222222 0.17085889570552149 0.024305555555555552 0.054601226993865035
133 0.693142361111111 0.17116564417177915 0.02517361111111111 0.049079754601226995
130 0.7764756944444444 0.17515337423312885 0.030381944444444444 0.05337423312883436
135 0.7725694444444444 0.299079754601227 0.03125 0.05950920245398773
135 0.6519097222222222 0.30000000000000004 0.03125 0.0588957055214724
133 0.1796875 0.28588957055214725 0.022569444444444444 0.053987730061349694
166 0.38541666666666663 0.4226993865030675 0.022569444444444444 0.05521472392638037
22 0.13324652777777776 0.7739263803680982 0.02517361111111111 0.03374233128834356
15 0.6106770833333333 0.7745398773006136 0.019965277777777776 0.03374233128834356
17 0.7044270833333333 0.7745398773006136 0.014756944444444444 0.03374233128834356
163 0.685329861111111 0.8650306748466258 0.030381944444444444 0.05644171779141104
130 0.5460069444444444 0.8720858895705522 0.024305555555555552 0.04846625766871166
136 0.4917534722222222 0.42361963190184054 0.02517361111111111 0.05950920245398773
134 0.6475694444444444 0.4260736196319019 0.022569444444444444 0.06073619631901841
134 0.7291666666666666 0.4269938650306749 0.027777777777777776 0.06257668711656442
128 0.2803819444444444 0.5273006134969326 0.026041666666666664 0.05950920245398773
128 0.3862847222222222 0.5263803680981596 0.029513888888888888 0.060122699386503074
132 0.6510416666666666 0.5187116564417178 0.022569444444444444 0.04601226993865031
132 0.7747395833333333 0.5180981595092025 0.02690972222222222 0.049693251533742336
131 0.3615451388888889 0.7622699386503068 0.0234375 0.05337423312883436
134 0.5451388888888888 0.7631901840490798 0.024305555555555552 0.05644171779141104
133 0.6375868055555555 0.7634969325153375 0.0234375 0.05582822085889571
133 0.7261284722222222 0.7634969325153375 0.02517361111111111 0.05582822085889571
131 0.27213541666666663 0.8702453987730062 0.02517361111111111 0.04601226993865031
133 0.4092881944444444 0.8708588957055216 0.021701388888888888 0.04601226993865031
134 0.7269965277777778 0.8638036809815951 0.019965277777777776 0.05766871165644172
164 0.4895833333333333 0.3012269938650307 0.022569444444444444 0.06134969325153375
163 0.5421006944444444 0.2996932515337423 0.0234375 0.06196319018404908
161 0.08116319444444443 0.5196319018404908 0.02690972222222222 0.04539877300613497
162 0.1310763888888889 0.5196319018404908 0.020833333333333332 0.04539877300613497
159 0.1796875 0.5236196319018406 0.024305555555555552 0.05582822085889571
130 0.23263888888888887 0.5217791411042945 0.024305555555555552 0.049693251533742336
161 0.49435763888888884 0.5196319018404908 0.02517361111111111 0.04294478527607362
160 0.5442708333333333 0.5217791411042945 0.024305555555555552 0.049693251533742336
163 0.8172743055555555 0.7631901840490798 0.019965277777777776 0.05644171779141104
134 0.59375 0.2996932515337423 0.029513888888888888 0.06319018404907976
165 0.4353298611111111 0.42361963190184054 0.02517361111111111 0.057055214723926384
165 0.5950520833333333 0.4248466257668712 0.019965277777777776 0.05950920245398773
131 0.5963541666666666 0.5187116564417178 0.024305555555555552 0.04478527607361964
