12 0.5658499234303216 0.21915584415584416 0.026033690658499236 0.07251082251082251
12 0.5643185298621746 0.4069264069264069 0.03215926493108729 0.07142857142857142
12 0.5666156202143952 0.5806277056277056 0.02756508422664625 0.07251082251082251
137 0.20290964777947934 0.408008658008658 0.05053598774885146 0.08008658008658008
136 0.13629402756508424 0.4107142857142857 0.033690658499234305 0.08766233766233766
135 0.06584992343032159 0.41233766233766234 0.033690658499234305 0.09090909090909091
133 0.3545176110260337 0.4015151515151515 0.03522205206738132 0.09090909090909091
134 0.4310872894333844 0.3977272727272727 0.03522205206738132 0.09199134199134198
135 0.5007656967840736 0.3961038961038961 0.036753445635528334 0.09956709956709957
83 0.6186830015313936 0.19913419913419914 0.04900459418070444 0.12121212121212122
82 0.9019908116385912 0.20238095238095238 0.045941807044410414 0.11038961038961038
136 0.8238897396630934 0.4107142857142857 0.045941807044410414 0.0854978354978355
135 0.7588055130168454 0.4128787878787879 0.03215926493108729 0.08766233766233766
134 0.6845329249617151 0.413961038961039 0.036753445635528334 0.09415584415584416
105 0.6140888208269526 0.5871212121212122 0.033690658499234305 0.0854978354978355
107 0.7588055130168454 0.577922077922078 0.03215926493108729 0.08658008658008658
108 0.8981623277182236 0.573051948051948 0.03522205206738132 0.09415584415584416
106 0.4280245022970904 0.5811688311688312 0.03215926493108729 0.07792207792207792
104 0.28177641653905056 0.5909090909090909 0.033690658499234305 0.09523809523809523
105 0.14012251148545177 0.586038961038961 0.03215926493108729 0.0854978354978355
107 0.11408882082695253 0.9621212121212122 0.04134762633996937 0.07575757575757576
138 0.7044410413476264 0.9615800865800865 0.033690658499234305 0.07683982683982683
139 0.7771822358346095 0.9572510822510822 0.03828483920367535 0.0854978354978355
140 0.8621745788667688 0.9518398268398268 0.03981623277182236 0.09632034632034632
139 0.939509954058193 0.9577922077922078 0.04134762633996937 0.08441558441558442
15 0.24808575803981625 0.42478354978354976 0.033690658499234305 0.050865800865800864
15 0.9532924961715161 0.4253246753246753 0.03215926493108729 0.049783549783549784
17 0.601071975497703 0.9242424242424242 0.02909647779479326 0.05194805194805195
131 0.9027565084226646 0.40476190476190477 0.0444104134762634 0.07792207792207792
139 0.6339969372128638 0.9572510822510822 0.033690658499234305 0.0854978354978355
132 0.2856049004594181 0.4036796536796537 0.03828483920367535 0.08658008658008658
133 0.6140888208269526 0.4172077922077922 0.036753445635528334 0.10064935064935066
132 0.9854517611026035 0.40205627705627706 0.02909647779479326 0.08333333333333333
