12 0.18223583460949463 0.20454545454545456 0.02756508422664625 0.0735930735930736
12 0.8545176110260337 0.20346320346320346 0.02756508422664625 0.0735930735930736
12 0.8575803981623278 0.5735930735930735 0.03981623277182236 0.07575757575757576
12 0.8552833078101072 0.9415584415584416 0.03522205206738132 0.07142857142857142
12 0.277947932618683 0.9426406926406926 0.03828483920367535 0.07142857142857142
102 0.042879019908116385 0.1958874458874459 0.036753445635528334 0.09307359307359307
106 0.23583460949464014 0.204004329004329 0.03981623277182236 0.07900432900432901
136 0.38667687595712097 0.20995670995670995 0.04134762633996937 0.08658008658008658
105 0.4770290964777948 0.2077922077922078 0.03828483920367535 0.08441558441558442
104 0.6271056661562022 0.2115800865800866 0.04134762633996937 0.09199134199134198
75 0.10566615620214395 0.5827922077922078 0.03981623277182236 0.09632034632034632
21 0.3950995405819296 0.5735930735930735 0.033690658499234305 0.03896103896103896
19 0.08499234303215927 0.9383116883116883 0.053598774885145486 0.021645021645021644
21 0.5375191424196019 0.9437229437229437 0.030627871362940276 0.03896103896103896
19 0.332312404287902 0.939935064935065 0.05206738131699847 0.024891774891774892
133 0.7879019908116386 0.19642857142857142 0.06278713629402757 0.09415584415584416
133 0.5160796324655437 0.5643939393939394 0.045941807044410414 0.09632034632034632
133 0.6316998468606432 0.564935064935065 0.04134762633996937 0.09740259740259741
133 0.7503828483920368 0.5633116883116883 0.03981623277182236 0.09632034632034632
133 0.6332312404287902 0.9329004329004329 0.05972434915773354 0.09523809523809523
102 0.7197549770290965 0.9345238095238095 0.03981623277182236 0.09632034632034632
