14 0.9578866768759572 0.672077922077922 0.01990811638591118 0.012987012987012988
26 0.19601837672281777 0.30898268398268397 0.07044410413476264 0.13528138528138528
26 0.19525267993874426 0.678030303030303 0.06891271056661562 0.13744588744588745
106 0.41577335375191427 0.3116883116883117 0.03828483920367535 0.08008658008658008
136 0.611791730474732 0.31385281385281383 0.03828483920367535 0.08874458874458875
105 0.7258805513016846 0.31655844155844154 0.03981623277182236 0.0854978354978355
104 0.9249617151607964 0.32142857142857145 0.042879019908116385 0.09740259740259741
21 0.5819295558958653 0.6829004329004329 0.036753445635528334 0.0367965367965368
133 0.6615620214395099 0.6726190476190477 0.04900459418070444 0.09848484848484848
133 0.7350689127105666 0.6731601731601732 0.042879019908116385 0.09523809523809523
134 0.8131699846860644 0.670995670995671 0.03981623277182236 0.10173160173160173
103 0.9280245022970904 0.6937229437229437 0.042879019908116385 0.1038961038961039
14 0.9594180704441042 0.672077922077922 0.026033690658499236 0.023809523809523808
