12 0.14624808575803983 0.1747835497835498 0.022970903522205207 0.07467532467532467
12 0.8782542113323124 0.17424242424242425 0.01990811638591118 0.0735930735930736
12 0.8782542113323124 0.362012987012987 0.026033690658499236 0.07034632034632035
12 0.14777947932618685 0.3625541125541126 0.022970903522205207 0.0735930735930736
12 0.14854517611026033 0.5508658008658008 0.02450229709035222 0.0735930735930736
12 0.877488514548239 0.5503246753246753 0.030627871362940276 0.07251082251082251
12 0.877488514548239 0.7386363636363636 0.030627871362940276 0.07251082251082251
12 0.877488514548239 0.9274891774891775 0.030627871362940276 0.0735930735930736
12 0.14701378254211334 0.7380952380952381 0.02756508422664625 0.0735930735930736
12 0.14777947932618685 0.928030303030303 0.03215926493108729 0.07251082251082251
26 0.19601837672281777 0.17857142857142858 0.06125574272588055 0.11255411255411256
26 0.19448698315467075 0.3647186147186147 0.06125574272588055 0.11255411255411256
26 0.19678407350689128 0.5508658008658008 0.07197549770290965 0.11688311688311688
26 0.19678407350689128 0.7413419913419913 0.06891271056661562 0.10822510822510822
26 0.19601837672281777 0.928030303030303 0.06738131699846861 0.11147186147186147
15 0.2618683001531394 0.13852813852813853 0.033690658499234305 0.05194805194805195
15 0.2649310872894334 0.3262987012987013 0.033690658499234305 0.05303030303030303
18 0.5781010719754978 0.16071428571428573 0.056661562021439515 0.020562770562770564
18 0.5750382848392037 0.35064935064935066 0.0444104134762634 0.021645021645021644
19 0.5872894333843798 0.5465367965367965 0.056661562021439515 0.021645021645021644
19 0.9402756508422665 0.5481601731601732 0.05206738131699847 0.020562770562770564
19 0.3415007656967841 0.922077922077922 0.05206738131699847 0.023809523809523808
71 0.3430321592649311 0.7424242424242424 0.0551301684532925 0.08658008658008658
99 0.5834609494640123 0.7435064935064936 0.03981623277182236 0.08874458874458875
101 0.7373660030627872 0.7337662337662337 0.03828483920367535 0.08874458874458875
104 0.9372128637059725 0.7494588744588745 0.03981623277182236 0.09632034632034632
97 0.5819295558958653 0.9388528138528138 0.03981623277182236 0.10714285714285714
99 0.7366003062787136 0.9312770562770563 0.036753445635528334 0.08333333333333333
99 0.9387442572741195 0.9312770562770563 0.036753445635528334 0.0854978354978355
73 0.34762633996937214 0.545995670995671 0.04900459418070444 0.0854978354978355
