12 0.6768759571209801 0.900974025974026 0.02450229709035222 0.07251082251082251
12 0.6761102603369066 0.21807359307359309 0.022970903522205207 0.07034632034632035
12 0.6768759571209801 0.8068181818181818 0.02450229709035222 0.07251082251082251
12 0.06814701378254212 0.9015151515151515 0.01990811638591118 0.07575757575757576
12 0.06814701378254212 0.22023809523809523 0.01990811638591118 0.07467532467532467
12 0.06814701378254212 0.8041125541125541 0.022970903522205207 0.07575757575757576
136 0.5980091883614089 0.2196969696969697 0.04134762633996937 0.07575757575757576
138 0.6439509954058193 0.21753246753246752 0.05053598774885146 0.09090909090909091
138 0.6416539050535988 0.3143939393939394 0.05206738131699847 0.08766233766233766
138 0.8958652373660031 0.6076839826839827 0.045941807044410414 0.08982683982683982
136 0.6393568147013783 0.7132034632034632 0.05972434915773354 0.09740259740259741
17 0.7557427258805514 0.7148268398268398 0.026033690658499236 0.08116883116883117
17 0.7534456355283308 0.6179653679653679 0.02756508422664625 0.08658008658008658
18 0.3652373660030628 0.7927489177489178 0.06278713629402757 0.024891774891774892
18 0.3629402756508423 0.8896103896103896 0.07044410413476264 0.02813852813852814
18 0.3652373660030628 0.9837662337662337 0.07197549770290965 0.021645021645021644
18 0.9777947932618684 0.7884199134199135 0.0444104134762634 0.02922077922077922
18 0.9785604900459418 0.8863636363636364 0.042879019908116385 0.023809523809523808
18 0.9777947932618684 0.9832251082251082 0.0444104134762634 0.022727272727272728
79 0.110260336906585 0.21482683982683984 0.042879019908116385 0.0854978354978355
79 0.10949464012251149 0.31222943722943725 0.04134762633996937 0.0854978354978355
79 0.1110260336906585 0.40584415584415584 0.0444104134762634 0.0735930735930736
79 0.10796324655436447 0.5070346320346321 0.03522205206738132 0.08766233766233766
136 0.030627871362940276 0.22943722943722944 0.045941807044410414 0.09523809523809523
