12 0.2726864330637916 0.36698412698412697 0.01886792452830189 0.044444444444444446
12 0.27358490566037735 0.24444444444444444 0.020664869721473494 0.044444444444444446
12 0.27358490566037735 0.12063492063492064 0.022461814914645106 0.04317460317460317
12 0.27358490566037735 0.613015873015873 0.022461814914645106 0.04507936507936508
12 0.27358490566037735 0.49047619047619045 0.022461814914645106 0.04507936507936508
12 0.27403414195867026 0.8587301587301587 0.0215633423180593 0.04253968253968254
12 0.27403414195867026 0.7361904761904762 0.02336028751123091 0.04380952380952381
14 0.3203054806828392 0.966031746031746 0.011680143755615454 0.008253968253968253
12 0.8530997304582211 0.613015873015873 0.020664869721473494 0.04507936507936508
12 0.8535489667565139 0.7358730158730159 0.0215633423180593 0.044444444444444446
12 0.8535489667565139 0.48984126984126986 0.0215633423180593 0.04507936507936508
12 0.8539982030548069 0.8587301587301587 0.020664869721473494 0.04380952380952381
12 0.8539982030548069 0.36698412698412697 0.020664869721473494 0.044444444444444446
12 0.8544474393530997 0.12158730158730159 0.0215633423180593 0.04634920634920635
12 0.8548966756513927 0.24444444444444444 0.022461814914645106 0.045714285714285714
18 0.5646900269541779 0.11301587301587301 0.02964959568733154 0.013968253968253968
18 0.5664869721473496 0.23587301587301587 0.02425876010781671 0.012063492063492064
18 0.5669362084456424 0.3584126984126984 0.030548068283917342 0.012063492063492064
18 0.5673854447439354 0.48063492063492064 0.033243486073674756 0.015238095238095238
18 0.5669362084456424 0.6041269841269842 0.026954177897574125 0.012063492063492064
18 0.5660377358490566 0.726984126984127 0.026954177897574125 0.013968253968253968
18 0.5660377358490566 0.8498412698412698 0.026954177897574125 0.013333333333333332
14 0.3216531895777179 0.9647619047619047 0.014375561545372867 0.013333333333333332
