12 0.611791730474732 0.06222943722943723 0.026033690658499236 0.07900432900432901
12 0.6094946401225115 0.8203463203463204 0.02756508422664625 0.0735930735930736
12 0.611791730474732 0.44155844155844154 0.022970903522205207 0.07575757575757576
14 0.7021439509954058 0.43398268398268397 0.016845329249617153 0.015151515151515152
14 0.0444104134762634 0.43344155844155846 0.018376722817764167 0.01406926406926407
21 0.11485451761102604 0.06168831168831169 0.036753445635528334 0.03896103896103896
21 0.3453292496171516 0.061147186147186144 0.03828483920367535 0.03354978354978355
21 0.5336906584992344 0.0633116883116883 0.03828483920367535 0.03571428571428571
21 0.7733537519142419 0.0633116883116883 0.042879019908116385 0.03354978354978355
21 0.9563552833078102 0.06277056277056277 0.03522205206738132 0.0367965367965368
21 0.11485451761102604 0.8187229437229437 0.03981623277182236 0.03571428571428571
19 0.8683001531393568 0.8187229437229437 0.0551301684532925 0.027056277056277056
105 0.6722817764165391 0.8225108225108225 0.042879019908116385 0.08658008658008658
135 0.34226646248085757 0.8284632034632035 0.053598774885145486 0.09632034632034632
134 0.20750382848392038 0.8317099567099567 0.03828483920367535 0.09848484848484848
133 0.03215926493108729 0.05357142857142857 0.06125574272588055 0.09632034632034632
133 0.6852986217457887 0.05303030303030303 0.06278713629402757 0.09523809523809523
138 0.8644716692189893 0.058982683982683984 0.0444104134762634 0.0854978354978355
75 0.6699846860643186 0.45346320346320346 0.03828483920367535 0.10173160173160173
105 0.44104134762634 0.8241341991341992 0.042879019908116385 0.08766233766233766
14 0.7044410413476264 0.43344155844155846 0.030627871362940276 0.0183982683982684
