12 0.35987748851454826 0.7656926406926406 0.018376722817764167 0.07900432900432901
12 0.3614088820826953 0.3392857142857143 0.018376722817764167 0.07900432900432901
12 0.36064318529862177 0.5281385281385281 0.022970903522205207 0.07575757575757576
0 0.5053598774885145 0.31764069264069267 0.08575803981623277 0.08116883116883117
0 0.5053598774885145 0.5243506493506493 0.08575803981623277 0.08333333333333333
134 0.6845329249617151 0.5119047619047619 0.05206738131699847 0.10822510822510822
135 0.7488514548238898 0.512987012987013 0.042879019908116385 0.10173160173160173
133 0.8101071975497703 0.5151515151515151 0.03981623277182236 0.10173160173160173
131 0.8736600306278715 0.5173160173160173 0.04134762633996937 0.09740259740259741
131 0.945635528330781 0.527056277056277 0.05053598774885146 0.08008658008658008
141 0.6784073506891272 0.32142857142857145 0.03981623277182236 0.11255411255411256
142 0.7473200612557428 0.31655844155844154 0.042879019908116385 0.12012987012987013
140 0.8085758039816233 0.32521645021645024 0.042879019908116385 0.10497835497835498
18 0.8644716692189893 0.7494588744588745 0.04747320061255743 0.0183982683982684
26 0.4096477794793262 0.3392857142857143 0.07197549770290965 0.12445887445887446
26 0.40888208269525267 0.5481601731601732 0.06125574272588055 0.1331168831168831
26 0.4127105666156202 0.7667748917748918 0.07503828483920368 0.1266233766233766
138 0.94104134762634 0.3354978354978355 0.03828483920367535 0.08658008658008658
138 0.8667687595712098 0.3327922077922078 0.042879019908116385 0.0854978354978355
