12 0.24119448698315468 0.7007575757575758 0.022970903522205207 0.07900432900432901
12 0.2419601837672282 0.5384199134199135 0.021439509954058193 0.07683982683982683
12 0.24119448698315468 0.375 0.022970903522205207 0.07900432900432901
14 0.2519142419601838 0.31547619047619047 0.013782542113323125 0.007575757575757576
12 0.033690658499234305 0.09036796536796536 0.02450229709035222 0.07683982683982683
12 0.44946401225114857 0.9193722943722944 0.026033690658499236 0.06385281385281386
12 0.6408882082695253 0.09090909090909091 0.022970903522205207 0.0735930735930736
12 0.7411944869831547 0.7007575757575758 0.02756508422664625 0.07467532467532467
12 0.7404287901990811 0.5411255411255411 0.022970903522205207 0.06277056277056277
12 0.7404287901990811 0.375 0.022970903522205207 0.07900432900432901
12 0.8016845329249618 0.9182900432900433 0.022970903522205207 0.06385281385281386
12 0.09724349157733538 0.9177489177489178 0.01990811638591118 0.06277056277056277
123 0.08499234303215927 0.12716450216450217 0.056661562021439515 0.1461038961038961
123 0.2228177641653905 0.12716450216450217 0.04747320061255743 0.1461038961038961
123 0.36983154670750384 0.12716450216450217 0.06278713629402757 0.1461038961038961
123 0.5107197549770292 0.1266233766233766 0.05053598774885146 0.1471861471861472
123 0.6914241960183768 0.12824675324675325 0.05972434915773354 0.14826839826839827
123 0.8315467075038285 0.12716450216450217 0.04900459418070444 0.14826839826839827
73 0.2986217457886677 0.36904761904761907 0.03981623277182236 0.08225108225108226
19 0.5283307810107197 0.3306277056277056 0.06125574272588055 0.027056277056277056
18 0.9241960183767228 0.3398268398268398 0.05972434915773354 0.021645021645021644
18 0.9747320061255743 0.8852813852813853 0.05053598774885146 0.025974025974025976
18 0.6240428790199082 0.8869047619047619 0.056661562021439515 0.022727272727272728
18 0.2741194486983155 0.8863636363636364 0.06125574272588055 0.01948051948051948
130 0.1546707503828484 0.09740259740259741 0.036753445635528334 0.08658008658008658
130 0.2986217457886677 0.09686147186147186 0.036753445635528334 0.0854978354978355
130 0.439509954058193 0.09577922077922078 0.03981623277182236 0.08333333333333333
130 0.5826952526799387 0.09632034632034632 0.04134762633996937 0.08874458874458875
130 0.7633996937212864 0.09577922077922078 0.03522205206738132 0.0854978354978355
130 0.9088820826952527 0.09577922077922078 0.03828483920367535 0.0854978354978355
136 0.055895865237366005 0.3782467532467532 0.03828483920367535 0.08766233766233766
137 0.15084226646248086 0.375 0.05053598774885146 0.08116883116883117
127 0.05742725880551302 0.7186147186147186 0.04134762633996937 0.11038961038961038
130 0.16003062787136293 0.7045454545454546 0.03828483920367535 0.08658008658008658
129 0.9754977029096478 0.09848484848484848 0.04900459418070444 0.09307359307359307
