18 0.8537519142419602 0.055735930735930736 0.06891271056661562 0.0183982683982684
18 0.8545176110260337 0.13257575757575757 0.06125574272588055 0.022727272727272728
18 0.8514548238897397 0.20562770562770563 0.05819295558958652 0.02813852813852814
18 0.8537519142419602 0.28625541125541126 0.07197549770290965 0.024891774891774892
19 0.8660030627871363 0.3695887445887446 0.06278713629402757 0.027056277056277056
20 0.7174578866768759 0.37445887445887444 0.03522205206738132 0.05844155844155844
20 0.7833078101071976 0.3717532467532468 0.03522205206738132 0.05952380952380952
75 0.723583460949464 0.5687229437229437 0.0444104134762634 0.09632034632034632
100 0.8575803981623278 0.5595238095238095 0.042879019908116385 0.08008658008658008
14 0.7641653905053599 0.4383116883116883 0.030627871362940276 0.023809523809523808
