12 0.2113323124042879 0.420995670995671 0.021439509954058193 0.07575757575757576
12 0.21669218989280245 0.050865800865800864 0.022970903522205207 0.0735930735930736
12 0.8560490045941808 0.050865800865800864 0.021439509954058193 0.08008658008658008
12 0.8583460949464012 0.79004329004329 0.022970903522205207 0.07575757575757576
14 0.31316998468606433 0.04220779220779221 0.01990811638591118 0.015151515151515152
12 0.023736600306278714 0.7895021645021645 0.026033690658499236 0.07467532467532467
13 0.8522205206738132 0.4193722943722944 0.03215926493108729 0.07467532467532467
104 0.05742725880551302 0.05735930735930736 0.03828483920367535 0.09090909090909091
76 0.2787136294027565 0.057900432900432904 0.03981623277182236 0.09199134199134198
133 0.6110260336906586 0.4101731601731602 0.05206738131699847 0.09523809523809523
133 0.501531393568147 0.7792207792207793 0.056661562021439515 0.09523809523809523
133 0.6125574272588056 0.7786796536796536 0.03981623277182236 0.09632034632034632
21 0.3767228177641654 0.7895021645021645 0.033690658499234305 0.03571428571428571
21 0.5290964777947933 0.42153679653679654 0.03522205206738132 0.04004329004329004
19 0.28024502297090353 0.413961038961039 0.0551301684532925 0.022727272727272728
20 0.03598774885145482 0.4155844155844156 0.03522205206738132 0.05194805194805195
20 0.6960183767228177 0.04816017316017316 0.03522205206738132 0.05519480519480519
15 0.21745788667687596 0.3463203463203463 0.03981623277182236 0.05627705627705628
15 0.8453292496171516 0.6937229437229437 0.03981623277182236 0.06060606060606061
133 0.6860643185298622 0.4101731601731602 0.03981623277182236 0.09523809523809523
133 0.7664624808575804 0.41125541125541126 0.04134762633996937 0.09956709956709957
134 0.7335375191424196 0.7792207792207793 0.03981623277182236 0.09956709956709957
74 0.08652373660030628 0.7824675324675324 0.04134762633996937 0.09307359307359307
14 0.31316998468606433 0.04112554112554113 0.026033690658499236 0.021645021645021644
