12 0.1429398148148148 0.4009819967266776 0.019675925925925923 0.05400981996726678
12 0.1429398148148148 0.11170212765957448 0.019675925925925923 0.05482815057283143
12 0.14351851851851852 0.25531914893617025 0.020833333333333332 0.05400981996726678
105 0.3211805555555555 0.1137479541734861 0.03125 0.06546644844517185
98 0.32233796296296297 0.2602291325695581 0.03356481481481481 0.07037643207855974
98 0.32175925925925924 0.40589198036006546 0.03009259259259259 0.07037643207855974
21 0.4699074074074074 0.5462356792144026 0.02546296296296296 0.03191489361702128
21 0.9363425925925926 0.5458265139116203 0.02546296296296296 0.029459901800327332
20 0.9340277777777777 0.6873977086743045 0.023148148148148147 0.04091653027823241
20 0.6180555555555555 0.8334697217675942 0.023148148148148147 0.04009819967266776
20 0.6186342592592592 0.39852700490998366 0.028935185185185182 0.0425531914893617
20 0.6174768518518519 0.251227495908347 0.028935185185185182 0.0458265139116203
20 0.6192129629629629 0.10556464811783961 0.02546296296296296 0.03764320785597382
20 0.9351851851851851 0.10761047463175123 0.023148148148148147 0.04009819967266776
20 0.9357638888888888 0.25245499181669395 0.024305555555555552 0.04009819967266776
19 0.9403935185185185 0.3960720130932897 0.03819444444444444 0.01309328968903437
16 0.23263888888888887 0.11415711947626841 0.023148148148148147 0.038461538461538464
16 0.2332175925925926 0.2602291325695581 0.02199074074074074 0.03764320785597382
16 0.23263888888888887 0.4046644844517185 0.023148148148148147 0.036824877250409165
16 0.18287037037037035 0.10883797054009821 0.05555555555555555 0.060556464811783964
16 0.18229166666666666 0.25368248772504093 0.05439814814814815 0.05728314238952537
16 0.17766203703703703 0.39975450081833064 0.05671296296296296 0.05646481178396072
20 0.31481481481481477 0.6894435351882161 0.023148148148148147 0.04009819967266776
134 0.3194444444444444 0.5638297872340425 0.027777777777777776 0.05564648117839607
134 0.6221064814814814 0.5634206219312603 0.02662037037037037 0.05482815057283143
134 0.7771990740740741 0.5638297872340425 0.03356481481481481 0.05400981996726678
103 0.9380787037037036 0.854746317512275 0.028935185185185182 0.05646481178396072
103 0.3188657407407407 0.8539279869067103 0.028935185185185182 0.05646481178396072
