102 0.4165390505359878 0.19534632034632035 0.03981623277182236 0.09415584415584416
133 0.7947932618683002 0.19480519480519481 0.045941807044410414 0.09740259740259741
133 0.88208269525268 0.19426406926406925 0.042879019908116385 0.09632034632034632
133 0.9732006125574273 0.19426406926406925 0.03828483920367535 0.09632034632034632
74 0.4188361408882083 0.564935064935065 0.04134762633996937 0.09740259740259741
133 0.8300153139356815 0.566017316017316 0.05819295558958652 0.09523809523809523
102 0.942572741194487 0.5654761904761905 0.04134762633996937 0.09415584415584416
102 0.4196018376722818 0.9345238095238095 0.042879019908116385 0.09632034632034632
133 0.7940275650842267 0.9329004329004329 0.053598774885145486 0.09307359307359307
133 0.880551301684533 0.9334415584415584 0.03981623277182236 0.09632034632034632
133 0.9686064318529862 0.9329004329004329 0.04134762633996937 0.09523809523809523
21 0.6998468606431854 0.9420995670995671 0.030627871362940276 0.03571428571428571
20 0.5581929555895866 0.9393939393939394 0.03522205206738132 0.05627705627705628
21 0.7036753445635529 0.5746753246753247 0.02909647779479326 0.03896103896103896
21 0.7036753445635529 0.2050865800865801 0.02909647779479326 0.03571428571428571
20 0.5597243491577336 0.2012987012987013 0.03215926493108729 0.05411255411255411
26 0.19448698315467075 0.935064935064935 0.07044410413476264 0.12987012987012986
26 0.2006125574272588 0.5708874458874459 0.07350689127105667 0.13528138528138528
26 0.19601837672281777 0.20346320346320346 0.06738131699846861 0.1341991341991342
