12 0.385145482388974 0.5140692640692641 0.022970903522205207 0.07575757575757576
12 0.3874425727411945 0.30952380952380953 0.02450229709035222 0.07792207792207792
12 0.3843797856049005 0.7537878787878788 0.02450229709035222 0.07683982683982683
14 0.46018376722817766 0.3522727272727273 0.013782542113323125 0.00974025974025974
14 0.45941807044410415 0.7088744588744589 0.018376722817764167 0.012987012987012988
12 0.8683001531393568 0.31006493506493504 0.021439509954058193 0.07900432900432901
12 0.8690658499234304 0.5156926406926406 0.01990811638591118 0.07683982683982683
12 0.8698315467075038 0.7559523809523809 0.02450229709035222 0.07251082251082251
14 0.4624808575803982 0.38906926406926406 0.018376722817764167 0.011904761904761904
94 0.15084226646248086 0.5438311688311688 0.04134762633996937 0.13095238095238096
97 0.4318529862174579 0.5286796536796536 0.042879019908116385 0.10497835497835498
97 0.5306278713629403 0.5292207792207793 0.04134762633996937 0.1038961038961039
98 0.6309341500765697 0.5243506493506493 0.03981623277182236 0.09415584415584416
99 0.7312404287901991 0.5205627705627706 0.03828483920367535 0.08441558441558442
99 0.9142419601837672 0.5156926406926406 0.03981623277182236 0.07683982683982683
132 0.7373660030627872 0.7521645021645021 0.05053598774885146 0.08225108225108226
132 0.8162327718223584 0.7532467532467533 0.03981623277182236 0.08008658008658008
80 0.4295558958652374 0.7467532467532467 0.03522205206738132 0.09523809523809523
20 0.14318529862174578 0.3079004329004329 0.02909647779479326 0.05519480519480519
20 0.725114854517611 0.30735930735930733 0.03215926493108729 0.05194805194805195
20 0.9073506891271057 0.30735930735930733 0.03522205206738132 0.05411255411255411
140 0.06814701378254212 0.7413419913419913 0.053598774885145486 0.1038961038961039
140 0.14701378254211334 0.7429653679653679 0.042879019908116385 0.10281385281385282
139 0.2105666156202144 0.7467532467532467 0.04134762633996937 0.09740259740259741
138 0.276416539050536 0.7510822510822511 0.03828483920367535 0.08441558441558442
136 0.333843797856049 0.7559523809523809 0.04900459418070444 0.07900432900432901
133 0.9249617151607964 0.7472943722943723 0.05819295558958652 0.09199134199134198
107 0.9808575803981624 0.7521645021645021 0.03828483920367535 0.09090909090909091
113 0.2771822358346095 0.48593073593073594 0.03981623277182236 0.1406926406926407
14 0.4640122511485452 0.3528138528138528 0.02450229709035222 0.017316017316017316
14 0.4624808575803982 0.38906926406926406 0.021439509954058193 0.0183982683982684
14 0.46018376722817766 0.70995670995671 0.026033690658499236 0.01948051948051948
