142 0.3975694444444444 0.17798690671031098 0.04282407407407407 0.09247135842880524
140 0.24710648148148145 0.18453355155482815 0.03125 0.07937806873977087
138 0.08738425925925926 0.19108019639934534 0.028935185185185182 0.0662847790507365
138 0.08796296296296297 0.3363338788870704 0.03009259259259259 0.06546644844517185
140 0.24826388888888887 0.32896890343698854 0.03125 0.08019639934533553
142 0.39814814814814814 0.323240589198036 0.048611111111111105 0.0916530278232406
79 0.657986111111111 0.19108019639934534 0.03125 0.06464811783960721
79 0.6568287037037037 0.33551554828150576 0.03356481481481481 0.06546644844517185
79 0.6574074074074073 0.4815875613747954 0.034722222222222224 0.06464811783960721
142 0.3958333333333333 0.46808510638297873 0.046296296296296294 0.09328968903436989
140 0.24594907407407407 0.4742225859247136 0.03356481481481481 0.07937806873977087
138 0.08738425925925926 0.48199672667757776 0.02662037037037037 0.06382978723404256
139 0.08738425925925926 0.6243862520458265 0.028935185185185182 0.07201309328968904
141 0.24710648148148145 0.6166121112929623 0.03587962962962963 0.08428805237315876
143 0.3987268518518518 0.6100654664484452 0.04282407407407407 0.09901800327332243
15 0.21585648148148148 0.9333060556464812 0.02662037037037037 0.041734860883797055
15 0.9068287037037036 0.9611292962356792 0.019675925925925923 0.02700490998363339
77 0.6597222222222222 0.6342062193126023 0.032407407407407406 0.06546644844517185
139 0.08912037037037036 0.76759410801964 0.03009259259259259 0.07037643207855974
141 0.24537037037037035 0.7622749590834698 0.034722222222222224 0.08428805237315876
143 0.40219907407407407 0.7549099836333879 0.04050925925925926 0.09738134206219314
101 0.2488425925925926 0.9173486088379705 0.027777777777777776 0.06219312602291326
101 0.6591435185185185 0.9169394435351883 0.03125 0.0630114566284779
75 0.65625 0.7835515548281506 0.03009259259259259 0.07610474631751228
