12 0.14195867026055706 0.4612698412698413 0.017969451931716084 0.04380952380952381
12 0.14240790655884997 0.33904761904761904 0.01886792452830189 0.045714285714285714
12 0.14240790655884997 0.834920634920635 0.01886792452830189 0.04317460317460317
12 0.14330637915543576 0.1984126984126984 0.017070979335130278 0.04507936507936508
12 0.14330637915543576 0.5844444444444444 0.017070979335130278 0.04507936507936508
12 0.14420485175202158 0.09015873015873016 0.015274034141958671 0.045714285714285714
12 0.14375561545372867 0.706031746031746 0.017969451931716084 0.044444444444444446
12 0.8688230008984726 0.7063492063492064 0.019766397124887692 0.04380952380952381
12 0.8688230008984726 0.8352380952380952 0.019766397124887692 0.04380952380952381
12 0.8692722371967655 0.0892063492063492 0.01886792452830189 0.04380952380952381
12 0.8692722371967655 0.3380952380952381 0.01886792452830189 0.04380952380952381
12 0.8688230008984726 0.5831746031746031 0.0215633423180593 0.04380952380952381
12 0.8692722371967655 0.4603174603174603 0.020664869721473494 0.04317460317460317
12 0.8701707097933513 0.18666666666666668 0.01886792452830189 0.07238095238095238
26 0.1734052111410602 0.09079365079365079 0.03593890386343217 0.07746031746031747
26 0.1729559748427673 0.3349206349206349 0.04402515723270441 0.07809523809523809
26 0.17475292003593892 0.46253968253968253 0.04402515723270441 0.07682539682539682
27 0.1734052111410602 0.19936507936507936 0.04132973944294699 0.045714285714285714
27 0.1711590296495957 0.7053968253968254 0.04043126684636119 0.04317460317460317
37 0.1729559748427673 0.84 0.04043126684636119 0.058412698412698416
28 0.1725067385444744 0.5841269841269842 0.039532794249775384 0.04698412698412698
18 0.5790655884995508 0.18984126984126984 0.02425876010781671 0.012698412698412698
18 0.5786163522012578 0.33015873015873015 0.03593890386343217 0.011428571428571429
18 0.5804132973944295 0.45206349206349206 0.026954177897574125 0.011428571428571429
18 0.5840071877807728 0.5761904761904761 0.03234501347708895 0.013333333333333332
18 0.5813117699910153 0.6980952380952381 0.034141958670260555 0.014603174603174604
18 0.5813117699910153 0.8266666666666667 0.028751123090745734 0.013968253968253968
159 0.3216531895777179 0.08571428571428572 0.026954177897574125 0.07111111111111111
162 0.3692722371967655 0.07968253968253969 0.02336028751123091 0.061587301587301586
165 0.41868823000898475 0.08031746031746032 0.02336028751123091 0.06285714285714286
166 0.4645103324348608 0.08063492063492063 0.02336028751123091 0.06476190476190476
165 0.5098831985624439 0.08031746031746032 0.02425876010781671 0.06285714285714286
162 0.5534591194968553 0.08158730158730158 0.02336028751123091 0.06412698412698413
159 0.6015274034141959 0.08507936507936507 0.031446540880503145 0.07238095238095238
162 0.6473495058400719 0.08063492063492063 0.02425876010781671 0.06222222222222222
165 0.6976639712488769 0.08031746031746032 0.02425876010781671 0.06285714285714286
166 0.7443845462713388 0.08031746031746032 0.022461814914645106 0.061587301587301586
165 0.789308176100629 0.08031746031746032 0.02425876010781671 0.06285714285714286
162 0.8342318059299192 0.08063492063492063 0.020664869721473494 0.06349206349206349
157 0.917789757412399 0.09142857142857143 0.033243486073674756 0.08126984126984127
162 0.9802336028751124 0.08126984126984127 0.019766397124887692 0.06222222222222222
187 0.9137466307277629 0.7203174603174604 0.02336028751123091 0.07428571428571429
192 0.9487870619946093 0.7212698412698413 0.02336028751123091 0.07492063492063492
187 0.9793351302785266 0.7212698412698413 0.0215633423180593 0.0761904761904762
