12 0.5980091883614089 0.20346320346320346 0.026033690658499236 0.07792207792207792
12 0.05206738131699847 0.9420995670995671 0.02450229709035222 0.07467532467532467
12 0.052833078101071976 0.20238095238095238 0.026033690658499236 0.0735930735930736
12 0.7388973966309342 0.9415584415584416 0.022970903522205207 0.07142857142857142
12 0.13705972434915775 0.5698051948051948 0.026033690658499236 0.07467532467532467
102 0.10796324655436447 0.1958874458874459 0.03828483920367535 0.09307359307359307
133 0.9555895865237366 0.19534632034632035 0.05819295558958652 0.09199134199134198
106 0.20444104134762633 0.573051948051948 0.04747320061255743 0.07683982683982683
136 0.4073506891271057 0.5762987012987013 0.042879019908116385 0.08333333333333333
105 0.5267993874425727 0.577922077922078 0.03981623277182236 0.08658008658008658
104 0.7320061255742726 0.5827922077922078 0.03981623277182236 0.09632034632034632
134 0.9387442572741195 0.58495670995671 0.042879019908116385 0.09848484848484848
102 0.10490045941807045 0.933982683982684 0.03828483920367535 0.09307359307359307
133 0.4839203675344564 0.933982683982684 0.0551301684532925 0.09740259740259741
133 0.5658499234303216 0.933982683982684 0.03522205206738132 0.09523809523809523
133 0.656967840735069 0.9334415584415584 0.03981623277182236 0.09632034632034632
102 0.7909647779479326 0.9329004329004329 0.03522205206738132 0.09307359307359307
20 0.24961715160796324 0.2012987012987013 0.030627871362940276 0.05411255411255411
19 0.4012251148545176 0.19967532467532467 0.06431852986217458 0.020562770562770564
19 0.6539050535987749 0.1985930735930736 0.06738131699846861 0.016233766233766232
21 0.8575803981623278 0.20562770562770563 0.036753445635528334 0.03896103896103896
20 0.24578866768759572 0.941017316017316 0.03522205206738132 0.05735930735930736
21 0.3874425727411945 0.9431818181818182 0.036753445635528334 0.03787878787878788
20 0.933384379785605 0.9393939393939394 0.03215926493108729 0.05627705627705628
