12 0.2722371967654987 0.08984126984126985 0.0215633423180593 0.04634920634920635
12 0.2722371967654987 0.19968253968253968 0.0215633423180593 0.04507936507936508
12 0.27313566936208444 0.33746031746031746 0.019766397124887692 0.04380952380952381
12 0.27313566936208444 0.8342857142857143 0.0215633423180593 0.04317460317460317
12 0.27313566936208444 0.5844444444444444 0.0215633423180593 0.04380952380952381
12 0.27313566936208444 0.7069841269841269 0.02336028751123091 0.04634920634920635
12 0.27403414195867026 0.46190476190476193 0.02336028751123091 0.04253968253968254
14 0.3198562443845463 0.7015873015873015 0.012578616352201259 0.007619047619047619
12 0.8530997304582211 0.4612698412698413 0.020664869721473494 0.04380952380952381
12 0.8530997304582211 0.3387301587301587 0.020664869721473494 0.04507936507936508
12 0.8539982030548069 0.5838095238095238 0.020664869721473494 0.04380952380952381
12 0.8539982030548069 0.7073015873015873 0.020664869721473494 0.044444444444444446
12 0.8539982030548069 0.8352380952380952 0.020664869721473494 0.04380952380952381
12 0.8553459119496856 0.08984126984126985 0.017969451931716084 0.047619047619047616
12 0.8548966756513927 0.2 0.020664869721473494 0.04698412698412698
18 0.5651392632524709 0.19174603174603175 0.026954177897574125 0.011428571428571429
18 0.5651392632524709 0.45301587301587304 0.026954177897574125 0.012063492063492064
18 0.5660377358490566 0.5755555555555556 0.025157232704402517 0.013333333333333332
18 0.5664869721473496 0.8269841269841269 0.026055705300988323 0.012063492063492064
76 0.3032345013477089 0.7114285714285714 0.022461814914645106 0.05523809523809524
162 0.8185085354896676 0.07873015873015873 0.0215633423180593 0.0673015873015873
165 0.7749326145552561 0.07936507936507936 0.02425876010781671 0.0673015873015873
165 0.6828391734052112 0.0784126984126984 0.02336028751123091 0.06666666666666667
162 0.632973944294699 0.07873015873015873 0.020664869721473494 0.06603174603174602
160 0.5862533692722373 0.08285714285714285 0.033243486073674756 0.07555555555555556
162 0.05166217430368374 0.07873015873015873 0.02425876010781671 0.06603174603174602
165 0.10017969451931717 0.07777777777777778 0.02425876010781671 0.06666666666666667
167 0.15094339622641512 0.07777777777777778 0.02336028751123091 0.06793650793650793
165 0.19092542677448338 0.07904761904761905 0.027852650494159928 0.0692063492063492
162 0.2362982929020665 0.07873015873015873 0.02336028751123091 0.06857142857142857
160 0.3086253369272237 0.08063492063492063 0.031446540880503145 0.07238095238095238
162 0.35534591194968557 0.07873015873015873 0.02425876010781671 0.0673015873015873
165 0.40431266846361186 0.0784126984126984 0.025157232704402517 0.06793650793650793
167 0.45507637017070984 0.0784126984126984 0.02425876010781671 0.06666666666666667
165 0.4973045822102426 0.07936507936507936 0.022461814914645106 0.0673015873015873
162 0.5399820305480683 0.07904761904761905 0.02336028751123091 0.06793650793650793
167 0.7322551662174304 0.07873015873015873 0.025157232704402517 0.0673015873015873
18 0.5660377358490566 0.3298412698412698 0.028751123090745734 0.012063492063492064
