12 0.14701378254211334 0.43993506493506496 0.021439509954058193 0.07467532467532467
12 0.14701378254211334 0.06385281385281386 0.021439509954058193 0.07792207792207792
12 0.14777947932618685 0.8214285714285714 0.026033690658499236 0.07792207792207792
12 0.9525267993874426 0.44101731601731603 0.021439509954058193 0.07251082251082251
12 0.9509954058192956 0.8187229437229437 0.02450229709035222 0.07683982683982683
12 0.9509954058192956 0.06385281385281386 0.02450229709035222 0.0735930735930736
26 0.19525267993874426 0.06439393939393939 0.07197549770290965 0.12229437229437229
26 0.1998468606431853 0.8214285714285714 0.0781010719754977 0.12554112554112554
27 0.19525267993874426 0.44372294372294374 0.07197549770290965 0.07792207792207792
21 0.4180704441041348 0.0633116883116883 0.036753445635528334 0.03354978354978355
21 0.6248085758039816 0.06385281385281386 0.033690658499234305 0.0367965367965368
21 0.8614088820826953 0.06385281385281386 0.03522205206738132 0.0367965367965368
138 0.7335375191424196 0.060064935064935064 0.03981623277182236 0.0854978354978355
138 0.5160796324655437 0.05952380952380952 0.03981623277182236 0.08441558441558442
131 0.32006125574272587 0.06385281385281386 0.06125574272588055 0.0735930735930736
77 0.30474732006125577 0.4475108225108225 0.03981623277182236 0.08766233766233766
138 0.4104134762633997 0.8165584415584416 0.0551301684532925 0.08766233766233766
136 0.3062787136294028 0.823051948051948 0.036753445635528334 0.08116883116883117
136 0.5160796324655437 0.8262987012987013 0.042879019908116385 0.08766233766233766
133 0.6202143950995406 0.8306277056277056 0.05206738131699847 0.09848484848484848
136 0.7327718223583461 0.8241341991341992 0.04134762633996937 0.08766233766233766
133 0.8552833078101072 0.8300865800865801 0.05053598774885146 0.09740259740259741
14 0.33690658499234305 0.4155844155844156 0.02756508422664625 0.023809523809523808
