12 0.8453292496171516 0.4193722943722944 0.021439509954058193 0.06385281385281386
12 0.9800918836140888 0.04924242424242424 0.02450229709035222 0.07034632034632035
14 0.7021439509954058 0.024350649350649352 0.01990811638591118 0.0183982683982684
14 0.6546707503828484 0.3933982683982684 0.016845329249617153 0.016233766233766232
14 0.933384379785605 0.41233766233766234 0.022970903522205207 0.017316017316017316
74 0.4196018376722818 0.7813852813852814 0.042879019908116385 0.09523809523809523
77 0.4165390505359878 0.4237012987012987 0.03981623277182236 0.0854978354978355
105 0.6232771822358346 0.4231601731601732 0.03981623277182236 0.08225108225108226
135 0.777947932618683 0.4296536796536797 0.042879019908116385 0.09523809523809523
76 0.8943338437978561 0.4274891774891775 0.03981623277182236 0.09307359307359307
133 0.9486983154670751 0.7792207792207793 0.05053598774885146 0.09523809523809523
21 0.8238897396630934 0.788961038961039 0.033690658499234305 0.0367965367965368
26 0.19601837672281777 0.4161255411255411 0.06738131699846861 0.14177489177489178
26 0.19601837672281777 0.7862554112554112 0.07963246554364473 0.15043290043290045
77 0.41577335375191427 0.054653679653679656 0.04134762633996937 0.0854978354978355
136 0.6684532924961716 0.05519480519480519 0.04134762633996937 0.08658008658008658
135 0.888208269525268 0.060064935064935064 0.03981623277182236 0.09632034632034632
14 0.656967840735069 0.39285714285714285 0.030627871362940276 0.021645021645021644
14 0.9318529862174579 0.4101731601731602 0.03215926493108729 0.021645021645021644
14 0.7013782542113324 0.023268398268398268 0.02450229709035222 0.022727272727272728
