12 0.8552833078101072 0.39664502164502163 0.022970903522205207 0.07034632034632035
12 0.8552833078101072 0.579004329004329 0.022970903522205207 0.0735930735930736
12 0.8560490045941808 0.20995670995670995 0.02756508422664625 0.07575757575757576
12 0.8560490045941808 0.7619047619047619 0.02756508422664625 0.06926406926406926
103 0.23506891271056662 0.22510822510822512 0.03828483920367535 0.10173160173160173
105 0.5513016845329249 0.21861471861471862 0.036753445635528334 0.08658008658008658
169 0.1554364471669219 0.3885281385281385 0.05053598774885146 0.09523809523809523
162 0.2343032159264931 0.4134199134199134 0.033690658499234305 0.11038961038961038
164 0.31470137825421135 0.40854978354978355 0.04134762633996937 0.10281385281385282
167 0.3966309341500766 0.40313852813852813 0.03981623277182236 0.08982683982683982
169 0.47013782542113325 0.38906926406926406 0.0551301684532925 0.09632034632034632
162 0.5490045941807045 0.4134199134199134 0.04134762633996937 0.11255411255411256
164 0.6294027565084227 0.4074675324675325 0.042879019908116385 0.10064935064935066
167 0.7098009188361409 0.4025974025974026 0.04134762633996937 0.08874458874458875
169 0.7840735068912711 0.3869047619047619 0.045941807044410414 0.09415584415584416
160 0.2427258805513017 0.7635281385281385 0.053598774885145486 0.09199134199134198
162 0.31623277182235837 0.7554112554112554 0.0444104134762634 0.09090909090909091
165 0.3973966309341501 0.7494588744588745 0.04134762633996937 0.10497835497835498
167 0.4770290964777948 0.7445887445887446 0.04134762633996937 0.11904761904761904
18 0.2082695252679939 0.5670995670995671 0.05206738131699847 0.015151515151515152
165 0.08269525267993874 0.7489177489177489 0.03981623277182236 0.1038961038961039
167 0.16309341500765698 0.7429653679653679 0.03828483920367535 0.11580086580086581
160 0.5566615620214396 0.7635281385281385 0.056661562021439515 0.09199134199134198
162 0.6324655436447167 0.7554112554112554 0.045941807044410414 0.09523809523809523
165 0.7151607963246555 0.7483766233766234 0.03981623277182236 0.10497835497835498
167 0.7963246554364471 0.7451298701298701 0.042879019908116385 0.11796536796536797
137 0.07963246554364473 0.4025974025974026 0.03981623277182236 0.08874458874458875
