12 0.009282178217821782 0.7539335664335665 0.01608910891089109 0.05856643356643357
12 0.009282178217821782 0.896416083916084 0.01608910891089109 0.05856643356643357
14 0.0686881188118812 0.2696678321678322 0.013613861386138614 0.011363636363636364
12 0.8558168316831684 0.8959790209790209 0.023514851485148515 0.057692307692307696
12 0.8564356435643564 0.4200174825174825 0.022277227722772276 0.05856643356643357
12 0.8570544554455446 0.27753496503496505 0.02103960396039604 0.056818181818181816
12 0.8570544554455446 0.7539335664335665 0.023514851485148515 0.05856643356643357
14 0.09282178217821782 0.7613636363636364 0.01485148514851485 0.012237762237762238
75 0.038985148514851485 0.2854020979020979 0.03341584158415842 0.07954545454545454
16 0.4306930693069307 0.3575174825174825 0.027227722772277228 0.03671328671328671
104 0.6676980198019802 0.28496503496503495 0.028465346534653466 0.07867132867132867
103 0.6683168316831684 0.7631118881118881 0.0297029702970297 0.08216783216783216
74 0.06745049504950495 0.7478146853146853 0.03589108910891089 0.0777972027972028
