12 0.5650842266462481 0.4291125541125541 0.02756508422664625 0.07034632034632035
12 0.5658499234303216 0.24134199134199133 0.026033690658499236 0.06926406926406926
12 0.5911179173047474 0.8317099567099567 0.02756508422664625 0.06818181818181818
172 0.2725880551301685 0.22023809523809523 0.03981623277182236 0.12012987012987013
174 0.4318529862174579 0.2104978354978355 0.036753445635528334 0.14177489177489178
172 0.6186830015313936 0.21915584415584416 0.036753445635528334 0.12012987012987013
174 0.776416539050536 0.21103896103896103 0.042879019908116385 0.13636363636363635
172 0.9326186830015314 0.2196969696969697 0.03981623277182236 0.12121212121212122
174 0.4318529862174579 0.400974025974026 0.042879019908116385 0.13744588744588745
172 0.6179173047473201 0.40854978354978355 0.04134762633996937 0.11796536796536797
174 0.7771822358346095 0.400974025974026 0.04134762633996937 0.1396103896103896
172 0.9341500765696784 0.4090909090909091 0.042879019908116385 0.11904761904761904
173 0.45865237366003064 0.8051948051948052 0.04134762633996937 0.1277056277056277
171 0.6439509954058193 0.8143939393939394 0.04134762633996937 0.11147186147186147
173 0.7986217457886677 0.8051948051948052 0.04134762633996937 0.1277056277056277
171 0.9509954058192956 0.814935064935065 0.036753445635528334 0.11255411255411256
168 0.028330781010719758 0.23755411255411255 0.03522205206738132 0.0854978354978355
168 0.18300153139356815 0.23809523809523808 0.04747320061255743 0.08441558441558442
168 0.3453292496171516 0.23809523809523808 0.03522205206738132 0.08441558441558442
168 0.5022970903522206 0.23647186147186147 0.03981623277182236 0.08333333333333333
168 0.6875957120980092 0.237012987012987 0.030627871362940276 0.08658008658008658
168 0.8392036753445636 0.23755411255411255 0.042879019908116385 0.0854978354978355
168 0.02756508422664625 0.42694805194805197 0.030627871362940276 0.0854978354978355
174 0.11485451761102604 0.4004329004329004 0.042879019908116385 0.1406926406926407
168 0.18300153139356815 0.4274891774891775 0.03828483920367535 0.08658008658008658
172 0.273353751914242 0.408008658008658 0.04134762633996937 0.11904761904761904
168 0.3453292496171516 0.4264069264069264 0.03215926493108729 0.08441558441558442
168 0.4961715160796325 0.42694805194805197 0.04900459418070444 0.08333333333333333
168 0.6906584992343032 0.4274891774891775 0.033690658499234305 0.08441558441558442
168 0.8407350689127105 0.4264069264069264 0.045941807044410414 0.08441558441558442
168 0.06431852986217458 0.8284632034632035 0.033690658499234305 0.08333333333333333
173 0.15007656967840735 0.8046536796536796 0.042879019908116385 0.12878787878787878
168 0.21516079632465546 0.8268398268398268 0.0444104134762634 0.08225108225108226
171 0.30245022970903523 0.814935064935065 0.04134762633996937 0.10822510822510822
168 0.3736600306278714 0.8273809523809523 0.036753445635528334 0.08333333333333333
168 0.5229709035222052 0.8284632034632035 0.0444104134762634 0.08333333333333333
168 0.7136294027565084 0.8268398268398268 0.036753445635528334 0.08658008658008658
168 0.8614088820826953 0.8284632034632035 0.0444104134762634 0.0854978354978355
174 0.11562021439509955 0.2115800865800866 0.03828483920367535 0.13744588744588745
