12 0.8552833078101072 0.1737012987012987 0.02909647779479326 0.07467532467532467
12 0.8583460949464012 0.3430735930735931 0.03522205206738132 0.0735930735930736
168 0.030627871362940276 0.1699134199134199 0.05206738131699847 0.08658008658008658
139 0.10796324655436447 0.16504329004329005 0.053598774885145486 0.09415584415584416
139 0.25957120980091886 0.16558441558441558 0.04134762633996937 0.09523809523809523
139 0.41424196018376724 0.17045454545454544 0.053598774885145486 0.08766233766233766
138 0.722052067381317 0.16937229437229437 0.03828483920367535 0.0854978354978355
166 0.5765696784073507 0.354978354978355 0.0444104134762634 0.10173160173160173
21 0.5781010719754978 0.1764069264069264 0.03522205206738132 0.04112554112554113
50 0.19065849923430322 0.6661255411255411 0.04747320061255743 0.07683982683982683
41 0.19142419601837674 0.8576839826839827 0.06738131699846861 0.12445887445887446
16 0.31316998468606433 0.3528138528138528 0.02909647779479326 0.05627705627705628
164 0.04747320061255743 0.3338744588744589 0.03981623277182236 0.09848484848484848
165 0.1209800918836141 0.33170995670995673 0.042879019908116385 0.09848484848484848
160 0.1868300153139357 0.33766233766233766 0.042879019908116385 0.10822510822510822
161 0.26339969372128635 0.33820346320346323 0.0551301684532925 0.08982683982683982
162 0.3522205206738132 0.33820346320346323 0.03981623277182236 0.08766233766233766
161 0.42649310872894336 0.341991341991342 0.0444104134762634 0.08658008658008658
159 0.4946401225114855 0.35064935064935066 0.03981623277182236 0.09956709956709957
165 0.6500765696784073 0.3582251082251082 0.04134762633996937 0.1038961038961039
164 0.722052067381317 0.362012987012987 0.0444104134762634 0.11147186147186147
163 0.7924961715160797 0.36093073593073594 0.05053598774885146 0.11147186147186147
