12 0.5631188118811882 0.05113636363636364 0.024752475247524754 0.056818181818181816
12 0.5631188118811882 0.19143356643356643 0.024752475247524754 0.05944055944055944
12 0.5742574257425742 0.6105769230769231 0.024752475247524754 0.05856643356643357
12 0.5748762376237624 0.4645979020979021 0.02599009900990099 0.05856643356643357
12 0.625 0.8841783216783217 0.024752475247524754 0.05856643356643357
69 0.6126237623762376 0.20323426573426573 0.04207920792079208 0.08653846153846154
66 0.9263613861386139 0.21284965034965034 0.04084158415841584 0.10751748251748251
94 0.4238861386138614 0.21241258741258742 0.038366336633663366 0.10664335664335664
93 0.2815594059405941 0.21634615384615385 0.04084158415841584 0.1145104895104895
20 0.27413366336633666 0.023164335664335664 0.023514851485148515 0.044580419580419584
20 0.6070544554455446 0.022727272727272728 0.02599009900990099 0.043706293706293704
20 0.9201732673267327 0.021416083916083916 0.03094059405940594 0.04108391608391608
20 0.4375 0.43356643356643354 0.028465346534653466 0.0472027972027972
20 0.4839108910891089 0.8527097902097902 0.024752475247524754 0.04807692307692308
93 0.29826732673267325 0.6350524475524475 0.03712871287128713 0.11276223776223776
94 0.44245049504950495 0.6333041958041958 0.038366336633663366 0.10751748251748251
69 0.6243811881188119 0.6232517482517482 0.04084158415841584 0.08566433566433566
66 0.9387376237623762 0.631993006993007 0.038366336633663366 0.10664335664335664
16 0.6602722772277227 0.8837412587412588 0.023514851485148515 0.04195804195804196
