12 0.4341500765696784 0.7132034632034632 0.026033690658499236 0.06277056277056277
12 0.4341500765696784 0.4036796536796537 0.026033690658499236 0.0735930735930736
12 0.4349157733537519 0.10497835497835498 0.02450229709035222 0.06493506493506493
12 0.4349157733537519 0.2602813852813853 0.02756508422664625 0.06818181818181818
12 0.4349157733537519 0.5714285714285714 0.02756508422664625 0.06926406926406926
12 0.43568147013782543 0.8598484848484849 0.02909647779479326 0.06818181818181818
14 0.9272588055130169 0.8522727272727273 0.016845329249617153 0.01406926406926407
14 0.9280245022970904 0.41504329004329005 0.015313935681470138 0.01406926406926407
14 0.9280245022970904 0.7083333333333334 0.018376722817764167 0.01406926406926407
21 0.06738131699846861 0.26136363636363635 0.033690658499234305 0.03571428571428571
21 0.2565084226646248 0.2619047619047619 0.03215926493108729 0.0367965367965368
21 0.2549770290964778 0.40584415584415584 0.03215926493108729 0.0367965367965368
21 0.25803981623277183 0.5378787878787878 0.03522205206738132 0.03896103896103896
21 0.2572741194486983 0.7180735930735931 0.033690658499234305 0.03571428571428571
21 0.2572741194486983 0.862012987012987 0.03981623277182236 0.03354978354978355
21 0.7978560490045942 0.8614718614718615 0.042879019908116385 0.04112554112554113
21 0.7986217457886677 0.7175324675324676 0.03522205206738132 0.03463203463203463
21 0.7970903522205207 0.5351731601731602 0.03522205206738132 0.03354978354978355
21 0.7978560490045942 0.4042207792207792 0.033690658499234305 0.03571428571428571
18 0.8147013782542114 0.0762987012987013 0.05206738131699847 0.020562770562770564
17 0.4617151607963247 0.2683982683982684 0.022970903522205207 0.049783549783549784
16 0.8614088820826953 0.24025974025974026 0.026033690658499236 0.045454545454545456
135 0.7886676875957122 0.26461038961038963 0.04900459418070444 0.0854978354978355
134 0.6944869831546707 0.2662337662337662 0.03522205206738132 0.08658008658008658
101 0.8996937212863706 0.3998917748917749 0.03215926493108729 0.08766233766233766
17 0.8675344563552834 0.7034632034632035 0.02909647779479326 0.05411255411255411
17 0.8660030627871363 0.849025974025974 0.02909647779479326 0.05735930735930736
133 0.4946401225114855 0.27056277056277056 0.030627871362940276 0.09523809523809523
136 0.8996937212863706 0.2662337662337662 0.03215926493108729 0.08658008658008658
100 0.8989280245022971 0.5746753246753247 0.036753445635528334 0.08225108225108226
104 0.9004594180704442 0.7261904761904762 0.033690658499234305 0.09307359307359307
104 0.9004594180704442 0.8706709956709957 0.033690658499234305 0.09848484848484848
20 0.4900459418070444 0.39826839826839827 0.036753445635528334 0.05194805194805195
20 0.4885145482388974 0.5281385281385281 0.030627871362940276 0.05411255411255411
20 0.4877488514548239 0.7088744588744589 0.03215926493108729 0.05411255411255411
20 0.4900459418070444 0.854978354978355 0.036753445635528334 0.05411255411255411
