12 0.8552833078101072 0.8284632034632035 0.022970903522205207 0.07251082251082251
12 0.8552833078101072 0.23809523809523808 0.026033690658499236 0.06926406926406926
12 0.8560490045941808 0.6401515151515151 0.02450229709035222 0.07034632034632035
156 0.33690658499234305 0.2602813852813853 0.045941807044410414 0.12012987012987013
156 0.31623277182235837 0.6623376623376623 0.04134762633996937 0.12337662337662338
156 0.4739663093415008 0.6623376623376623 0.05053598774885146 0.12121212121212122
156 0.6324655436447167 0.6612554112554112 0.03981623277182236 0.12121212121212122
156 0.7817764165390506 0.6612554112554112 0.04134762633996937 0.11904761904761904
156 0.7825421133231241 0.8522727272727273 0.036753445635528334 0.12445887445887446
156 0.6278713629402757 0.8506493506493507 0.042879019908116385 0.12121212121212122
156 0.47166921898928027 0.8511904761904762 0.036753445635528334 0.12229437229437229
156 0.3185298621745789 0.8506493506493507 0.03981623277182236 0.11904761904761904
156 0.16079632465543645 0.8517316017316018 0.036753445635528334 0.12554112554112554
156 0.033690658499234305 0.2597402597402597 0.042879019908116385 0.11904761904761904
161 0.11944869831546708 0.23917748917748918 0.036753445635528334 0.07575757575757576
156 0.18376722817764166 0.2619047619047619 0.036753445635528334 0.12121212121212122
162 0.273353751914242 0.23863636363636365 0.04134762633996937 0.07900432900432901
160 0.4196018376722818 0.24242424242424243 0.042879019908116385 0.08441558441558442
156 0.4862174578866769 0.26082251082251084 0.04134762633996937 0.12337662337662338
161 0.5727411944869831 0.23809523809523808 0.042879019908116385 0.07792207792207792
156 0.6355283307810108 0.26136363636363635 0.045941807044410414 0.12445887445887446
160 0.7182235834609495 0.24134199134199133 0.03981623277182236 0.08225108225108226
156 0.7840735068912711 0.2602813852813853 0.045941807044410414 0.12012987012987013
161 0.09035222052067382 0.6390692640692641 0.036753445635528334 0.07683982683982683
156 0.16079632465543645 0.6612554112554112 0.042879019908116385 0.12337662337662338
162 0.2519142419601838 0.6396103896103896 0.04134762633996937 0.07792207792207792
160 0.4012251148545176 0.6444805194805194 0.036753445635528334 0.08333333333333333
161 0.5604900459418071 0.6390692640692641 0.042879019908116385 0.07683982683982683
160 0.711332312404288 0.6428571428571429 0.04134762633996937 0.08441558441558442
161 0.09188361408882083 0.8284632034632035 0.033690658499234305 0.07900432900432901
162 0.2519142419601838 0.8300865800865801 0.0444104134762634 0.07792207792207792
160 0.4012251148545176 0.8338744588744589 0.033690658499234305 0.0854978354978355
161 0.5604900459418071 0.829004329004329 0.042879019908116385 0.0735930735930736
160 0.712863705972435 0.8338744588744589 0.03522205206738132 0.0854978354978355
