12 0.3621745788667688 0.7180735930735931 0.026033690658499236 0.07251082251082251
12 0.8545176110260337 0.20183982683982685 0.02450229709035222 0.07034632034632035
12 0.8552833078101072 0.716991341991342 0.022970903522205207 0.07034632034632035
12 0.3652373660030628 0.20238095238095238 0.03215926493108729 0.0735930735930736
109 0.14777947932618685 0.19047619047619047 0.0444104134762634 0.1038961038961039
137 0.052833078101071976 0.20346320346320346 0.04134762633996937 0.07575757575757576
136 0.3062787136294028 0.20725108225108224 0.042879019908116385 0.0854978354978355
135 0.42496171516079634 0.20941558441558442 0.03828483920367535 0.0854978354978355
136 0.4946401225114855 0.2050865800865801 0.036753445635528334 0.07900432900432901
141 0.5604900459418071 0.18614718614718614 0.05819295558958652 0.11038961038961038
112 0.6516079632465543 0.1774891774891775 0.0444104134762634 0.1277056277056277
141 0.8009188361408882 0.18668831168831168 0.03981623277182236 0.11147186147186147
137 0.14624808575803983 0.7245670995670995 0.04134762633996937 0.09199134199134198
136 0.23736600306278716 0.7316017316017316 0.03981623277182236 0.1038961038961039
131 0.3001531393568147 0.7353896103896104 0.04900459418070444 0.11580086580086581
133 0.6493108728943339 0.7337662337662337 0.042879019908116385 0.10822510822510822
134 0.7243491577335376 0.7256493506493507 0.03981623277182236 0.09415584415584416
15 0.26339969372128635 0.1856060606060606 0.030627871362940276 0.05519480519480519
15 0.1998468606431853 0.6996753246753247 0.03522205206738132 0.050865800865800864
15 0.6110260336906586 0.7288961038961039 0.036753445635528334 0.05735930735930736
17 0.7664624808575804 0.6742424242424242 0.022970903522205207 0.05411255411255411
20 0.4203675344563553 0.7159090909090909 0.02909647779479326 0.05519480519480519
21 0.5643185298621746 0.7175324675324676 0.02909647779479326 0.03463203463203463
139 0.7955589586523737 0.7126623376623377 0.05053598774885146 0.10064935064935066
133 0.046707503828483925 0.7305194805194806 0.05053598774885146 0.1038961038961039
