12 0.3614088820826953 0.7451298701298701 0.021439509954058193 0.07251082251082251
12 0.36064318529862177 0.22997835497835498 0.026033690658499236 0.07034632034632035
14 0.45941807044410415 0.7548701298701299 0.018376722817764167 0.01406926406926407
14 0.5643185298621746 0.7012987012987013 0.016845329249617153 0.012987012987012988
12 0.8545176110260337 0.23106060606060605 0.02450229709035222 0.07251082251082251
12 0.8552833078101072 0.7456709956709957 0.022970903522205207 0.07142857142857142
105 0.14854517611026033 0.2343073593073593 0.042879019908116385 0.08116883116883117
139 0.3016845329249617 0.2224025974025974 0.036753445635528334 0.09632034632034632
100 0.4280245022970904 0.2326839826839827 0.03828483920367535 0.07792207792207792
135 0.5658499234303216 0.24134199134199133 0.03828483920367535 0.09523809523809523
104 0.6516079632465543 0.23971861471861472 0.03828483920367535 0.09199134199134198
140 0.8032159264931088 0.21915584415584416 0.04134762633996937 0.10714285714285714
139 0.7243491577335376 0.7380952380952381 0.03981623277182236 0.09307359307359307
17 0.6163859111791731 0.7196969696969697 0.022970903522205207 0.05627705627705628
17 0.39203675344563554 0.25865800865800864 0.02450229709035222 0.05627705627705628
15 0.10643185298621746 0.7640692640692641 0.03522205206738132 0.05844155844155844
136 0.05436447166921899 0.237012987012987 0.04134762633996937 0.08441558441558442
133 0.055895865237366005 0.7364718614718615 0.03828483920367535 0.09848484848484848
132 0.1554364471669219 0.737012987012987 0.056661562021439515 0.09740259740259741
135 0.23966309341500766 0.737012987012987 0.04134762633996937 0.09740259740259741
132 0.3055130168453293 0.737012987012987 0.04134762633996937 0.09740259740259741
132 0.4241960183767228 0.7597402597402597 0.03981623277182236 0.10606060606060606
139 0.5229709035222052 0.7380952380952381 0.056661562021439515 0.09740259740259741
137 0.7978560490045942 0.7456709956709957 0.05206738131699847 0.07575757575757576
137 0.6493108728943339 0.7456709956709957 0.03981623277182236 0.07792207792207792
