14 0.8009188361408882 0.2689393939393939 0.015313935681470138 0.011904761904761904
12 0.8522205206738132 0.6893939393939394 0.026033690658499236 0.07142857142857142
12 0.8644716692189893 0.474025974025974 0.01990811638591118 0.0735930735930736
12 0.8675344563552834 0.9004329004329005 0.022970903522205207 0.07142857142857142
14 0.39127105666156203 0.5178571428571429 0.01990811638591118 0.01406926406926407
14 0.6447166921898928 0.5 0.018376722817764167 0.015151515151515152
14 0.9280245022970904 0.6785714285714286 0.015313935681470138 0.015151515151515152
26 0.4096477794793262 0.25811688311688313 0.06891271056661562 0.1331168831168831
26 0.19525267993874426 0.4713203463203463 0.07503828483920368 0.1331168831168831
26 0.19448698315467075 0.6856060606060606 0.07350689127105667 0.1331168831168831
26 0.19295558958652376 0.902056277056277 0.0765696784073507 0.13095238095238096
15 0.48009188361408883 0.22402597402597402 0.03522205206738132 0.05844155844155844
15 0.2664624808575804 0.44101731601731603 0.03981623277182236 0.06168831168831169
15 0.2649310872894334 0.6525974025974026 0.03981623277182236 0.06277056277056277
15 0.26339969372128635 0.8668831168831169 0.036753445635528334 0.05411255411255411
20 0.6248085758039816 0.2554112554112554 0.036753445635528334 0.05411255411255411
20 0.6937212863705973 0.25757575757575757 0.030627871362940276 0.05411255411255411
101 0.768759571209801 0.25487012987012986 0.03981623277182236 0.08333333333333333
130 0.8629402756508423 0.2635281385281385 0.05972434915773354 0.08766233766233766
135 0.892802450229709 0.696969696969697 0.03981623277182236 0.09307359307359307
22 0.9716692189892803 0.6996753246753247 0.03522205206738132 0.06168831168831169
21 0.4196018376722818 0.9031385281385281 0.030627871362940276 0.03571428571428571
129 0.3660030627871363 0.48268398268398266 0.0551301684532925 0.09307359307359307
129 0.4946401225114855 0.4837662337662338 0.0551301684532925 0.09740259740259741
132 0.557427258805513 0.47186147186147187 0.03981623277182236 0.08008658008658008
130 0.6194486983154671 0.4772727272727273 0.056661562021439515 0.08874458874458875
130 0.7480857580398163 0.47943722943722944 0.053598774885145486 0.08874458874458875
132 0.8108728943338438 0.4745670995670996 0.04134762633996937 0.07900432900432901
129 0.9111791730474732 0.4810606060606061 0.05819295558958652 0.10064935064935066
132 0.9770290964777948 0.4680735930735931 0.042879019908116385 0.0854978354978355
129 0.3660030627871363 0.6926406926406926 0.0551301684532925 0.09956709956709957
132 0.42725880551301687 0.683982683982684 0.042879019908116385 0.08874458874458875
133 0.4908116385911179 0.6812770562770563 0.04134762633996937 0.09199134199134198
132 0.5497702909647779 0.6801948051948052 0.042879019908116385 0.09632034632034632
133 0.6179173047473201 0.685064935064935 0.04747320061255743 0.08658008658008658
132 0.6745788667687596 0.6866883116883117 0.04134762633996937 0.08116883116883117
130 0.7327718223583461 0.6931818181818182 0.0444104134762634 0.09199134199134198
132 0.8001531393568148 0.6883116883116883 0.03828483920367535 0.08008658008658008
135 0.3552833078101072 0.9112554112554112 0.03981623277182236 0.09523809523809523
132 0.48698315467075043 0.8977272727272727 0.05206738131699847 0.08766233766233766
135 0.5513016845329249 0.8923160173160173 0.042879019908116385 0.09848484848484848
134 0.6225114854517612 0.8912337662337663 0.053598774885145486 0.09848484848484848
129 0.6730474732006125 0.9025974025974026 0.04747320061255743 0.11904761904761904
132 0.7457886676875958 0.8928571428571429 0.042879019908116385 0.09956709956709957
134 0.8139356814701378 0.8912337662337663 0.04134762633996937 0.09848484848484848
133 0.9165390505359878 0.895021645021645 0.05053598774885146 0.09523809523809523
132 0.9732006125574273 0.8939393939393939 0.04134762633996937 0.09740259740259741
160 0.4387442572741195 0.47835497835497837 0.04134762633996937 0.08658008658008658
161 0.6944869831546707 0.47294372294372294 0.03828483920367535 0.08225108225108226
