12 0.14548238897396631 0.1764069264069264 0.02450229709035222 0.07142857142857142
12 0.14624808575803983 0.4199134199134199 0.022970903522205207 0.07142857142857142
21 0.496937212863706 0.1764069264069264 0.02909647779479326 0.03463203463203463
21 0.6929555895865238 0.17694805194805194 0.03215926493108729 0.03787878787878788
20 0.888208269525268 0.1737012987012987 0.033690658499234305 0.050865800865800864
20 0.886676875957121 0.41829004329004327 0.033690658499234305 0.05519480519480519
21 0.6929555895865238 0.4226190476190476 0.03215926493108729 0.03787878787878788
21 0.498468606431853 0.42207792207792205 0.02909647779479326 0.03463203463203463
27 0.19678407350689128 0.17586580086580086 0.07197549770290965 0.08333333333333333
37 0.19525267993874426 0.43073593073593075 0.07503828483920368 0.09740259740259741
137 0.3958652373660031 0.17532467532467533 0.03828483920367535 0.07575757575757576
137 0.3981623277182236 0.420995670995671 0.03981623277182236 0.0735930735930736
