12 0.19142419601837674 0.6282467532467533 0.021439509954058193 0.07251082251082251
12 0.19218989280245025 0.7932900432900433 0.022970903522205207 0.06926406926406926
12 0.19142419601837674 0.46320346320346323 0.02756508422664625 0.06926406926406926
12 0.19218989280245025 0.17424242424242425 0.026033690658499236 0.0735930735930736
12 0.19218989280245025 0.3181818181818182 0.026033690658499236 0.07142857142857142
12 0.19295558958652376 0.9426406926406926 0.02756508422664625 0.08225108225108226
14 0.26339969372128635 0.7142857142857143 0.015313935681470138 0.012987012987012988
18 0.6110260336906586 0.1617965367965368 0.04900459418070444 0.0183982683982684
18 0.608728943338438 0.288961038961039 0.05053598774885146 0.01948051948051948
18 0.6064318529862175 0.43127705627705626 0.045941807044410414 0.022727272727272728
18 0.6079632465543645 0.5974025974025974 0.042879019908116385 0.021645021645021644
21 0.7725880551301685 0.7954545454545454 0.03215926493108729 0.03463203463203463
21 0.9042879019908117 0.7954545454545454 0.03522205206738132 0.03463203463203463
21 0.7710566615620215 0.939935064935065 0.03215926493108729 0.03354978354978355
21 0.9050535987748852 0.939935064935065 0.033690658499234305 0.03571428571428571
16 0.19678407350689128 0.7088744588744589 0.026033690658499236 0.04112554112554113
112 0.23736600306278716 0.770021645021645 0.036753445635528334 0.12878787878787878
142 0.6408882082695253 0.7743506493506493 0.04134762633996937 0.12012987012987013
130 0.36906584992343033 0.9431818181818182 0.033690658499234305 0.08333333333333333
133 0.5053598774885145 0.9404761904761905 0.036753445635528334 0.08008658008658008
17 0.33614088820826954 0.974025974025974 0.02909647779479326 0.049783549783549784
131 0.06584992343032159 0.935064935064935 0.03981623277182236 0.08441558441558442
131 0.24349157733537521 0.9404761904761905 0.05206738131699847 0.07792207792207792
132 0.6500765696784073 0.9356060606060606 0.05053598774885146 0.08333333333333333
