12 0.2664624808575804 0.17532467532467533 0.02450229709035222 0.07142857142857142
12 0.27182235834609497 0.45292207792207795 0.022970903522205207 0.07251082251082251
12 0.7496171516079633 0.454004329004329 0.022970903522205207 0.07683982683982683
12 0.7626339969372129 0.1764069264069264 0.02450229709035222 0.07142857142857142
12 0.06738131699846861 0.7310606060606061 0.02450229709035222 0.06818181818181818
12 0.9617151607963247 0.7310606060606061 0.02450229709035222 0.07251082251082251
100 0.1875957120980092 0.19696969696969696 0.03828483920367535 0.11688311688311688
130 0.31546707503828486 0.18019480519480519 0.0551301684532925 0.08982683982683982
135 0.3774885145482389 0.16666666666666666 0.03828483920367535 0.09740259740259741
108 0.4464012251148545 0.16883116883116883 0.04134762633996937 0.09523809523809523
139 0.5390505359877489 0.17207792207792208 0.036753445635528334 0.09956709956709957
137 0.5949464012251149 0.1812770562770563 0.04134762633996937 0.08766233766233766
135 0.6500765696784073 0.1856060606060606 0.04134762633996937 0.09415584415584416
134 0.7120980091883614 0.18993506493506493 0.045941807044410414 0.10281385281385282
133 0.8085758039816233 0.16883116883116883 0.0551301684532925 0.09523809523809523
135 0.8736600306278715 0.16774891774891776 0.04134762633996937 0.09523809523809523
28 0.4908116385911179 0.7337662337662337 0.06891271056661562 0.08441558441558442
20 0.663093415007657 0.6991341991341992 0.036753445635528334 0.06060606060606061
26 0.9157733537519143 0.737012987012987 0.06431852986217458 0.1277056277056277
131 0.9303215926493109 0.16883116883116883 0.0444104134762634 0.09740259740259741
128 0.05819295558958652 0.4653679653679654 0.06125574272588055 0.10822510822510822
133 0.11791730474732007 0.45292207792207795 0.042879019908116385 0.08116883116883117
127 0.166156202143951 0.4707792207792208 0.0444104134762634 0.11688311688311688
132 0.22511485451761104 0.4523809523809524 0.03981623277182236 0.08008658008658008
126 0.3169984686064319 0.466991341991342 0.05819295558958652 0.1396103896103896
135 0.3744257274119449 0.4458874458874459 0.0444104134762634 0.09523809523809523
134 0.4280245022970904 0.4458874458874459 0.0444104134762634 0.09740259740259741
133 0.48238897396630936 0.4458874458874459 0.03981623277182236 0.09740259740259741
132 0.5428790199081164 0.45021645021645024 0.04747320061255743 0.08225108225108226
131 0.5949464012251149 0.4518398268398268 0.04134762633996937 0.08116883116883117
130 0.6477794793261868 0.4583333333333333 0.045941807044410414 0.08982683982683982
131 0.7036753445635529 0.4556277056277056 0.03828483920367535 0.08225108225108226
127 0.7947932618683002 0.4724025974025974 0.05206738131699847 0.11363636363636363
129 0.8529862174578867 0.46320346320346323 0.045941807044410414 0.09307359307359307
132 0.9119448698315468 0.45021645021645024 0.04134762633996937 0.08441558441558442
134 0.9732006125574273 0.4458874458874459 0.04134762633996937 0.09523809523809523
127 0.27947932618683 0.7494588744588745 0.053598774885145486 0.11363636363636363
132 0.3330781010719755 0.7332251082251082 0.04134762633996937 0.08116883116883117
128 0.3782542113323124 0.7456709956709957 0.04900459418070444 0.10606060606060606
101 0.09341500765696785 0.1937229437229437 0.03981623277182236 0.11255411255411256
101 0.1416539050535988 0.7510822510822511 0.03828483920367535 0.11255411255411256
100 0.20750382848392038 0.7532467532467533 0.03828483920367535 0.12121212121212122
74 0.10413476263399694 0.724025974025974 0.042879019908116385 0.09307359307359307
130 0.4295558958652374 0.7359307359307359 0.04747320061255743 0.08874458874458875
