12 0.8552833078101072 0.4226190476190476 0.02909647779479326 0.07467532467532467
12 0.8560490045941808 0.6114718614718615 0.030627871362940276 0.0735930735930736
174 0.110260336906585 0.3917748917748918 0.045941807044410414 0.13852813852813853
172 0.2656967840735069 0.3998917748917749 0.05053598774885146 0.12012987012987013
174 0.4211332312404288 0.3912337662337662 0.04900459418070444 0.1396103896103896
174 0.7258805513016846 0.3917748917748918 0.045941807044410414 0.13852813852813853
172 0.5781010719754978 0.5892857142857143 0.04747320061255743 0.12012987012987013
174 0.7281776416539051 0.5811688311688312 0.04747320061255743 0.13852813852813853
174 0.4203675344563553 0.5806277056277056 0.053598774885145486 0.1396103896103896
168 0.1768759571209801 0.4172077922077922 0.04134762633996937 0.0854978354978355
168 0.026033690658499236 0.4199134199134199 0.036753445635528334 0.08658008658008658
168 0.3346094946401225 0.41883116883116883 0.04134762633996937 0.08658008658008658
168 0.4862174578866769 0.41774891774891776 0.04134762633996937 0.08441558441558442
172 0.5750382848392037 0.400974025974026 0.04747320061255743 0.12229437229437229
168 0.6439509954058193 0.41883116883116883 0.0444104134762634 0.08874458874458875
168 0.7963246554364471 0.4172077922077922 0.03981623277182236 0.08766233766233766
168 0.7955589586523737 0.6066017316017316 0.04134762633996937 0.0854978354978355
168 0.4839203675344564 0.6066017316017316 0.045941807044410414 0.08766233766233766
168 0.33537519142419603 0.6082251082251082 0.042879019908116385 0.08874458874458875
172 0.2656967840735069 0.5892857142857143 0.04747320061255743 0.12445887445887446
168 0.1784073506891271 0.6082251082251082 0.0444104134762634 0.08658008658008658
174 0.110260336906585 0.5811688311688312 0.045941807044410414 0.1406926406926407
168 0.023736600306278714 0.6082251082251082 0.03522205206738132 0.08874458874458875
168 0.6447166921898928 0.6071428571428571 0.042879019908116385 0.08658008658008658
