12 0.7656967840735069 0.17694805194805194 0.02450229709035222 0.07034632034632035
12 0.7993874425727412 0.4556277056277056 0.030627871362940276 0.07142857142857142
12 0.7281776416539051 0.7321428571428571 0.026033690658499236 0.07034632034632035
26 0.1998468606431853 0.17694805194805194 0.0781010719754977 0.15692640692640691
26 0.19678407350689128 0.45454545454545453 0.0781010719754977 0.15584415584415584
26 0.1990811638591118 0.7337662337662337 0.07350689127105667 0.16017316017316016
16 0.2649310872894334 0.16774891774891776 0.033690658499234305 0.06493506493506493
16 0.26339969372128635 0.44372294372294374 0.02756508422664625 0.06493506493506493
16 0.26339969372128635 0.7202380952380952 0.033690658499234305 0.06385281385281386
159 0.36064318529862177 0.18398268398268397 0.05053598774885146 0.09740259740259741
77 0.5666156202143952 0.18073593073593072 0.03981623277182236 0.08441558441558442
104 0.6914241960183768 0.18398268398268397 0.04134762633996937 0.09090909090909091
17 0.8522205206738132 0.17965367965367965 0.03215926493108729 0.09090909090909091
16 0.9287901990811639 0.17586580086580086 0.02909647779479326 0.06385281385281386
100 0.45941807044410415 0.7527056277056277 0.036753445635528334 0.12012987012987013
161 0.4119448698315467 0.17153679653679654 0.042879019908116385 0.08982683982683982
164 0.46477794793261873 0.1645021645021645 0.04134762633996937 0.09956709956709957
166 0.5199081163859112 0.1590909090909091 0.03828483920367535 0.11471861471861472
126 0.35987748851454826 0.4680735930735931 0.06125574272588055 0.1396103896103896
135 0.4180704441041348 0.44426406926406925 0.03981623277182236 0.09415584415584416
131 0.4663093415007657 0.4458874458874459 0.0444104134762634 0.09523809523809523
133 0.5267993874425727 0.4453463203463203 0.042879019908116385 0.09415584415584416
132 0.5849923430321593 0.4453463203463203 0.04900459418070444 0.09632034632034632
134 0.6439509954058193 0.44426406926406925 0.04134762633996937 0.09632034632034632
130 0.6921898928024502 0.45021645021645024 0.045941807044410414 0.11255411255411256
135 0.7511485451761103 0.4420995670995671 0.04134762633996937 0.10281385281385282
131 0.8376722817764166 0.45021645021645024 0.05206738131699847 0.08658008658008658
133 0.8973966309341501 0.4491341991341991 0.042879019908116385 0.08874458874458875
129 0.945635528330781 0.45725108225108224 0.04134762633996937 0.10930735930735931
127 0.5290964777947933 0.7510822510822511 0.056661562021439515 0.11471861471861472
132 0.5834609494640123 0.7321428571428571 0.03981623277182236 0.07683982683982683
128 0.6278713629402757 0.7445887445887446 0.04900459418070444 0.10606060606060606
130 0.6845329249617151 0.7375541125541125 0.03981623277182236 0.08766233766233766
74 0.3560490045941807 0.7224025974025974 0.0444104134762634 0.09415584415584416
75 0.9088820826952527 0.7207792207792207 0.0444104134762634 0.10173160173160173
101 0.3905053598774885 0.7505411255411255 0.036753445635528334 0.11363636363636363
100 0.7649310872894334 0.7332251082251082 0.04134762633996937 0.07900432900432901
135 0.8108728943338438 0.16558441558441558 0.05053598774885146 0.09740259740259741
134 0.8859111791730475 0.1682900432900433 0.03828483920367535 0.09848484848484848
75 0.9678407350689128 0.16558441558441558 0.036753445635528334 0.09956709956709957
