12 0.15849923430321594 0.4648268398268398 0.022970903522205207 0.07034632034632035
12 0.15849923430321594 0.737012987012987 0.022970903522205207 0.07142857142857142
12 0.15926493108728945 0.1937229437229437 0.021439509954058193 0.06926406926406926
14 0.2833078101071976 0.14989177489177488 0.018376722817764167 0.01406926406926407
14 0.2840735068912711 0.45670995670995673 0.016845329249617153 0.015151515151515152
14 0.2840735068912711 0.7104978354978355 0.016845329249617153 0.01406926406926407
12 0.5344563552833078 0.1937229437229437 0.02450229709035222 0.07142857142857142
12 0.5344563552833078 0.7364718614718615 0.02756508422664625 0.06818181818181818
12 0.5344563552833078 0.4659090909090909 0.02756508422664625 0.07251082251082251
14 0.6485451761102604 0.6758658008658008 0.016845329249617153 0.01406926406926407
14 0.6493108728943339 0.09632034632034632 0.018376722817764167 0.012987012987012988
14 0.6493108728943339 0.4036796536796537 0.018376722817764167 0.012987012987012988
14 0.8415007656967841 0.11417748917748918 0.016845329249617153 0.01406926406926407
14 0.8415007656967841 0.42153679653679654 0.016845329249617153 0.011904761904761904
14 0.8415007656967841 0.6758658008658008 0.01990811638591118 0.01406926406926407
12 0.9915773353751914 0.7380952380952381 0.016845329249617153 0.06926406926406926
12 0.992343032159265 0.4659090909090909 0.015313935681470138 0.06818181818181818
12 0.9931087289433385 0.19426406926406925 0.013782542113323125 0.06818181818181818
108 0.026033690658499236 0.18506493506493507 0.042879019908116385 0.09523809523809523
104 0.022970903522205207 0.4751082251082251 0.03981623277182236 0.09740259740259741
105 0.25267993874425726 0.7418831168831169 0.042879019908116385 0.08766233766233766
141 0.45941807044410415 0.7196969696969697 0.045941807044410414 0.11255411255411256
141 0.6156202143950996 0.7202380952380952 0.045941807044410414 0.11363636363636363
170 0.7366003062787136 0.724025974025974 0.05819295558958652 0.10606060606060606
140 0.8101071975497703 0.7245670995670995 0.045941807044410414 0.10497835497835498
15 0.9065849923430322 0.6915584415584416 0.033690658499234305 0.05627705627705628
15 0.9065849923430322 0.4274891774891775 0.030627871362940276 0.05627705627705628
15 0.9081163859111792 0.12229437229437229 0.033690658499234305 0.06060606060606061
15 0.2098009188361409 0.1488095238095238 0.030627871362940276 0.05952380952380952
15 0.2113323124042879 0.45725108225108224 0.033690658499234305 0.05735930735930736
15 0.2113323124042879 0.7196969696969697 0.033690658499234305 0.05844155844155844
140 0.45865237366003064 0.454004329004329 0.0444104134762634 0.10714285714285714
140 0.614854517611026 0.45292207792207795 0.04134762633996937 0.10281385281385282
169 0.7327718223583461 0.45616883116883117 0.056661562021439515 0.09415584415584416
139 0.8085758039816233 0.4577922077922078 0.042879019908116385 0.09523809523809523
173 0.7366003062787136 0.1682900432900433 0.06125574272588055 0.13095238095238096
144 0.46018376722817766 0.1634199134199134 0.04747320061255743 0.1406926406926407
144 0.6179173047473201 0.1634199134199134 0.04747320061255743 0.13852813852813853
143 0.8085758039816233 0.1682900432900433 0.045941807044410414 0.1331168831168831
105 0.026033690658499236 0.7413419913419913 0.03981623277182236 0.08874458874458875
172 0.9433384379785605 0.17207792207792208 0.06125574272588055 0.12121212121212122
168 0.936447166921899 0.4621212121212121 0.053598774885145486 0.08658008658008658
169 0.9372128637059725 0.729978354978355 0.05206738131699847 0.09632034632034632
104 0.2503828483920368 0.4751082251082251 0.03828483920367535 0.09740259740259741
108 0.24961715160796324 0.18506493506493507 0.036753445635528334 0.09523809523809523
