12 0.1447166921898928 0.7456709956709957 0.022970903522205207 0.07142857142857142
12 0.14624808575803983 0.23160173160173161 0.022970903522205207 0.07575757575757576
14 0.45941807044410415 0.2224025974025974 0.015313935681470138 0.01406926406926407
14 0.6921898928024502 0.20454545454545456 0.015313935681470138 0.012987012987012988
12 0.8621745788667688 0.2305194805194805 0.02450229709035222 0.07142857142857142
12 0.8637059724349158 0.7462121212121212 0.02450229709035222 0.07034632034632035
28 0.19678407350689128 0.23160173160173161 0.08422664624808576 0.0735930735930736
27 0.19448698315467075 0.7462121212121212 0.07350689127105667 0.07467532467532467
104 0.42649310872894336 0.23917748917748918 0.03828483920367535 0.09090909090909091
105 0.6577335375191424 0.2353896103896104 0.03828483920367535 0.0854978354978355
138 0.48698315467075043 0.7451298701298701 0.06738131699846861 0.09632034632034632
21 0.5781010719754978 0.7478354978354979 0.03215926493108729 0.0367965367965368
21 0.8032159264931088 0.7478354978354979 0.02909647779479326 0.0367965367965368
132 0.944104134762634 0.2288961038961039 0.053598774885145486 0.08116883116883117
132 0.42572741194486985 0.7608225108225108 0.042879019908116385 0.10822510822510822
132 0.658499234303216 0.7559523809523809 0.042879019908116385 0.09848484848484848
138 0.7258805513016846 0.7413419913419913 0.05819295558958652 0.08874458874458875
134 0.9356814701378254 0.7559523809523809 0.03981623277182236 0.09848484848484848
15 0.388208269525268 0.22294372294372294 0.03522205206738132 0.05844155844155844
15 0.385145482388974 0.762987012987013 0.03215926493108729 0.05627705627705628
15 0.8966309341500766 0.7451298701298701 0.03522205206738132 0.05735930735930736
