12 0.1456766917293233 0.1646746347941567 0.020676691729323307 0.09561752988047809
12 0.1475563909774436 0.8353253652058432 0.02443609022556391 0.09030544488711818
12 0.14661654135338345 0.594953519256308 0.03007518796992481 0.09296148738379813
0 0.32424812030075184 0.5710491367861885 0.10338345864661654 0.10092961487383798
0 0.32424812030075184 0.8333333333333333 0.10338345864661654 0.10491367861885789
0 0.3223684210526316 0.16533864541832669 0.10714285714285714 0.099601593625498
27 0.20676691729323307 0.16733067729083664 0.09022556390977443 0.09561752988047809
27 0.20676691729323307 0.8353253652058432 0.08646616541353383 0.09561752988047809
26 0.20394736842105263 0.596281540504648 0.07330827067669173 0.15405046480743692
20 0.5216165413533834 0.12483399734395749 0.03195488721804511 0.06905710491367861
20 0.8599624060150376 0.550464807436919 0.039473684210526314 0.07038512616201859
20 0.468984962406015 0.7928286852589641 0.02819548872180451 0.06640106241699867
