12 0.8545176110260337 0.829004329004329 0.02450229709035222 0.0735930735930736
12 0.8545176110260337 0.17316017316017315 0.02450229709035222 0.07142857142857142
12 0.8552833078101072 0.6271645021645021 0.026033690658499236 0.07034632034632035
12 0.8552833078101072 0.4004329004329004 0.026033690658499236 0.06926406926406926
98 0.23736600306278716 0.18181818181818182 0.03981623277182236 0.09523809523809523
100 0.552833078101072 0.1737012987012987 0.036753445635528334 0.07683982683982683
162 0.08422664624808576 0.8268398268398268 0.03981623277182236 0.08225108225108226
162 0.16309341500765698 0.829004329004329 0.03828483920367535 0.08225108225108226
162 0.24349157733537521 0.8273809523809523 0.05206738131699847 0.07900432900432901
162 0.3169984686064319 0.8268398268398268 0.03981623277182236 0.08008658008658008
18 0.20673813169984687 0.3874458874458874 0.045941807044410414 0.012987012987012988
162 0.3996937212863706 0.8268398268398268 0.03981623277182236 0.08225108225108226
162 0.48162327718223585 0.827922077922078 0.03828483920367535 0.08225108225108226
162 0.554364471669219 0.8273809523809523 0.05206738131699847 0.08333333333333333
162 0.6332312404287902 0.8273809523809523 0.04747320061255743 0.08116883116883117
162 0.715926493108729 0.8273809523809523 0.04134762633996937 0.08116883116883117
162 0.7970903522205207 0.827922077922078 0.0444104134762634 0.08225108225108226
