12 0.3177641653905054 0.1590909090909091 0.022970903522205207 0.07575757575757576
12 0.6248085758039816 0.1590909090909091 0.021439509954058193 0.07575757575757576
12 0.944104134762634 0.15800865800865802 0.022970903522205207 0.07792207792207792
12 0.945635528330781 0.329004329004329 0.022970903522205207 0.07575757575757576
12 0.6240428790199082 0.329004329004329 0.022970903522205207 0.07575757575757576
12 0.31623277182235837 0.32846320346320346 0.022970903522205207 0.07683982683982683
12 0.08039816232771822 0.650974025974026 0.016845329249617153 0.07683982683982683
12 0.4433384379785605 0.6504329004329005 0.01990811638591118 0.07792207792207792
12 0.7534456355283308 0.650974025974026 0.021439509954058193 0.07683982683982683
12 0.7542113323124043 0.8262987012987013 0.022970903522205207 0.07467532467532467
12 0.444104134762634 0.8262987012987013 0.021439509954058193 0.07467532467532467
12 0.08192955589586524 0.8268398268398268 0.022970903522205207 0.07575757575757576
14 0.6316998468606432 0.6412337662337663 0.022970903522205207 0.011904761904761904
163 0.05819295558958652 0.1488095238095238 0.045941807044410414 0.09415584415584416
162 0.10107197549770292 0.15043290043290045 0.036753445635528334 0.08874458874458875
164 0.23736600306278716 0.33820346320346323 0.036753445635528334 0.09632034632034632
132 0.24349157733537521 0.6655844155844156 0.042879019908116385 0.11038961038961038
172 0.24119448698315468 0.8051948051948052 0.04747320061255743 0.12121212121212122
171 0.29326186830015316 0.8095238095238095 0.04134762633996937 0.11255411255411256
170 0.3506891271056662 0.8127705627705628 0.042879019908116385 0.10173160173160173
171 0.5344563552833078 0.810064935064935 0.04900459418070444 0.11363636363636363
142 0.5957120980091883 0.8062770562770563 0.042879019908116385 0.12121212121212122
163 0.7067381316998469 0.6412337662337663 0.04134762633996937 0.09415584415584416
102 0.7978560490045942 0.6423160173160173 0.036753445635528334 0.09199134199134198
15 0.9402756508422665 0.7997835497835498 0.033690658499234305 0.05844155844155844
15 0.2006125574272588 0.6699134199134199 0.033690658499234305 0.05844155844155844
20 0.04823889739663094 0.3241341991341991 0.026033690658499236 0.06168831168831169
161 0.14777947932618685 0.1525974025974026 0.03522205206738132 0.08874458874458875
160 0.19372128637059724 0.15800865800865802 0.03828483920367535 0.09307359307359307
161 0.23966309341500766 0.15638528138528138 0.03828483920367535 0.08116883116883117
159 0.28254211332312407 0.16666666666666666 0.03828483920367535 0.09523809523809523
165 0.546707503828484 0.1699134199134199 0.033690658499234305 0.09956709956709957
166 0.5872894333843798 0.16883116883116883 0.0444104134762634 0.09740259740259741
165 0.8683001531393568 0.16612554112554112 0.033690658499234305 0.09415584415584416
166 0.9088820826952527 0.16666666666666666 0.04747320061255743 0.09307359307359307
167 0.9823889739663094 0.1682900432900433 0.03522205206738132 0.09632034632034632
165 0.2787136294027565 0.33766233766233766 0.042879019908116385 0.09523809523809523
166 0.3552833078101072 0.3398268398268398 0.036753445635528334 0.09740259740259741
165 0.4012251148545176 0.3409090909090909 0.036753445635528334 0.09956709956709957
167 0.4525267993874426 0.34145021645021645 0.03828483920367535 0.10064935064935066
166 0.5 0.3425324675324675 0.03522205206738132 0.10281385281385282
165 0.545176110260337 0.3430735930735931 0.036753445635528334 0.10606060606060606
164 0.5903522205206738 0.3430735930735931 0.04747320061255743 0.10606060606060606
168 0.6653905053598775 0.3246753246753247 0.04134762633996937 0.08441558441558442
167 0.7136294027565084 0.33225108225108224 0.03981623277182236 0.08008658008658008
166 0.776416539050536 0.3333333333333333 0.03981623277182236 0.08441558441558442
165 0.82312404287902 0.3338744588744589 0.03522205206738132 0.08766233766233766
166 0.8683001531393568 0.336038961038961 0.036753445635528334 0.09199134199134198
164 0.9096477794793262 0.3365800865800866 0.042879019908116385 0.09523809523809523
163 0.03522205206738132 0.6655844155844156 0.045941807044410414 0.10606060606060606
171 0.1225114854517611 0.808982683982684 0.036753445635528334 0.11147186147186147
170 0.17917304747320062 0.8127705627705628 0.045941807044410414 0.09956709956709957
169 0.3996937212863706 0.8181818181818182 0.04900459418070444 0.09307359307359307
170 0.4846860643185299 0.8133116883116883 0.04134762633996937 0.10497835497835498
163 0.49234303215926495 0.6401515151515151 0.04747320061255743 0.09199134199134198
164 0.5421133231240429 0.6401515151515151 0.036753445635528334 0.09415584415584416
133 0.3537519142419602 0.17694805194805194 0.036753445635528334 0.11147186147186147
134 0.4540581929555896 0.1737012987012987 0.03522205206738132 0.10497835497835498
135 0.6669218989280246 0.16937229437229437 0.03522205206738132 0.09848484848484848
133 0.777947932618683 0.1682900432900433 0.036753445635528334 0.09632034632034632
138 0.9808575803981624 0.341991341991342 0.03828483920367535 0.12337662337662338
138 0.12480857580398162 0.6617965367965368 0.04134762633996937 0.11580086580086581
133 0.3445635528330781 0.66504329004329 0.05206738131699847 0.10497835497835498
134 0.604134762633997 0.637987012987013 0.05053598774885146 0.09848484848484848
135 0.6615620214395099 0.827922077922078 0.04900459418070444 0.08658008658008658
168 0.7955589586523737 0.8246753246753247 0.03828483920367535 0.09090909090909091
165 0.8453292496171516 0.8273809523809523 0.042879019908116385 0.08116883116883117
166 0.9012251148545176 0.8268398268398268 0.03828483920367535 0.07575757575757576
167 0.9762633996937213 0.8273809523809523 0.03828483920367535 0.07683982683982683
