12 0.4992343032159265 0.22186147186147187 0.02756508422664625 0.07142857142857142
127 0.7373660030627872 0.23971861471861472 0.06584992343032159 0.11363636363636363
123 0.8016845329249618 0.25757575757575757 0.05972434915773354 0.14935064935064934
123 0.8614088820826953 0.2591991341991342 0.0444104134762634 0.1525974025974026
123 0.6049004594180705 0.2564935064935065 0.045941807044410414 0.14935064935064934
123 0.5444104134762634 0.25703463203463206 0.056661562021439515 0.15043290043290045
123 0.056661562021439515 0.25703463203463206 0.045941807044410414 0.14826839826839827
127 0.19295558958652376 0.24025974025974026 0.06738131699846861 0.11471861471861472
123 0.2557427258805513 0.25757575757575757 0.05206738131699847 0.14935064935064934
123 0.3169984686064319 0.25757575757575757 0.045941807044410414 0.15151515151515152
127 0.45788667687595713 0.23809523809523808 0.07044410413476264 0.11255411255411256
21 0.11638591117917305 0.22077922077922077 0.042879019908116385 0.0367965367965368
21 0.3767228177641654 0.22023809523809523 0.03981623277182236 0.03787878787878788
21 0.6653905053598775 0.22023809523809523 0.04134762633996937 0.03354978354978355
21 0.9203675344563553 0.2196969696969697 0.03981623277182236 0.03463203463203463
