12 0.2986217457886677 0.8203463203463204 0.02450229709035222 0.07142857142857142
12 0.2986217457886677 0.44101731601731603 0.02450229709035222 0.07034632034632035
12 0.2993874425727412 0.0633116883116883 0.026033690658499236 0.06818181818181818
12 0.8552833078101072 0.44155844155844154 0.022970903522205207 0.06926406926406926
12 0.8552833078101072 0.8198051948051948 0.026033690658499236 0.07034632034632035
12 0.8568147013782542 0.0633116883116883 0.026033690658499236 0.06818181818181818
139 0.14318529862174578 0.05519480519480519 0.04134762633996937 0.09523809523809523
141 0.14318529862174578 0.42424242424242425 0.0444104134762634 0.11255411255411256
74 0.35298621745788666 0.43344155844155846 0.04134762633996937 0.09415584415584416
134 0.14318529862174578 0.8311688311688312 0.04134762633996937 0.1038961038961039
129 0.3637059724349158 0.8284632034632035 0.05972434915773354 0.09415584415584416
136 0.5290964777947933 0.8235930735930735 0.04134762633996937 0.08658008658008658
136 0.7029096477794794 0.8241341991341992 0.045941807044410414 0.09199134199134198
101 0.3514548238897397 0.058982683982683984 0.03828483920367535 0.0854978354978355
99 0.5283307810107197 0.06818181818181818 0.036753445635528334 0.08658008658008658
101 0.7013782542113324 0.060064935064935064 0.03981623277182236 0.0854978354978355
21 0.053598774885145486 0.0633116883116883 0.03981623277182236 0.03787878787878788
21 0.22511485451761104 0.06222943722943723 0.03981623277182236 0.04220779220779221
21 0.05436447166921899 0.4431818181818182 0.03522205206738132 0.03787878787878788
21 0.22588055130168455 0.44155844155844154 0.0444104134762634 0.03463203463203463
21 0.05436447166921899 0.8192640692640693 0.0444104134762634 0.03896103896103896
21 0.22588055130168455 0.8198051948051948 0.04134762633996937 0.03571428571428571
21 0.439509954058193 0.8198051948051948 0.042879019908116385 0.04004329004329004
21 0.610260336906585 0.8192640692640693 0.04134762633996937 0.0367965367965368
21 0.7817764165390506 0.8198051948051948 0.04134762633996937 0.03571428571428571
