12 0.11200495049504951 0.7076048951048951 0.023514851485148515 0.06031468531468531
12 0.11262376237623763 0.8653846153846154 0.024752475247524754 0.05944055944055944
12 0.12933168316831684 0.23208041958041958 0.02599009900990099 0.05856643356643357
12 0.13056930693069307 0.375 0.023514851485148515 0.055944055944055944
14 0.20297029702970298 0.729458041958042 0.01485148514851485 0.011363636363636364
14 0.21967821782178218 0.23863636363636365 0.01608910891089109 0.012237762237762238
14 0.8137376237623762 0.22421328671328672 0.01608910891089109 0.011363636363636364
12 0.9715346534653465 0.8658216783216783 0.022277227722772276 0.05856643356643357
12 0.9721534653465347 0.715472027972028 0.023514851485148515 0.07255244755244755
12 0.9931930693069307 0.2312062937062937 0.013613861386138614 0.05856643356643357
12 0.9931930693069307 0.3754370629370629 0.013613861386138614 0.056818181818181816
74 0.19121287128712872 0.22377622377622378 0.03589108910891089 0.07342657342657342
72 0.17636138613861385 0.7084790209790209 0.03589108910891089 0.06381118881118882
15 0.35396039603960394 0.8666958041958042 0.024752475247524754 0.039335664335664336
134 0.7957920792079208 0.22115384615384615 0.03712871287128713 0.08216783216783216
163 0.942450495049505 0.22333916083916083 0.03341584158415842 0.0777972027972028
102 0.7846534653465347 0.701486013986014 0.0297029702970297 0.0777972027972028
