12 0.5957120980091883 0.6114718614718615 0.02756508422664625 0.0670995670995671
12 0.5964777947932619 0.42153679653679654 0.026033690658499236 0.07034632034632035
174 0.15926493108728945 0.3906926406926407 0.045941807044410414 0.13636363636363635
168 0.22664624808575806 0.4172077922077922 0.042879019908116385 0.08333333333333333
172 0.31316998468606433 0.5887445887445888 0.05053598774885146 0.11904761904761904
174 0.4655436447166922 0.5806277056277056 0.05206738131699847 0.13744588744588745
172 0.6493108728943339 0.5882034632034632 0.042879019908116385 0.12012987012987013
174 0.8009188361408882 0.5806277056277056 0.05206738131699847 0.13528138528138528
168 0.715926493108729 0.6076839826839827 0.04134762633996937 0.0854978354978355
168 0.8667687595712098 0.6071428571428571 0.045941807044410414 0.08658008658008658
168 0.07350689127105667 0.41829004329004327 0.033690658499234305 0.08333333333333333
172 0.31393568147013784 0.39880952380952384 0.045941807044410414 0.12012987012987013
168 0.38208269525267996 0.4172077922077922 0.04134762633996937 0.08333333333333333
174 0.4678407350689127 0.3912337662337662 0.05053598774885146 0.13744588744588745
168 0.5329249617151608 0.4161255411255411 0.04900459418070444 0.08333333333333333
172 0.6485451761102604 0.4004329004329004 0.04747320061255743 0.11904761904761904
168 0.7174578866768759 0.41774891774891776 0.04134762633996937 0.08441558441558442
174 0.8009188361408882 0.3912337662337662 0.04900459418070444 0.13744588744588745
168 0.8660030627871363 0.41883116883116883 0.04747320061255743 0.08658008658008658
172 0.9571209800918836 0.4015151515151515 0.045941807044410414 0.12121212121212122
168 0.07274119448698316 0.6076839826839827 0.04134762633996937 0.0854978354978355
174 0.15849923430321594 0.5811688311688312 0.05053598774885146 0.13636363636363635
168 0.22052067381317 0.6071428571428571 0.05206738131699847 0.08441558441558442
168 0.37978560490045943 0.6076839826839827 0.03981623277182236 0.0854978354978355
172 0.9555895865237366 0.5898268398268398 0.04900459418070444 0.11904761904761904
168 0.5313935681470138 0.6076839826839827 0.05206738131699847 0.08333333333333333
