12 0.3437978560490046 0.11742424242424243 0.02909647779479326 0.07251082251082251
12 0.879019908116386 0.1185064935064935 0.02756508422664625 0.07900432900432901
12 0.31929555895865236 0.3327922077922078 0.026033690658499236 0.07251082251082251
12 0.8208269525267994 0.3333333333333333 0.02756508422664625 0.07142857142857142
12 0.3215926493108729 0.545995670995671 0.030627871362940276 0.07467532467532467
12 0.2519142419601838 0.7619047619047619 0.02909647779479326 0.0735930735930736
12 0.8108728943338438 0.7613636363636364 0.03215926493108729 0.07467532467532467
14 0.6278713629402757 0.5562770562770563 0.018376722817764167 0.012987012987012988
13 0.7488514548238898 0.547077922077922 0.036753445635528334 0.07467532467532467
140 0.11868300153139358 0.10551948051948051 0.04747320061255743 0.10714285714285714
141 0.49157733537519144 0.09956709956709957 0.03981623277182236 0.11255411255411256
140 0.5444104134762634 0.10497835497835498 0.03828483920367535 0.1038961038961039
140 0.6523736600306279 0.10768398268398269 0.042879019908116385 0.10714285714285714
142 0.9234303215926494 0.09577922077922078 0.045941807044410414 0.12229437229437229
142 0.4655436447166922 0.31006493506493504 0.045941807044410414 0.11796536796536797
141 0.5926493108728944 0.3143939393939394 0.042879019908116385 0.10930735930735931
140 0.16539050535987748 0.5340909090909091 0.045941807044410414 0.10497835497835498
137 0.277947932618683 0.5481601731601732 0.0444104134762634 0.07467532467532467
136 0.36447166921898927 0.5562770562770563 0.03981623277182236 0.09307359307359307
134 0.4180704441041348 0.5584415584415584 0.036753445635528334 0.09740259740259741
133 0.4770290964777948 0.558982683982684 0.03828483920367535 0.09848484848484848
134 0.5367534456355284 0.560064935064935 0.05053598774885146 0.09848484848484848
21 0.6990811638591118 0.5454545454545454 0.03215926493108729 0.030303030303030304
21 0.9111791730474732 0.7602813852813853 0.033690658499234305 0.03354978354978355
21 0.4640122511485452 0.9751082251082251 0.030627871362940276 0.030303030303030304
136 0.17151607963246554 0.11904761904761904 0.036753445635528334 0.07792207792207792
139 0.2427258805513017 0.11038961038961038 0.03522205206738132 0.09523809523809523
136 0.2963246554364472 0.12012987012987013 0.04134762633996937 0.08008658008658008
139 0.5941807044410413 0.10930735930735931 0.03981623277182236 0.09307359307359307
136 0.7059724349157733 0.12012987012987013 0.036753445635528334 0.08008658008658008
139 0.774885145482389 0.11147186147186147 0.03981623277182236 0.09740259740259741
136 0.827718223583461 0.11904761904761904 0.04747320061255743 0.08008658008658008
141 0.9816232771822359 0.10064935064935066 0.036753445635528334 0.11255411255411256
140 0.08652373660030628 0.3203463203463203 0.0444104134762634 0.1038961038961039
136 0.14548238897396631 0.3344155844155844 0.036753445635528334 0.08008658008658008
139 0.21439509954058195 0.32521645021645024 0.03981623277182236 0.09632034632034632
136 0.2664624808575804 0.3333333333333333 0.04900459418070444 0.07792207792207792
137 0.5183767228177641 0.33170995670995673 0.0444104134762634 0.07467532467532467
137 0.6493108728943339 0.33225108225108224 0.03981623277182236 0.07575757575757576
140 0.7197549770290965 0.31926406926406925 0.042879019908116385 0.10173160173160173
137 0.770290964777948 0.33170995670995673 0.045941807044410414 0.07467532467532467
106 0.8675344563552834 0.3327922077922078 0.03828483920367535 0.07467532467532467
144 0.9724349157733538 0.3008658008658009 0.04900459418070444 0.13636363636363635
141 0.10566615620214395 0.5292207792207793 0.03981623277182236 0.11038961038961038
134 0.7970903522205207 0.5573593073593074 0.03828483920367535 0.09523809523809523
135 0.8736600306278715 0.5535714285714286 0.03522205206738132 0.08982683982683982
136 0.9234303215926494 0.5508658008658008 0.042879019908116385 0.08441558441558442
137 0.036753445635528334 0.7646103896103896 0.036753445635528334 0.08116883116883117
136 0.09571209800918837 0.7673160173160173 0.03828483920367535 0.08874458874458875
134 0.14854517611026033 0.7711038961038961 0.036753445635528334 0.09415584415584416
133 0.20367534456355285 0.7738095238095238 0.04900459418070444 0.09956709956709957
134 0.29709035222052066 0.7705627705627706 0.036753445635528334 0.09090909090909091
135 0.3728943338437979 0.7678571428571429 0.03828483920367535 0.0854978354978355
136 0.4218989280245023 0.7656926406926406 0.04134762633996937 0.08333333333333333
135 0.4747320061255743 0.7656926406926406 0.036753445635528334 0.08116883116883117
136 0.5329249617151608 0.7667748917748918 0.036753445635528334 0.0854978354978355
137 0.5934150076569679 0.7689393939393939 0.03828483920367535 0.08766233766233766
136 0.6516079632465543 0.7689393939393939 0.03522205206738132 0.08982683982683982
134 0.7075038284839203 0.770021645021645 0.036753445635528334 0.09199134199134198
133 0.7626339969372129 0.7716450216450217 0.05206738131699847 0.09307359307359307
134 0.8529862174578867 0.7732683982683982 0.03981623277182236 0.09848484848484848
135 0.9808575803981624 0.7662337662337663 0.03828483920367535 0.08658008658008658
101 0.5987748851454824 0.5432900432900433 0.03981623277182236 0.08658008658008658
106 0.36447166921898927 0.3344155844155844 0.03981623277182236 0.07792207792207792
105 0.39203675344563554 0.12175324675324675 0.042879019908116385 0.08116883116883117
139 0.05742725880551302 0.10876623376623376 0.04747320061255743 0.08982683982683982
139 0.22741194486983154 0.538961038961039 0.03828483920367535 0.09307359307359307
135 0.9770290964777948 0.5524891774891775 0.036753445635528334 0.0854978354978355
142 0.03981623277182236 0.5248917748917749 0.0551301684532925 0.11904761904761904
