14 0.19448698315467075 0.9134199134199135 0.015313935681470138 0.012987012987012988
12 0.40505359877488517 0.4734848484848485 0.022970903522205207 0.07251082251082251
12 0.4127105666156202 0.6872294372294372 0.022970903522205207 0.06926406926406926
12 0.4234303215926493 0.25865800865800864 0.022970903522205207 0.07575757575757576
12 0.8407350689127105 0.902056277056277 0.02450229709035222 0.07034632034632035
12 0.9326186830015314 0.6893939393939394 0.021439509954058193 0.0670995670995671
12 0.9525267993874426 0.47294372294372294 0.02450229709035222 0.07142857142857142
13 0.32618683001531396 0.9025974025974026 0.03981623277182236 0.0735930735930736
130 0.20750382848392038 0.2597402597402597 0.056661562021439515 0.09523809523809523
132 0.2679938744257274 0.25216450216450215 0.042879019908116385 0.08658008658008658
134 0.3284839203675345 0.2527056277056277 0.04134762633996937 0.09415584415584416
132 0.3774885145482389 0.25 0.03828483920367535 0.09523809523809523
129 0.4670750382848392 0.2662337662337662 0.05206738131699847 0.09956709956709957
130 0.5038284839203676 0.46915584415584416 0.042879019908116385 0.10930735930735931
140 0.45788667687595713 0.6758658008658008 0.042879019908116385 0.10497835497835498
21 0.2725880551301685 0.9053030303030303 0.030627871362940276 0.03787878787878788
141 0.4785604900459418 0.887987012987013 0.0444104134762634 0.11363636363636363
140 0.6079632465543645 0.8917748917748918 0.05206738131699847 0.10822510822510822
132 0.043644716692189896 0.25432900432900435 0.04134762633996937 0.08874458874458875
133 0.0995405819295559 0.2527056277056277 0.042879019908116385 0.09415584415584416
132 0.1539050535987749 0.2510822510822511 0.04134762633996937 0.09523809523809523
132 0.5245022970903522 0.25595238095238093 0.04747320061255743 0.0854978354978355
134 0.5872894333843798 0.2510822510822511 0.0444104134762634 0.08874458874458875
132 0.6339969372128638 0.25054112554112556 0.03981623277182236 0.09632034632034632
133 0.6929555895865238 0.25595238095238093 0.04747320061255743 0.0854978354978355
132 0.7480857580398163 0.25811688311688313 0.04134762633996937 0.08333333333333333
130 0.7970903522205207 0.262987012987013 0.0444104134762634 0.09090909090909091
132 0.8575803981623278 0.25865800865800864 0.042879019908116385 0.08225108225108226
134 0.042879019908116385 0.4680735930735931 0.03981623277182236 0.09415584415584416
132 0.0987748851454824 0.4653679653679654 0.0444104134762634 0.09523809523809523
133 0.1669218989280245 0.4707792207792208 0.05206738131699847 0.08658008658008658
132 0.22511485451761104 0.47186147186147187 0.045941807044410414 0.08008658008658008
130 0.2833078101071976 0.47835497835497837 0.045941807044410414 0.09090909090909091
132 0.3499234303215927 0.4734848484848485 0.0444104134762634 0.07900432900432901
135 0.4509954058192956 0.46320346320346323 0.05053598774885146 0.09740259740259741
132 0.5719754977029097 0.46320346320346323 0.04747320061255743 0.09956709956709957
135 0.6416539050535988 0.46374458874458874 0.042879019908116385 0.10281385281385282
134 0.7098009188361409 0.46266233766233766 0.053598774885145486 0.10064935064935066
129 0.7588055130168454 0.4734848484848485 0.04134762633996937 0.11796536796536797
132 0.8284839203675345 0.46266233766233766 0.042879019908116385 0.09848484848484848
134 0.8973966309341501 0.46374458874458874 0.03981623277182236 0.10064935064935066
132 0.030627871362940276 0.6856060606060606 0.05819295558958652 0.0854978354978355
135 0.08346094946401225 0.6964285714285714 0.03828483920367535 0.08982683982683982
134 0.14548238897396631 0.6975108225108225 0.03981623277182236 0.09848484848484848
133 0.19601837672281777 0.6931818181818182 0.03981623277182236 0.08982683982683982
135 0.2450229709035222 0.6915584415584416 0.045941807044410414 0.08658008658008658
137 0.3009188361408882 0.689935064935065 0.03828483920367535 0.07683982683982683
140 0.3637059724349158 0.6764069264069265 0.05972434915773354 0.10173160173160173
139 0.5176110260336907 0.6807359307359307 0.03981623277182236 0.09523809523809523
137 0.5735068912710567 0.6904761904761905 0.04134762633996937 0.07792207792207792
136 0.6316998468606432 0.691017316017316 0.0444104134762634 0.08333333333333333
135 0.7052067381316999 0.6785714285714286 0.04747320061255743 0.09523809523809523
130 0.7557427258805514 0.6877705627705628 0.04134762633996937 0.10281385281385282
132 0.8223583460949464 0.6856060606060606 0.03981623277182236 0.0854978354978355
130 0.8782542113323124 0.6937229437229437 0.04134762633996937 0.08874458874458875
133 0.043644716692189896 0.8928571428571429 0.04134762633996937 0.10173160173160173
134 0.10413476263399694 0.8906926406926406 0.03981623277182236 0.1038961038961039
136 0.5313935681470138 0.9069264069264069 0.04900459418070444 0.08441558441558442
136 0.664624808575804 0.9058441558441559 0.036753445635528334 0.08008658008658008
139 0.7343032159264932 0.8966450216450217 0.03828483920367535 0.10064935064935066
136 0.7856049004594181 0.9047619047619048 0.05206738131699847 0.07792207792207792
98 0.9709035222052068 0.6985930735930735 0.042879019908116385 0.09632034632034632
105 0.88208269525268 0.9074675324675324 0.03981623277182236 0.08333333333333333
105 0.3751914241960184 0.9074675324675324 0.036753445635528334 0.0854978354978355
101 0.16309341500765698 0.9004329004329005 0.03828483920367535 0.08658008658008658
135 0.947166921898928 0.25 0.04747320061255743 0.09740259740259741
