12 0.5849923430321593 0.5844155844155844 0.02756508422664625 0.0735930735930736
12 0.5849923430321593 0.4025974025974026 0.02756508422664625 0.0735930735930736
12 0.5865237366003063 0.22023809523809523 0.02450229709035222 0.07467532467532467
12 0.5872894333843798 0.7656926406926406 0.026033690658499236 0.07251082251082251
14 0.6707503828483921 0.7922077922077922 0.021439509954058193 0.017316017316017316
14 0.028330781010719758 0.7575757575757576 0.01990811638591118 0.012987012987012988
142 0.30245022970903523 0.19696969696969696 0.04747320061255743 0.11688311688311688
142 0.37978560490045943 0.1975108225108225 0.045941807044410414 0.12229437229437229
141 0.4532924961715161 0.20238095238095238 0.04900459418070444 0.11038961038961038
142 0.5260336906584993 0.1985930735930736 0.056661562021439515 0.12012987012987013
84 0.6370597243491578 0.19318181818181818 0.04900459418070444 0.12878787878787878
104 0.4517611026033691 0.41233766233766234 0.042879019908116385 0.09740259740259741
21 0.6316998468606432 0.4036796536796537 0.03828483920367535 0.04112554112554113
21 0.6316998468606432 0.5492424242424242 0.03828483920367535 0.03571428571428571
15 0.4119448698315467 0.7997835497835498 0.036753445635528334 0.05411255411255411
71 0.6370597243491578 0.7705627705627706 0.042879019908116385 0.08874458874458875
133 0.711332312404288 0.5752164502164502 0.053598774885145486 0.09415584415584416
143 0.9387442572741195 0.19534632034632035 0.05206738131699847 0.13095238095238096
134 0.07197549770290965 0.3917748917748918 0.042879019908116385 0.09740259740259741
133 0.14701378254211334 0.3917748917748918 0.042879019908116385 0.09956709956709957
134 0.22358346094946402 0.3917748917748918 0.03981623277182236 0.09956709956709957
134 0.7044410413476264 0.4128787878787879 0.042879019908116385 0.09632034632034632
133 0.77947932618683 0.41179653679653677 0.036753445635528334 0.09632034632034632
135 0.8552833078101072 0.41179653679653677 0.05053598774885146 0.09415584415584416
131 0.06967840735068913 0.5838744588744589 0.0444104134762634 0.07900432900432901
130 0.14701378254211334 0.5887445887445888 0.045941807044410414 0.08658008658008658
131 0.22358346094946402 0.5854978354978355 0.042879019908116385 0.07792207792207792
134 0.8644716692189893 0.573051948051948 0.03828483920367535 0.09848484848484848
134 0.22052067381317 0.7786796536796536 0.03981623277182236 0.10281385281385282
103 0.2993874425727412 0.7786796536796536 0.03828483920367535 0.10281385281385282
99 0.2986217457886677 0.5892857142857143 0.045941807044410414 0.0854978354978355
100 0.4517611026033691 0.5838744588744589 0.045941807044410414 0.07467532467532467
99 0.4509954058192956 0.7711038961038961 0.03828483920367535 0.08766233766233766
102 0.2993874425727412 0.395021645021645 0.03828483920367535 0.09740259740259741
103 0.939509954058193 0.4145021645021645 0.04134762633996937 0.10173160173160173
102 0.9402756508422665 0.5746753246753247 0.042879019908116385 0.09523809523809523
132 0.7817764165390506 0.5752164502164502 0.03828483920367535 0.09848484848484848
