12 0.19218989280245025 0.6028138528138528 0.022970903522205207 0.07142857142857142
12 0.19142419601837674 0.7467532467532467 0.02756508422664625 0.0735930735930736
12 0.19218989280245025 0.941017316017316 0.026033690658499236 0.07251082251082251
12 0.026033690658499236 0.11580086580086581 0.02450229709035222 0.07142857142857142
12 0.8537519142419602 0.9426406926406926 0.026033690658499236 0.07575757575757576
12 0.8545176110260337 0.7505411255411255 0.02756508422664625 0.07467532467532467
12 0.8545176110260337 0.11525974025974026 0.02756508422664625 0.07251082251082251
12 0.8552833078101072 0.6022727272727273 0.026033690658499236 0.07034632034632035
12 0.026799387442572743 0.26406926406926406 0.02909647779479326 0.07575757575757576
12 0.026799387442572743 0.41125541125541126 0.03522205206738132 0.0735930735930736
12 0.8529862174578867 0.26406926406926406 0.02756508422664625 0.07142857142857142
12 0.8537519142419602 0.41233766233766234 0.03522205206738132 0.0735930735930736
134 0.06814701378254212 0.12445887445887446 0.02909647779479326 0.09956709956709957
134 0.20137825421133232 0.12554112554112554 0.03215926493108729 0.09956709956709957
134 0.329249617151608 0.12554112554112554 0.03981623277182236 0.09740259740259741
134 0.4663093415007657 0.12716450216450217 0.02909647779479326 0.10064935064935066
105 0.33537519142419603 0.26785714285714285 0.033690658499234305 0.0854978354978355
105 0.3330781010719755 0.41504329004329005 0.02909647779479326 0.08333333333333333
140 0.3552833078101072 0.5903679653679653 0.033690658499234305 0.10281385281385282
16 0.5237366003062788 0.5248917748917749 0.02450229709035222 0.04112554112554113
16 0.5252679938744258 0.729978354978355 0.033690658499234305 0.046536796536796536
16 0.5245022970903522 0.91504329004329 0.02909647779479326 0.046536796536796536
21 0.10107197549770292 0.7121212121212122 0.033690658499234305 0.03896103896103896
21 0.10260336906584992 0.9031385281385281 0.033690658499234305 0.03571428571428571
18 0.5245022970903522 0.7878787878787878 0.04747320061255743 0.021645021645021644
18 0.5229709035222052 0.9821428571428571 0.05053598774885146 0.020562770562770564
136 0.6003062787136294 0.4145021645021645 0.030627871362940276 0.08441558441558442
134 0.599540581929556 0.12608225108225107 0.03215926493108729 0.10064935064935066
134 0.7258805513016846 0.1266233766233766 0.04900459418070444 0.10173160173160173
136 0.601071975497703 0.2667748917748918 0.03215926493108729 0.08333333333333333
136 0.723583460949464 0.2662337662337662 0.04747320061255743 0.08008658008658008
136 0.7289433384379785 0.4155844155844156 0.03981623277182236 0.08441558441558442
141 0.44869831546707506 0.5865800865800865 0.0551301684532925 0.11255411255411256
139 0.24961715160796324 0.5946969696969697 0.030627871362940276 0.09632034632034632
142 0.5627871362940275 0.5817099567099567 0.04134762633996937 0.12229437229437229
141 0.663093415007657 0.5865800865800865 0.033690658499234305 0.11255411255411256
138 0.7557427258805514 0.5995670995670995 0.0444104134762634 0.08658008658008658
135 0.5666156202143952 0.7353896103896104 0.042879019908116385 0.10281385281385282
134 0.6615620214395099 0.7391774891774892 0.036753445635528334 0.09307359307359307
131 0.7603369065849924 0.7435064935064936 0.03828483920367535 0.08658008658008658
132 0.2572741194486983 0.7435064935064936 0.045941807044410414 0.08441558441558442
133 0.3537519142419602 0.7413419913419913 0.036753445635528334 0.09090909090909091
134 0.45788667687595713 0.7386363636363636 0.033690658499234305 0.09632034632034632
133 0.25957120980091886 0.9366883116883117 0.053598774885145486 0.0854978354978355
134 0.3545176110260337 0.9356060606060606 0.03522205206738132 0.08982683982683982
135 0.4563552833078101 0.9312770562770563 0.030627871362940276 0.09415584415584416
132 0.7618683001531393 0.9377705627705628 0.03522205206738132 0.08982683982683982
135 0.6653905053598775 0.9323593073593074 0.03522205206738132 0.09632034632034632
136 0.5689127105666156 0.9264069264069265 0.0444104134762634 0.10822510822510822
98 0.0666156202143951 0.4193722943722944 0.03522205206738132 0.09632034632034632
98 0.06814701378254212 0.2721861471861472 0.02909647779479326 0.09415584415584416
