14 0.2228177641653905 0.6028138528138528 0.016845329249617153 0.012987012987012988
14 0.3407350689127106 0.40854978354978355 0.016845329249617153 0.01406926406926407
14 0.44869831546707506 0.3912337662337662 0.018376722817764167 0.016233766233766232
12 0.6003062787136294 0.2050865800865801 0.02450229709035222 0.07034632034632035
12 0.6003062787136294 0.788961038961039 0.02450229709035222 0.06926406926406926
12 0.601071975497703 0.5946969696969697 0.022970903522205207 0.07034632034632035
12 0.6018376722817764 0.39880952380952384 0.02756508422664625 0.06818181818181818
14 0.7358346094946402 0.1958874458874459 0.01990811638591118 0.012987012987012988
14 0.8445635528330782 0.3906926406926407 0.016845329249617153 0.012987012987012988
14 0.8445635528330782 0.17803030303030304 0.01990811638591118 0.016233766233766232
14 0.9502297090352221 0.19642857142857142 0.01990811638591118 0.016233766233766232
14 0.11562021439509955 0.6033549783549783 0.016845329249617153 0.01406926406926407
14 0.7373660030627872 0.39231601731601734 0.022970903522205207 0.01406926406926407
14 0.9494640122511486 0.3917748917748918 0.02756508422664625 0.015151515151515152
14 0.9494640122511486 0.5844155844155844 0.018376722817764167 0.012987012987012988
14 0.8422664624808576 0.58495670995671 0.018376722817764167 0.01406926406926407
14 0.7358346094946402 0.5844155844155844 0.01990811638591118 0.015151515151515152
14 0.44793261868300155 0.5854978354978355 0.016845329249617153 0.012987012987012988
14 0.3407350689127106 0.6028138528138528 0.016845329249617153 0.012987012987012988
18 0.2771822358346095 0.17261904761904762 0.042879019908116385 0.020562770562770564
22 0.6470137825421134 0.17694805194805194 0.03522205206738132 0.046536796536796536
18 0.27565084226646247 0.36688311688311687 0.045941807044410414 0.017316017316017316
21 0.22741194486983154 0.43452380952380953 0.03828483920367535 0.03787878787878788
18 0.2787136294027565 0.5643939393939394 0.045941807044410414 0.022727272727272728
18 0.277947932618683 0.7581168831168831 0.05053598774885146 0.020562770562770564
19 0.6462480857580398 0.8192640692640693 0.04900459418070444 0.021645021645021644
18 0.9754977029096478 0.7570346320346321 0.04900459418070444 0.020562770562770564
22 0.9548238897396631 0.8295454545454546 0.04134762633996937 0.04220779220779221
135 0.7067381316998469 0.5762987012987013 0.03828483920367535 0.11147186147186147
164 0.656967840735069 0.577922077922078 0.06125574272588055 0.10822510822510822
136 0.8208269525267994 0.5752164502164502 0.05206738131699847 0.11363636363636363
135 0.9211332312404288 0.5757575757575758 0.04134762633996937 0.11471861471861472
18 0.9785604900459418 0.5622294372294372 0.042879019908116385 0.020562770562770564
18 0.9785604900459418 0.37067099567099565 0.042879019908116385 0.022727272727272728
135 0.7059724349157733 0.21374458874458874 0.036753445635528334 0.09199134199134198
136 0.8131699846860644 0.2159090909090909 0.036753445635528334 0.09632034632034632
135 0.9188361408882083 0.21536796536796537 0.036753445635528334 0.09740259740259741
134 0.31316998468606433 0.41125541125541126 0.03828483920367535 0.10173160173160173
135 0.4180704441041348 0.41125541125541126 0.03981623277182236 0.09956709956709957
134 0.5168453292496171 0.41179653679653677 0.053598774885145486 0.10064935064935066
134 0.08728943338437979 0.58495670995671 0.03981623277182236 0.09632034632034632
133 0.19218989280245025 0.58495670995671 0.04134762633996937 0.09848484848484848
135 0.4180704441041348 0.5838744588744589 0.042879019908116385 0.09415584415584416
134 0.5252679938744258 0.5838744588744589 0.03981623277182236 0.09632034632034632
136 0.8116385911179174 0.4090909090909091 0.03981623277182236 0.09740259740259741
135 0.9188361408882083 0.4090909090909091 0.036753445635528334 0.09740259740259741
135 0.6983154670750383 0.4134199134199134 0.045941807044410414 0.10606060606060606
164 0.6416539050535988 0.41504329004329005 0.036753445635528334 0.10930735930735931
134 0.31929555895865236 0.5844155844155844 0.05053598774885146 0.09307359307359307
