12 0.1439509954058193 0.38961038961038963 0.02450229709035222 0.07142857142857142
12 0.1447166921898928 0.5827922077922078 0.022970903522205207 0.07034632034632035
12 0.1447166921898928 0.7765151515151515 0.026033690658499236 0.07034632034632035
12 0.1439509954058193 0.1958874458874459 0.015313935681470138 0.06926406926406926
31 0.19525267993874426 0.20292207792207792 0.06891271056661562 0.15043290043290045
26 0.19601837672281777 0.38906926406926406 0.07044410413476264 0.13528138528138528
26 0.19525267993874426 0.5838744588744589 0.06584992343032159 0.13528138528138528
27 0.19601837672281777 0.7797619047619048 0.07963246554364473 0.07467532467532467
20 0.7978560490045942 0.3874458874458874 0.036753445635528334 0.06277056277056277
20 0.8001531393568148 0.5817099567099567 0.03522205206738132 0.05519480519480519
104 0.3062787136294028 0.7873376623376623 0.03981623277182236 0.09632034632034632
102 0.555895865237366 0.7689393939393939 0.03981623277182236 0.09632034632034632
75 0.8062787136294028 0.79004329004329 0.0444104134762634 0.10173160173160173
76 0.3062787136294028 0.591991341991342 0.03981623277182236 0.09523809523809523
76 0.3070444104134763 0.39826839826839827 0.04134762633996937 0.09523809523809523
