12 0.273353751914242 0.22510822510822512 0.022970903522205207 0.07142857142857142
12 0.2741194486983155 0.4053030303030303 0.02450229709035222 0.07467532467532467
14 0.5283307810107197 0.14393939393939395 0.018376722817764167 0.015151515151515152
12 0.5252679938744258 0.9226190476190477 0.02756508422664625 0.07251082251082251
12 0.5252679938744258 0.7316017316017316 0.02756508422664625 0.0735930735930736
14 0.06738131699846861 0.14502164502164502 0.021439509954058193 0.017316017316017316
12 0.8537519142419602 0.4053030303030303 0.026033690658499236 0.07251082251082251
12 0.8545176110260337 0.22456709956709955 0.02450229709035222 0.07034632034632035
12 0.8545176110260337 0.7326839826839827 0.02450229709035222 0.0735930735930736
12 0.8537519142419602 0.9231601731601732 0.02909647779479326 0.0735930735930736
132 0.44869831546707506 0.7321428571428571 0.036753445635528334 0.07900432900432901
131 0.35758039816232773 0.7316017316017316 0.0444104134762634 0.08225108225108226
17 0.38055130168453294 0.16287878787878787 0.026033690658499236 0.05952380952380952
131 0.08958652373660031 0.7316017316017316 0.04134762633996937 0.07575757575757576
133 0.18989280245022971 0.7272727272727273 0.0551301684532925 0.08225108225108226
132 0.27182235834609497 0.7288961038961039 0.04134762633996937 0.08333333333333333
141 0.41347626339969373 0.18452380952380953 0.042879019908116385 0.1590909090909091
83 0.4946401225114855 0.18452380952380953 0.05206738131699847 0.1590909090909091
83 0.03598774885145482 0.18722943722943722 0.053598774885145486 0.15584415584415584
