12 0.5210312075983717 0.29750479846449135 0.021709633649932156 0.06333973128598848
12 0.5203527815468113 0.11228406909788867 0.025780189959294434 0.06333973128598848
12 0.5203527815468113 0.7999040307101727 0.025780189959294434 0.06238003838771593
12 0.5203527815468113 0.6367562380038387 0.025780189959294434 0.06429942418426103
12 0.5210312075983717 0.4726487523992322 0.027137042062415195 0.06429942418426103
14 0.6329715061058344 0.791746641074856 0.017639077340569877 0.013435700575815739
14 0.6329715061058344 0.6276391554702495 0.020352781546811395 0.013435700575815739
12 0.6919945725915875 0.6324376199616123 0.016282225237449117 0.051823416506717845
12 0.6919945725915875 0.7936660268714011 0.016282225237449117 0.046065259117082535
14 0.8331071913161465 0.8071017274472169 0.018995929443690635 0.011516314779270634
14 0.835820895522388 0.6439539347408829 0.016282225237449117 0.015355086372360844
99 0.121438263229308 0.1156429942418426 0.03934871099050203 0.07581573896353166
99 0.208955223880597 0.11660268714011515 0.03799185888738127 0.07581573896353166
99 0.34260515603799185 0.11660268714011515 0.036635006784260515 0.07581573896353166
99 0.4287652645861601 0.11516314779270632 0.03799185888738127 0.07677543186180422
99 0.6058344640434192 0.11660268714011515 0.036635006784260515 0.07773512476007677
99 0.6906377204884667 0.11708253358925144 0.035278154681139755 0.07869481765834932
99 0.8052917232021709 0.11468330134357005 0.03934871099050203 0.07773512476007677
99 0.8900949796472184 0.11612284069097888 0.04070556309362279 0.07869481765834932
95 0.4274084124830393 0.31813819577735125 0.04341926729986431 0.11228406909788867
95 0.34260515603799185 0.3166986564299424 0.03934871099050203 0.10556621880998081
103 0.34056987788331067 0.4832053742802303 0.035278154681139755 0.0911708253358925
103 0.4287652645861601 0.4817658349328215 0.03799185888738127 0.08637236084452975
103 0.603799185888738 0.4836852207293666 0.032564450474898234 0.09021113243761995
103 0.6899592944369063 0.482725527831094 0.036635006784260515 0.08829174664107485
104 0.6058344640434192 0.6453934740882917 0.036635006784260515 0.0854126679462572
102 0.8059701492537312 0.6290786948176583 0.03799185888738127 0.08349328214971209
16 0.08616010854816825 0.3373320537428023 0.023066485753052916 0.04318618042226487
16 0.5698778833107191 0.13483685220729366 0.027137042062415195 0.04702495201535509
16 0.30868385345997285 0.3522072936660269 0.025780189959294434 0.044145873320537425
16 0.30529172320217096 0.4654510556621881 0.024423337856173677 0.044145873320537425
16 0.5698778833107191 0.3517274472168906 0.021709633649932156 0.04702495201535509
16 0.5712347354138398 0.463531669865643 0.024423337856173677 0.04030710172744722
16 0.5691994572591587 0.6199616122840691 0.028493894165535955 0.046065259117082535
16 0.6981004070556309 0.6271593090211133 0.023066485753052916 0.04894433781190019
16 0.7693351424694708 0.6377159309021113 0.024423337856173677 0.04702495201535509
16 0.5705563093622794 0.7835892514395393 0.025780189959294434 0.04510556621880998
16 0.6987788331071912 0.791746641074856 0.021709633649932156 0.046065259117082535
16 0.7686567164179103 0.7984644913627639 0.025780189959294434 0.046065259117082535
16 0.9891451831750339 0.8133397312859885 0.021709633649932156 0.04894433781190019
132 0.9450474898236092 0.7960652591170825 0.05291723202170963 0.07389635316698656
102 0.8052917232021709 0.7912667946257197 0.036635006784260515 0.08349328214971209
99 0.8066485753052917 0.4784069097888675 0.036635006784260515 0.07965451055662187
95 0.8039348710990502 0.3186180422264875 0.04477611940298507 0.10940499040307101
95 0.889416553595658 0.31765834932821496 0.03934871099050203 0.10748560460652591
97 0.12211668928086837 0.30950095969289826 0.03799185888738127 0.09500959692898273
97 0.20624151967435547 0.30998080614203455 0.03799185888738127 0.09596928982725528
95 0.6051560379918588 0.3166986564299424 0.04070556309362279 0.11132437619961612
95 0.689280868385346 0.31621880998080615 0.04070556309362279 0.11036468330134357
98 0.12211668928086837 0.4803262955854127 0.03799185888738127 0.0854126679462572
98 0.20963364993215738 0.4817658349328215 0.033921302578018994 0.08445297504798464
99 0.8914518317503392 0.4779270633397313 0.03799185888738127 0.07869481765834932
134 0.7333785617367706 0.6449136276391555 0.036635006784260515 0.08637236084452975
134 0.7327001356852103 0.8099808061420345 0.03799185888738127 0.08829174664107485
132 0.9450474898236092 0.6329174664107485 0.05020352781546811 0.07197696737044146
104 0.603799185888738 0.805662188099808 0.035278154681139755 0.08349328214971209
