12 0.14318529862174578 0.6109307359307359 0.026033690658499236 0.07467532467532467
12 0.1439509954058193 0.4296536796536797 0.02450229709035222 0.07575757575757576
12 0.1447166921898928 0.2472943722943723 0.022970903522205207 0.07251082251082251
12 0.1447166921898928 0.795995670995671 0.022970903522205207 0.07251082251082251
12 0.8192955589586524 0.4301948051948052 0.02756508422664625 0.07467532467532467
12 0.8192955589586524 0.6103896103896104 0.02756508422664625 0.0735930735930736
12 0.8200612557427259 0.7954545454545454 0.026033690658499236 0.0735930735930736
12 0.8208269525267994 0.2472943722943723 0.02756508422664625 0.07034632034632035
26 0.19678407350689128 0.24621212121212122 0.07197549770290965 0.13528138528138528
26 0.19601837672281777 0.4274891774891775 0.07350689127105667 0.1341991341991342
28 0.1983154670750383 0.6114718614718615 0.08116385911179173 0.07792207792207792
27 0.19218989280245025 0.7857142857142857 0.0781010719754977 0.06493506493506493
50 0.31316998468606433 0.2472943722943723 0.056661562021439515 0.07467532467532467
77 0.8705972434915774 0.24945887445887446 0.04134762633996937 0.08333333333333333
129 0.3169984686064319 0.4393939393939394 0.06125574272588055 0.09523809523809523
98 0.383614088820827 0.4383116883116883 0.0444104134762634 0.09307359307359307
129 0.5045941807044411 0.4383116883116883 0.06584992343032159 0.09523809523809523
128 0.5796324655436448 0.44264069264069267 0.06584992343032159 0.1038961038961039
97 0.6477794793261868 0.44426406926406925 0.045941807044410414 0.10497835497835498
128 0.7664624808575804 0.44101731601731603 0.06584992343032159 0.10497835497835498
132 0.88208269525268 0.42424242424242425 0.06125574272588055 0.08441558441558442
133 0.31623277182235837 0.6038961038961039 0.056661562021439515 0.09090909090909091
133 0.5038284839203676 0.6044372294372294 0.0551301684532925 0.08982683982683982
132 0.5811638591117918 0.6071428571428571 0.056661562021439515 0.08658008658008658
132 0.7679938744257274 0.6093073593073594 0.05972434915773354 0.08225108225108226
136 0.8683001531393568 0.6163419913419913 0.04900459418070444 0.08333333333333333
134 0.30474732006125577 0.808982683982684 0.042879019908116385 0.10497835497835498
134 0.495405819295559 0.8079004329004329 0.0444104134762634 0.10281385281385282
133 0.5803981623277182 0.7878787878787878 0.05819295558958652 0.09307359307359307
133 0.767228177641654 0.7878787878787878 0.05819295558958652 0.08874458874458875
137 0.8690658499234304 0.795995670995671 0.0444104134762634 0.07900432900432901
102 0.3843797856049005 0.6017316017316018 0.042879019908116385 0.09307359307359307
105 0.944104134762634 0.6136363636363636 0.03828483920367535 0.08225108225108226
106 0.9448698315467076 0.795995670995671 0.042879019908116385 0.07683982683982683
101 0.9494640122511486 0.42424242424242425 0.042879019908116385 0.08441558441558442
101 0.6485451761102604 0.6076839826839827 0.04747320061255743 0.08333333333333333
102 0.6485451761102604 0.7867965367965368 0.0444104134762634 0.09523809523809523
103 0.38208269525267996 0.8073593073593074 0.0444104134762634 0.10173160173160173
