12 0.1439509954058193 0.788961038961039 0.021439509954058193 0.07142857142857142
12 0.1447166921898928 0.2067099567099567 0.022970903522205207 0.07575757575757576
12 0.14548238897396631 0.39935064935064934 0.021439509954058193 0.07142857142857142
12 0.14548238897396631 0.5952380952380952 0.02450229709035222 0.0735930735930736
14 0.33537519142419603 0.3906926406926407 0.018376722817764167 0.015151515151515152
14 0.33614088820826954 0.7803030303030303 0.01990811638591118 0.015151515151515152
14 0.33614088820826954 0.6017316017316018 0.01990811638591118 0.015151515151515152
14 0.42572741194486985 0.19696969696969696 0.015313935681470138 0.015151515151515152
14 0.5329249617151608 0.2132034632034632 0.018376722817764167 0.015151515151515152
14 0.5666156202143952 0.40854978354978355 0.021439509954058193 0.016233766233766232
14 0.7404287901990811 0.4264069264069264 0.016845329249617153 0.010822510822510822
12 0.9548238897396631 0.20562770562770563 0.022970903522205207 0.07142857142857142
12 0.9555895865237366 0.7878787878787878 0.02450229709035222 0.07142857142857142
12 0.9563552833078102 0.39880952380952384 0.022970903522205207 0.06818181818181818
12 0.9563552833078102 0.5946969696969697 0.026033690658499236 0.07034632034632035
26 0.19678407350689128 0.20725108225108224 0.07197549770290965 0.1266233766233766
26 0.19678407350689128 0.40205627705627706 0.07197549770290965 0.12445887445887446
31 0.19525267993874426 0.6055194805194806 0.07197549770290965 0.14393939393939395
27 0.1990811638591118 0.788961038961039 0.0765696784073507 0.07575757575757576
104 0.30474732006125577 0.40854978354978355 0.036753445635528334 0.09632034632034632
75 0.3062787136294028 0.5800865800865801 0.03981623277182236 0.1038961038961039
77 0.3062787136294028 0.7938311688311688 0.042879019908116385 0.08766233766233766
20 0.6033690658499234 0.17153679653679654 0.030627871362940276 0.05952380952380952
22 0.77947932618683 0.1774891774891775 0.036753445635528334 0.049783549783549784
22 0.8430321592649311 0.17694805194805194 0.03828483920367535 0.046536796536796536
22 0.9065849923430322 0.17857142857142858 0.03981623277182236 0.05194805194805195
22 0.9035222052067382 0.44264069264069267 0.03981623277182236 0.049783549783549784
18 0.5926493108728944 0.5616883116883117 0.05206738131699847 0.01948051948051948
18 0.5918836140888208 0.7570346320346321 0.05053598774885146 0.020562770562770564
21 0.714395099540582 0.6298701298701299 0.03215926493108729 0.03463203463203463
21 0.714395099540582 0.8225108225108225 0.03215926493108729 0.032467532467532464
22 0.9058192955589587 0.8300865800865801 0.03215926493108729 0.05194805194805195
18 0.5926493108728944 0.36688311688311687 0.05206738131699847 0.023809523809523808
20 0.9862174578866769 0.43777056277056275 0.02756508422664625 0.05735930735930736
21 0.7151607963246555 0.43506493506493504 0.03981623277182236 0.03463203463203463
22 0.7174578866768759 0.17586580086580086 0.03522205206738132 0.048701298701298704
133 0.31393568147013784 0.19534632034632035 0.05206738131699847 0.09415584415584416
134 0.3958652373660031 0.1958874458874459 0.04134762633996937 0.09523809523809523
133 0.501531393568147 0.19480519480519481 0.03828483920367535 0.09523809523809523
134 0.5359877488514548 0.4101731601731602 0.036753445635528334 0.10606060606060606
163 0.9165390505359878 0.5865800865800865 0.05972434915773354 0.09307359307359307
