12 0.1439509954058193 0.24025974025974026 0.021439509954058193 0.0735930735930736
12 0.1447166921898928 0.6985930735930735 0.022970903522205207 0.07251082251082251
12 0.1447166921898928 0.47186147186147187 0.022970903522205207 0.07142857142857142
12 0.8055130168453293 0.47186147186147187 0.02450229709035222 0.07142857142857142
12 0.8062787136294028 0.6991341991341992 0.026033690658499236 0.06926406926406926
12 0.8070444104134763 0.23971861471861472 0.02450229709035222 0.07251082251082251
28 0.20444104134762633 0.23755411255411255 0.08728943338437979 0.09632034632034632
27 0.21745788667687596 0.474025974025974 0.11638591117917305 0.08874458874458875
37 0.2105666156202144 0.70995670995671 0.09647779479326188 0.10606060606060606
130 0.3185298621745789 0.45670995670995673 0.06125574272588055 0.1277056277056277
137 0.3774885145482389 0.45075757575757575 0.0444104134762634 0.11363636363636363
130 0.43568147013782543 0.45670995670995673 0.04747320061255743 0.12987012987012986
129 0.5643185298621746 0.4653679653679654 0.056661562021439515 0.1277056277056277
129 0.6883614088820827 0.4659090909090909 0.04134762633996937 0.1266233766233766
128 0.8537519142419602 0.4751082251082251 0.056661562021439515 0.12554112554112554
136 0.7557427258805514 0.6845238095238095 0.03828483920367535 0.11147186147186147
136 0.6286370597243491 0.683982683982684 0.0444104134762634 0.10822510822510822
129 0.6868300153139357 0.6942640692640693 0.0444104134762634 0.1266233766233766
129 0.5635528330781011 0.6942640692640693 0.0551301684532925 0.12878787878787878
131 0.31623277182235837 0.2159090909090909 0.056661562021439515 0.1266233766233766
138 0.3790199081163859 0.21645021645021645 0.04134762633996937 0.12554112554112554
131 0.43721286370597245 0.2159090909090909 0.0444104134762634 0.1266233766233766
138 0.5053598774885145 0.21699134199134198 0.03981623277182236 0.12878787878787878
130 0.5704441041347627 0.22510822510822512 0.056661562021439515 0.12554112554112554
137 0.6324655436447167 0.22077922077922077 0.03981623277182236 0.11688311688311688
130 0.6883614088820827 0.2261904761904762 0.04747320061255743 0.12987012987012986
137 0.7565084226646248 0.2196969696969697 0.03981623277182236 0.11688311688311688
129 0.8491577335375192 0.23214285714285715 0.06278713629402757 0.12445887445887446
136 0.9157733537519143 0.22456709956709955 0.03981623277182236 0.10930735930735931
129 0.9716692189892803 0.2343073593073593 0.04747320061255743 0.1266233766233766
136 0.6301684532924962 0.45725108225108224 0.0444104134762634 0.10930735930735931
130 0.3116385911179173 0.6834415584415584 0.06278713629402757 0.1266233766233766
137 0.3767228177641654 0.6791125541125541 0.042879019908116385 0.11580086580086581
130 0.43644716692189894 0.6845238095238095 0.042879019908116385 0.12878787878787878
137 0.5045941807044411 0.6785714285714286 0.03828483920367535 0.11471861471861472
135 0.8437978560490046 0.7050865800865801 0.03981623277182236 0.08766233766233766
142 0.9157733537519143 0.6801948051948052 0.045941807044410414 0.1266233766233766
135 0.9709035222052068 0.7023809523809523 0.03981623277182236 0.08441558441558442
128 0.9693721286370598 0.4745670995670996 0.04900459418070444 0.12878787878787878
135 0.9165390505359878 0.4615800865800866 0.04134762633996937 0.09848484848484848
135 0.7534456355283308 0.4556277056277056 0.042879019908116385 0.10822510822510822
137 0.5007656967840736 0.4512987012987013 0.04900459418070444 0.11688311688311688
