12 0.20352781546811397 0.6362763915547025 0.024423337856173677 0.06525911708253358
12 0.20420624151967434 0.4726487523992322 0.023066485753052916 0.06429942418426103
12 0.20420624151967434 0.7994241842610365 0.023066485753052916 0.06333973128598848
12 0.20488466757123472 0.29846449136276393 0.021709633649932156 0.06333973128598848
12 0.20488466757123472 0.11276391554702495 0.024423337856173677 0.06429942418426103
14 0.05563093622795115 0.8224568138195777 0.018995929443690635 0.013435700575815739
12 0.8521031207598371 0.7989443378119002 0.024423337856173677 0.06238003838771593
12 0.8527815468113975 0.29750479846449135 0.023066485753052916 0.06333973128598848
12 0.8527815468113975 0.6362763915547025 0.025780189959294434 0.06525911708253358
12 0.8534599728629578 0.1118042226487524 0.024423337856173677 0.06429942418426103
12 0.8534599728629578 0.4726487523992322 0.024423337856173677 0.06429942418426103
14 0.3073270013568521 0.6746641074856046 0.023066485753052916 0.015355086372360844
14 0.30868385345997285 0.8392514395393473 0.025780189959294434 0.01439539347408829
14 0.05766621438263229 0.6621880998080614 0.020352781546811395 0.019193857965451054
99 0.11397557666214382 0.11660268714011515 0.035278154681139755 0.07773512476007677
97 0.2632293080054274 0.12332053742802303 0.04070556309362279 0.09500959692898273
97 0.35142469470827675 0.12284069097888675 0.04070556309362279 0.09213051823416507
99 0.4579375848032564 0.11660268714011515 0.036635006784260515 0.07773512476007677
99 0.5427408412483039 0.11708253358925144 0.035278154681139755 0.07677543186180422
99 0.6777476255088195 0.11660268714011515 0.036635006784260515 0.07773512476007677
97 0.675033921302578 0.30950095969289826 0.04206241519674355 0.09500959692898273
96 0.7632293080054273 0.31381957773512476 0.03934871099050203 0.09980806142034548
99 0.35142469470827675 0.4769673704414587 0.04070556309362279 0.07677543186180422
16 0.11940298507462685 0.6593090211132437 0.027137042062415195 0.046065259117082535
16 0.12008141112618724 0.8234165067178503 0.025780189959294434 0.046065259117082535
16 0.41926729986431477 0.1357965451055662 0.024423337856173677 0.04510556621880998
44 0.2706919945725916 0.6444337811900192 0.05020352781546811 0.0873320537428023
44 0.27204884667571233 0.8080614203454894 0.04748982360922659 0.08445297504798464
99 0.7652645861601085 0.11516314779270632 0.035278154681139755 0.07485604606525911
97 0.1112618724559023 0.31046065259117084 0.04341926729986431 0.09500959692898273
95 0.26390773405698775 0.31717850287907867 0.04477611940298507 0.10844529750479846
95 0.3507462686567164 0.3166986564299424 0.04206241519674355 0.10940499040307101
95 0.4559023066485753 0.3186180422264875 0.04070556309362279 0.11132437619961612
95 0.5420624151967435 0.31717850287907867 0.04477611940298507 0.11036468330134357
99 0.028493894165535955 0.4764875239923224 0.032564450474898234 0.07581573896353166
99 0.11329715061058344 0.4779270633397313 0.033921302578018994 0.07869481765834932
99 0.26458616010854813 0.4760076775431862 0.04070556309362279 0.07677543186180422
99 0.4559023066485753 0.4760076775431862 0.03799185888738127 0.07869481765834932
99 0.5420624151967435 0.4760076775431862 0.036635006784260515 0.07869481765834932
99 0.6770691994572591 0.4760076775431862 0.035278154681139755 0.07677543186180422
99 0.7659430122116688 0.4784069097888675 0.033921302578018994 0.07965451055662187
130 0.1682496607869742 0.6405950095969289 0.05698778833107191 0.07389635316698656
130 0.16757123473541383 0.8042226487523992 0.05834464043419267 0.07485604606525911
99 0.027137042062415195 0.11660268714011515 0.03799185888738127 0.07581573896353166
97 0.027815468113975575 0.30998080614203455 0.03934871099050203 0.09021113243761995
100 0.026458616010854814 0.637236084452975 0.036635006784260515 0.0710172744721689
100 0.027815468113975575 0.8018234165067178 0.033921302578018994 0.06813819577735125
