12 0.14548238897396631 0.5481601731601732 0.021439509954058193 0.07251082251082251
12 0.14548238897396631 0.3625541125541126 0.02450229709035222 0.0735930735930736
14 0.7611026033690659 0.3014069264069264 0.021439509954058193 0.016233766233766232
8 0.3062787136294028 0.336038961038961 0.11332312404287903 0.08982683982683982
6 0.2771822358346095 0.5243506493506493 0.06125574272588055 0.08333333333333333
26 0.19678407350689128 0.36038961038961037 0.06891271056661562 0.13203463203463203
31 0.19601837672281777 0.5562770562770563 0.06738131699846861 0.15151515151515152
134 0.5964777947932619 0.5275974025974026 0.0444104134762634 0.12012987012987013
139 0.5022970903522206 0.35335497835497837 0.0551301684532925 0.09415584415584416
138 0.5796324655436448 0.35714285714285715 0.053598774885145486 0.08441558441558442
110 0.7258805513016846 0.3446969696969697 0.042879019908116385 0.11363636363636363
136 0.9433384379785605 0.3652597402597403 0.036753445635528334 0.08333333333333333
170 0.4287901990811639 0.349025974025974 0.042879019908116385 0.10281385281385282
