12 0.03751914241960184 0.533008658008658 0.022970903522205207 0.07034632034632035
12 0.03751914241960184 0.7635281385281385 0.026033690658499236 0.07251082251082251
12 0.03828483920367535 0.3051948051948052 0.02450229709035222 0.0735930735930736
12 0.5765696784073507 0.5324675324675324 0.026033690658499236 0.06926406926406926
12 0.5765696784073507 0.3041125541125541 0.026033690658499236 0.0735930735930736
12 0.5781010719754978 0.7640692640692641 0.02909647779479326 0.0735930735930736
11 0.8445635528330782 0.3041125541125541 0.04134762633996937 0.0735930735930736
11 0.8460949464012252 0.5340909090909091 0.03828483920367535 0.07900432900432901
11 0.8460949464012252 0.7635281385281385 0.03828483920367535 0.07683982683982683
18 0.2993874425727412 0.2922077922077922 0.056661562021439515 0.023809523809523808
18 0.3016845329249617 0.520021645021645 0.06125574272588055 0.024891774891774892
18 0.3001531393568147 0.7472943722943723 0.06431852986217458 0.022727272727272728
18 0.30321592649310875 0.9805194805194806 0.07044410413476264 0.01948051948051948
20 0.6140888208269526 0.3051948051948052 0.033690658499234305 0.05844155844155844
20 0.6140888208269526 0.5357142857142857 0.033690658499234305 0.05844155844155844
20 0.6140888208269526 0.7651515151515151 0.033690658499234305 0.06060606060606061
79 0.7067381316998469 0.3008658008658009 0.03828483920367535 0.08658008658008658
77 0.7075038284839203 0.5384199134199135 0.03981623277182236 0.0854978354978355
75 0.7082695252679939 0.7732683982683982 0.0444104134762634 0.10064935064935066
