12 0.2098009188361409 0.3939393939393939 0.02756508422664625 0.0735930735930736
12 0.3177641653905054 0.17803030303030304 0.026033690658499236 0.07034632034632035
12 0.4433384379785605 0.6076839826839827 0.022970903522205207 0.07251082251082251
12 0.03981623277182236 0.17857142857142858 0.02450229709035222 0.07142857142857142
12 0.5627871362940275 0.39285714285714285 0.022970903522205207 0.0735930735930736
12 0.6562021439509954 0.17803030303030304 0.026033690658499236 0.07251082251082251
12 0.8560490045941808 0.39285714285714285 0.02756508422664625 0.0735930735930736
14 0.10796324655436447 0.13474025974025974 0.022970903522205207 0.016233766233766232
14 0.6278713629402757 0.4004329004329004 0.021439509954058193 0.015151515151515152
11 0.8453292496171516 0.6076839826839827 0.03981623277182236 0.07251082251082251
76 0.222052067381317 0.18777056277056278 0.042879019908116385 0.09415584415584416
104 0.35834609494640124 0.18831168831168832 0.030627871362940276 0.09523809523809523
104 0.43568147013782543 0.18668831168831168 0.03522205206738132 0.09632034632034632
107 0.5199081163859112 0.17424242424242425 0.03828483920367535 0.08441558441558442
108 0.5964777947932619 0.1699134199134199 0.03215926493108729 0.09307359307359307
135 0.166156202143951 0.18777056277056278 0.03522205206738132 0.09199134199134198
99 0.14088820826952528 0.3971861471861472 0.036753445635528334 0.08658008658008658
76 0.25267993874425726 0.400974025974026 0.045941807044410414 0.09632034632034632
134 0.36064318529862177 0.38365800865800864 0.04747320061255743 0.09415584415584416
133 0.40428790199081166 0.3874458874458874 0.033690658499234305 0.09090909090909091
73 0.5980091883614089 0.387987012987013 0.03522205206738132 0.08982683982683982
15 0.4839203675344564 0.41829004329004327 0.030627871362940276 0.050865800865800864
108 0.08116385911179173 0.170995670995671 0.033690658499234305 0.09307359307359307
106 0.08192955589586524 0.39285714285714285 0.03828483920367535 0.0735930735930736
102 0.7281776416539051 0.3847402597402597 0.03215926493108729 0.09415584415584416
99 0.7917304747320062 0.39826839826839827 0.033690658499234305 0.08658008658008658
55 0.7266462480857581 0.1672077922077922 0.056661562021439515 0.10497835497835498
44 0.5344563552833078 0.6163419913419913 0.05819295558958652 0.09415584415584416
70 0.21592649310872894 0.6174242424242424 0.045941807044410414 0.09415584415584416
132 0.1225114854517611 0.6071428571428571 0.036753445635528334 0.08225108225108226
128 0.028330781010719758 0.6212121212121212 0.04747320061255743 0.1038961038961039
130 0.6837672281776417 0.3977272727272727 0.05053598774885146 0.08766233766233766
132 0.4502297090352221 0.3885281385281385 0.033690658499234305 0.08874458874458875
131 0.5168453292496171 0.39231601731601734 0.03828483920367535 0.08766233766233766
