12 0.1447166921898928 0.6417748917748918 0.01990811638591118 0.07142857142857142
12 0.1447166921898928 0.05303030303030303 0.022970903522205207 0.07792207792207792
12 0.1447166921898928 0.24567099567099568 0.022970903522205207 0.0735930735930736
12 0.14548238897396631 0.40854978354978355 0.021439509954058193 0.07034632034632035
12 0.14624808575803983 0.803030303030303 0.01990811638591118 0.0735930735930736
12 0.7105666156202144 0.6423160173160173 0.02450229709035222 0.06818181818181818
12 0.7105666156202144 0.8024891774891775 0.02450229709035222 0.07034632034632035
12 0.7289433384379785 0.24567099567099568 0.02450229709035222 0.07142857142857142
12 0.7297090352220521 0.4074675324675325 0.026033690658499236 0.06818181818181818
12 0.7304747320061256 0.05519480519480519 0.02450229709035222 0.06926406926406926
27 0.19372128637059724 0.055735930735930736 0.0781010719754977 0.07683982683982683
27 0.1975497702909648 0.4101731601731602 0.0765696784073507 0.07575757575757576
26 0.1975497702909648 0.24404761904761904 0.07350689127105667 0.13095238095238096
26 0.19678407350689128 0.637987012987013 0.07197549770290965 0.1331168831168831
26 0.19372128637059724 0.801948051948052 0.07197549770290965 0.14285714285714285
16 0.2618683001531394 0.06168831168831169 0.02756508422664625 0.049783549783549784
16 0.2649310872894334 0.2353896103896104 0.030627871362940276 0.048701298701298704
16 0.26416539050535986 0.41504329004329005 0.02909647779479326 0.048701298701298704
16 0.3208269525267994 0.4253246753246753 0.026033690658499236 0.049783549783549784
16 0.2626339969372129 0.6309523809523809 0.02909647779479326 0.05194805194805195
16 0.2611026033690659 0.7916666666666666 0.03215926493108729 0.048701298701298704
16 0.7388973966309342 0.9247835497835498 0.03522205206738132 0.05303030303030303
53 0.7901990811638592 0.6369047619047619 0.0551301684532925 0.08333333333333333
53 0.37059724349157736 0.6369047619047619 0.05206738131699847 0.0854978354978355
44 0.8062787136294028 0.41774891774891776 0.053598774885145486 0.09740259740259741
51 0.8085758039816233 0.05519480519480519 0.05206738131699847 0.07792207792207792
18 0.5 0.2326839826839827 0.056661562021439515 0.01948051948051948
18 0.9372128637059725 0.2326839826839827 0.0551301684532925 0.01948051948051948
18 0.49234303215926495 0.788961038961039 0.053598774885145486 0.01948051948051948
18 0.9226646248085758 0.788961038961039 0.053598774885145486 0.01948051948051948
107 0.3614088820826953 0.05140692640692641 0.03981623277182236 0.08333333333333333
107 0.4502297090352221 0.05140692640692641 0.03981623277182236 0.08333333333333333
106 0.656967840735069 0.05519480519480519 0.03981623277182236 0.07575757575757576
100 0.36447166921898927 0.4090909090909091 0.03981623277182236 0.07792207792207792
100 0.4532924961715161 0.4090909090909091 0.03981623277182236 0.07792207792207792
99 0.656967840735069 0.4134199134199134 0.03981623277182236 0.08874458874458875
138 0.5911179173047474 0.05194805194805195 0.04900459418070444 0.08441558441558442
132 0.5444104134762634 0.40584415584415584 0.04747320061255743 0.07792207792207792
131 0.5964777947932619 0.4090909090909091 0.04134762633996937 0.08008658008658008
139 0.5382848392036753 0.04816017316017316 0.04134762633996937 0.09415584415584416
