12 0.24961715160796324 0.45346320346320346 0.021439509954058193 0.07142857142857142
12 0.2511485451761103 0.7310606060606061 0.02450229709035222 0.07034632034632035
12 0.4839203675344564 0.45346320346320346 0.02450229709035222 0.0735930735930736
12 0.8552833078101072 0.7326839826839827 0.022970903522205207 0.07792207792207792
12 0.8552833078101072 0.1764069264069264 0.026033690658499236 0.07142857142857142
12 0.8552833078101072 0.45454545454545453 0.026033690658499236 0.0735930735930736
69 0.29096477794793263 0.4680735930735931 0.042879019908116385 0.10497835497835498
73 0.39356814701378257 0.4491341991341991 0.045941807044410414 0.08225108225108226
100 0.5252679938744258 0.4550865800865801 0.042879019908116385 0.07900432900432901
75 0.6845329249617151 0.4383116883116883 0.042879019908116385 0.1038961038961039
101 0.7947932618683002 0.4724025974025974 0.036753445635528334 0.11147186147186147
127 0.7320061255742726 0.19264069264069264 0.04900459418070444 0.11688311688311688
128 0.6110260336906586 0.18722943722943722 0.05819295558958652 0.10822510822510822
129 0.48009188361408883 0.1791125541125541 0.0444104134762634 0.10930735930735931
131 0.35911179173047475 0.1737012987012987 0.053598774885145486 0.0854978354978355
133 0.4234303215926493 0.17207792207792208 0.04134762633996937 0.08874458874458875
132 0.07350689127105667 0.1672077922077922 0.05819295558958652 0.09415584415584416
134 0.1339969372128637 0.16612554112554112 0.04134762633996937 0.09415584415584416
130 0.19065849923430322 0.17153679653679654 0.0444104134762634 0.10930735930735931
135 0.26033690658499237 0.1645021645021645 0.03981623277182236 0.10173160173160173
132 0.8039816232771823 0.17532467532467533 0.036753445635528334 0.08008658008658008
136 0.02986217457886677 0.45616883116883117 0.03828483920367535 0.08116883116883117
139 0.09188361408882083 0.44696969696969696 0.042879019908116385 0.09307359307359307
141 0.1539050535987749 0.43777056277056275 0.0444104134762634 0.11363636363636363
143 0.2113323124042879 0.42857142857142855 0.0551301684532925 0.13203463203463203
107 0.29096477794793263 0.7294372294372294 0.042879019908116385 0.08441558441558442
134 0.5505359877488515 0.1682900432900433 0.03828483920367535 0.09415584415584416
133 0.6761102603369066 0.17586580086580086 0.04134762633996937 0.08116883116883117
102 0.7182235834609495 0.46915584415584416 0.033690658499234305 0.10497835497835498
