12 0.2442572741194487 0.05194805194805195 0.022970903522205207 0.06926406926406926
12 0.6179173047473201 0.05194805194805195 0.01990811638591118 0.07142857142857142
100 0.1753445635528331 0.05194805194805195 0.04134762633996937 0.07575757575757576
130 0.29249617151607965 0.05627705627705628 0.045941807044410414 0.08441558441558442
130 0.40428790199081166 0.05519480519480519 0.0551301684532925 0.08441558441558442
97 0.7473200612557428 0.0670995670995671 0.042879019908116385 0.10606060606060606
132 0.3499234303215927 0.05194805194805195 0.03828483920367535 0.07575757575757576
132 0.45941807044410415 0.05357142857142857 0.042879019908116385 0.07900432900432901
131 0.5229709035222052 0.049783549783549784 0.05053598774885146 0.07792207792207792
132 0.5788667687595712 0.049783549783549784 0.036753445635528334 0.08008658008658008
