12 0.1891271056661562 0.8988095238095238 0.022970903522205207 0.07251082251082251
12 0.277947932618683 0.6201298701298701 0.022970903522205207 0.07142857142857142
12 0.4295558958652374 0.3425324675324675 0.022970903522205207 0.07034632034632035
12 0.5153139356814701 0.8988095238095238 0.022970903522205207 0.07251082251082251
12 0.8552833078101072 0.3430735930735931 0.022970903522205207 0.06926406926406926
12 0.8560490045941808 0.6212121212121212 0.021439509954058193 0.07142857142857142
12 0.8552833078101072 0.8993506493506493 0.026033690658499236 0.07142857142857142
133 0.07197549770290965 0.35335497835497837 0.042879019908116385 0.09199134199134198
132 0.13476263399693722 0.34145021645021645 0.05206738131699847 0.08116883116883117
15 0.2197549770290965 0.3961038961038961 0.03215926493108729 0.07792207792207792
15 0.016079632465543645 0.6737012987012987 0.02909647779479326 0.08333333333333333
28 0.38208269525267996 0.341991341991342 0.07197549770290965 0.07792207792207792
26 0.5290964777947933 0.3474025974025974 0.056661562021439515 0.1277056277056277
20 0.14777947932618685 0.6585497835497836 0.03522205206738132 0.05952380952380952
20 0.37059724349157736 0.8658008658008658 0.036753445635528334 0.06277056277056277
133 0.6033690658499234 0.32792207792207795 0.04900459418070444 0.10606060606060606
135 0.7297090352220521 0.6260822510822511 0.04134762633996937 0.08766233766233766
133 0.827718223583461 0.6287878787878788 0.056661562021439515 0.09523809523809523
16 0.7519142419601837 0.9242424242424242 0.02756508422664625 0.0670995670995671
128 0.2626339969372129 0.35443722943722944 0.0444104134762634 0.10714285714285714
132 0.3177641653905054 0.3409090909090909 0.04747320061255743 0.08008658008658008
138 0.6623277182235835 0.3208874458874459 0.04134762633996937 0.12229437229437229
138 0.5842266462480857 0.6163419913419913 0.03828483920367535 0.08333333333333333
137 0.6339969372128638 0.6206709956709957 0.03981623277182236 0.07683982683982683
139 0.045941807044410414 0.8896103896103896 0.03981623277182236 0.09523809523809523
141 0.10949464012251149 0.8814935064935064 0.0444104134762634 0.11147186147186147
139 0.1531393568147014 0.8917748917748918 0.04900459418070444 0.09307359307359307
106 0.7917304747320062 0.32142857142857145 0.042879019908116385 0.11688311688311688
102 0.22588055130168455 0.6114718614718615 0.04134762633996937 0.09307359307359307
105 0.4241960183767228 0.625 0.036753445635528334 0.0854978354978355
107 0.5091883614088821 0.6168831168831169 0.03828483920367535 0.08441558441558442
97 0.44946401225114857 0.9117965367965368 0.0444104134762634 0.10497835497835498
100 0.557427258805513 0.8988095238095238 0.042879019908116385 0.07467532467532467
72 0.6370597243491578 0.8993506493506493 0.045941807044410414 0.07792207792207792
78 0.26875957120980093 0.8988095238095238 0.03828483920367535 0.07683982683982683
130 0.17917304747320062 0.34686147186147187 0.045941807044410414 0.09199134199134198
135 0.02450229709035222 0.349025974025974 0.036753445635528334 0.08766233766233766
136 0.6784073506891272 0.6217532467532467 0.045941807044410414 0.07683982683982683
134 0.776416539050536 0.6282467532467533 0.03981623277182236 0.08982683982683982
97 0.46477794793261873 0.3555194805194805 0.04747320061255743 0.10064935064935066
98 0.714395099540582 0.9258658008658008 0.03828483920367535 0.12878787878787878
99 0.7901990811638592 0.9231601731601732 0.033690658499234305 0.12554112554112554
