12 0.1439509954058193 0.7186147186147186 0.02450229709035222 0.07575757575757576
12 0.1439509954058193 0.20454545454545456 0.02450229709035222 0.07575757575757576
12 0.8621745788667688 0.716991341991342 0.02450229709035222 0.07251082251082251
12 0.8629402756508423 0.20238095238095238 0.022970903522205207 0.07142857142857142
1 0.29326186830015316 0.6915584415584416 0.08728943338437979 0.09090909090909091
1 0.2947932618683002 0.17803030303030304 0.08728943338437979 0.08982683982683982
26 0.19678407350689128 0.20346320346320346 0.07503828483920368 0.13636363636363635
26 0.19678407350689128 0.7175324675324676 0.08116385911179173 0.1406926406926407
101 0.4280245022970904 0.20075757575757575 0.03522205206738132 0.0854978354978355
133 0.5926493108728944 0.19534632034632035 0.05819295558958652 0.09199134199134198
106 0.658499234303216 0.20238095238095238 0.03981623277182236 0.08008658008658008
135 0.8055130168453293 0.21212121212121213 0.03981623277182236 0.09307359307359307
132 0.4333843797856049 0.7153679653679653 0.0551301684532925 0.08008658008658008
131 0.5022970903522206 0.716991341991342 0.042879019908116385 0.08116883116883117
17 0.5505359877488515 0.7445887445887446 0.022970903522205207 0.05627705627705628
130 0.666156202143951 0.7202380952380952 0.0551301684532925 0.09199134199134198
133 0.7366003062787136 0.7164502164502164 0.03981623277182236 0.08008658008658008
132 0.8093415007656968 0.7153679653679653 0.03828483920367535 0.08008658008658008
101 0.9372128637059725 0.2002164502164502 0.03981623277182236 0.08658008658008658
100 0.936447166921899 0.7180735930735931 0.04747320061255743 0.07900432900432901
131 0.5857580398162328 0.7175324675324676 0.04134762633996937 0.08008658008658008
