12 0.14701378254211334 0.836038961038961 0.02756508422664625 0.07251082251082251
14 0.25880551301684535 0.05248917748917749 0.018376722817764167 0.011904761904761904
14 0.04211332312404288 0.05194805194805195 0.016845329249617153 0.010822510822510822
14 0.5505359877488515 0.8111471861471862 0.013782542113323125 0.011904761904761904
14 0.7304747320061256 0.03300865800865801 0.018376722817764167 0.011904761904761904
14 0.877488514548239 0.016233766233766232 0.018376722817764167 0.010822510822510822
104 0.3660030627871363 0.8457792207792207 0.033690658499234305 0.09199134199134198
136 0.45941807044410415 0.841991341991342 0.036753445635528334 0.08225108225108226
106 0.5206738131699847 0.8398268398268398 0.033690658499234305 0.08008658008658008
140 0.8568147013782542 0.8246753246753247 0.03828483920367535 0.09956709956709957
21 0.6362940275650842 0.8392857142857143 0.03215926493108729 0.03787878787878788
136 0.6929555895865238 0.8430735930735931 0.03522205206738132 0.08874458874458875
106 0.7557427258805514 0.8365800865800865 0.03522205206738132 0.07575757575757576
108 0.9150076569678408 0.827922077922078 0.03215926493108729 0.09307359307359307
20 0.06355283307810107 0.8300865800865801 0.02909647779479326 0.049783549783549784
20 0.27029096477794795 0.8300865800865801 0.03215926493108729 0.05194805194805195
