12 0.14518317503392128 0.29750479846449135 0.021709633649932156 0.06333973128598848
12 0.14518317503392128 0.6367562380038387 0.024423337856173677 0.06429942418426103
12 0.14518317503392128 0.4726487523992322 0.024423337856173677 0.06429942418426103
12 0.14586160108548168 0.7989443378119002 0.023066485753052916 0.06238003838771593
12 0.14654002713704206 0.11228406909788867 0.024423337856173677 0.06525911708253358
14 0.7164179104477612 0.65978886756238 0.021709633649932156 0.01439539347408829
14 0.7164179104477612 0.12044145873320537 0.021709633649932156 0.01439539347408829
14 0.7170963364993215 0.8234165067178503 0.020352781546811395 0.013435700575815739
14 0.7170963364993215 0.30614203454894434 0.023066485753052916 0.01727447216890595
12 0.8385345997286295 0.472168905950096 0.021709633649932156 0.06525911708253358
12 0.8385345997286295 0.1118042226487524 0.024423337856173677 0.06429942418426103
12 0.8385345997286295 0.29702495201535506 0.024423337856173677 0.06429942418426103
12 0.8392130257801899 0.7994241842610365 0.023066485753052916 0.06333973128598848
12 0.8392130257801899 0.6362763915547025 0.025780189959294434 0.06525911708253358
14 0.7177747625508819 0.4956813819577735 0.018995929443690635 0.01439539347408829
14 0.9389416553595658 0.6281190019193857 0.018995929443690635 0.01439539347408829
14 0.9402985074626865 0.791746641074856 0.016282225237449117 0.013435700575815739
26 0.19538670284938942 0.10940499040307101 0.05698778833107191 0.12859884836852206
26 0.19538670284938942 0.29510556621880996 0.06512890094979647 0.1257197696737044
28 0.19674355495251017 0.4736084452975048 0.07055630936227951 0.07389635316698656
27 0.19267299864314788 0.6377159309021113 0.07327001356852103 0.06813819577735125
37 0.194708276797829 0.8080614203454894 0.07191316146540026 0.08637236084452975
16 0.2523744911804613 0.10364683301343569 0.029850746268656712 0.046065259117082535
16 0.30393487109905015 0.07965451055662187 0.024423337856173677 0.044145873320537425
16 0.4185888738127544 0.09692898272552783 0.028493894165535955 0.04798464491362764
16 0.6512890094979646 0.11900191938579655 0.021709633649932156 0.046065259117082535
16 0.8649932157394843 0.13483685220729366 0.025780189959294434 0.04126679462571977
16 0.8649932157394843 0.3186180422264875 0.025780189959294434 0.044145873320537425
16 0.6519674355495251 0.30422264875239924 0.025780189959294434 0.04222648752399232
16 0.25033921302578016 0.2883877159309021 0.028493894165535955 0.04702495201535509
16 0.3046132971506106 0.3210172744721689 0.025780189959294434 0.04318618042226487
16 0.4206241519674355 0.33589251439539347 0.024423337856173677 0.044145873320537425
16 0.30529172320217096 0.44961612284069097 0.024423337856173677 0.04318618042226487
16 0.25305291723202167 0.4731285988483685 0.025780189959294434 0.046065259117082535
16 0.4213025780189959 0.4649712092130518 0.028493894165535955 0.04702495201535509
16 0.30122116689280864 0.6199616122840691 0.027137042062415195 0.046065259117082535
16 0.2523744911804613 0.6439539347408829 0.024423337856173677 0.04222648752399232
16 0.41994572591587515 0.6362763915547025 0.023066485753052916 0.04222648752399232
16 0.8656716417910447 0.5028790786948176 0.024423337856173677 0.044145873320537425
16 0.8649932157394843 0.6204414587332053 0.025780189959294434 0.04702495201535509
16 0.8649932157394843 0.783109404990403 0.023066485753052916 0.044145873320537425
16 0.6519674355495251 0.8234165067178503 0.023066485753052916 0.04222648752399232
16 0.6553595658073269 0.6583493282149712 0.027137042062415195 0.04798464491362764
16 0.6512890094979646 0.4889635316698656 0.024423337856173677 0.04510556621880998
16 0.3046132971506106 0.7826295585412668 0.025780189959294434 0.04318618042226487
16 0.24830393487109903 0.8090211132437619 0.027137042062415195 0.044145873320537425
16 0.41994572591587515 0.7979846449136276 0.023066485753052916 0.04510556621880998
20 0.5379918588873812 0.10892514395393474 0.033921302578018994 0.050863723608445294
20 0.5345997286295794 0.29510556621880996 0.032564450474898234 0.052783109404990404
20 0.5373134328358209 0.4712092130518234 0.029850746268656712 0.051823416506717845
20 0.533921302578019 0.6309980806142035 0.031207598371777473 0.04894433781190019
20 0.5345997286295794 0.7946257197696737 0.029850746268656712 0.04798464491362764
50 0.9050203527815467 0.6362763915547025 0.04341926729986431 0.0690978886756238
50 0.9056987788331071 0.8018234165067178 0.04748982360922659 0.07197696737044146
98 0.8989145183175034 0.4808061420345489 0.036635006784260515 0.08637236084452975
78 0.3419267299864315 0.11228406909788867 0.04070556309362279 0.06717850287907869
71 0.34260515603799185 0.30230326295585414 0.03934871099050203 0.07677543186180422
77 0.3398914518317503 0.4745681381957773 0.04477611940298507 0.07773512476007677
76 0.3412483039348711 0.6434740882917466 0.033921302578018994 0.0854126679462572
76 0.3398914518317503 0.8075815738963531 0.033921302578018994 0.0854126679462572
104 0.45386702849389415 0.11900191938579655 0.033921302578018994 0.08253358925143954
101 0.6886024423337855 0.10844529750479846 0.036635006784260515 0.07677543186180422
99 0.9009497964721844 0.11708253358925144 0.032564450474898234 0.07869481765834932
97 0.45454545454545453 0.30998080614203455 0.03799185888738127 0.09404990403071017
101 0.689280868385346 0.29606525911708254 0.032564450474898234 0.07773512476007677
99 0.8982360922659429 0.30182341650671785 0.03799185888738127 0.07773512476007677
103 0.4559023066485753 0.4817658349328215 0.035278154681139755 0.08829174664107485
102 0.45725915875169604 0.6295585412667946 0.035278154681139755 0.08253358925143954
99 0.689280868385346 0.6405950095969289 0.03799185888738127 0.07965451055662187
102 0.45658073270013566 0.7927063339731286 0.036635006784260515 0.08445297504798464
161 0.8005427408412482 0.11228406909788867 0.05698778833107191 0.06717850287907869
161 0.7998643147896879 0.29894433781190016 0.061058344640434185 0.06621880998080613
160 0.7991858887381275 0.477447216890595 0.05698778833107191 0.07773512476007677
159 0.8005427408412482 0.6434740882917466 0.05156037991858887 0.0854126679462572
159 0.8025780189959294 0.8071017274472169 0.05291723202170963 0.08445297504798464
100 0.6899592944369063 0.4731285988483685 0.033921302578018994 0.0690978886756238
99 0.6899592944369063 0.8042226487523992 0.036635006784260515 0.07869481765834932
