12 0.14318529862174578 0.26515151515151514 0.022970903522205207 0.0735930735930736
12 0.1439509954058193 0.939935064935065 0.021439509954058193 0.07034632034632035
12 0.1447166921898928 0.41233766233766234 0.022970903522205207 0.0735930735930736
12 0.1439509954058193 0.11688311688311688 0.02756508422664625 0.0735930735930736
12 0.1447166921898928 0.7467532467532467 0.026033690658499236 0.0735930735930736
12 0.14548238897396631 0.6033549783549783 0.02450229709035222 0.07251082251082251
14 0.8223583460949464 0.40313852813852813 0.02450229709035222 0.016233766233766232
14 0.82312404287902 0.25487012987012986 0.026033690658499236 0.016233766233766232
7 0.28637059724349156 0.10768398268398269 0.07350689127105667 0.08116883116883117
7 0.2840735068912711 0.26731601731601734 0.06891271056661562 0.07792207792207792
7 0.2871362940275651 0.4145021645021645 0.07503828483920368 0.08008658008658008
7 0.2856049004594181 0.5882034632034632 0.07503828483920368 0.07900432900432901
7 0.28637059724349156 0.7332251082251082 0.07350689127105667 0.07683982683982683
7 0.28637059724349156 0.9437229437229437 0.07350689127105667 0.07792207792207792
28 0.1975497702909648 0.11471861471861472 0.08575803981623277 0.07575757575757576
27 0.19372128637059724 0.26406926406926406 0.07197549770290965 0.0735930735930736
37 0.19372128637059724 0.4253246753246753 0.07197549770290965 0.09740259740259741
27 0.19601837672281777 0.9415584415584416 0.07044410413476264 0.07575757575757576
26 0.19678407350689128 0.7505411255411255 0.07197549770290965 0.11363636363636363
26 0.2006125574272588 0.6055194805194806 0.07350689127105667 0.11580086580086581
17 0.8958652373660031 0.1590909090909091 0.030627871362940276 0.06060606060606061
21 0.6891271056661562 0.6011904761904762 0.030627871362940276 0.03787878787878788
21 0.8797856049004594 0.6028138528138528 0.03828483920367535 0.03463203463203463
21 0.6906584992343032 0.711038961038961 0.030627871362940276 0.0367965367965368
21 0.877488514548239 0.711038961038961 0.036753445635528334 0.03463203463203463
21 0.6898928024502298 0.9031385281385281 0.026033690658499236 0.03571428571428571
21 0.8782542113323124 0.9042207792207793 0.03522205206738132 0.03787878787878788
18 0.8759571209800919 0.9810606060606061 0.04900459418070444 0.020562770562770564
132 0.6562021439509954 0.4096320346320346 0.03522205206738132 0.0854978354978355
134 0.5298621745788668 0.4053030303030303 0.033690658499234305 0.09199134199134198
135 0.40505359877488517 0.4015151515151515 0.04747320061255743 0.09740259740259741
132 0.660030627871363 0.2602813852813853 0.033690658499234305 0.0854978354978355
134 0.5313935681470138 0.25865800865800864 0.033690658499234305 0.09523809523809523
130 0.6707503828483921 0.11742424242424243 0.04900459418070444 0.08333333333333333
130 0.7993874425727412 0.11904761904761904 0.042879019908116385 0.08874458874458875
106 0.3966309341500766 0.11580086580086581 0.033690658499234305 0.07575757575757576
103 0.7947932618683002 0.2786796536796537 0.036753445635528334 0.10281385281385282
103 0.7932618683001532 0.42424242424242425 0.033690658499234305 0.10173160173160173
129 0.9295558958652375 0.12337662337662338 0.030627871362940276 0.09523809523809523
135 0.40505359877488517 0.2532467532467532 0.04747320061255743 0.09740259740259741
16 0.7565084226646248 0.25757575757575757 0.02756508422664625 0.04329004329004329
16 0.7572741194486984 0.4053030303030303 0.02909647779479326 0.04004329004329004
20 0.39203675344563554 0.5946969696969697 0.036753445635528334 0.050865800865800864
20 0.3943338437978561 0.7034632034632035 0.03215926493108729 0.05194805194805195
20 0.39356814701378257 0.8971861471861472 0.033690658499234305 0.05194805194805195
