12 0.1439509954058193 0.7310606060606061 0.021439509954058193 0.07251082251082251
12 0.1447166921898928 0.4042207792207792 0.022970903522205207 0.07251082251082251
12 0.14548238897396631 0.22456709956709955 0.021439509954058193 0.07251082251082251
12 0.14548238897396631 0.9231601731601732 0.02450229709035222 0.0735930735930736
14 0.4241960183767228 0.16396103896103897 0.018376722817764167 0.01406926406926407
12 0.8744257274119449 0.40476190476190477 0.02450229709035222 0.06926406926406926
12 0.8751914241960184 0.22402597402597402 0.026033690658499236 0.06926406926406926
2 0.27565084226646247 0.20292207792207792 0.04900459418070444 0.07683982683982683
2 0.2741194486983155 0.39935064935064934 0.05206738131699847 0.07142857142857142
2 0.27565084226646247 0.7067099567099567 0.04900459418070444 0.0735930735930736
2 0.2771822358346095 0.9166666666666666 0.05206738131699847 0.06926406926406926
26 0.19448698315467075 0.22402597402597402 0.07350689127105667 0.13636363636363635
26 0.19678407350689128 0.7294372294372294 0.06891271056661562 0.13203463203463203
27 0.19448698315467075 0.40476190476190477 0.07350689127105667 0.0735930735930736
27 0.19448698315467075 0.9242424242424242 0.07044410413476264 0.07575757575757576
16 0.5413476263399694 0.6661255411255411 0.026033690658499236 0.048701298701298704
15 0.3499234303215927 0.3869047619047619 0.03828483920367535 0.05735930735930736
15 0.3499234303215927 0.4523809523809524 0.02909647779479326 0.05627705627705628
15 0.7840735068912711 0.18885281385281386 0.033690658499234305 0.06168831168831169
15 0.5053598774885145 0.3246753246753247 0.036753445635528334 0.06060606060606061
17 0.9877488514548239 0.6818181818181818 0.02450229709035222 0.06926406926406926
16 0.34686064318529863 0.7018398268398268 0.026033690658499236 0.048701298701298704
140 0.6699846860643186 0.19155844155844157 0.056661562021439515 0.14502164502164502
139 0.7281776416539051 0.19426406926406925 0.03828483920367535 0.1396103896103896
138 0.8238897396630934 0.19696969696969696 0.03981623277182236 0.1341991341991342
141 0.47166921898928027 0.6904761904761905 0.042879019908116385 0.15584415584415584
140 0.5765696784073507 0.6958874458874459 0.04134762633996937 0.14935064935064934
138 0.658499234303216 0.698051948051948 0.03981623277182236 0.1471861471861472
138 0.835375191424196 0.6996753246753247 0.03828483920367535 0.1396103896103896
139 0.7526799387442573 0.7002164502164502 0.05053598774885146 0.13852813852813853
139 0.9226646248085758 0.7002164502164502 0.04134762633996937 0.14285714285714285
