12 0.01051980198019802 0.15078671328671328 0.018564356435643563 0.06031468531468531
12 0.011138613861386138 0.4576048951048951 0.019801980198019802 0.05856643356643357
12 0.011138613861386138 0.2902097902097902 0.019801980198019802 0.05944055944055944
12 0.2035891089108911 0.4576048951048951 0.023514851485148515 0.05856643356643357
12 0.2035891089108911 0.15078671328671328 0.023514851485148515 0.05856643356643357
12 0.20420792079207922 0.2897727272727273 0.027227722772277228 0.05856643356643357
14 0.024752475247524754 0.7316433566433567 0.017326732673267328 0.012237762237762238
12 0.34034653465346537 0.8780594405594405 0.024752475247524754 0.06031468531468531
12 0.3415841584158416 0.7386363636363636 0.027227722772277228 0.057692307692307696
12 0.4003712871287129 0.458041958041958 0.02103960396039604 0.057692307692307696
12 0.4003712871287129 0.15166083916083917 0.023514851485148515 0.05856643356643357
12 0.4003712871287129 0.2902097902097902 0.023514851485148515 0.05944055944055944
14 0.5346534653465347 0.7167832167832168 0.017326732673267328 0.013986013986013986
12 0.5971534653465347 0.2897727272727273 0.018564356435643563 0.06031468531468531
12 0.5971534653465347 0.15122377622377622 0.02103960396039604 0.057692307692307696
12 0.5971534653465347 0.458479020979021 0.023514851485148515 0.06031468531468531
14 0.6528465346534653 0.479020979020979 0.01608910891089109 0.013986013986013986
14 0.6534653465346535 0.14423076923076922 0.017326732673267328 0.013986013986013986
14 0.8044554455445545 0.15821678321678323 0.01485148514851485 0.012237762237762238
12 0.8459158415841584 0.8776223776223776 0.023514851485148515 0.05944055944055944
12 0.8471534653465347 0.7386363636363636 0.02599009900990099 0.057692307692307696
14 0.8050742574257426 0.4938811188811189 0.018564356435643563 0.012237762237762238
44 0.07178217821782178 0.46503496503496505 0.04455445544554455 0.07517482517482517
44 0.26794554455445546 0.4645979020979021 0.04579207920792079 0.0777972027972028
41 0.4628712871287129 0.4755244755244755 0.04950495049504951 0.0979020979020979
104 0.6287128712871287 0.1569055944055944 0.024752475247524754 0.07604895104895106
102 0.7821782178217822 0.14423076923076922 0.027227722772277228 0.07517482517482517
103 0.9214108910891089 0.15865384615384615 0.02599009900990099 0.08129370629370629
100 0.6305693069306931 0.458041958041958 0.02599009900990099 0.06293706293706294
98 0.7803217821782178 0.4645979020979021 0.02599009900990099 0.0743006993006993
99 0.9214108910891089 0.46153846153846156 0.028465346534653466 0.06993006993006994
104 0.3787128712871287 0.7451923076923077 0.024752475247524754 0.0743006993006993
106 0.8861386138613861 0.7395104895104895 0.027227722772277228 0.06118881118881119
78 0.5068069306930694 0.7395104895104895 0.03589108910891089 0.06118881118881119
133 0.6349009900990099 0.27797202797202797 0.034653465346534656 0.08741258741258741
136 0.6837871287128713 0.27797202797202797 0.028465346534653466 0.08741258741258741
133 0.7283415841584159 0.27753496503496505 0.02599009900990099 0.08653846153846154
136 0.7797029702970297 0.2784090909090909 0.024752475247524754 0.08653846153846154
133 0.8292079207920792 0.27797202797202797 0.034653465346534656 0.08741258741258741
136 0.8774752475247525 0.27797202797202797 0.027227722772277228 0.08741258741258741
133 0.9214108910891089 0.2784090909090909 0.02599009900990099 0.08653846153846154
136 0.053836633663366336 0.8636363636363636 0.02599009900990099 0.09265734265734266
134 0.11324257425742575 0.8863636363636364 0.023514851485148515 0.08041958041958042
136 0.1745049504950495 0.8868006993006993 0.027227722772277228 0.07954545454545454
134 0.22834158415841585 0.8859265734265734 0.02599009900990099 0.07954545454545454
136 0.2871287128712871 0.8868006993006993 0.03712871287128713 0.07954545454545454
134 0.3787128712871287 0.8854895104895105 0.022277227722772276 0.07867132867132867
136 0.974009900990099 0.27666083916083917 0.027227722772277228 0.08653846153846154
136 0.4430693069306931 0.8841783216783217 0.024752475247524754 0.07255244755244755
135 0.5006188118811882 0.881993006993007 0.023514851485148515 0.07167832167832168
137 0.5594059405940595 0.8811188811188811 0.034653465346534656 0.06818181818181818
135 0.6181930693069307 0.8815559440559441 0.02599009900990099 0.0673076923076923
137 0.681930693069307 0.8806818181818182 0.027227722772277228 0.0673076923076923
135 0.7363861386138614 0.8811188811188811 0.022277227722772276 0.06818181818181818
137 0.7914603960396039 0.8811188811188811 0.038366336633663366 0.06643356643356643
135 0.8849009900990099 0.8811188811188811 0.027227722772277228 0.06643356643356643
137 0.9486386138613861 0.8780594405594405 0.028465346534653466 0.062062937062937064
