12 0.030303030303030304 0.45785714285714285 0.0202020202020202 0.047142857142857146
12 0.03080808080808081 0.7671428571428571 0.01919191919191919 0.04857142857142857
12 0.030303030303030304 0.6121428571428571 0.022222222222222223 0.047142857142857146
12 0.030303030303030304 0.14785714285714285 0.022222222222222223 0.04857142857142857
12 0.031313131313131314 0.3025 0.0202020202020202 0.047857142857142855
12 0.8545454545454545 0.7671428571428571 0.01818181818181818 0.047142857142857146
12 0.8535353535353535 0.6117857142857143 0.022222222222222223 0.047857142857142855
12 0.8535353535353535 0.4575 0.022222222222222223 0.047857142857142855
12 0.854040404040404 0.3028571428571429 0.021212121212121213 0.04857142857142857
12 0.854040404040404 0.14785714285714285 0.023232323232323233 0.04857142857142857
18 0.4070707070707071 0.14 0.04242424242424243 0.017142857142857144
19 0.06161616161616162 0.29928571428571427 0.03838383838383838 0.018571428571428572
18 0.4111111111111111 0.44607142857142856 0.050505050505050504 0.020714285714285713
18 0.40959595959595957 0.6046428571428571 0.047474747474747475 0.016428571428571428
22 0.2732323232323232 0.7703571428571429 0.025252525252525252 0.030714285714285715
20 0.4904040404040404 0.30392857142857144 0.029292929292929294 0.04071428571428572
104 0.49343434343434345 0.7725 0.02727272727272727 0.062142857142857146
105 0.7237373737373738 0.77 0.02727272727272727 0.055714285714285716
28 0.6797979797979798 0.7678571428571429 0.050505050505050504 0.054285714285714284
27 0.8151515151515152 0.7660714285714286 0.050505050505050504 0.052142857142857144
102 0.05858585858585859 0.7764285714285715 0.026262626262626262 0.07
99 0.7247474747474747 0.3075 0.025252525252525252 0.060714285714285714
161 0.3303030303030303 0.7678571428571429 0.03636363636363636 0.05142857142857143
161 0.38282828282828285 0.7671428571428571 0.026262626262626262 0.05285714285714286
186 0.44595959595959594 0.7664285714285715 0.02727272727272727 0.05285714285714286
