12 0.3032345013477089 0.25492063492063494 0.01886792452830189 0.04253968253968254
12 0.3036837376460018 0.37555555555555553 0.017969451931716084 0.04380952380952381
12 0.3036837376460018 0.13396825396825396 0.017969451931716084 0.04317460317460317
12 0.3032345013477089 0.8673015873015874 0.020664869721473494 0.04317460317460317
12 0.3036837376460018 0.9765079365079365 0.019766397124887692 0.04317460317460317
12 0.30458221024258764 0.49682539682539684 0.017969451931716084 0.04253968253968254
12 0.3036837376460018 0.7377777777777778 0.0215633423180593 0.04317460317460317
12 0.3041329739442947 0.6174603174603175 0.020664869721473494 0.04253968253968254
14 0.3616352201257862 0.26 0.011680143755615454 0.008253968253968253
14 0.3620844564240791 0.4123809523809524 0.01078167115902965 0.008253968253968253
14 0.3620844564240791 0.1707936507936508 0.01078167115902965 0.007619047619047619
14 0.3620844564240791 0.753968253968254 0.01078167115902965 0.008253968253968253
14 0.3620844564240791 0.018412698412698412 0.012578616352201259 0.007619047619047619
14 0.3620844564240791 0.4812698412698413 0.012578616352201259 0.010158730158730159
14 0.362533692722372 0.6019047619047619 0.011680143755615454 0.010158730158730159
12 0.8238993710691824 0.13428571428571429 0.0215633423180593 0.04380952380952381
12 0.8243486073674753 0.49714285714285716 0.020664869721473494 0.04317460317460317
12 0.8243486073674753 0.6171428571428571 0.020664869721473494 0.0419047619047619
12 0.8243486073674753 0.866984126984127 0.020664869721473494 0.04253968253968254
12 0.8247978436657682 0.7380952380952381 0.019766397124887692 0.04253968253968254
12 0.8247978436657682 0.25523809523809526 0.019766397124887692 0.04317460317460317
12 0.8247978436657682 0.37587301587301586 0.0215633423180593 0.04317460317460317
12 0.8252470799640611 0.9758730158730159 0.022461814914645106 0.04317460317460317
67 0.344115004492363 0.1473015873015873 0.026954177897574125 0.07238095238095238
74 0.3450134770889488 0.25015873015873014 0.02336028751123091 0.05587301587301587
67 0.3450134770889488 0.3888888888888889 0.025157232704402517 0.07174603174603175
78 0.3459119496855346 0.49682539682539684 0.02336028751123091 0.04507936507936508
78 0.3454627133872417 0.6174603174603175 0.02425876010781671 0.04507936507936508
71 0.3436657681940701 0.7406349206349206 0.026055705300988323 0.05142857142857143
157 0.34950584007187785 0.8679365079365079 0.03593890386343217 0.08253968253968254
162 0.3885893980233603 0.8577777777777778 0.02425876010781671 0.06349206349206349
18 0.5655884995507637 0.9688888888888889 0.02964959568733154 0.013968253968253968
18 0.05390835579514825 0.9688888888888889 0.030548068283917342 0.011428571428571429
159 0.07322551662174304 0.8631746031746032 0.02964959568733154 0.07174603174603175
161 0.11410601976639713 0.8587301587301587 0.0215633423180593 0.06412698412698413
163 0.15633423180592992 0.8580952380952381 0.02336028751123091 0.06285714285714286
166 0.19901168014375561 0.8577777777777778 0.02425876010781671 0.06349206349206349
163 0.2358490566037736 0.8577777777777778 0.022461814914645106 0.06349206349206349
161 0.27313566936208444 0.8577777777777778 0.0215633423180593 0.06349206349206349
164 0.43845462713387245 0.8580952380952381 0.02336028751123091 0.06285714285714286
166 0.48068283917340526 0.8584126984126984 0.02336028751123091 0.06349206349206349
164 0.5175202156334232 0.8577777777777778 0.02336028751123091 0.06349206349206349
162 0.5543575920934412 0.8574603174603175 0.02336028751123091 0.06412698412698413
157 0.5947888589398024 0.8679365079365079 0.03234501347708895 0.08253968253968254
162 0.6356693620844565 0.8580952380952381 0.02425876010781671 0.0653968253968254
164 0.6774483378256964 0.8577777777777778 0.02336028751123091 0.06349206349206349
166 0.7210242587601079 0.8580952380952381 0.02425876010781671 0.06412698412698413
164 0.7587601078167117 0.8580952380952381 0.02425876010781671 0.06412698412698413
162 0.7946990116801438 0.8584126984126984 0.022461814914645106 0.06349206349206349
125 0.2362982929020665 0.14888888888888888 0.02336028751123091 0.07682539682539682
127 0.15813117699910154 0.14476190476190476 0.026954177897574125 0.06476190476190476
134 0.15947888589398024 0.24888888888888888 0.02964959568733154 0.054603174603174605
132 0.2358490566037736 0.25333333333333335 0.022461814914645106 0.05206349206349206
127 0.15902964959568733 0.38634920634920633 0.034141958670260555 0.06666666666666667
125 0.2362982929020665 0.3904761904761905 0.025157232704402517 0.07746031746031747
136 0.23180592991913748 0.4955555555555556 0.026954177897574125 0.047619047619047616
138 0.15588499550763701 0.4942857142857143 0.020664869721473494 0.05015873015873016
138 0.15588499550763701 0.6158730158730159 0.022461814914645106 0.050793650793650794
136 0.23180592991913748 0.6174603174603175 0.030548068283917342 0.04634920634920635
161 0.032794249775381853 0.8587301587301587 0.022461814914645106 0.06412698412698413
