12 0.5513016845329249 0.8198051948051948 0.021439509954058193 0.07251082251082251
12 0.5513016845329249 0.44101731601731603 0.02450229709035222 0.07251082251082251
12 0.5513016845329249 0.06222943722943723 0.02450229709035222 0.07034632034632035
101 0.3958652373660031 0.05844155844155844 0.04134762633996937 0.08658008658008658
18 0.8468606431852986 0.049783549783549784 0.04900459418070444 0.01948051948051948
18 0.8491577335375192 0.42803030303030304 0.04747320061255743 0.020562770562770564
20 0.3889739663093415 0.4431818181818182 0.030627871362940276 0.05519480519480519
18 0.2649310872894334 0.8062770562770563 0.04900459418070444 0.017316017316017316
20 0.6018376722817764 0.8192640692640693 0.033690658499234305 0.06277056277056277
99 0.21898928024502298 0.0670995670995671 0.042879019908116385 0.08658008658008658
74 0.04058192955589587 0.4329004329004329 0.03828483920367535 0.09307359307359307
101 0.04134762633996937 0.05735930735930736 0.036753445635528334 0.08874458874458875
101 0.7848392036753445 0.8170995670995671 0.03828483920367535 0.08658008658008658
134 0.9601837672281777 0.8317099567099567 0.03981623277182236 0.10064935064935066
