12 0.20673813169984687 0.6331168831168831 0.02450229709035222 0.07142857142857142
12 0.20750382848392038 0.8614718614718615 0.022970903522205207 0.07142857142857142
12 0.20750382848392038 0.4063852813852814 0.022970903522205207 0.07251082251082251
12 0.20750382848392038 0.1774891774891775 0.022970903522205207 0.07142857142857142
12 0.8545176110260337 0.40584415584415584 0.02756508422664625 0.0735930735930736
12 0.8552833078101072 0.17803030303030304 0.026033690658499236 0.07251082251082251
12 0.8552833078101072 0.6341991341991342 0.026033690658499236 0.07575757575757576
12 0.8552833078101072 0.8609307359307359 0.026033690658499236 0.07467532467532467
125 0.15237366003062788 0.2050865800865801 0.056661562021439515 0.13095238095238096
128 0.25267993874425726 0.19047619047619047 0.05819295558958652 0.1038961038961039
131 0.3315467075038285 0.17857142857142858 0.04134762633996937 0.07792207792207792
19 0.555895865237366 0.17316017316017315 0.05819295558958652 0.01948051948051948
18 0.5229709035222052 0.39285714285714285 0.05972434915773354 0.030303030303030304
19 0.557427258805513 0.6298701298701299 0.05819295558958652 0.01948051948051948
18 0.5275650842266463 0.8501082251082251 0.06584992343032159 0.022727272727272728
130 0.4065849923430322 0.1812770562770563 0.04134762633996937 0.08766233766233766
128 0.48162327718223585 0.19155844155844157 0.04134762633996937 0.1038961038961039
131 0.15773353751914243 0.6341991341991342 0.06125574272588055 0.0735930735930736
134 0.24655436447166923 0.6455627705627706 0.036753445635528334 0.09848484848484848
137 0.3315467075038285 0.6461038961038961 0.03828483920367535 0.09740259740259741
136 0.4058192955589587 0.645021645021645 0.03981623277182236 0.09740259740259741
134 0.47013782542113325 0.6444805194805194 0.05819295558958652 0.09848484848484848
21 0.06278713629402757 0.17694805194805194 0.042879019908116385 0.03571428571428571
21 0.06584992343032159 0.6325757575757576 0.042879019908116385 0.03354978354978355
