12 0.5990502035278155 0.7951055662188099 0.023066485753052916 0.06238003838771593
18 0.3968792401628222 0.08781190019193857 0.036635006784260515 0.02015355086372361
18 0.3975576662143826 0.27927063339731284 0.04341926729986431 0.015355086372360844
18 0.9721845318860244 0.08685220729366602 0.05291723202170963 0.018234165067178502
18 0.976933514246947 0.277831094049904 0.04613297150610583 0.018234165067178502
21 0.16892808683853458 0.7955854126679462 0.033921302578018994 0.03262955854126679
19 0.9436906377204884 0.7941458733205374 0.04477611940298507 0.018234165067178502
102 0.6451831750339213 0.7879078694817658 0.031207598371777473 0.08253358925143954
134 0.5291723202170963 0.8042226487523992 0.03799185888738127 0.08637236084452975
136 0.4654002713704206 0.7994241842610365 0.032564450474898234 0.07869481765834932
134 0.2421981004070556 0.8061420345489443 0.033921302578018994 0.08829174664107485
106 0.316146540027137 0.7970249520153551 0.035278154681139755 0.06813819577735125
20 0.7890094979647218 0.7893474088291746 0.025780189959294434 0.04894433781190019
20 0.015603799185888736 0.7888675623800384 0.023066485753052916 0.046065259117082535
