12 0.14318529862174578 0.07088744588744589 0.022970903522205207 0.07467532467532467
12 0.14318529862174578 0.4816017316017316 0.022970903522205207 0.07792207792207792
12 0.14318529862174578 0.2662337662337662 0.022970903522205207 0.0735930735930736
12 0.14318529862174578 0.6607142857142857 0.022970903522205207 0.07467532467532467
12 0.1439509954058193 0.8755411255411255 0.02450229709035222 0.07142857142857142
12 0.496937212863706 0.07142857142857142 0.01990811638591118 0.07142857142857142
12 0.4961715160796325 0.26515151515151514 0.02450229709035222 0.0735930735930736
12 0.5007656967840736 0.6612554112554112 0.02450229709035222 0.0735930735930736
12 0.546707503828484 0.8755411255411255 0.02450229709035222 0.07142857142857142
12 0.7312404287901991 0.26461038961038963 0.026033690658499236 0.07251082251082251
12 0.7358346094946402 0.6607142857142857 0.022970903522205207 0.07251082251082251
14 0.8032159264931088 0.25487012987012986 0.01990811638591118 0.01406926406926407
12 0.8284839203675345 0.8744588744588745 0.02450229709035222 0.07142857142857142
12 0.9571209800918836 0.07142857142857142 0.021439509954058193 0.07142857142857142
12 0.9578866768759572 0.26515151515151514 0.022970903522205207 0.0735930735930736
12 0.9709035222052068 0.479978354978355 0.021439509954058193 0.07683982683982683
12 0.9724349157733538 0.6601731601731602 0.018376722817764167 0.0735930735930736
26 0.19448698315467075 0.0735930735930736 0.07044410413476264 0.12554112554112554
26 0.2006125574272588 0.270021645021645 0.08575803981623277 0.13744588744588745
26 0.19448698315467075 0.48268398268398266 0.07350689127105667 0.1406926406926407
26 0.19601837672281777 0.6628787878787878 0.0765696784073507 0.1266233766233766
26 0.19448698315467075 0.8766233766233766 0.07044410413476264 0.12554112554112554
107 0.38208269525267996 0.26082251082251084 0.0444104134762634 0.08225108225108226
106 0.44716692189892804 0.26515151515151514 0.03981623277182236 0.07575757575757576
77 0.5390505359877489 0.2667748917748918 0.03981623277182236 0.08116883116883117
75 0.7710566615620215 0.27813852813852813 0.03828483920367535 0.10173160173160173
101 0.5413476263399694 0.4745670995670996 0.0444104134762634 0.08333333333333333
101 0.6094946401225115 0.47564935064935066 0.03981623277182236 0.0854978354978355
101 0.6776416539050536 0.47673160173160173 0.03828483920367535 0.08766233766233766
101 0.7771822358346095 0.47564935064935066 0.03828483920367535 0.0854978354978355
101 0.8453292496171516 0.47564935064935066 0.036753445635528334 0.08766233766233766
19 0.610260336906585 0.6201298701298701 0.04747320061255743 0.017316017316017316
19 0.8445635528330782 0.6201298701298701 0.0444104134762634 0.017316017316017316
19 0.3736600306278714 0.6212121212121212 0.0551301684532925 0.025974025974025976
101 0.3070444104134763 0.06764069264069264 0.03828483920367535 0.0854978354978355
102 0.38208269525267996 0.0633116883116883 0.03828483920367535 0.09415584415584416
103 0.4502297090352221 0.0817099567099567 0.042879019908116385 0.10064935064935066
104 0.5375191424196019 0.08008658008658008 0.036753445635528334 0.09523809523809523
102 0.6033690658499234 0.06222943722943723 0.036753445635528334 0.09199134199134198
100 0.6784073506891272 0.07251082251082251 0.036753445635528334 0.08008658008658008
101 0.771822358346095 0.0670995670995671 0.042879019908116385 0.08658008658008658
94 0.8346094946401226 0.09848484848484848 0.042879019908116385 0.13203463203463203
94 0.8981623277182236 0.09740259740259741 0.04747320061255743 0.12987012987012986
108 0.30321592649310875 0.25595238095238093 0.036753445635528334 0.09632034632034632
104 0.6768759571209801 0.27326839826839827 0.03981623277182236 0.09415584415584416
101 0.3055130168453293 0.4751082251082251 0.03828483920367535 0.08658008658008658
101 0.3759571209800919 0.47619047619047616 0.03522205206738132 0.08658008658008658
101 0.4433384379785605 0.4745670995670996 0.03828483920367535 0.0854978354978355
101 0.9134762633996938 0.47564935064935066 0.03522205206738132 0.0854978354978355
101 0.3078101071975498 0.8701298701298701 0.03981623277182236 0.08441558441558442
101 0.388208269525268 0.8701298701298701 0.03828483920367535 0.08658008658008658
101 0.47166921898928027 0.8706709956709957 0.03981623277182236 0.08766233766233766
101 0.5888208269525268 0.8701298701298701 0.04134762633996937 0.08225108225108226
105 0.6791730474732006 0.8782467532467533 0.04134762633996937 0.07900432900432901
105 0.7633996937212864 0.8798701298701299 0.04134762633996937 0.08658008658008658
104 0.8744257274119449 0.8847402597402597 0.042879019908116385 0.09632034632034632
103 0.9594180704441042 0.8852813852813853 0.04134762633996937 0.09956709956709957
