12 0.35834609494640124 0.43073593073593075 0.02450229709035222 0.0735930735930736
14 0.7335375191424196 0.9069264069264069 0.018376722817764167 0.015151515151515152
7 0.501531393568147 0.4107142857142857 0.07197549770290965 0.08333333333333333
0 0.5145482388973966 0.6704545454545454 0.09494640122511486 0.08333333333333333
0 0.5160796324655437 0.91504329004329 0.09800918836140889 0.08333333333333333
26 0.4127105666156202 0.4258658008658009 0.07503828483920368 0.14177489177489178
27 0.4173047473200613 0.6742424242424242 0.0781010719754977 0.08008658008658008
27 0.4119448698315467 0.9166666666666666 0.08269525267993874 0.07792207792207792
19 0.6975497702909648 0.913961038961039 0.056661562021439515 0.020562770562770564
18 0.8169984686064319 0.6590909090909091 0.053598774885145486 0.01948051948051948
18 0.8131699846860644 0.41504329004329005 0.05206738131699847 0.022727272727272728
17 0.9173047473200613 0.8766233766233766 0.02756508422664625 0.05627705627705628
138 0.8690658499234304 0.9134199134199135 0.03828483920367535 0.08658008658008658
138 0.947166921898928 0.9134199134199135 0.04747320061255743 0.08658008658008658
