12 0.3527227722772277 0.053758741258741256 0.019801980198019802 0.05856643356643357
12 0.3527227722772277 0.2229020979020979 0.022277227722772276 0.057692307692307696
12 0.41707920792079206 0.8098776223776224 0.022277227722772276 0.05856643356643357
12 0.41646039603960394 0.6416083916083916 0.02599009900990099 0.057692307692307696
12 0.41707920792079206 0.5026223776223776 0.024752475247524754 0.057692307692307696
14 0.42574257425742573 0.2145979020979021 0.017326732673267328 0.013111888111888112
14 0.04207920792079208 0.21503496503496503 0.01485148514851485 0.012237762237762238
11 0.8403465346534653 0.8103146853146853 0.03712871287128713 0.06118881118881119
12 0.8558168316831684 0.054632867132867136 0.02103960396039604 0.05856643356643357
12 0.8551980198019802 0.22202797202797203 0.024752475247524754 0.057692307692307696
11 0.8477722772277227 0.5021853146853147 0.039603960396039604 0.06031468531468531
11 0.8452970297029703 0.6420454545454546 0.039603960396039604 0.06031468531468531
76 0.3966584158415842 0.22945804195804195 0.03341584158415842 0.07604895104895106
99 0.745049504950495 0.22508741258741258 0.027227722772277228 0.06905594405594405
41 0.5 0.8273601398601399 0.04702970297029703 0.10052447552447552
43 0.07920792079207921 0.8208041958041958 0.04455445544554455 0.08391608391608392
130 0.8025990099009901 0.056818181818181816 0.023514851485148515 0.06818181818181818
132 0.7475247524752475 0.053758741258741256 0.024752475247524754 0.062062937062937064
131 0.6862623762376238 0.05419580419580419 0.023514851485148515 0.06118881118881119
133 0.6361386138613861 0.053758741258741256 0.03217821782178218 0.062062937062937064
131 0.5668316831683169 0.05026223776223776 0.027227722772277228 0.0673076923076923
134 0.5129950495049505 0.05026223776223776 0.02599009900990099 0.07080419580419581
131 0.44863861386138615 0.04895104895104895 0.02599009900990099 0.07517482517482517
135 0.3966584158415842 0.04632867132867133 0.03094059405940594 0.07517482517482517
133 0.29826732673267325 0.043706293706293704 0.022277227722772276 0.08216783216783216
133 0.05878712871287129 0.06118881118881119 0.03341584158415842 0.07517482517482517
