12 0.14518317503392128 0.2336852207293666 0.021709633649932156 0.06429942418426103
12 0.14518317503392128 0.3977927063339731 0.021709633649932156 0.06429942418426103
12 0.14654002713704206 0.06861804222648753 0.021709633649932156 0.06621880998080613
12 0.14518317503392128 0.5609404990403071 0.024423337856173677 0.06429942418426103
12 0.14586160108548168 0.8886756238003839 0.023066485753052916 0.06525911708253358
12 0.14586160108548168 0.724088291746641 0.023066485753052916 0.06238003838771593
26 0.1960651289009498 0.07149712092130518 0.0773405698778833 0.14107485604606526
26 0.19742198100407055 0.23512476007677544 0.06919945725915874 0.1401151631477927
26 0.19538670284938942 0.39875239923224565 0.07055630936227951 0.13723608445297505
28 0.1919945725915875 0.5619001919385797 0.08005427408412483 0.09500959692898273
27 0.20352781546811397 0.724088291746641 0.08683853459972862 0.07581573896353166
27 0.20624151967435547 0.8925143953934741 0.09769335142469471 0.08637236084452975
16 0.2618724559023066 0.5614203454894433 0.029850746268656712 0.05758157389635316
16 0.2632293080054274 0.730806142034549 0.032564450474898234 0.05662188099808061
16 0.3744911804613297 0.387236084452975 0.024423337856173677 0.05854126679462572
16 0.3609226594301221 0.255278310940499 0.021709633649932156 0.053742802303262956
16 0.3744911804613297 0.20393474088291746 0.024423337856173677 0.052783109404990404
16 0.3466757123473541 0.09069097888675623 0.025780189959294434 0.05470249520153551
16 0.37516960651289005 0.07005758157389635 0.031207598371777473 0.06333973128598848
18 0.7164179104477612 0.5340690978886756 0.059701492537313425 0.02015355086372361
18 0.7177747625508819 0.7159309021113244 0.059701492537313425 0.023032629558541268
18 0.7177747625508819 0.8790786948176583 0.062415196743554946 0.026871401151631478
