12 0.1447166921898928 0.6206709956709957 0.02909647779479326 0.07034632034632035
12 0.23506891271056662 0.8977272727272727 0.022970903522205207 0.07034632034632035
12 0.2993874425727412 0.3430735930735931 0.026033690658499236 0.0735930735930736
12 0.4846860643185299 0.6217532467532467 0.022970903522205207 0.07034632034632035
12 0.7013782542113324 0.8982683982683982 0.021439509954058193 0.07142857142857142
12 0.8522205206738132 0.3446969696969697 0.01990811638591118 0.07251082251082251
12 0.9326186830015314 0.6212121212121212 0.02450229709035222 0.0735930735930736
98 0.2304747320061256 0.3538961038961039 0.04134762633996937 0.09740259740259741
102 0.4188361408882083 0.6130952380952381 0.03828483920367535 0.09199134199134198
15 0.3315467075038285 0.39231601731601734 0.03215926493108729 0.07251082251082251
15 0.4418070444104135 0.33225108225108224 0.03522205206738132 0.07792207792207792
15 0.22511485451761104 0.670995670995671 0.033690658499234305 0.07792207792207792
17 0.38131699846860645 0.676948051948052 0.02756508422664625 0.0854978354978355
17 0.5229709035222052 0.341991341991342 0.02909647779479326 0.08008658008658008
15 0.8200612557427259 0.6726190476190477 0.026033690658499236 0.07251082251082251
102 0.08958652373660031 0.3354978354978355 0.0444104134762634 0.09523809523809523
100 0.15926493108728945 0.3446969696969697 0.045941807044410414 0.07900432900432901
165 0.48162327718223585 0.3630952380952381 0.03522205206738132 0.11363636363636363
164 0.5566615620214396 0.3630952380952381 0.03215926493108729 0.11796536796536797
163 0.601071975497703 0.36363636363636365 0.03828483920367535 0.11688311688311688
164 0.6408882082695253 0.36363636363636365 0.0444104134762634 0.11688311688311688
165 0.6898928024502298 0.35173160173160173 0.03522205206738132 0.09523809523809523
166 0.7358346094946402 0.349025974025974 0.04134762633996937 0.08766233766233766
167 0.7771822358346095 0.34686147186147187 0.03522205206738132 0.08766233766233766
168 0.8185298621745789 0.34145021645021645 0.04747320061255743 0.08982683982683982
160 0.7350689127105666 0.6277056277056277 0.04900459418070444 0.08874458874458875
159 0.77947932618683 0.6298701298701299 0.03981623277182236 0.09523809523809523
158 0.8598774885145483 0.6347402597402597 0.03828483920367535 0.10064935064935066
159 0.9065849923430322 0.6309523809523809 0.03981623277182236 0.09307359307359307
74 0.5237366003062788 0.6098484848484849 0.045941807044410414 0.09848484848484848
132 0.6271056661562022 0.6195887445887446 0.05053598774885146 0.08116883116883117
131 0.6768759571209801 0.6222943722943723 0.03981623277182236 0.08008658008658008
139 0.036753445635528334 0.8928571428571429 0.03981623277182236 0.10173160173160173
137 0.08728943338437979 0.9047619047619048 0.03981623277182236 0.08658008658008658
135 0.13705972434915775 0.9085497835497836 0.03828483920367535 0.09415584415584416
134 0.1891271056661562 0.9128787878787878 0.053598774885145486 0.10281385281385282
134 0.277947932618683 0.8863636363636364 0.053598774885145486 0.10173160173160173
133 0.3300153139356815 0.8890692640692641 0.04134762633996937 0.10281385281385282
132 0.385145482388974 0.8885281385281385 0.04134762633996937 0.09956709956709957
133 0.4402756508422665 0.8912337662337663 0.04134762633996937 0.09848484848484848
126 0.4946401225114855 0.9117965367965368 0.06125574272588055 0.14177489177489178
135 0.5505359877488515 0.8890692640692641 0.04747320061255743 0.09632034632034632
133 0.604134762633997 0.8896103896103896 0.04134762633996937 0.09523809523809523
131 0.6516079632465543 0.8885281385281385 0.0444104134762634 0.09523809523809523
127 0.7434915773353752 0.9177489177489178 0.053598774885145486 0.11255411255411256
129 0.8039816232771823 0.9074675324675324 0.045941807044410414 0.09415584415584416
132 0.8652373660030628 0.8966450216450217 0.03981623277182236 0.0854978354978355
134 0.9272588055130169 0.8901515151515151 0.03828483920367535 0.09632034632034632
136 0.9800918836140888 0.8998917748917749 0.03981623277182236 0.07900432900432901
139 0.8958652373660031 0.3344155844155844 0.036753445635528334 0.09523809523809523
137 0.9433384379785605 0.34415584415584416 0.033690658499234305 0.08008658008658008
15 0.9854517611026035 0.33116883116883117 0.02909647779479326 0.07792207792207792
