12 0.1447166921898928 0.1645021645021645 0.022970903522205207 0.0735930735930736
12 0.1447166921898928 0.4069264069264069 0.022970903522205207 0.07792207792207792
12 0.14701378254211334 0.6493506493506493 0.021439509954058193 0.0735930735930736
0 0.30245022970903523 0.1617965367965368 0.0995405819295559 0.08116883116883117
0 0.2993874425727412 0.4036796536796537 0.09341500765696785 0.08225108225108226
0 0.29709035222052066 0.6455627705627706 0.0888208269525268 0.08333333333333333
27 0.1975497702909648 0.1634199134199134 0.07963246554364473 0.07575757575757576
27 0.1990811638591118 0.40854978354978355 0.08269525267993874 0.07683982683982683
27 0.19601837672281777 0.6461038961038961 0.0765696784073507 0.06277056277056277
21 0.5038284839203676 0.16396103896103897 0.033690658499234305 0.04004329004329004
20 0.7978560490045942 0.16287878787878787 0.033690658499234305 0.05952380952380952
21 0.4992343032159265 0.4063852813852814 0.036753445635528334 0.03571428571428571
21 0.503062787136294 0.6498917748917749 0.03522205206738132 0.04220779220779221
20 0.7947932618683002 0.6461038961038961 0.02756508422664625 0.05627705627705628
17 0.8514548238897397 0.3944805194805195 0.02450229709035222 0.06385281385281386
141 0.4226646248085758 0.1461038961038961 0.03981623277182236 0.11038961038961038
108 0.5735068912710567 0.15584415584415584 0.03828483920367535 0.09740259740259741
108 0.6875957120980092 0.15367965367965367 0.03981623277182236 0.09307359307359307
109 0.5773353751914242 0.3944805194805195 0.05206738131699847 0.10497835497835498
110 0.6898928024502298 0.3906926406926407 0.0444104134762634 0.11471861471861472
139 0.4241960183767228 0.39826839826839827 0.03981623277182236 0.09307359307359307
135 0.8009188361408882 0.4172077922077922 0.03981623277182236 0.09632034632034632
128 0.4326186830015314 0.6601731601731602 0.06891271056661562 0.1038961038961039
97 0.5704441041347627 0.6617965367965368 0.04747320061255743 0.10497835497835498
98 0.6906584992343032 0.6585497835497836 0.036753445635528334 0.09632034632034632
135 0.879019908116386 0.41774891774891776 0.05206738131699847 0.09740259740259741
