12 0.20770676691729323 0.5783532536520584 0.02819548872180451 0.08632138114209827
12 0.212406015037594 0.32270916334661354 0.02631578947368421 0.09296148738379813
12 0.856203007518797 0.32270916334661354 0.02443609022556391 0.09296148738379813
12 0.856203007518797 0.5756972111553784 0.02819548872180451 0.09163346613545816
14 0.631578947368421 0.5876494023904382 0.015037593984962405 0.014608233731739707
14 0.299812030075188 0.5896414342629481 0.02443609022556391 0.01593625498007968
129 0.27537593984962405 0.33067729083665337 0.07330827067669173 0.11686586985391766
132 0.3590225563909774 0.3140770252324037 0.05263157894736842 0.10756972111553784
134 0.45112781954887216 0.30810092961487384 0.04887218045112782 0.12217795484727755
129 0.6033834586466165 0.33200531208499334 0.07518796992481203 0.11686586985391766
102 0.5958646616541353 0.5677290836653386 0.045112781954887216 0.11288180610889774
131 0.041353383458646614 0.32270916334661354 0.045112781954887216 0.09296148738379813
133 0.1306390977443609 0.31806108897742363 0.046992481203007516 0.10225763612217795
132 0.68796992481203 0.3154050464807437 0.05263157894736842 0.10756972111553784
134 0.7810150375939849 0.30810092961487384 0.05075187969924812 0.12749003984063745
101 0.2640977443609022 0.5723771580345285 0.043233082706766915 0.10358565737051792
