12 0.14603960396039603 0.2897727272727273 0.019801980198019802 0.06031468531468531
12 0.14603960396039603 0.8780594405594405 0.019801980198019802 0.05856643356643357
12 0.14603960396039603 0.458041958041958 0.019801980198019802 0.05944055944055944
12 0.14603960396039603 0.7386363636363636 0.022277227722772276 0.06118881118881119
12 0.14665841584158415 0.15078671328671328 0.02103960396039604 0.05856643356643357
14 0.3719059405940594 0.15865384615384615 0.01608910891089109 0.011363636363636364
12 0.7215346534653465 0.4576048951048951 0.022277227722772276 0.06031468531468531
12 0.7215346534653465 0.15078671328671328 0.024752475247524754 0.05856643356643357
12 0.7227722772277227 0.2897727272727273 0.024752475247524754 0.06031468531468531
12 0.8199257425742574 0.8780594405594405 0.02103960396039604 0.06031468531468531
12 0.8199257425742574 0.7390734265734266 0.023514851485148515 0.06031468531468531
14 0.37314356435643564 0.1437937062937063 0.018564356435643563 0.013111888111888112
1 0.25804455445544555 0.12937062937062938 0.06311881188118812 0.06993006993006994
1 0.2561881188118812 0.2840909090909091 0.05693069306930693 0.06818181818181818
1 0.25804455445544555 0.4527972027972028 0.05816831683168317 0.06643356643356643
1 0.26051980198019803 0.7185314685314685 0.0655940594059406 0.06818181818181818
1 0.2561881188118812 0.8710664335664335 0.06930693069306931 0.0673076923076923
26 0.18688118811881188 0.15034965034965034 0.05693069306930693 0.08916083916083917
26 0.18502475247524752 0.7399475524475524 0.053217821782178217 0.08479020979020979
27 0.18502475247524752 0.8780594405594405 0.05816831683168317 0.06381118881118882
27 0.18502475247524752 0.4571678321678322 0.0655940594059406 0.06118881118881119
27 0.18564356435643564 0.2888986013986014 0.06188118811881188 0.062062937062937064
100 0.3502475247524752 0.458041958041958 0.0297029702970297 0.05944055944055944
102 0.6423267326732673 0.45104895104895104 0.024752475247524754 0.07692307692307693
104 0.6392326732673267 0.15646853146853146 0.02103960396039604 0.07517482517482517
106 0.8719059405940595 0.2902097902097902 0.02599009900990099 0.06293706293706294
104 0.9436881188118812 0.29676573426573427 0.02599009900990099 0.07604895104895106
100 0.4474009900990099 0.4597902097902098 0.023514851485148515 0.06293706293706294
100 0.8688118811881188 0.7386363636363636 0.027227722772277228 0.06118881118881119
49 0.7679455445544554 0.15122377622377622 0.038366336633663366 0.06468531468531469
45 0.7691831683168316 0.4606643356643357 0.04331683168316832 0.06993006993006994
135 0.5903465346534653 0.15734265734265734 0.024752475247524754 0.07517482517482517
137 0.3477722772277228 0.2937062937062937 0.027227722772277228 0.06818181818181818
135 0.3910891089108911 0.2937062937062937 0.024752475247524754 0.06818181818181818
137 0.44616336633663367 0.2928321678321678 0.028465346534653466 0.07167832167832168
135 0.4863861386138614 0.2937062937062937 0.0297029702970297 0.06818181818181818
137 0.5414603960396039 0.291958041958042 0.028465346534653466 0.06643356643356643
135 0.5891089108910891 0.2923951048951049 0.024752475247524754 0.07080419580419581
131 0.5457920792079208 0.4541083916083916 0.03712871287128713 0.07080419580419581
133 0.5909653465346535 0.4519230769230769 0.02599009900990099 0.07867132867132867
129 0.35457920792079206 0.8815559440559441 0.04084158415841584 0.08129370629370629
133 0.4127475247524752 0.875 0.02599009900990099 0.06818181818181818
129 0.4659653465346535 0.8815559440559441 0.028465346534653466 0.08304195804195805
133 0.5303217821782178 0.875 0.02599009900990099 0.06818181818181818
129 0.5872524752475248 0.8846153846153846 0.03589108910891089 0.07517482517482517
133 0.6472772277227723 0.8776223776223776 0.027227722772277228 0.06293706293706294
135 0.6806930693069307 0.2928321678321678 0.034653465346534656 0.06643356643356643
137 0.6379950495049505 0.2923951048951049 0.02599009900990099 0.0673076923076923
129 0.7011138613861386 0.8846153846153846 0.02599009900990099 0.07692307692307693
131 0.7623762376237624 0.8793706293706294 0.0297029702970297 0.06468531468531469
129 0.8725247524752475 0.8828671328671329 0.034653465346534656 0.08041958041958042
133 0.932549504950495 0.8728146853146853 0.02599009900990099 0.0743006993006993
134 0.9882425742574258 0.868006993006993 0.023514851485148515 0.08391608391608392
