12 0.6263399693721287 0.6190476190476191 0.021439509954058193 0.07142857142857142
12 0.6263399693721287 0.41883116883116883 0.02450229709035222 0.0735930735930736
12 0.6263399693721287 0.8116883116883117 0.02756508422664625 0.07142857142857142
12 0.6263399693721287 0.21103896103896103 0.02756508422664625 0.07142857142857142
142 0.442572741194487 0.3977272727272727 0.06125574272588055 0.12012987012987013
142 0.0444104134762634 0.3971861471861472 0.042879019908116385 0.12121212121212122
144 0.16232771822358347 0.3885281385281385 0.045941807044410414 0.1406926406926407
142 0.27182235834609497 0.3977272727272727 0.05972434915773354 0.12012987012987013
140 0.3629402756508423 0.4063852813852814 0.045941807044410414 0.10497835497835498
137 0.669218989280245 0.4291125541125541 0.03981623277182236 0.09632034632034632
135 0.7496171516079633 0.42803030303030304 0.04134762633996937 0.10064935064935066
134 0.8598774885145483 0.43073593073593075 0.04134762633996937 0.10606060606060606
135 0.9356814701378254 0.4318181818181818 0.05819295558958652 0.10173160173160173
137 0.273353751914242 0.6185064935064936 0.053598774885145486 0.07900432900432901
140 0.36447166921898927 0.6044372294372294 0.045941807044410414 0.10281385281385282
139 0.44104134762634 0.6098484848484849 0.0551301684532925 0.09632034632034632
147 0.669218989280245 0.5735930735930735 0.042879019908116385 0.16883116883116883
143 0.8621745788667688 0.5936147186147186 0.045941807044410414 0.12878787878787878
144 0.936447166921899 0.5871212121212122 0.06584992343032159 0.14177489177489178
109 0.5313935681470138 0.4063852813852814 0.045941807044410414 0.10281385281385282
107 0.5313935681470138 0.6152597402597403 0.042879019908116385 0.0854978354978355
104 0.6707503828483921 0.8214285714285714 0.036753445635528334 0.09740259740259741
103 0.8598774885145483 0.8262987012987013 0.03828483920367535 0.10497835497835498
77 0.36447166921898927 0.8154761904761905 0.03981623277182236 0.0854978354978355
169 0.1638591117917305 0.6103896103896104 0.042879019908116385 0.09523809523809523
167 0.043644716692189896 0.6222943722943723 0.03522205206738132 0.08658008658008658
168 0.09494640122511486 0.6147186147186147 0.0551301684532925 0.08874458874458875
146 0.7526799387442573 0.579004329004329 0.0444104134762634 0.15800865800865802
144 0.7970903522205207 0.5882034632034632 0.053598774885145486 0.1396103896103896
168 0.2098009188361409 0.6147186147186147 0.05206738131699847 0.08441558441558442
