12 0.14727722772277227 0.8098776223776224 0.024752475247524754 0.05856643356643357
12 0.14727722772277227 0.5026223776223776 0.024752475247524754 0.057692307692307696
12 0.1478960396039604 0.6416083916083916 0.02599009900990099 0.05944055944055944
14 0.017945544554455444 0.1861888111888112 0.01608910891089109 0.012237762237762238
12 0.33663366336633666 0.053758741258741256 0.022277227722772276 0.05856643356643357
12 0.338490099009901 0.2215909090909091 0.023514851485148515 0.056818181818181816
14 0.40903465346534656 0.1866258741258741 0.01608910891089109 0.013111888111888112
12 0.849009900990099 0.053758741258741256 0.019801980198019802 0.06031468531468531
12 0.849009900990099 0.22246503496503497 0.024752475247524754 0.05856643356643357
12 0.9919554455445545 0.5030594405594405 0.01608910891089109 0.05856643356643357
12 0.9919554455445545 0.6420454545454546 0.01608910891089109 0.05856643356643357
12 0.9919554455445545 0.8098776223776224 0.01608910891089109 0.06031468531468531
79 0.3805693069306931 0.21896853146853146 0.03589108910891089 0.07080419580419581
129 0.20297029702970298 0.6477272727272727 0.04207920792079208 0.07692307692307693
131 0.30445544554455445 0.6424825174825175 0.027227722772277228 0.06643356643356643
129 0.39913366336633666 0.6481643356643356 0.02599009900990099 0.07604895104895106
131 0.5024752475247525 0.6416083916083916 0.024752475247524754 0.06118881118881119
46 0.2103960396039604 0.5030594405594405 0.04455445544554455 0.06381118881118882
129 0.6002475247524752 0.6477272727272727 0.03712871287128713 0.07517482517482517
131 0.7035891089108911 0.6420454545454546 0.028465346534653466 0.06381118881118882
129 0.7957920792079208 0.6477272727272727 0.027227722772277228 0.07692307692307693
131 0.900990099009901 0.6416083916083916 0.0297029702970297 0.06468531468531469
100 0.05198019801980198 0.6424825174825175 0.024752475247524754 0.06293706293706294
105 0.7345297029702971 0.22377622377622378 0.028465346534653466 0.06993006993006994
105 0.8879950495049505 0.22465034965034966 0.028465346534653466 0.06993006993006994
