14 0.1554364471669219 0.16504329004329005 0.01990811638591118 0.016233766233766232
14 0.30857580398162326 0.16504329004329005 0.01990811638591118 0.016233766233766232
14 0.48009188361408883 0.7597402597402597 0.016845329249617153 0.017316017316017316
14 0.5222052067381318 0.37716450216450215 0.021439509954058193 0.01406926406926407
14 0.6316998468606432 0.7581168831168831 0.016845329249617153 0.016233766233766232
14 0.6316998468606432 0.571969696969697 0.016845329249617153 0.01406926406926407
14 0.7281776416539051 0.14772727272727273 0.016845329249617153 0.016233766233766232
14 0.7710566615620215 0.553030303030303 0.016845329249617153 0.012987012987012988
14 0.7695252679938744 0.7581168831168831 0.022970903522205207 0.016233766233766232
12 0.877488514548239 0.7678571428571429 0.02450229709035222 0.07251082251082251
12 0.8782542113323124 0.5627705627705628 0.026033690658499236 0.06926406926406926
12 0.879019908116386 0.1737012987012987 0.02450229709035222 0.07034632034632035
12 0.879019908116386 0.3658008658008658 0.02756508422664625 0.06926406926406926
12 0.07886676875957122 0.5622294372294372 0.022970903522205207 0.07034632034632035
12 0.07886676875957122 0.3658008658008658 0.026033690658499236 0.07142857142857142
12 0.07963246554364473 0.17261904761904762 0.02450229709035222 0.07251082251082251
12 0.07886676875957122 0.7673160173160173 0.02909647779479326 0.0735930735930736
14 0.3560490045941807 0.7943722943722944 0.016845329249617153 0.012987012987012988
14 0.4754977029096478 0.5914502164502164 0.016845329249617153 0.01406926406926407
22 0.5344563552833078 0.1471861471861472 0.036753445635528334 0.05411255411255411
21 0.5980091883614089 0.13636363636363635 0.03215926493108729 0.03463203463203463
18 0.4793261868300153 0.336038961038961 0.03981623277182236 0.0183982683982684
21 0.22588055130168455 0.4036796536796537 0.03215926493108729 0.032467532467532464
20 0.3238897396630934 0.4053030303030303 0.026033690658499236 0.05735930735930736
18 0.4770290964777948 0.5313852813852814 0.0444104134762634 0.017316017316017316
21 0.4509954058192956 0.5957792207792207 0.03215926493108729 0.03354978354978355
21 0.32465543644716693 0.8003246753246753 0.033690658499234305 0.031385281385281384
18 0.48009188361408883 0.7343073593073594 0.04134762633996937 0.0183982683982684
22 0.9287901990811639 0.8073593073593074 0.03828483920367535 0.05194805194805195
17 0.7059724349157733 0.7581168831168831 0.021439509954058193 0.050865800865800864
135 0.599540581929556 0.777056277056277 0.04134762633996937 0.09523809523809523
133 0.6110260336906586 0.5508658008658008 0.05206738131699847 0.1038961038961039
134 0.12480857580398162 0.18398268398268397 0.03522205206738132 0.09956709956709957
135 0.2771822358346095 0.18344155844155843 0.042879019908116385 0.09632034632034632
134 0.40199081163859113 0.18344155844155843 0.05972434915773354 0.10064935064935066
136 0.6967840735068913 0.1764069264069264 0.036753445635528334 0.08658008658008658
138 0.9303215926493109 0.16937229437229437 0.0444104134762634 0.08333333333333333
134 0.7817764165390506 0.37716450216450215 0.0444104134762634 0.10281385281385282
132 0.12557427258805515 0.38582251082251084 0.036753445635528334 0.11580086580086581
136 0.7404287901990811 0.545995670995671 0.03828483920367535 0.11363636363636363
136 0.933384379785605 0.545995670995671 0.05053598774885146 0.10714285714285714
135 0.44716692189892804 0.775974025974026 0.036753445635528334 0.09740259740259741
168 0.8208269525267994 0.16937229437229437 0.06125574272588055 0.08766233766233766
165 0.033690658499234305 0.5476190476190477 0.06125574272588055 0.10606060606060606
103 0.12327718223583461 0.7765151515151515 0.03828483920367535 0.09632034632034632
105 0.12480857580398162 0.5497835497835498 0.0444104134762634 0.11038961038961038
135 0.7335375191424196 0.777056277056277 0.05206738131699847 0.09523809523809523
103 0.9241960183767228 0.38095238095238093 0.03522205206738132 0.1038961038961039
