14 0.15160796324655437 0.6071428571428571 0.021439509954058193 0.017316017316017316
12 0.30474732006125577 0.8106060606060606 0.02756508422664625 0.0735930735930736
12 0.3062787136294028 0.42045454545454547 0.02450229709035222 0.07251082251082251
12 0.3062787136294028 0.22835497835497837 0.02756508422664625 0.0670995670995671
12 0.3070444104134763 0.6158008658008658 0.026033690658499236 0.07142857142857142
14 0.4448698315467075 0.6244588744588745 0.016845329249617153 0.015151515151515152
14 0.7710566615620215 0.21861471861471862 0.01990811638591118 0.015151515151515152
14 0.7725880551301685 0.41179653679653677 0.01990811638591118 0.016233766233766232
14 0.7725880551301685 0.8187229437229437 0.01990811638591118 0.01406926406926407
12 0.8552833078101072 0.8106060606060606 0.026033690658499236 0.07575757575757576
12 0.8552833078101072 0.6163419913419913 0.026033690658499236 0.07034632034632035
12 0.8560490045941808 0.22564935064935066 0.02450229709035222 0.07251082251082251
12 0.8560490045941808 0.420995670995671 0.02450229709035222 0.0735930735930736
14 0.7725880551301685 0.5898268398268398 0.01990811638591118 0.015151515151515152
14 0.608728943338438 0.6433982683982684 0.01990811638591118 0.016233766233766232
20 0.496937212863706 0.19101731601731603 0.02909647779479326 0.05519480519480519
21 0.6156202143950996 0.1893939393939394 0.033690658499234305 0.03463203463203463
18 0.5842266462480857 0.3917748917748918 0.053598774885145486 0.023809523809523808
20 0.49310872894333846 0.4577922077922078 0.033690658499234305 0.05627705627705628
22 0.6194486983154671 0.46374458874458874 0.03828483920367535 0.050865800865800864
22 0.6807044410413476 0.4642857142857143 0.03828483920367535 0.047619047619047616
18 0.5803981623277182 0.586038961038961 0.0551301684532925 0.0183982683982684
21 0.5849923430321593 0.6504329004329005 0.03981623277182236 0.02813852813852814
18 0.5811638591117918 0.7792207792207793 0.04134762633996937 0.017316017316017316
21 0.6171516079632465 0.8430735930735931 0.036753445635528334 0.0367965367965368
20 0.496937212863706 0.8441558441558441 0.03215926493108729 0.05844155844155844
102 0.3499234303215927 0.823051948051948 0.04134762633996937 0.10281385281385282
102 0.4165390505359878 0.6055194805194806 0.042879019908116385 0.09632034632034632
104 0.34839203675344566 0.23593073593073594 0.04134762633996937 0.09307359307359307
104 0.7411944869831547 0.23593073593073594 0.042879019908116385 0.09307359307359307
101 0.34915773353751917 0.43885281385281383 0.03981623277182236 0.11580086580086581
105 0.7427258805513017 0.42207792207792205 0.042879019908116385 0.08441558441558442
135 0.12327718223583461 0.6055194805194806 0.03828483920367535 0.10281385281385282
134 0.22894333843797857 0.6060606060606061 0.03828483920367535 0.09740259740259741
164 0.35987748851454826 0.6044372294372294 0.05819295558958652 0.10064935064935066
107 0.7411944869831547 0.5925324675324676 0.03981623277182236 0.13095238095238096
102 0.7404287901990811 0.8252164502164502 0.03828483920367535 0.10714285714285714
