12 0.989280245022971 0.7586580086580087 0.021439509954058193 0.0735930735930736
12 0.9900459418070444 0.17316017316017315 0.01990811638591118 0.07142857142857142
12 0.9900459418070444 0.5633116883116883 0.01990811638591118 0.07251082251082251
12 0.990811638591118 0.3695887445887446 0.018376722817764167 0.07251082251082251
12 0.12710566615620214 0.5622294372294372 0.021439509954058193 0.07034632034632035
12 0.12633996937212863 0.7586580086580087 0.026033690658499236 0.0735930735930736
12 0.12863705972434916 0.17316017316017315 0.02450229709035222 0.07142857142857142
12 0.12863705972434916 0.36796536796536794 0.02450229709035222 0.06926406926406926
21 0.17075038284839206 0.36904761904761907 0.02909647779479326 0.03463203463203463
21 0.166156202143951 0.7570346320346321 0.03522205206738132 0.03354978354978355
21 0.37059724349157736 0.7586580086580087 0.030627871362940276 0.03463203463203463
21 0.5696784073506892 0.7586580086580087 0.030627871362940276 0.03463203463203463
21 0.7710566615620215 0.7597402597402597 0.03828483920367535 0.03463203463203463
18 0.5612557427258805 0.5492424242424242 0.04747320061255743 0.0183982683982684
16 0.6347626339969372 0.329004329004329 0.022970903522205207 0.05411255411255411
136 0.770290964777948 0.37067099567099565 0.03981623277182236 0.07683982683982683
137 0.8950995405819296 0.3712121212121212 0.056661562021439515 0.08441558441558442
134 0.4617151607963247 0.3782467532467532 0.056661562021439515 0.09848484848484848
136 0.3736600306278714 0.3804112554112554 0.036753445635528334 0.10281385281385282
127 0.17304747320061256 0.1920995670995671 0.05206738131699847 0.11363636363636363
128 0.26875957120980093 0.18831168831168832 0.04134762633996937 0.1038961038961039
129 0.3736600306278714 0.1829004329004329 0.03981623277182236 0.09523809523809523
127 0.4686064318529862 0.19264069264069264 0.045941807044410414 0.11471861471861472
128 0.5773353751914242 0.18777056277056278 0.0551301684532925 0.10497835497835498
129 0.6722817764165391 0.18452380952380953 0.036753445635528334 0.09632034632034632
157 0.774885145482389 0.1920995670995671 0.0551301684532925 0.11580086580086581
158 0.8392036753445636 0.18831168831168832 0.03981623277182236 0.10822510822510822
129 0.9058192955589587 0.18452380952380953 0.03828483920367535 0.09632034632034632
134 0.2679938744257274 0.37932900432900435 0.03981623277182236 0.09848484848484848
138 0.5727411944869831 0.36363636363636365 0.03981623277182236 0.08441558441558442
137 0.6722817764165391 0.36904761904761907 0.03981623277182236 0.07792207792207792
131 0.053598774885145486 0.7591991341991342 0.07044410413476264 0.07251082251082251
131 0.28101071975497705 0.7581168831168831 0.06891271056661562 0.07251082251082251
131 0.48238897396630936 0.7575757575757576 0.06125574272588055 0.07142857142857142
131 0.6860643185298622 0.7597402597402597 0.06738131699846861 0.07575757575757576
131 0.9180704441041349 0.7586580086580087 0.05972434915773354 0.07142857142857142
129 0.04058192955589587 0.18398268398268397 0.03522205206738132 0.09523809523809523
137 0.032924961715160794 0.3777056277056277 0.05972434915773354 0.09307359307359307
