12 0.20352781546811397 0.41698656429942416 0.024423337856173677 0.06429942418426103
12 0.20352781546811397 0.08973128598848368 0.024423337856173677 0.06238003838771593
12 0.20420624151967434 0.2533589251439539 0.023066485753052916 0.06333973128598848
12 0.20420624151967434 0.9083493282149712 0.025780189959294434 0.06429942418426103
12 0.20488466757123472 0.7456813819577734 0.027137042062415195 0.06333973128598848
12 0.8514246947082768 0.9078694817658349 0.023066485753052916 0.06333973128598848
12 0.8521031207598371 0.5815738963531669 0.024423337856173677 0.06525911708253358
12 0.8527815468113975 0.744721689059501 0.025780189959294434 0.06525911708253358
12 0.8534599728629578 0.2533589251439539 0.024423337856173677 0.06333973128598848
12 0.8534599728629578 0.08973128598848368 0.024423337856173677 0.06429942418426103
12 0.8534599728629578 0.41746641074856045 0.024423337856173677 0.06525911708253358
14 0.30529172320217096 0.9472168905950096 0.021709633649932156 0.013435700575815739
18 0.5291723202170963 0.22648752399232244 0.04070556309362279 0.023032629558541268
18 0.5291723202170963 0.0628598848368522 0.03799185888738127 0.02015355086372361
18 0.5325644504748982 0.38915547024952013 0.036635006784260515 0.018234165067178502
18 0.4552238805970149 0.5537428023032629 0.03934871099050203 0.019193857965451054
18 0.4531886024423338 0.6170825335892515 0.035278154681139755 0.023032629558541268
20 0.34531886024423336 0.5465451055662188 0.025780189959294434 0.04702495201535509
20 0.34531886024423336 0.6098848368522073 0.023066485753052916 0.04702495201535509
20 0.34328358208955223 0.7404030710172744 0.032564450474898234 0.052783109404990404
18 0.45183175033921297 0.7346449136276392 0.048846675712347354 0.02015355086372361
104 0.26458616010854813 0.751919385796545 0.032564450474898234 0.08157389635316699
44 0.2700135685210312 0.9155470249520153 0.04070556309362279 0.08445297504798464
