12 0.3590225563909774 0.5219123505976095 0.02631578947368421 0.09030544488711818
12 0.36372180451127817 0.8220451527224435 0.03195488721804511 0.09030544488711818
12 0.9182330827067668 0.5232403718459495 0.02819548872180451 0.09030544488711818
12 0.919172932330827 0.8213811420982735 0.03759398496240601 0.08897742363877821
26 0.41917293233082703 0.5232403718459495 0.08270676691729323 0.15405046480743692
26 0.4201127819548872 0.8240371845949535 0.08082706766917293 0.1553784860557769
16 0.5009398496240601 0.5086321381142098 0.03571428571428571 0.06108897742363877
16 0.5028195488721804 0.8074369189907038 0.03571428571428571 0.06374501992031872
21 0.6710526315789473 0.8227091633466135 0.041353383458646614 0.041168658698539175
21 0.8214285714285714 0.8213811420982735 0.04887218045112782 0.03851261620185923
135 0.6776315789473684 0.5338645418326693 0.046992481203007516 0.11686586985391766
134 0.8204887218045113 0.5351925630810093 0.05451127819548872 0.11686586985391766
