12 0.053598774885145486 0.7402597402597403 0.021439509954058193 0.0735930735930736
12 0.053598774885145486 0.22510822510822512 0.02450229709035222 0.07142857142857142
12 0.7565084226646248 0.2261904761904762 0.021439509954058193 0.07142857142857142
12 0.7572741194486984 0.7391774891774892 0.022970903522205207 0.07142857142857142
21 0.22741194486983154 0.1893939393939394 0.03215926493108729 0.0367965367965368
21 0.33537519142419603 0.19047619047619047 0.02756508422664625 0.03463203463203463
21 0.5566615620214396 0.19101731601731603 0.03828483920367535 0.031385281385281384
21 0.6615620214395099 0.1920995670995671 0.03981623277182236 0.04004329004329004
18 0.9632465543644717 0.19534632034632035 0.0551301684532925 0.016233766233766232
18 0.9601837672281777 0.7283549783549783 0.04900459418070444 0.01948051948051948
21 0.660030627871363 0.7418831168831169 0.033690658499234305 0.03571428571428571
21 0.5551301684532925 0.7424242424242424 0.03215926493108729 0.03463203463203463
21 0.33537519142419603 0.7397186147186147 0.042879019908116385 0.03354978354978355
21 0.22664624808575806 0.7408008658008658 0.042879019908116385 0.031385281385281384
128 0.44869831546707506 0.7537878787878788 0.0551301684532925 0.10497835497835498
135 0.11791730474732007 0.23376623376623376 0.033690658499234305 0.09090909090909091
131 0.4517611026033691 0.22402597402597402 0.04900459418070444 0.0735930735930736
133 0.12021439509954059 0.7478354978354979 0.03828483920367535 0.09307359307359307
