12 0.20420624151967434 0.3637236084452975 0.023066485753052916 0.06525911708253358
12 0.20420624151967434 0.8862763915547025 0.023066485753052916 0.06621880998080613
12 0.20488466757123472 0.20057581573896352 0.024423337856173677 0.06333973128598848
12 0.20488466757123472 0.5268714011516314 0.024423337856173677 0.06525911708253358
12 0.20488466757123472 0.7226487523992322 0.024423337856173677 0.06333973128598848
14 0.2930800542740841 0.177063339731286 0.021709633649932156 0.012476007677543186
14 0.48303934871099047 0.19241842610364682 0.018995929443690635 0.01439539347408829
14 0.48303934871099047 0.6991362763915546 0.021709633649932156 0.01439539347408829
14 0.7042062415196743 0.7140115163147792 0.018995929443690635 0.013435700575815739
12 0.8527815468113975 0.5268714011516314 0.020352781546811395 0.06333973128598848
12 0.8534599728629578 0.19961612284069097 0.018995929443690635 0.06333973128598848
12 0.8541383989145183 0.7236084452975048 0.017639077340569877 0.06525911708253358
12 0.8521031207598371 0.8862763915547025 0.024423337856173677 0.06429942418426103
12 0.8534599728629578 0.3637236084452975 0.021709633649932156 0.06525911708253358
14 0.7048846675712347 0.20729366602687138 0.017639077340569877 0.011516314779270634
14 0.29511533242876525 0.4870441458733205 0.020352781546811395 0.01055662188099808
14 0.29511533242876525 0.5508637236084453 0.020352781546811395 0.013435700575815739
14 0.4843962008141112 0.5023992322456814 0.018995929443690635 0.01439539347408829
14 0.4850746268656716 0.5662188099808061 0.014925373134328356 0.013435700575815739
14 0.7069199457259158 0.5187140115163148 0.016282225237449117 0.01439539347408829
14 0.7082767978290366 0.5830134357005758 0.016282225237449117 0.012476007677543186
14 0.2944369063772049 0.6818618042226487 0.013568521031207597 0.01439539347408829
14 0.054952510176390766 0.90978886756238 0.017639077340569877 0.009596928982725527
14 0.3046132971506106 0.9246641074856046 0.017639077340569877 0.01439539347408829
16 0.22998643147896877 0.1665067178502879 0.023066485753052916 0.03934740882917466
16 0.3582089552238806 0.1765834932821497 0.027137042062415195 0.044145873320537425
16 0.6431478968792401 0.20057581573896352 0.021709633649932156 0.044145873320537425
16 0.7720488466757123 0.20825335892514393 0.021709633649932156 0.04222648752399232
16 0.3609226594301221 0.4956813819577735 0.027137042062415195 0.04510556621880998
16 0.3602442333785617 0.5513435700575815 0.028493894165535955 0.04510556621880998
16 0.6451831750339213 0.5187140115163148 0.031207598371777473 0.04894433781190019
16 0.6438263229308004 0.5753358925143953 0.023066485753052916 0.04318618042226487
16 0.7686567164179103 0.52447216890595 0.025780189959294434 0.04510556621880998
16 0.7720488466757123 0.5815738963531669 0.029850746268656712 0.044145873320537425
16 0.7706919945725915 0.7236084452975048 0.021709633649932156 0.04798464491362764
16 0.6404341926729986 0.7149712092130518 0.024423337856173677 0.044145873320537425
16 0.3575305291723202 0.687619961612284 0.028493894165535955 0.04510556621880998
16 0.22998643147896877 0.6818618042226487 0.031207598371777473 0.04510556621880998
17 0.23473541383989144 0.5523032629558541 0.021709633649932156 0.04894433781190019
17 0.23473541383989144 0.4947216890595009 0.021709633649932156 0.04894433781190019
18 0.5291723202170963 0.33589251439539347 0.04070556309362279 0.026871401151631478
106 0.2652645861601085 0.2010556621880998 0.033921302578018994 0.06621880998080613
104 0.4559023066485753 0.20825335892514393 0.032564450474898234 0.08445297504798464
102 0.6770691994572591 0.19337811900191937 0.035278154681139755 0.08349328214971209
107 0.2618724559023066 0.718809980806142 0.032564450474898234 0.07485604606525911
105 0.4559023066485753 0.7269673704414588 0.035278154681139755 0.07389635316698656
103 0.6763907734056988 0.732725527831094 0.033921302578018994 0.0873320537428023
134 0.5814111261872456 0.21017274472168906 0.033921302578018994 0.08829174664107485
132 0.8161465400271369 0.19625719769673702 0.05563093622795115 0.07389635316698656
135 0.5827679782903663 0.7303262955854126 0.031207598371777473 0.08253358925143954
133 0.8161465400271369 0.7159309021113244 0.05291723202170963 0.08253358925143954
137 0.3921302578018996 0.722168905950096 0.029850746268656712 0.07197696737044146
130 0.1682496607869742 0.8905950095969289 0.05427408412483039 0.07485604606525911
44 0.2706919945725916 0.8929942418426103 0.04748982360922659 0.0854126679462572
100 0.029172320217096336 0.887236084452975 0.036635006784260515 0.06813819577735125
136 0.3900949796472184 0.20441458733205373 0.031207598371777473 0.07485604606525911
16 0.12008141112618724 0.90978886756238 0.023066485753052916 0.04030710172744722
