12 0.16768759571209801 0.711038961038961 0.022970903522205207 0.0735930735930736
12 0.16768759571209801 0.19534632034632035 0.022970903522205207 0.07251082251082251
14 0.2572741194486983 0.7018398268398268 0.021439509954058193 0.016233766233766232
14 0.25803981623277183 0.16937229437229437 0.01990811638591118 0.01406926406926407
12 0.8545176110260337 0.7104978354978355 0.02756508422664625 0.07467532467532467
12 0.8552833078101072 0.19480519480519481 0.026033690658499236 0.0735930735930736
106 0.2312404287901991 0.19534632034632035 0.036753445635528334 0.07900432900432901
167 0.5214395099540582 0.19696969696969696 0.03215926493108729 0.08008658008658008
167 0.5826952526799387 0.19480519480519481 0.04134762633996937 0.07792207792207792
106 0.6546707503828484 0.19534632034632035 0.03215926493108729 0.07683982683982683
104 0.22817764165390506 0.7186147186147186 0.030627871362940276 0.09307359307359307
104 0.6562021439509954 0.7191558441558441 0.03215926493108729 0.09415584415584416
165 0.5214395099540582 0.7196969696969697 0.03215926493108729 0.09307359307359307
165 0.5826952526799387 0.7196969696969697 0.0444104134762634 0.09523809523809523
