12 0.14931087289433384 0.3484848484848485 0.026033690658499236 0.07142857142857142
12 0.14931087289433384 0.6055194805194806 0.026033690658499236 0.07467532467532467
12 0.14931087289433384 0.09307359307359307 0.026033690658499236 0.07142857142857142
14 0.9464012251148546 0.6130952380952381 0.018376722817764167 0.016233766233766232
14 0.9464012251148546 0.6677489177489178 0.018376722817764167 0.017316017316017316
14 0.945635528330781 0.7397186147186147 0.01990811638591118 0.01406926406926407
14 0.947166921898928 0.10281385281385282 0.022970903522205207 0.015151515151515152
19 0.27947932618683 0.08766233766233766 0.05053598774885146 0.012987012987012988
21 0.4617151607963247 0.09415584415584416 0.0444104134762634 0.0367965367965368
19 0.28177641653905056 0.547077922077922 0.0551301684532925 0.0183982683982684
19 0.28101071975497705 0.564935064935065 0.04747320061255743 0.015151515151515152
19 0.28177641653905056 0.6363636363636364 0.045941807044410414 0.017316017316017316
21 0.4632465543644717 0.6406926406926406 0.03522205206738132 0.03463203463203463
21 0.4624808575803982 0.5670995670995671 0.030627871362940276 0.02813852813852814
21 0.46477794793261873 0.5319264069264069 0.03215926493108729 0.03787878787878788
48 0.5344563552833078 0.0946969696969697 0.0551301684532925 0.07900432900432901
48 0.5566615620214396 0.6044372294372294 0.053598774885145486 0.08116883116883117
102 0.9188361408882083 0.0854978354978355 0.030627871362940276 0.09523809523809523
20 0.27105666156202146 0.30573593073593075 0.036753445635528334 0.050865800865800864
20 0.27105666156202146 0.37662337662337664 0.036753445635528334 0.049783549783549784
