12 0.1447166921898928 0.23484848484848486 0.026033690658499236 0.07575757575757576
12 0.1447166921898928 0.4172077922077922 0.026033690658499236 0.07467532467532467
12 0.14548238897396631 0.7797619047619048 0.02450229709035222 0.07467532467532467
12 0.1447166921898928 0.5974025974025974 0.02909647779479326 0.07142857142857142
12 0.9670750382848392 0.7792207792207793 0.026033690658499236 0.07142857142857142
12 0.9678407350689128 0.23376623376623376 0.02450229709035222 0.0735930735930736
12 0.9678407350689128 0.5974025974025974 0.02756508422664625 0.0735930735930736
12 0.9678407350689128 0.4155844155844156 0.02756508422664625 0.07142857142857142
26 0.19448698315467075 0.23214285714285715 0.07044410413476264 0.1331168831168831
26 0.1975497702909648 0.41179653679653677 0.07350689127105667 0.14177489177489178
28 0.19601837672281777 0.5968614718614719 0.07044410413476264 0.07683982683982683
27 0.19601837672281777 0.7792207792207793 0.07044410413476264 0.07575757575757576
15 0.2664624808575804 0.8079004329004329 0.02756508422664625 0.05735930735930736
19 0.30857580398162326 0.2278138528138528 0.05972434915773354 0.024891774891774892
21 0.5903522205206738 0.2353896103896104 0.03215926493108729 0.04004329004329004
21 0.30474732006125577 0.5584415584415584 0.045941807044410414 0.04112554112554113
21 0.5918836140888208 0.560064935064935 0.03522205206738132 0.03787878787878788
17 0.5597243491577336 0.8068181818181818 0.026033690658499236 0.05952380952380952
131 0.5206738131699847 0.5979437229437229 0.03981623277182236 0.08116883116883117
130 0.6684532924961716 0.6017316017316018 0.06278713629402757 0.08658008658008658
131 0.767228177641654 0.5974025974025974 0.045941807044410414 0.08008658008658008
130 0.8751914241960184 0.6022727272727273 0.0444104134762634 0.0854978354978355
163 0.6669218989280246 0.22348484848484848 0.053598774885145486 0.09415584415584416
164 0.715926493108729 0.22348484848484848 0.03828483920367535 0.09848484848484848
165 0.7695252679938744 0.24404761904761904 0.04134762633996937 0.09848484848484848
164 0.8238897396630934 0.24242424242424243 0.03981623277182236 0.09956709956709957
165 0.8728943338437979 0.2435064935064935 0.03981623277182236 0.09956709956709957
166 0.9226646248085758 0.24242424242424243 0.053598774885145486 0.09740259740259741
131 0.3790199081163859 0.5979437229437229 0.053598774885145486 0.07900432900432901
132 0.44869831546707506 0.5984848484848485 0.042879019908116385 0.08008658008658008
101 0.5972434915773354 0.41179653679653677 0.03981623277182236 0.0854978354978355
100 0.7664624808575804 0.4155844155844156 0.0444104134762634 0.07575757575757576
69 0.3070444104134763 0.4291125541125541 0.05053598774885146 0.10714285714285714
72 0.30857580398162326 0.7797619047619048 0.04134762633996937 0.07900432900432901
72 0.5972434915773354 0.7786796536796536 0.03981623277182236 0.07683982683982683
