12 0.03139356814701379 0.6341991341991342 0.026033690658499236 0.07575757575757576
12 0.03215926493108729 0.8133116883116883 0.02450229709035222 0.07034632034632035
12 0.043644716692189896 0.2012987012987013 0.022970903522205207 0.0735930735930736
12 0.8537519142419602 0.8133116883116883 0.02909647779479326 0.07251082251082251
12 0.8560490045941808 0.20238095238095238 0.02450229709035222 0.0735930735930736
12 0.8560490045941808 0.6341991341991342 0.02450229709035222 0.07575757575757576
159 0.08652373660030628 0.2353896103896104 0.03522205206738132 0.14177489177489178
170 0.14701378254211334 0.21212121212121213 0.04900459418070444 0.14935064935064934
169 0.19295558958652376 0.20995670995670995 0.036753445635528334 0.12987012987012986
170 0.24042879019908117 0.19967532467532467 0.0551301684532925 0.12445887445887446
21 0.06891271056661562 0.8143939393939394 0.033690658499234305 0.03787878787878788
163 0.06891271056661562 0.6493506493506493 0.036753445635528334 0.10606060606060606
165 0.12557427258805515 0.6466450216450217 0.036753445635528334 0.10281385281385282
164 0.1753445635528331 0.6455627705627706 0.03522205206738132 0.09848484848484848
165 0.22511485451761104 0.645021645021645 0.042879019908116385 0.09740259740259741
163 0.2848392036753446 0.6239177489177489 0.04900459418070444 0.09415584415584416
164 0.32618683001531396 0.6244588744588745 0.03981623277182236 0.09307359307359307
162 0.3721286370597244 0.6244588744588745 0.036753445635528334 0.09307359307359307
163 0.4218989280245023 0.6244588744588745 0.03828483920367535 0.09523809523809523
168 0.29096477794793263 0.19805194805194806 0.036753445635528334 0.08441558441558442
169 0.3415007656967841 0.19264069264069264 0.036753445635528334 0.09307359307359307
167 0.383614088820827 0.20183982683982685 0.03522205206738132 0.07683982683982683
168 0.4280245022970904 0.19642857142857142 0.05053598774885146 0.08333333333333333
166 0.48085758039816234 0.20238095238095238 0.036753445635528334 0.08008658008658008
168 0.5352220520673814 0.19696969696969696 0.03828483920367535 0.08441558441558442
167 0.5849923430321593 0.2012987012987013 0.036753445635528334 0.07792207792207792
168 0.6324655436447167 0.19696969696969696 0.042879019908116385 0.08441558441558442
166 0.6807044410413476 0.20238095238095238 0.03828483920367535 0.07792207792207792
167 0.7312404287901991 0.20238095238095238 0.03828483920367535 0.08008658008658008
165 0.774885145482389 0.20238095238095238 0.036753445635528334 0.08008658008658008
166 0.8192955589586524 0.20292207792207792 0.045941807044410414 0.07900432900432901
161 0.4724349157733538 0.6515151515151515 0.03828483920367535 0.11471861471861472
167 0.5290964777947933 0.6471861471861472 0.03828483920367535 0.10173160173160173
166 0.5781010719754978 0.645021645021645 0.03522205206738132 0.09956709956709957
165 0.6263399693721287 0.6423160173160173 0.042879019908116385 0.09415584415584416
166 0.6791730474732006 0.6363636363636364 0.03828483920367535 0.08008658008658008
166 0.1776416539050536 0.8225108225108225 0.036753445635528334 0.09523809523809523
165 0.2228177641653905 0.823051948051948 0.04747320061255743 0.09632034632034632
136 0.276416539050536 0.8138528138528138 0.03522205206738132 0.08225108225108226
137 0.3637059724349158 0.8133116883116883 0.053598774885145486 0.07683982683982683
107 0.4724349157733538 0.8084415584415584 0.03828483920367535 0.08225108225108226
108 0.6807044410413476 0.803030303030303 0.03828483920367535 0.09307359307359307
167 0.7297090352220521 0.6358225108225108 0.03828483920367535 0.08116883116883117
165 0.774885145482389 0.6352813852813853 0.036753445635528334 0.08008658008658008
166 0.821592649310873 0.6341991341991342 0.04747320061255743 0.07792207792207792
