12 0.1776416539050536 0.15692640692640691 0.02450229709035222 0.0735930735930736
12 0.1776416539050536 0.6985930735930735 0.02450229709035222 0.07034632034632035
12 0.1776416539050536 0.3457792207792208 0.02450229709035222 0.07251082251082251
12 0.1784073506891271 0.8625541125541125 0.026033690658499236 0.0735930735930736
12 0.17917304747320062 0.5091991341991342 0.02450229709035222 0.07467532467532467
12 0.6056661562021439 0.15692640692640691 0.026033690658499236 0.0735930735930736
12 0.6056661562021439 0.3463203463203463 0.026033690658499236 0.0735930735930736
12 0.6064318529862175 0.6985930735930735 0.02450229709035222 0.07034632034632035
12 0.6064318529862175 0.8625541125541125 0.02756508422664625 0.0735930735930736
12 0.6064318529862175 0.5097402597402597 0.02756508422664625 0.0735930735930736
12 0.8514548238897397 0.8630952380952381 0.02756508422664625 0.07251082251082251
12 0.8537519142419602 0.6996753246753247 0.022970903522205207 0.07251082251082251
12 0.8522205206738132 0.5108225108225108 0.02909647779479326 0.07142857142857142
12 0.8529862174578867 0.15638528138528138 0.02756508422664625 0.07251082251082251
12 0.8537519142419602 0.3463203463203463 0.026033690658499236 0.07142857142857142
18 0.39280245022970905 0.14393939393939395 0.05972434915773354 0.01948051948051948
18 0.7350689127105666 0.14393939393939395 0.06738131699846861 0.021645021645021644
18 0.7350689127105666 0.3327922077922078 0.06431852986217458 0.022727272727272728
18 0.3958652373660031 0.3354978354978355 0.056661562021439515 0.023809523809523808
18 0.3950995405819296 0.6861471861471862 0.05206738131699847 0.01948051948051948
18 0.7366003062787136 0.6872294372294372 0.06431852986217458 0.01948051948051948
47 0.6860643185298622 0.8625541125541125 0.0551301684532925 0.07792207792207792
74 0.41424196018376724 0.8555194805194806 0.04134762633996937 0.09632034632034632
75 0.22817764165390506 0.875 0.03981623277182236 0.09848484848484848
