12 0.22588055130168455 0.7224025974025974 0.026033690658499236 0.07251082251082251
12 0.22664624808575806 0.887987012987013 0.02450229709035222 0.07034632034632035
12 0.3070444104134763 0.5086580086580087 0.026033690658499236 0.0735930735930736
12 0.30857580398162326 0.34415584415584416 0.022970903522205207 0.0735930735930736
12 0.6347626339969372 0.5091991341991342 0.026033690658499236 0.07251082251082251
12 0.6355283307810108 0.3436147186147186 0.02450229709035222 0.07251082251082251
12 0.8552833078101072 0.3425324675324675 0.022970903522205207 0.07251082251082251
12 0.8552833078101072 0.5086580086580087 0.026033690658499236 0.0735930735930736
12 0.8560490045941808 0.7229437229437229 0.02756508422664625 0.07142857142857142
12 0.8560490045941808 0.8885281385281385 0.02756508422664625 0.07142857142857142
12 0.08575803981623277 0.5086580086580087 0.02450229709035222 0.0735930735930736
12 0.08728943338437979 0.3436147186147186 0.02756508422664625 0.07251082251082251
14 0.17304747320061256 0.3338744588744589 0.02450229709035222 0.016233766233766232
14 0.7212863705972435 0.3354978354978355 0.02450229709035222 0.017316017316017316
14 0.17304747320061256 0.5551948051948052 0.02450229709035222 0.01948051948051948
14 0.7212863705972435 0.5535714285714286 0.02450229709035222 0.020562770562770564
75 0.3545176110260337 0.35443722943722944 0.04134762633996937 0.10064935064935066
104 0.3506891271056662 0.5178571428571429 0.036753445635528334 0.09415584415584416
103 0.42496171516079634 0.5211038961038961 0.03828483920367535 0.09848484848484848
102 0.4977029096477795 0.5005411255411255 0.03981623277182236 0.09199134199134198
101 0.5735068912710567 0.5043290043290043 0.03828483920367535 0.08658008658008658
19 0.5022970903522206 0.34145021645021645 0.05206738131699847 0.024891774891774892
20 0.6240428790199082 0.7267316017316018 0.03522205206738132 0.05519480519480519
20 0.6225114854517612 0.8896103896103896 0.02909647779479326 0.06277056277056277
69 0.6791730474732006 0.5221861471861472 0.04134762633996937 0.10281385281385282
97 0.7970903522205207 0.5216450216450217 0.04134762633996937 0.10173160173160173
75 0.1309341500765697 0.354978354978355 0.0444104134762634 0.09956709956709957
75 0.6776416539050536 0.3555194805194805 0.04134762633996937 0.10281385281385282
69 0.1309341500765697 0.5221861471861472 0.04747320061255743 0.10714285714285714
73 0.033690658499234305 0.7191558441558441 0.042879019908116385 0.0854978354978355
73 0.1332312404287902 0.7180735930735931 0.042879019908116385 0.08333333333333333
75 0.7006125574272588 0.7353896103896104 0.04747320061255743 0.10281385281385282
76 0.6967840735068913 0.8977272727272727 0.03981623277182236 0.09199134199134198
67 0.1332312404287902 0.9107142857142857 0.045941807044410414 0.12445887445887446
67 0.02986217457886677 0.9107142857142857 0.04747320061255743 0.12229437229437229
97 0.2503828483920368 0.5211038961038961 0.04134762633996937 0.10497835497835498
103 0.24961715160796324 0.354978354978355 0.042879019908116385 0.09956709956709957
103 0.7978560490045942 0.3555194805194805 0.03981623277182236 0.10281385281385282
100 0.26952526799387444 0.7229437229437229 0.033690658499234305 0.0735930735930736
101 0.33614088820826954 0.7186147186147186 0.04747320061255743 0.08225108225108226
102 0.4119448698315467 0.716991341991342 0.042879019908116385 0.09632034632034632
103 0.4862174578866769 0.7348484848484849 0.0444104134762634 0.1038961038961039
102 0.7978560490045942 0.7159090909090909 0.03981623277182236 0.09199134199134198
101 0.2679938744257274 0.8852813852813853 0.03981623277182236 0.08225108225108226
102 0.34226646248085757 0.8798701298701299 0.03828483920367535 0.09307359307359307
103 0.4104134762633997 0.8998917748917749 0.036753445635528334 0.09848484848484848
104 0.4862174578866769 0.8993506493506493 0.03828483920367535 0.09523809523809523
103 0.7970903522205207 0.900974025974026 0.04134762633996937 0.10064935064935066
