12 0.14420485175202158 0.11301587301587301 0.013477088948787063 0.044444444444444446
12 0.14375561545372867 0.47968253968253965 0.016172506738544475 0.04380952380952381
12 0.14375561545372867 0.3580952380952381 0.016172506738544475 0.044444444444444446
12 0.14510332434860737 0.2222222222222222 0.013477088948787063 0.044444444444444446
12 0.14375561545372867 0.6003174603174604 0.017969451931716084 0.04253968253968254
12 0.14420485175202158 0.8412698412698413 0.017070979335130278 0.04317460317460317
12 0.14420485175202158 0.7206349206349206 0.01886792452830189 0.04317460317460317
14 0.3423180592991914 0.29015873015873017 0.01078167115902965 0.007619047619047619
14 0.3423180592991914 0.4526984126984127 0.01078167115902965 0.007619047619047619
14 0.3423180592991914 0.8574603174603175 0.01078167115902965 0.008253968253968253
14 0.582659478885894 0.8676190476190476 0.011680143755615454 0.008253968253968253
14 0.5835579514824798 0.8676190476190476 0.015274034141958671 0.009523809523809525
12 0.8005390835579516 0.3584126984126984 0.016172506738544475 0.04253968253968254
14 0.8009883198562444 0.8412698412698413 0.015274034141958671 0.044444444444444446
12 0.8005390835579516 0.11238095238095239 0.017969451931716084 0.0419047619047619
12 0.8009883198562444 0.8415873015873016 0.017070979335130278 0.04253968253968254
12 0.8000898472596586 0.22126984126984128 0.020664869721473494 0.04253968253968254
12 0.8005390835579516 0.6 0.019766397124887692 0.04317460317460317
12 0.8009883198562444 0.7209523809523809 0.020664869721473494 0.04253968253968254
12 0.8023360287511231 0.47904761904761906 0.019766397124887692 0.04253968253968254
14 0.8477088948787063 0.8365079365079365 0.013477088948787063 0.008253968253968253
26 0.1738544474393531 0.11396825396825397 0.042228212039532795 0.07428571428571429
174 0.3247978436657682 0.0946031746031746 0.026055705300988323 0.08253968253968254
21 0.4528301886792453 0.11174603174603175 0.0215633423180593 0.020317460317460317
174 0.5660377358490566 0.09492063492063492 0.026954177897574125 0.08063492063492063
21 0.6500449236298294 0.11174603174603175 0.020664869721473494 0.020317460317460317
173 0.8288409703504044 0.09714285714285714 0.02425876010781671 0.0761904761904762
21 0.9586702605570531 0.11206349206349206 0.0215633423180593 0.019682539682539683
27 0.1738544474393531 0.2222222222222222 0.04402515723270441 0.045714285714285714
165 0.3243486073674753 0.2219047619047619 0.02336028751123091 0.04634920634920635
167 0.36837376460017973 0.2219047619047619 0.02336028751123091 0.04634920634920635
170 0.41284815813117703 0.21428571428571427 0.027852650494159928 0.061587301587301586
172 0.45462713387241693 0.20952380952380953 0.026954177897574125 0.07365079365079365
170 0.4914645103324349 0.21492063492063493 0.028751123090745734 0.061587301587301586
167 0.5251572327044025 0.2219047619047619 0.027852650494159928 0.04634920634920635
165 0.5646900269541779 0.2219047619047619 0.02425876010781671 0.04634920634920635
167 0.6082659478885895 0.2219047619047619 0.02336028751123091 0.04634920634920635
170 0.6518418688230009 0.21428571428571427 0.027852650494159928 0.061587301587301586
172 0.6931716082659479 0.20952380952380953 0.027852650494159928 0.07365079365079365
170 0.7322551662174304 0.21492063492063493 0.028751123090745734 0.061587301587301586
167 0.7668463611859838 0.22158730158730158 0.027852650494159928 0.04698412698412698
164 0.8288409703504044 0.2273015873015873 0.022461814914645106 0.05587301587301587
166 0.8728661275831088 0.22603174603174603 0.022461814914645106 0.05333333333333333
168 0.9168912848158132 0.22285714285714286 0.022461814914645106 0.058412698412698416
171 0.9591194968553459 0.21396825396825397 0.026055705300988323 0.07238095238095238
168 0.9923629829290207 0.22126984126984128 0.015274034141958671 0.05396825396825397
26 0.1734052111410602 0.3593650793650794 0.04132973944294699 0.07492063492063492
26 0.1729559748427673 0.4803174603174603 0.04043126684636119 0.07428571428571429
108 0.3243486073674753 0.473968253968254 0.0215633423180593 0.05523809523809524
138 0.5655884995507637 0.4768253968253968 0.022461814914645106 0.050793650793650794
169 0.651392632524708 0.473968253968254 0.0215633423180593 0.05523809523809524
170 0.6931716082659479 0.47174603174603175 0.02964959568733154 0.06095238095238095
169 0.7309074573225517 0.4742857142857143 0.022461814914645106 0.054603174603174605
168 0.7659478885893981 0.4765079365079365 0.02964959568733154 0.05015873015873016
78 0.8292902066486972 0.4793650793650794 0.02336028751123091 0.045714285714285714
28 0.17430368373764601 0.5996825396825397 0.04492362982929021 0.04507936507936508
166 0.3247978436657682 0.5996825396825397 0.022461814914645106 0.04507936507936508
168 0.36837376460017973 0.5974603174603175 0.02336028751123091 0.050793650793650794
171 0.4123989218328841 0.5898412698412698 0.025157232704402517 0.06476190476190476
173 0.4537286612758311 0.5844444444444444 0.0215633423180593 0.07555555555555556
171 0.49056603773584906 0.5898412698412698 0.025157232704402517 0.06476190476190476
168 0.5238095238095238 0.5971428571428572 0.028751123090745734 0.052698412698412696
166 0.5646900269541779 0.5996825396825397 0.022461814914645106 0.04507936507936508
168 0.6091644204851753 0.5974603174603175 0.02336028751123091 0.050793650793650794
171 0.651392632524708 0.5895238095238096 0.025157232704402517 0.0653968253968254
173 0.6922731356693621 0.5850793650793651 0.026055705300988323 0.07936507936507936
171 0.7309074573225517 0.5898412698412698 0.026055705300988323 0.06603174603174602
168 0.766397124887691 0.5974603174603175 0.028751123090745734 0.050793650793650794
165 0.8288409703504044 0.6053968253968254 0.022461814914645106 0.05650793650793651
167 0.8728661275831088 0.6041269841269842 0.022461814914645106 0.05396825396825397
169 0.9168912848158132 0.5984126984126984 0.022461814914645106 0.061587301587301586
172 0.9604672057502247 0.5895238095238096 0.026954177897574125 0.07936507936507936
169 0.9923629829290207 0.5968253968253968 0.015274034141958671 0.058412698412698416
27 0.1738544474393531 0.7215873015873016 0.04402515723270441 0.04634920634920635
165 0.3243486073674753 0.7206349206349206 0.02336028751123091 0.045714285714285714
167 0.36837376460017973 0.7206349206349206 0.02336028751123091 0.045714285714285714
170 0.41284815813117703 0.713015873015873 0.027852650494159928 0.06095238095238095
172 0.45507637017070984 0.7082539682539682 0.026055705300988323 0.07301587301587302
170 0.49056603773584906 0.7136507936507936 0.028751123090745734 0.06222222222222222
167 0.5247079964061097 0.7206349206349206 0.026954177897574125 0.045714285714285714
165 0.5646900269541779 0.7209523809523809 0.02425876010781671 0.04507936507936508
167 0.6087151841868823 0.7206349206349206 0.022461814914645106 0.045714285714285714
170 0.6518418688230009 0.7133333333333334 0.027852650494159928 0.06285714285714286
172 0.6931716082659479 0.7088888888888889 0.027852650494159928 0.07428571428571429
170 0.7318059299191375 0.713015873015873 0.026055705300988323 0.06095238095238095
167 0.7668463611859838 0.7206349206349206 0.027852650494159928 0.04698412698412698
164 0.8288409703504044 0.7263492063492063 0.020664869721473494 0.05587301587301587
166 0.8728661275831088 0.7250793650793651 0.022461814914645106 0.05333333333333333
168 0.9168912848158132 0.7219047619047619 0.022461814914645106 0.05714285714285714
171 0.9586702605570531 0.7126984126984127 0.025157232704402517 0.07047619047619047
168 0.9919137466307278 0.7203174603174604 0.016172506738544475 0.05396825396825397
37 0.17430368373764601 0.8473015873015873 0.04492362982929021 0.06031746031746032
99 0.325696316262354 0.8438095238095238 0.02425876010781671 0.050793650793650794
98 0.5651392632524709 0.8466666666666667 0.02336028751123091 0.05523809523809524
75 0.8292902066486972 0.8482539682539683 0.0215633423180593 0.058412698412698416
176 0.36882300089847264 0.08952380952380952 0.027852650494159928 0.09142857142857143
179 0.4097035040431267 0.08158730158730158 0.03234501347708895 0.1073015873015873
176 0.52785265049416 0.0892063492063492 0.027852650494159928 0.09206349206349207
176 0.6069182389937108 0.08984126984126985 0.03504043126684636 0.09079365079365079
176 0.7668463611859838 0.0892063492063492 0.033243486073674756 0.09206349206349207
179 0.7313566936208447 0.08126984126984127 0.028751123090745734 0.10793650793650794
175 0.8724168912848158 0.09206349206349207 0.026954177897574125 0.08634920634920634
177 0.9146451033243487 0.08666666666666667 0.03234501347708895 0.09714285714285714
115 0.3247978436657682 0.3342857142857143 0.02964959568733154 0.09206349206349207
145 0.5660377358490566 0.33746031746031746 0.028751123090745734 0.08698412698412698
176 0.6536388140161725 0.3349206349206349 0.02964959568733154 0.09206349206349207
176 0.7309074573225517 0.3349206349206349 0.027852650494159928 0.09206349206349207
177 0.6918238993710693 0.33206349206349206 0.028751123090745734 0.09777777777777778
175 0.7677448337825696 0.33746031746031746 0.031446540880503145 0.08698412698412698
85 0.8292902066486972 0.3396825396825397 0.025157232704402517 0.08253968253968254
