12 0.8541383989145183 0.09213051823416507 0.023066485753052916 0.06333973128598848
12 0.26662143826322926 0.09309021113243762 0.023066485753052916 0.06333973128598848
14 0.029850746268656712 0.06957773512476008 0.021709633649932156 0.012476007677543186
12 0.2652645861601085 0.29606525911708254 0.023066485753052916 0.08349328214971209
12 0.8534599728629578 0.29270633397312856 0.024423337856173677 0.06333973128598848
12 0.2659430122116689 0.45585412667946257 0.024423337856173677 0.06333973128598848
12 0.8534599728629578 0.45633397312859886 0.024423337856173677 0.06238003838771593
14 0.029850746268656712 0.6118042226487523 0.021709633649932156 0.016314779270633396
12 0.26662143826322926 0.6353166986564299 0.023066485753052916 0.06333973128598848
12 0.8541383989145183 0.6357965451055662 0.025780189959294434 0.06238003838771593
14 0.029850746268656712 0.7749520153550864 0.021709633649932156 0.01439539347408829
12 0.2652645861601085 0.7994241842610365 0.023066485753052916 0.06333973128598848
12 0.8541383989145183 0.7994241842610365 0.023066485753052916 0.06333973128598848
105 0.32496607869742195 0.09692898272552783 0.033921302578018994 0.07485604606525911
16 0.37584803256445043 0.06765834932821498 0.024423337856173677 0.05662188099808061
105 0.4111261872455902 0.09596928982725528 0.032564450474898234 0.07485604606525911
105 0.4959294436906377 0.09644913627639155 0.033921302578018994 0.07389635316698656
105 0.5956580732700135 0.09644913627639155 0.032564450474898234 0.07389635316698656
104 0.6818181818181818 0.10076775431861804 0.033921302578018994 0.08637236084452975
104 0.7659430122116688 0.10172744721689059 0.033921302578018994 0.08637236084452975
98 0.07937584803256445 0.30038387715930903 0.033921302578018994 0.08637236084452975
98 0.16417910447761191 0.30038387715930903 0.035278154681139755 0.08637236084452975
98 0.3256445047489823 0.30134357005758156 0.035278154681139755 0.08637236084452975
16 0.37584803256445043 0.29894433781190016 0.027137042062415195 0.05662188099808061
101 0.41248303934871094 0.2883877159309021 0.035278154681139755 0.07773512476007677
100 0.49660786974219806 0.29270633397312856 0.03799185888738127 0.0690978886756238
16 0.5610583446404341 0.31525911708253357 0.025780189959294434 0.05662188099808061
99 0.5970149253731343 0.29750479846449135 0.035278154681139755 0.07677543186180422
102 0.6831750339213025 0.2840690978886756 0.033921302578018994 0.08445297504798464
101 0.76797829036635 0.28886756238003836 0.035278154681139755 0.07677543186180422
97 0.0773405698778833 0.46833013435700577 0.03799185888738127 0.09021113243761995
97 0.16350067842605154 0.46833013435700577 0.03934871099050203 0.09021113243761995
16 0.29036635006784256 0.4947216890595009 0.024423337856173677 0.05662188099808061
97 0.3256445047489823 0.4668905950095969 0.035278154681139755 0.0911708253358925
16 0.3765264586160108 0.4712092130518234 0.025780189959294434 0.05758157389635316
100 0.41248303934871094 0.4568138195777351 0.035278154681139755 0.0690978886756238
99 0.49728629579375844 0.4606525911708253 0.036635006784260515 0.07485604606525911
16 0.5610583446404341 0.4870441458733205 0.025780189959294434 0.05854126679462572
98 0.598371777476255 0.46401151631477927 0.032564450474898234 0.0873320537428023
16 0.6472184531886024 0.4630518234165067 0.027137042062415195 0.05854126679462572
101 0.683853459972863 0.45201535508637236 0.035278154681139755 0.07677543186180422
100 0.7666214382632293 0.4568138195777351 0.03799185888738127 0.06717850287907869
16 0.29036635006784256 0.6041266794625719 0.021709633649932156 0.06429942418426103
78 0.3263229308005427 0.6362763915547025 0.036635006784260515 0.06717850287907869
17 0.4654002713704206 0.6113243761996161 0.024423337856173677 0.0690978886756238
106 0.4979647218453188 0.6343570057581573 0.03799185888738127 0.0690978886756238
16 0.5617367706919946 0.5945297504798465 0.024423337856173677 0.060460652591170824
79 0.596336499321574 0.6324376199616123 0.036635006784260515 0.07677543186180422
17 0.7354138398914518 0.6046065259117083 0.024423337856173677 0.07293666026871401
107 0.7659430122116688 0.631957773512476 0.033921302578018994 0.07581573896353166
16 0.2896879240162822 0.7672744721689059 0.020352781546811395 0.05854126679462572
78 0.3263229308005427 0.7999040307101727 0.036635006784260515 0.06621880998080613
17 0.4640434192672998 0.7768714011516314 0.024423337856173677 0.07005758157389635
106 0.49728629579375844 0.7994241842610365 0.036635006784260515 0.06717850287907869
16 0.5617367706919946 0.7581573896353166 0.024423337856173677 0.05758157389635316
79 0.5956580732700135 0.7951055662188099 0.035278154681139755 0.07581573896353166
17 0.7354138398914518 0.7701535508637236 0.024423337856173677 0.07005758157389635
107 0.7666214382632293 0.7951055662188099 0.032564450474898234 0.07581573896353166
