12 0.1439509954058193 0.36147186147186144 0.02450229709035222 0.07575757575757576
12 0.1447166921898928 0.5681818181818182 0.022970903522205207 0.07575757575757576
12 0.1447166921898928 0.7727272727272727 0.022970903522205207 0.07142857142857142
12 0.1447166921898928 0.15638528138528138 0.022970903522205207 0.07683982683982683
14 0.43644716692189894 0.5936147186147186 0.021439509954058193 0.0183982683982684
14 0.5275650842266463 0.31601731601731603 0.01990811638591118 0.015151515151515152
12 0.7879019908116386 0.1553030303030303 0.022970903522205207 0.07467532467532467
12 0.7886676875957122 0.7721861471861472 0.02450229709035222 0.07034632034632035
12 0.7894333843797856 0.5665584415584416 0.026033690658499236 0.07034632034632035
12 0.7894333843797856 0.36038961038961037 0.026033690658499236 0.07142857142857142
14 0.8644716692189893 0.31655844155844154 0.022970903522205207 0.01406926406926407
14 0.9770290964777948 0.3170995670995671 0.018376722817764167 0.012987012987012988
14 0.9762633996937213 0.54004329004329 0.022970903522205207 0.017316017316017316
7 0.2856049004594181 0.13528138528138528 0.06891271056661562 0.08225108225108226
7 0.2886676875957121 0.349025974025974 0.0781010719754977 0.0854978354978355
7 0.2886676875957121 0.564935064935065 0.07503828483920368 0.08441558441558442
7 0.2848392036753446 0.7689393939393939 0.07044410413476264 0.08333333333333333
14 0.4349157733537519 0.7992424242424242 0.021439509954058193 0.01406926406926407
14 0.8675344563552834 0.7813852813852814 0.022970903522205207 0.015151515151515152
14 0.8675344563552834 0.5584415584415584 0.02909647779479326 0.015151515151515152
14 0.8675344563552834 0.16287878787878787 0.01990811638591118 0.01406926406926407
14 0.9785604900459418 0.16287878787878787 0.018376722817764167 0.01406926406926407
37 0.19525267993874426 0.7819264069264069 0.07503828483920368 0.10064935064935066
28 0.19678407350689128 0.36093073593073594 0.0781010719754977 0.07683982683982683
27 0.19372128637059724 0.5670995670995671 0.07503828483920368 0.08008658008658008
26 0.19525267993874426 0.15313852813852813 0.06891271056661562 0.1331168831168831
106 0.4004594180704441 0.362012987012987 0.03828483920367535 0.07467532467532467
72 0.40199081163859113 0.5670995670995671 0.04134762633996937 0.07575757575757576
99 0.40199081163859113 0.7775974025974026 0.04134762633996937 0.08766233766233766
98 0.40275650842266464 0.1634199134199134 0.03981623277182236 0.09523809523809523
79 0.4908116385911179 0.35768398268398266 0.03828483920367535 0.08766233766233766
71 0.49310872894333846 0.16017316017316016 0.042879019908116385 0.08441558441558442
136 0.5260336906584993 0.775974025974026 0.04134762633996937 0.08658008658008658
130 0.6761102603369066 0.16017316017316016 0.05053598774885146 0.08874458874458875
99 0.6707503828483921 0.7781385281385281 0.03981623277182236 0.08658008658008658
99 0.6722817764165391 0.571969696969697 0.03981623277182236 0.08333333333333333
129 0.7320061255742726 0.1645021645021645 0.03981623277182236 0.09523809523809523
102 0.8315467075038285 0.5773809523809523 0.03981623277182236 0.09632034632034632
107 0.8315467075038285 0.35714285714285715 0.042879019908116385 0.08441558441558442
102 0.8346094946401226 0.7640692640692641 0.03981623277182236 0.09523809523809523
101 0.8346094946401226 0.15043290043290045 0.036753445635528334 0.08441558441558442
107 0.9418070444104135 0.35714285714285715 0.03981623277182236 0.08874458874458875
105 0.942572741194487 0.571969696969697 0.04134762633996937 0.08982683982683982
140 0.944104134762634 0.7602813852813853 0.05053598774885146 0.10497835497835498
102 0.9433384379785605 0.1461038961038961 0.042879019908116385 0.09307359307359307
105 0.5895865237366004 0.7786796536796536 0.03981623277182236 0.08982683982683982
