12 0.35265049415992816 0.6 0.020664869721473494 0.04317460317460317
12 0.35265049415992816 0.4793650793650794 0.020664869721473494 0.04317460317460317
12 0.353099730458221 0.3580952380952381 0.019766397124887692 0.04317460317460317
12 0.353099730458221 0.7206349206349206 0.019766397124887692 0.04317460317460317
12 0.353099730458221 0.8412698412698413 0.019766397124887692 0.04317460317460317
12 0.353099730458221 0.2222222222222222 0.0215633423180593 0.04317460317460317
12 0.8548966756513927 0.1126984126984127 0.015274034141958671 0.04253968253968254
12 0.8544474393530997 0.2219047619047619 0.019766397124887692 0.04380952380952381
12 0.8548966756513927 0.7206349206349206 0.022461814914645106 0.04317460317460317
12 0.8548966756513927 0.8415873015873016 0.022461814914645106 0.04253968253968254
12 0.8553459119496856 0.4793650793650794 0.0215633423180593 0.04317460317460317
12 0.8553459119496856 0.6 0.0215633423180593 0.04317460317460317
12 0.8553459119496856 0.3580952380952381 0.0215633423180593 0.04317460317460317
167 0.010332434860736747 0.10126984126984127 0.01886792452830189 0.06666666666666667
165 0.04447439353099731 0.10222222222222223 0.022461814914645106 0.06857142857142857
162 0.08086253369272238 0.1019047619047619 0.02336028751123091 0.06793650793650793
158 0.11904761904761905 0.11015873015873016 0.033243486073674756 0.08571428571428572
162 0.16127583108715185 0.1019047619047619 0.02425876010781671 0.06793650793650793
165 0.20485175202156336 0.10158730158730159 0.02336028751123091 0.0673015873015873
167 0.24887690925426775 0.10222222222222223 0.02336028751123091 0.0673015873015873
165 0.28526504941599284 0.10222222222222223 0.02425876010781671 0.06857142857142857
162 0.3207547169811321 0.10222222222222223 0.02336028751123091 0.06857142857142857
160 0.3831985624438455 0.10444444444444445 0.031446540880503145 0.07301587301587302
162 0.42407906558849956 0.1019047619047619 0.025157232704402517 0.0692063492063492
165 0.4676549865229111 0.10222222222222223 0.02425876010781671 0.06857142857142857
167 0.5112309074573226 0.1019047619047619 0.02336028751123091 0.06666666666666667
165 0.5476190476190477 0.1019047619047619 0.02425876010781671 0.06793650793650793
162 0.5840071877807728 0.1019047619047619 0.025157232704402517 0.0692063492063492
160 0.623989218328841 0.10476190476190476 0.033243486073674756 0.07238095238095238
162 0.6644204851752022 0.1019047619047619 0.02425876010781671 0.06793650793650793
165 0.7084456424079066 0.10253968253968254 0.02425876010781671 0.0692063492063492
167 0.7520215633423181 0.10222222222222223 0.02336028751123091 0.07111111111111111
165 0.7888589398023361 0.1019047619047619 0.02336028751123091 0.06793650793650793
162 0.8247978436657682 0.1019047619047619 0.02336028751123091 0.0692063492063492
18 0.08849955076370171 0.21396825396825397 0.02964959568733154 0.012698412698412698
18 0.6046720575022462 0.21365079365079365 0.028751123090745734 0.012063492063492064
18 0.08849955076370171 0.35015873015873017 0.027852650494159928 0.012063492063492064
18 0.6042228212039533 0.35015873015873017 0.027852650494159928 0.012063492063492064
18 0.08849955076370171 0.4711111111111111 0.02964959568733154 0.012698412698412698
18 0.6046720575022462 0.4711111111111111 0.028751123090745734 0.012698412698412698
18 0.08849955076370171 0.5917460317460318 0.02964959568733154 0.011428571428571429
18 0.6046720575022462 0.5917460317460318 0.028751123090745734 0.011428571428571429
18 0.08849955076370171 0.7123809523809523 0.027852650494159928 0.012698412698412698
18 0.6046720575022462 0.7123809523809523 0.028751123090745734 0.012698412698412698
18 0.08849955076370171 0.8336507936507936 0.02964959568733154 0.012698412698412698
18 0.6046720575022462 0.8336507936507936 0.028751123090745734 0.012698412698412698
