12 0.14518317503392128 0.1583493282149712 0.018995929443690635 0.06525911708253358
14 0.4158751696065129 0.1991362763915547 0.017639077340569877 0.01439539347408829
12 0.971506105834464 0.1583493282149712 0.021709633649932156 0.06525911708253358
6 0.2598371777476255 0.15451055662188098 0.04748982360922659 0.06717850287907869
27 0.1886024423337856 0.15786948176583493 0.062415196743554946 0.06813819577735125
97 0.389416553595658 0.168426103646833 0.035278154681139755 0.09692898272552783
132 0.6173677069199457 0.15451055662188098 0.04341926729986431 0.07485604606525911
101 0.6852103120759837 0.15499040307101727 0.029850746268656712 0.07581573896353166
97 0.8317503392130258 0.16938579654510555 0.035278154681139755 0.09309021113243762
103 0.389416553595658 0.39731285988483683 0.027137042062415195 0.06525911708253358
103 0.5373134328358209 0.39731285988483683 0.027137042062415195 0.06717850287907869
103 0.683853459972863 0.39731285988483683 0.027137042062415195 0.06717850287907869
103 0.8310719131614653 0.39731285988483683 0.025780189959294434 0.06525911708253358
21 0.3921302578018996 0.5666986564299424 0.029850746268656712 0.03166986564299424
21 0.685888738127544 0.5662188099808061 0.031207598371777473 0.030710172744721688
21 0.8337856173677068 0.5666986564299424 0.031207598371777473 0.03166986564299424
103 0.389416553595658 0.7821497120921305 0.027137042062415195 0.06525911708253358
134 0.6105834464043419 0.7821497120921305 0.027137042062415195 0.06717850287907869
103 0.683853459972863 0.7821497120921305 0.027137042062415195 0.06525911708253358
103 0.8310719131614653 0.7821497120921305 0.025780189959294434 0.06525911708253358
134 0.6119402985074627 0.5460652591170825 0.027137042062415195 0.06717850287907869
134 0.5400271370420624 0.54510556621881 0.027137042062415195 0.06717850287907869
134 0.471506105834464 0.5446257197696737 0.036635006784260515 0.060460652591170824
134 0.7672998643147896 0.5446257197696737 0.04477611940298507 0.06429942418426103
134 0.9138398914518316 0.5446257197696737 0.04477611940298507 0.06429942418426103
