12 0.38484848484848483 0.28464285714285714 0.014141414141414142 0.047857142857142855
12 0.3843434343434343 0.7207142857142858 0.01919191919191919 0.047142857142857146
12 0.38484848484848483 0.13892857142857143 0.01818181818181818 0.04642857142857143
12 0.38535353535353534 0.575 0.01919191919191919 0.047142857142857146
12 0.38535353535353534 0.43 0.01919191919191919 0.047142857142857146
14 0.43686868686868685 0.1225 0.013131313131313131 0.009285714285714286
14 0.43686868686868685 0.40035714285714286 0.013131313131313131 0.009285714285714286
14 0.43737373737373736 0.5575 0.014141414141414142 0.010714285714285714
14 0.06616161616161616 0.40035714285714286 0.013131313131313131 0.009285714285714286
14 0.06616161616161616 0.5696428571428571 0.013131313131313131 0.009285714285714286
12 0.7474747474747475 0.28464285714285714 0.01818181818181818 0.047857142857142855
12 0.7474747474747475 0.7203571428571428 0.0202020202020202 0.047857142857142855
12 0.7484848484848485 0.42964285714285716 0.0202020202020202 0.047857142857142855
12 0.748989898989899 0.13892857142857143 0.01919191919191919 0.047857142857142855
12 0.748989898989899 0.575 0.01919191919191919 0.047142857142857146
14 0.8005050505050505 0.425 0.015151515151515152 0.008571428571428572
14 0.8015151515151515 0.5810714285714286 0.013131313131313131 0.009285714285714286
16 0.018686868686868686 0.5628571428571428 0.01919191919191919 0.03142857142857143
108 0.04494949494949495 0.42392857142857143 0.023232323232323233 0.062142857142857146
139 0.04393939393939394 0.13464285714285715 0.025252525252525252 0.06642857142857143
21 0.04292929292929293 0.28535714285714286 0.021212121212121213 0.025
100 0.045454545454545456 0.7210714285714286 0.026262626262626262 0.052142857142857144
140 0.08686868686868687 0.13464285714285715 0.03232323232323232 0.075
103 0.08535353535353535 0.29285714285714287 0.025252525252525252 0.06714285714285714
141 0.1292929292929293 0.13357142857142856 0.03434343434343434 0.08571428571428572
135 0.13333333333333333 0.7135714285714285 0.03434343434343434 0.06428571428571428
134 0.16565656565656567 0.14785714285714285 0.03434343434343434 0.06714285714285714
134 0.1686868686868687 0.2932142857142857 0.028282828282828285 0.06785714285714285
135 0.16767676767676767 0.5807142857142857 0.028282828282828285 0.06285714285714286
138 0.16818181818181818 0.42714285714285716 0.02727272727272727 0.055714285714285716
131 0.1691919191919192 0.7189285714285715 0.02727272727272727 0.055
16 0.1994949494949495 0.40535714285714286 0.01717171717171717 0.030714285714285715
104 0.22373737373737373 0.5810714285714286 0.025252525252525252 0.062142857142857146
21 0.22272727272727272 0.2857142857142857 0.021212121212121213 0.024285714285714285
106 0.22525252525252526 0.43 0.026262626262626262 0.05142857142857143
100 0.22474747474747475 0.7210714285714286 0.025252525252525252 0.052142857142857144
134 0.26262626262626265 0.2925 0.028282828282828285 0.06642857142857143
108 0.30808080808080807 0.42392857142857143 0.028282828282828285 0.06357142857142857
104 0.30656565656565654 0.5807142857142857 0.02727272727272727 0.06285714285714286
105 0.30707070707070705 0.1432142857142857 0.028282828282828285 0.05785714285714286
21 0.30505050505050507 0.2857142857142857 0.0202020202020202 0.024285714285714285
135 0.3111111111111111 0.7132142857142857 0.03434343434343434 0.065
134 0.34545454545454546 0.2932142857142857 0.026262626262626262 0.06928571428571428
131 0.3464646464646465 0.7185714285714285 0.026262626262626262 0.055714285714285716
107 0.41464646464646465 0.4275 0.023232323232323233 0.056428571428571425
105 0.41515151515151516 0.5785714285714286 0.024242424242424242 0.05714285714285714
105 0.41515151515151516 0.1425 0.026262626262626262 0.056428571428571425
21 0.41363636363636364 0.28535714285714286 0.01919191919191919 0.023571428571428573
100 0.41565656565656567 0.7214285714285714 0.02727272727272727 0.05285714285714286
103 0.454040404040404 0.2935714285714286 0.025252525252525252 0.06857142857142857
135 0.4909090909090909 0.7135714285714285 0.030303030303030304 0.06285714285714286
16 0.5005050505050505 0.11642857142857142 0.01919191919191919 0.032857142857142856
134 0.5257575757575758 0.2925 0.029292929292929294 0.06928571428571428
139 0.5252525252525253 0.42392857142857143 0.028282828282828285 0.062142857142857146
136 0.5257575757575758 0.5782142857142857 0.02727272727272727 0.05785714285714286
131 0.5267676767676768 0.7182142857142857 0.025252525252525252 0.056428571428571425
137 0.5252525252525253 0.13892857142857143 0.026262626262626262 0.05071428571428571
138 0.5712121212121212 0.4275 0.025252525252525252 0.056428571428571425
105 0.5696969696969697 0.5771428571428572 0.024242424242424242 0.054285714285714284
21 0.5666666666666667 0.2842857142857143 0.024242424242424242 0.027142857142857142
76 0.5696969696969697 0.14535714285714285 0.028282828282828285 0.06357142857142857
131 0.5707070707070707 0.7207142857142858 0.026262626262626262 0.05142857142857143
16 0.5994949494949495 0.40535714285714286 0.021212121212121213 0.035
137 0.6252525252525253 0.42964285714285716 0.026262626262626262 0.04928571428571429
102 0.6267676767676768 0.2785714285714286 0.02727272727272727 0.06142857142857143
136 0.6686868686868687 0.4307142857142857 0.026262626262626262 0.05142857142857143
105 0.6676767676767676 0.5792857142857143 0.026262626262626262 0.05714285714285714
135 0.6737373737373737 0.7132142857142857 0.03232323232323232 0.06357142857142857
135 0.7090909090909091 0.43214285714285716 0.03232323232323232 0.054285714285714284
133 0.7181818181818181 0.2789285714285714 0.03838383838383838 0.062142857142857146
131 0.7101010101010101 0.7192857142857143 0.026262626262626262 0.05714285714285714
136 0.7808080808080808 0.14607142857142857 0.024242424242424242 0.062142857142857146
103 0.7792929292929293 0.43857142857142856 0.025252525252525252 0.06857142857142857
21 0.7767676767676768 0.2857142857142857 0.0202020202020202 0.024285714285714285
101 0.7803030303030303 0.5725 0.02727272727272727 0.056428571428571425
100 0.7808080808080808 0.7210714285714286 0.026262626262626262 0.052142857142857144
16 0.8111111111111111 0.11535714285714285 0.01818181818181818 0.030714285714285715
103 0.8343434343434344 0.29178571428571426 0.026262626262626262 0.06642857142857143
137 0.8353535353535354 0.14714285714285713 0.028282828282828285 0.06571428571428571
138 0.8777777777777778 0.14392857142857143 0.030303030303030304 0.07214285714285715
135 0.8838383838383839 0.7135714285714285 0.03232323232323232 0.06428571428571428
134 0.9136363636363637 0.1467857142857143 0.03333333333333333 0.06642857142857143
135 0.9186868686868687 0.4357142857142857 0.02727272727272727 0.06285714285714286
134 0.9176767676767676 0.2932142857142857 0.02727272727272727 0.06928571428571428
131 0.9191919191919192 0.7175 0.026262626262626262 0.05357142857142857
132 0.9272727272727272 0.5721428571428572 0.03636363636363636 0.054285714285714284
136 0.9636363636363636 0.43785714285714283 0.026262626262626262 0.06428571428571428
134 0.9646464646464646 0.14642857142857144 0.026262626262626262 0.06428571428571428
100 0.9661616161616161 0.7210714285714286 0.025252525252525252 0.052142857142857144
21 0.9631313131313132 0.2842857142857143 0.025252525252525252 0.027142857142857142
103 0.22373737373737373 0.1475 0.02727272727272727 0.06642857142857143
101 0.9646464646464646 0.5717857142857142 0.024242424242424242 0.055
104 0.044444444444444446 0.5810714285714286 0.024242424242424242 0.062142857142857146
