12 0.1439509954058193 0.19913419913419914 0.021439509954058193 0.07142857142857142
12 0.1439509954058193 0.8198051948051948 0.02450229709035222 0.07467532467532467
12 0.1447166921898928 0.6114718614718615 0.022970903522205207 0.07575757575757576
12 0.1447166921898928 0.4069264069264069 0.022970903522205207 0.07575757575757576
14 0.43644716692189894 0.8095238095238095 0.021439509954058193 0.015151515151515152
12 0.8292496171516079 0.40584415584415584 0.022970903522205207 0.0735930735930736
12 0.8300153139356815 0.2002164502164502 0.021439509954058193 0.07142857142857142
12 0.8292496171516079 0.8181818181818182 0.026033690658499236 0.0735930735930736
12 0.8300153139356815 0.6103896103896104 0.02450229709035222 0.07142857142857142
7 0.2871362940275651 0.17207792207792208 0.07197549770290965 0.08008658008658008
7 0.2856049004594181 0.3847402597402597 0.06891271056661562 0.08333333333333333
7 0.28637059724349156 0.5909090909090909 0.0765696784073507 0.08008658008658008
7 0.28637059724349156 0.8079004329004329 0.07350689127105667 0.08116883116883117
14 0.43568147013782543 0.6190476190476191 0.01990811638591118 0.015151515151515152
14 0.7320061255742726 0.6823593073593074 0.018376722817764167 0.01406926406926407
13 0.7595712098009189 0.7213203463203464 0.09800918836140889 0.027056277056277056
28 0.19678407350689128 0.8181818181818182 0.0781010719754977 0.07575757575757576
26 0.19601837672281777 0.4036796536796537 0.07044410413476264 0.13203463203463203
34 0.19295558958652376 0.19155844155844157 0.07963246554364473 0.09307359307359307
26 0.19372128637059724 0.6093073593073594 0.06891271056661562 0.13636363636363635
75 0.4004594180704441 0.8284632034632035 0.04134762633996937 0.09848484848484848
75 0.4004594180704441 0.2115800865800866 0.03828483920367535 0.09848484848484848
101 0.4012251148545176 0.6060606060606061 0.03981623277182236 0.08441558441558442
161 0.5122511485451762 0.6098484848484849 0.04747320061255743 0.07683982683982683
160 0.5535987748851455 0.6141774891774892 0.03522205206738132 0.08333333333333333
18 0.5742725880551302 0.39285714285714285 0.06125574272588055 0.023809523809523808
134 0.5980091883614089 0.20887445887445888 0.03828483920367535 0.09307359307359307
98 0.5980091883614089 0.6201298701298701 0.04134762633996937 0.09523809523809523
136 0.664624808575804 0.20346320346320346 0.03981623277182236 0.08225108225108226
97 0.7320061255742726 0.6239177489177489 0.042879019908116385 0.10281385281385282
137 0.7304747320061256 0.8187229437229437 0.036753445635528334 0.07467532467532467
139 0.7304747320061256 0.19047619047619047 0.03981623277182236 0.09307359307359307
140 0.7856049004594181 0.18668831168831168 0.05819295558958652 0.10064935064935066
138 0.7848392036753445 0.8138528138528138 0.04747320061255743 0.08441558441558442
56 0.880551301684533 0.18235930735930736 0.06431852986217458 0.10930735930735931
100 0.8744257274119449 0.6114718614718615 0.03981623277182236 0.07575757575757576
54 0.8828483920367535 0.810064935064935 0.056661562021439515 0.09415584415584416
73 0.9609494640122512 0.6071428571428571 0.03828483920367535 0.08441558441558442
