12 0.24733727810650888 0.1104602510460251 0.023668639053254437 0.05690376569037656
12 0.2485207100591716 0.2560669456066945 0.021301775147928994 0.05690376569037656
12 0.3520710059171598 0.8548117154811715 0.020118343195266272 0.05774058577405857
12 0.3520710059171598 0.7092050209205021 0.020118343195266272 0.05439330543933054
12 0.3526627218934911 0.5635983263598326 0.021301775147928994 0.056066945606694556
12 0.5485207100591716 0.2560669456066945 0.020118343195266272 0.05523012552301255
12 0.5485207100591716 0.1100418410041841 0.02485207100591716 0.056066945606694556
12 0.8538461538461538 0.8552301255230125 0.020118343195266272 0.05690376569037656
12 0.8532544378698225 0.1100418410041841 0.023668639053254437 0.056066945606694556
12 0.8532544378698225 0.25564853556485356 0.023668639053254437 0.056066945606694556
12 0.8538461538461538 0.5635983263598326 0.02485207100591716 0.05774058577405857
12 0.8538461538461538 0.708786610878661 0.02485207100591716 0.05523012552301255
138 0.06331360946745562 0.8518828451882845 0.04378698224852071 0.06694560669456066
102 0.06094674556213018 0.24853556485355646 0.03195266272189349 0.07196652719665271
15 0.09230769230769231 0.5577405857740585 0.03076923076923077 0.046025104602510455
134 0.1242603550295858 0.8640167364016735 0.03076923076923077 0.07447698744769873
73 0.12721893491124261 0.706694560669456 0.02958579881656805 0.06443514644351464
76 0.12366863905325444 0.5707112970711297 0.02958579881656805 0.07364016736401673
15 0.16272189349112426 0.24895397489539747 0.027218934911242602 0.04769874476987447
138 0.1881656804733728 0.8564853556485356 0.03076923076923077 0.07615062761506276
138 0.24792899408284025 0.8539748953974895 0.03195266272189349 0.0711297071129707
138 0.30236686390532547 0.8523012552301255 0.04142011834319527 0.06778242677824267
105 0.29940828402366865 0.2585774058577406 0.03076923076923077 0.06694560669456066
47 0.30177514792899407 0.1104602510460251 0.03550295857988166 0.0602510460251046
102 0.36213017751479293 0.24811715481171548 0.03076923076923077 0.0711297071129707
133 0.3899408284023669 0.8648535564853556 0.03195266272189349 0.07615062761506276
77 0.3911242603550296 0.5669456066945606 0.02958579881656805 0.06610878661087866
73 0.3928994082840237 0.7062761506276151 0.03076923076923077 0.06527196652719665
16 0.3970414201183432 0.24811715481171548 0.02485207100591716 0.042677824267782424
103 0.427810650887574 0.26485355648535563 0.02958579881656805 0.07615062761506276
138 0.45443786982248524 0.8573221757322175 0.03076923076923077 0.07615062761506276
98 0.48757396449704143 0.2635983263598326 0.03076923076923077 0.07196652719665271
138 0.5136094674556213 0.8543933054393305 0.03076923076923077 0.07196652719665271
138 0.5674556213017752 0.8531380753138075 0.039053254437869826 0.06778242677824267
16 0.5710059171597633 0.27615062761506276 0.02485207100591716 0.03682008368200836
15 0.5976331360946746 0.7297071129707112 0.02603550295857988 0.04184100418410042
46 0.6053254437869823 0.1108786610878661 0.039053254437869826 0.06276150627615062
99 0.6011834319526628 0.2589958158995816 0.03076923076923077 0.06443514644351464
74 0.6301775147928994 0.5564853556485355 0.03431952662721893 0.07364016736401673
133 0.6278106508875739 0.8623430962343096 0.03195266272189349 0.07280334728033472
72 0.6295857988165681 0.7092050209205021 0.033136094674556214 0.059414225941422594
97 0.6621301775147929 0.2665271966527196 0.039053254437869826 0.08117154811715481
139 0.6923076923076923 0.8502092050209205 0.03076923076923077 0.07698744769874477
17 0.7011834319526628 0.27740585774058574 0.02485207100591716 0.049372384937238493
100 0.7301775147928994 0.2560669456066945 0.033136094674556214 0.0602510460251046
139 0.7502958579881657 0.8468619246861924 0.033136094674556214 0.07196652719665271
17 0.7751479289940828 0.2305439330543933 0.02603550295857988 0.05104602510460251
139 0.8076923076923077 0.8476987447698744 0.036686390532544376 0.07364016736401673
107 0.8029585798816569 0.2518828451882845 0.02958579881656805 0.06527196652719665
103 0.12721893491124261 0.26694560669456063 0.03195266272189349 0.08200836820083682
104 0.19349112426035503 0.2635983263598326 0.02958579881656805 0.07531380753138076
