12 0.1447166921898928 0.2002164502164502 0.022970903522205207 0.0735930735930736
12 0.14624808575803983 0.5898268398268398 0.022970903522205207 0.07142857142857142
12 0.14701378254211334 0.7840909090909091 0.021439509954058193 0.07251082251082251
12 0.14854517611026033 0.3939393939393939 0.02450229709035222 0.07575757575757576
26 0.19525267993874426 0.19967532467532467 0.06891271056661562 0.12445887445887446
128 0.30857580398162326 0.21103896103896103 0.056661562021439515 0.1038961038961039
129 0.40505359877488517 0.20887445887445888 0.04134762633996937 0.09523809523809523
16 0.4678407350689127 0.22510822510822512 0.026033690658499236 0.047619047619047616
130 0.5068912710566615 0.20454545454545456 0.03981623277182236 0.08658008658008658
128 0.6018376722817764 0.21212121212121213 0.045941807044410414 0.10173160173160173
129 0.7105666156202144 0.20887445887445888 0.04900459418070444 0.09523809523809523
130 0.8032159264931088 0.204004329004329 0.04134762633996937 0.0854978354978355
158 0.9081163859111792 0.21212121212121213 0.05206738131699847 0.10173160173160173
159 0.9716692189892803 0.2067099567099567 0.03828483920367535 0.09523809523809523
26 0.19678407350689128 0.3961038961038961 0.06584992343032159 0.12337662337662338
21 0.30398162327718226 0.39231601731601734 0.03215926493108729 0.03354978354978355
135 0.40275650842266464 0.39826839826839827 0.036753445635528334 0.08658008658008658
16 0.4686064318529862 0.3566017316017316 0.02450229709035222 0.048701298701298704
137 0.5038284839203676 0.39826839826839827 0.03981623277182236 0.08441558441558442
135 0.5941807044410413 0.39826839826839827 0.05206738131699847 0.08225108225108226
139 0.7036753445635529 0.387987012987013 0.03522205206738132 0.09848484848484848
135 0.8024502297090352 0.3961038961038961 0.03981623277182236 0.08225108225108226
138 0.9027565084226646 0.39231601731601734 0.03828483920367535 0.09199134199134198
26 0.19295558958652376 0.5909090909090909 0.06738131699846861 0.12554112554112554
18 0.6745788667687596 0.5746753246753247 0.04747320061255743 0.017316017316017316
26 0.19525267993874426 0.7857142857142857 0.06891271056661562 0.12554112554112554
21 0.30474732006125577 0.7824675324675324 0.036753445635528334 0.03463203463203463
132 0.41577335375191427 0.7797619047619048 0.056661562021439515 0.08116883116883117
21 0.5045941807044411 0.783008658008658 0.03215926493108729 0.03354978354978355
132 0.613323124042879 0.7792207792207793 0.056661562021439515 0.08225108225108226
21 0.7036753445635529 0.783008658008658 0.03215926493108729 0.03354978354978355
132 0.8147013782542114 0.7792207792207793 0.05819295558958652 0.08225108225108226
21 0.9035222052067382 0.783008658008658 0.033690658499234305 0.03354978354978355
