12 0.10202020202020202 0.4425 0.01818181818181818 0.047857142857142855
12 0.10252525252525252 0.1325 0.01919191919191919 0.047857142857142855
12 0.10252525252525252 0.5967857142857143 0.01919191919191919 0.047857142857142855
12 0.10252525252525252 0.2875 0.01919191919191919 0.047857142857142855
12 0.10303030303030303 0.7514285714285714 0.01818181818181818 0.04857142857142857
12 0.10353535353535354 0.9060714285714285 0.01919191919191919 0.047857142857142855
12 0.9176767676767676 0.1325 0.01919191919191919 0.047857142857142855
12 0.9181818181818182 0.9060714285714285 0.01818181818181818 0.047857142857142855
12 0.9181818181818182 0.7510714285714286 0.0202020202020202 0.047857142857142855
12 0.9181818181818182 0.28714285714285714 0.0202020202020202 0.047142857142857146
12 0.9186868686868687 0.4421428571428571 0.021212121212121213 0.04857142857142857
12 0.9186868686868687 0.5975 0.021212121212121213 0.04928571428571429
106 0.5383838383838384 0.13214285714285715 0.026262626262626262 0.05
99 0.7323232323232324 0.13535714285714287 0.024242424242424242 0.056428571428571425
99 0.945959595959596 0.29 0.025252525252525252 0.05714285714285714
103 0.9454545454545454 0.44857142857142857 0.024242424242424242 0.06571428571428571
106 0.7323232323232324 0.5957142857142858 0.026262626262626262 0.05
106 0.5383838383838384 0.5967857142857143 0.028282828282828285 0.04928571428571429
104 0.13282828282828282 0.6025 0.02727272727272727 0.062142857142857146
99 0.13232323232323231 0.7546428571428572 0.028282828282828285 0.056428571428571425
96 0.5383838383838384 0.7628571428571429 0.026262626262626262 0.07571428571428572
96 0.7318181818181818 0.7635714285714286 0.029292929292929294 0.07571428571428572
101 0.7313131313131314 0.9171428571428571 0.026262626262626262 0.07285714285714286
104 0.13232323232323231 0.9114285714285715 0.024242424242424242 0.06
166 0.015151515151515152 0.13857142857142857 0.022222222222222223 0.06428571428571428
165 0.13232323232323231 0.1392857142857143 0.026262626262626262 0.06428571428571428
165 0.23030303030303031 0.1392857142857143 0.024242424242424242 0.06428571428571428
165 0.3277777777777778 0.14 0.025252525252525252 0.06428571428571428
166 0.42424242424242425 0.13857142857142857 0.024242424242424242 0.06285714285714286
160 0.014646464646464647 0.2907142857142857 0.025252525252525252 0.06
160 0.13737373737373737 0.29035714285714287 0.03232323232323232 0.056428571428571425
160 0.2308080808080808 0.29 0.025252525252525252 0.055714285714285716
160 0.33181818181818185 0.2832142857142857 0.03737373737373737 0.06928571428571428
163 0.42525252525252527 0.27785714285714286 0.024242424242424242 0.07
162 0.5409090909090909 0.2807142857142857 0.029292929292929294 0.06428571428571428
162 0.6358585858585859 0.2807142857142857 0.025252525252525252 0.06285714285714286
162 0.7388888888888889 0.2810714285714286 0.03737373737373737 0.06357142857142857
162 0.8318181818181818 0.2810714285714286 0.021212121212121213 0.06357142857142857
164 0.2292929292929293 0.4521428571428571 0.026262626262626262 0.07
164 0.32727272727272727 0.455 0.024242424242424242 0.07571428571428572
162 0.42474747474747476 0.45571428571428574 0.029292929292929294 0.08
163 0.5373737373737374 0.4542857142857143 0.024242424242424242 0.07571428571428572
163 0.6353535353535353 0.4542857142857143 0.026262626262626262 0.07428571428571429
163 0.8297979797979798 0.4542857142857143 0.025252525252525252 0.07714285714285714
165 0.947979797979798 0.6114285714285714 0.025252525252525252 0.08142857142857143
160 0.9505050505050505 0.7546428571428572 0.03636363636363636 0.056428571428571425
163 0.952020202020202 0.8996428571428572 0.03333333333333333 0.06357142857142857
190 0.18535353535353535 0.1382142857142857 0.03939393939393939 0.06357142857142857
190 0.3813131313131313 0.13964285714285715 0.03939393939393939 0.065
191 0.4777777777777778 0.1382142857142857 0.03838383838383838 0.06357142857142857
185 0.19343434343434343 0.29 0.02727272727272727 0.05714285714285714
185 0.2904040404040404 0.29 0.023232323232323233 0.05714285714285714
185 0.38737373737373737 0.2814285714285714 0.02727272727272727 0.07428571428571429
188 0.48484848484848486 0.27535714285714286 0.024242424242424242 0.07357142857142857
187 0.5994949494949495 0.2807142857142857 0.025252525252525252 0.06285714285714286
187 0.7934343434343434 0.2810714285714286 0.023232323232323233 0.06357142857142857
188 0.0691919191919192 0.45357142857142857 0.03939393939393939 0.07571428571428572
189 0.18383838383838383 0.4514285714285714 0.0404040404040404 0.07142857142857142
189 0.2828282828282828 0.45107142857142857 0.04242424242424243 0.07071428571428572
189 0.3813131313131313 0.4542857142857143 0.04141414141414142 0.07857142857142857
187 0.4762626262626263 0.4575 0.04141414141414142 0.08071428571428571
22 0.945959595959596 0.135 0.023232323232323233 0.02857142857142857
136 0.01616161616161616 0.5996428571428571 0.028282828282828285 0.05785714285714286
135 0.3277777777777778 0.5992857142857143 0.02727272727272727 0.055714285714285716
136 0.4171717171717172 0.5971428571428572 0.03636363636363636 0.054285714285714284
132 0.022727272727272728 0.7546428571428572 0.03939393939393939 0.056428571428571425
134 0.016666666666666666 0.9132142857142858 0.029292929292929294 0.065
130 0.3303030303030303 0.7539285714285714 0.03232323232323232 0.05785714285714286
131 0.42424242424242425 0.7514285714285714 0.026262626262626262 0.05285714285714286
135 0.32727272727272727 0.9092857142857143 0.026262626262626262 0.05857142857142857
133 0.41919191919191917 0.9125 0.03434343434343434 0.06357142857142857
15 0.5111111111111111 0.29714285714285715 0.0202020202020202 0.04857142857142857
15 0.5095959595959596 0.9167857142857143 0.021212121212121213 0.04928571428571429
17 0.5146464646464647 0.7917857142857143 0.01717171717171717 0.05071428571428571
17 0.5136363636363637 0.44892857142857145 0.015151515151515152 0.05357142857142857
191 0.0696969696969697 0.13857142857142857 0.0404040404040404 0.06285714285714286
190 0.2828282828282828 0.13892857142857143 0.0404040404040404 0.062142857142857146
187 0.8919191919191919 0.2810714285714286 0.024242424242424242 0.062142857142857146
187 0.696969696969697 0.2814285714285714 0.024242424242424242 0.06285714285714286
185 0.07424242424242425 0.28964285714285715 0.02727272727272727 0.05785714285714286
163 0.014141414141414142 0.45357142857142857 0.024242424242424242 0.07428571428571429
164 0.13232323232323231 0.4521428571428571 0.024242424242424242 0.07
188 0.5898989898989899 0.45357142857142857 0.0404040404040404 0.07428571428571429
188 0.6883838383838384 0.4546428571428571 0.03939393939393939 0.07642857142857143
188 0.7858585858585858 0.45285714285714285 0.03838383838383838 0.07428571428571429
188 0.8833333333333333 0.4539285714285714 0.03737373737373737 0.07642857142857143
163 0.7318181818181818 0.4542857142857143 0.025252525252525252 0.07428571428571429
101 0.5368686868686868 0.9171428571428571 0.02727272727272727 0.07285714285714286
