12 0.6286370597243491 0.3430735930735931 0.022970903522205207 0.0735930735930736
12 0.07886676875957122 0.34415584415584416 0.022970903522205207 0.0735930735930736
12 0.30321592649310875 0.34415584415584416 0.02450229709035222 0.07142857142857142
12 0.8537519142419602 0.34415584415584416 0.022970903522205207 0.06926406926406926
14 0.16232771822358347 0.3522727272727273 0.021439509954058193 0.016233766233766232
14 0.711332312404288 0.3522727272727273 0.022970903522205207 0.016233766233766232
12 0.6286370597243491 0.5097402597402597 0.01990811638591118 0.0735930735930736
12 0.07886676875957122 0.5097402597402597 0.01990811638591118 0.07142857142857142
12 0.30245022970903523 0.5097402597402597 0.01990811638591118 0.06926406926406926
12 0.33690658499234305 0.7224025974025974 0.02450229709035222 0.07034632034632035
12 0.5727411944869831 0.7229437229437229 0.021439509954058193 0.06926406926406926
12 0.0995405819295559 0.8890692640692641 0.021439509954058193 0.07034632034632035
12 0.33767228177641656 0.887987012987013 0.026033690658499236 0.06818181818181818
12 0.5727411944869831 0.8890692640692641 0.02450229709035222 0.07034632034632035
74 0.12174578866768761 0.33766233766233766 0.04134762633996937 0.09090909090909091
102 0.23966309341500766 0.33495670995670995 0.03828483920367535 0.08982683982683982
74 0.34762633996937214 0.3354978354978355 0.042879019908116385 0.09090909090909091
19 0.49387442572741197 0.3398268398268398 0.05053598774885146 0.017316017316017316
74 0.6715160796324656 0.3365800865800866 0.04134762633996937 0.09090909090909091
102 0.7886676875957122 0.3344155844155844 0.03981623277182236 0.08874458874458875
76 0.8966309341500766 0.35173160173160173 0.04134762633996937 0.09307359307359307
68 0.12021439509954059 0.5275974025974026 0.0444104134762634 0.11147186147186147
96 0.23813169984686064 0.5254329004329005 0.04134762633996937 0.11147186147186147
103 0.3453292496171516 0.5211038961038961 0.03828483920367535 0.09632034632034632
102 0.4188361408882083 0.5 0.03828483920367535 0.08874458874458875
101 0.49157733537519144 0.5043290043290043 0.03981623277182236 0.08441558441558442
100 0.5635528330781011 0.5097402597402597 0.03981623277182236 0.07575757575757576
68 0.669218989280245 0.527056277056277 0.045941807044410414 0.11255411255411256
96 0.7879019908116386 0.525974025974026 0.04134762633996937 0.11255411255411256
70 0.8973966309341501 0.5178571428571429 0.03981623277182236 0.09848484848484848
70 0.1424196018376723 0.7332251082251082 0.036753445635528334 0.09632034632034632
76 0.25344563552833077 0.7316017316017316 0.04134762633996937 0.09090909090909091
75 0.38131699846860645 0.7332251082251082 0.03981623277182236 0.09632034632034632
74 0.4839203675344564 0.7148268398268398 0.03981623277182236 0.08766233766233766
73 0.6140888208269526 0.7191558441558441 0.042879019908116385 0.08333333333333333
19 0.7932618683001532 0.7191558441558441 0.05206738131699847 0.0183982683982684
99 0.03598774885145482 0.8939393939393939 0.03828483920367535 0.09090909090909091
71 0.14088820826952528 0.8939393939393939 0.042879019908116385 0.08874458874458875
77 0.25344563552833077 0.8917748917748918 0.03828483920367535 0.08441558441558442
76 0.38055130168453294 0.8977272727272727 0.04134762633996937 0.09199134199134198
75 0.4839203675344564 0.8982683982683982 0.03981623277182236 0.09740259740259741
102 0.613323124042879 0.8814935064935064 0.03828483920367535 0.09199134199134198
132 0.6891271056661562 0.8869047619047619 0.045941807044410414 0.07900432900432901
131 0.7388973966309342 0.8885281385281385 0.03828483920367535 0.08008658008658008
130 0.7932618683001532 0.8944805194805194 0.045941807044410414 0.08766233766233766
129 0.8430321592649311 0.8982683982683982 0.04134762633996937 0.09523809523809523
128 0.892802450229709 0.9015151515151515 0.04900459418070444 0.09956709956709957
127 0.944104134762634 0.9069264069264069 0.04134762633996937 0.11471861471861472
