14 0.3645833333333333 0.15101289134438306 0.020833333333333332 0.01289134438305709
12 0.23763020833333331 0.18968692449355434 0.01953125 0.06077348066298343
12 0.23763020833333331 0.3278084714548803 0.022135416666666664 0.06077348066298343
14 0.365234375 0.30386740331491713 0.01953125 0.01289134438305709
12 0.466796875 0.505524861878453 0.01953125 0.06077348066298343
12 0.4680989583333333 0.6537753222836096 0.022135416666666664 0.0570902394106814
12 0.5188802083333333 0.8342541436464088 0.024739583333333332 0.06077348066298343
14 0.80859375 0.8098526703499079 0.015625 0.011970534069981584
12 0.5188802083333333 0.9682320441988951 0.024739583333333332 0.05985267034990792
34 0.021484375 0.5013812154696132 0.04036458333333333 0.07274401473296502
130 0.059244791666666664 0.3485267034990792 0.04296875 0.10957642725598526
130 0.05989583333333333 0.6496316758747698 0.033854166666666664 0.09300184162062615
171 0.083984375 0.8199815837937385 0.04817708333333333 0.09668508287292818
161 0.08723958333333333 0.9677716390423573 0.033854166666666664 0.06445672191528545
162 0.166015625 0.9663904235727441 0.04036458333333333 0.06721915285451198
130 0.20052083333333331 0.6579189686924494 0.033854166666666664 0.07642725598526703
17 0.20247395833333331 0.8024861878453039 0.022135416666666664 0.04880294659300184
28 0.2630208333333333 0.5050644567219154 0.05208333333333333 0.06353591160220995
165 0.2825520833333333 0.9663904235727441 0.03125 0.06537753222836096
17 0.306640625 0.5142725598526704 0.01953125 0.04880294659300184
192 0.328125 0.8347145488029466 0.03645833333333333 0.06906077348066299
168 0.3352864583333333 0.18738489871086556 0.029947916666666664 0.07458563535911603
21 0.33463541666666663 0.6243093922651934 0.03645833333333333 0.034990791896869246
21 0.33463541666666663 0.4755985267034991 0.028645833333333332 0.0285451197053407
167 0.3411458333333333 0.3020257826887661 0.041666666666666664 0.11233885819521179
164 0.36588541666666663 0.5188766114180479 0.033854166666666664 0.09300184162062615
137 0.376953125 0.8365561694290976 0.037760416666666664 0.070902394106814
161 0.37890625 0.9668508287292819 0.03125 0.06629834254143646
134 0.42447916666666663 0.19751381215469613 0.028645833333333332 0.08195211786372007
133 0.42578125 0.3351749539594844 0.028645833333333332 0.08103130755064457
162 0.451171875 0.9668508287292819 0.03255208333333333 0.06629834254143646
133 0.44596354166666663 0.5202578268876612 0.03255208333333333 0.09208103130755065
138 0.48697916666666663 0.18738489871086556 0.0390625 0.07458563535911603
135 0.48893229166666663 0.662523020257827 0.03255208333333333 0.07826887661141806
168 0.5240885416666666 0.5041436464088398 0.029947916666666664 0.07458563535911603
135 0.5436197916666666 0.6629834254143646 0.037760416666666664 0.08287292817679558
103 0.5540364583333333 0.31721915285451197 0.02734375 0.0856353591160221
166 0.5572916666666666 0.507366482504604 0.03125 0.06813996316758748
136 0.5631510416666666 0.8466850828729282 0.029947916666666664 0.09116022099447514
133 0.5807291666666666 0.3360957642725599 0.028645833333333332 0.08103130755064457
192 0.5865885416666666 0.18968692449355434 0.03515625 0.06445672191528545
164 0.6145833333333333 0.6620626151012892 0.03125 0.07918968692449356
166 0.6236979166666666 0.5069060773480664 0.03125 0.06537753222836096
137 0.6256510416666666 0.18968692449355434 0.03255208333333333 0.06629834254143646
133 0.6516927083333333 0.3356353591160221 0.03515625 0.08011049723756906
166 0.6484375 0.6597605893186004 0.03125 0.07458563535911603
169 0.6595052083333333 0.498158379373849 0.029947916666666664 0.07918968692449356
167 0.677734375 0.18968692449355434 0.045572916666666664 0.06445672191528545
168 0.681640625 0.6560773480662984 0.029947916666666664 0.08011049723756906
167 0.6927083333333333 0.5064456721915286 0.03125 0.06629834254143646
161 0.7109375 0.9686924493554329 0.033854166666666664 0.06261510128913444
166 0.7109375 0.6569981583793739 0.03645833333333333 0.070902394106814
167 0.7102864583333333 0.8457642725598526 0.03255208333333333 0.09116022099447514
17 0.703125 0.3434622467771639 0.018229166666666664 0.04972375690607735
169 0.7259114583333333 0.498158379373849 0.03255208333333333 0.07918968692449356
135 0.7604166666666666 0.6629834254143646 0.03125 0.08103130755064457
135 0.818359375 0.662523020257827 0.04036458333333333 0.08011049723756906
166 0.8346354166666666 0.5069060773480664 0.03125 0.06721915285451198
192 0.8424479166666666 0.18968692449355434 0.03645833333333333 0.06445672191528545
136 0.8834635416666666 0.8476058931860038 0.03255208333333333 0.09300184162062615
164 0.8899739583333333 0.6629834254143646 0.029947916666666664 0.08103130755064457
166 0.900390625 0.5078268876611418 0.03255208333333333 0.06906077348066299
130 0.91796875 0.34806629834254144 0.0390625 0.10681399631675875
166 0.9231770833333333 0.6611418047882136 0.03125 0.07734806629834254
168 0.9674479166666666 0.5064456721915286 0.03125 0.06629834254143646
167 0.9856770833333333 0.6583793738489871 0.028645833333333332 0.06813996316758748
137 0.064453125 0.19567219152854512 0.029947916666666664 0.07642725598526703
136 0.1015625 0.19613259668508287 0.03125 0.07734806629834254
136 0.17708333333333331 0.19705340699815838 0.03125 0.07918968692449356
135 0.21158854166666666 0.19797421731123388 0.037760416666666664 0.08103130755064457
136 0.38346354166666663 0.19475138121546962 0.04296875 0.07458563535911603
138 0.5533854166666666 0.18646408839779005 0.03125 0.07274401473296502
137 0.73046875 0.18968692449355434 0.03125 0.06445672191528545
139 0.7734375 0.1832412523020258 0.03125 0.08103130755064457
138 0.8072916666666666 0.18646408839779005 0.028645833333333332 0.07458563535911603
137 0.9205729166666666 0.19567219152854512 0.03125 0.07458563535911603
136 0.9557291666666666 0.19613259668508287 0.03125 0.07734806629834254
135 0.392578125 0.3070902394106814 0.029947916666666664 0.10957642725598526
168 0.064453125 0.4825046040515654 0.03515625 0.11049723756906078
167 0.095703125 0.48296500920810315 0.029947916666666664 0.11141804788213629
168 0.12825520833333331 0.4825046040515654 0.029947916666666664 0.11233885819521179
168 0.591796875 0.5041436464088398 0.029947916666666664 0.07274401473296502
167 0.7643229166666666 0.5059852670349908 0.0390625 0.06537753222836096
168 0.80078125 0.503683241252302 0.03125 0.07550644567219153
168 0.8684895833333333 0.503683241252302 0.03125 0.07550644567219153
169 0.9368489583333333 0.4995395948434623 0.029947916666666664 0.08011049723756906
195 0.16015625 0.8222836095764273 0.0390625 0.08839779005524862
193 0.23307291666666666 0.8314917127071824 0.03125 0.07550644567219153
194 0.2825520833333333 0.8278084714548803 0.03125 0.08287292817679558
192 0.7805989583333333 0.8466850828729282 0.03255208333333333 0.09300184162062615
217 0.8307291666666666 0.8466850828729282 0.049479166666666664 0.09116022099447514
163 0.3352864583333333 0.5211786372007366 0.02734375 0.09576427255985268
168 0.9576822916666666 0.6551565377532229 0.029947916666666664 0.07826887661141806
137 0.21158854166666666 0.48802946593001845 0.053385416666666664 0.10128913443830571
81 0.490234375 0.48066298342541436 0.03515625 0.11602209944751382
