12 0.28101071975497705 0.6028138528138528 0.022970903522205207 0.07142857142857142
12 0.28177641653905056 0.783008658008658 0.02450229709035222 0.07251082251082251
12 0.28254211332312407 0.37987012987012986 0.022970903522205207 0.0735930735930736
12 0.28254211332312407 0.19967532467532467 0.026033690658499236 0.07034632034632035
12 0.8552833078101072 0.19967532467532467 0.022970903522205207 0.07251082251082251
12 0.8552833078101072 0.783008658008658 0.022970903522205207 0.07683982683982683
12 0.8560490045941808 0.6011904761904762 0.021439509954058193 0.07251082251082251
12 0.8560490045941808 0.3804112554112554 0.021439509954058193 0.07683982683982683
14 0.3683001531393568 0.8252164502164502 0.022970903522205207 0.0183982683982684
139 0.0222052067381317 0.1893939393939394 0.03215926493108729 0.09090909090909091
140 0.08499234303215927 0.1856060606060606 0.04747320061255743 0.10281385281385282
141 0.1554364471669219 0.18181818181818182 0.03828483920367535 0.11038961038961038
142 0.46477794793261873 0.17532467532467533 0.04134762633996937 0.12121212121212122
141 0.5275650842266463 0.18181818181818182 0.04747320061255743 0.11255411255411256
140 0.5972434915773354 0.18506493506493507 0.03981623277182236 0.1038961038961039
139 0.658499234303216 0.19047619047619047 0.045941807044410414 0.09307359307359307
109 0.7312404287901991 0.1856060606060606 0.03828483920367535 0.10281385281385282
137 0.021439509954058193 0.3787878787878788 0.036753445635528334 0.07575757575757576
138 0.08116385911179173 0.375 0.04900459418070444 0.0854978354978355
108 0.1554364471669219 0.37012987012987014 0.03522205206738132 0.09523809523809523
139 0.329249617151608 0.3712121212121212 0.036753445635528334 0.09307359307359307
138 0.3973966309341501 0.3760822510822511 0.03828483920367535 0.0854978354978355
137 0.4632465543644717 0.37932900432900435 0.03828483920367535 0.07683982683982683
136 0.5260336906584993 0.3804112554112554 0.04747320061255743 0.07683982683982683
135 0.5972434915773354 0.39015151515151514 0.036753445635528334 0.09848484848484848
134 0.6592649310872895 0.38961038961038963 0.0444104134762634 0.09956709956709957
104 0.7297090352220521 0.3885281385281385 0.03828483920367535 0.09523809523809523
28 0.8108728943338438 0.3782467532467532 0.05972434915773354 0.07467532467532467
133 0.028330781010719758 0.599025974025974 0.04747320061255743 0.08333333333333333
132 0.09035222052067382 0.6011904761904762 0.036753445635528334 0.07900432900432901
131 0.1554364471669219 0.6017316017316018 0.04134762633996937 0.07792207792207792
130 0.2228177641653905 0.6076839826839827 0.04134762633996937 0.08766233766233766
129 0.33537519142419603 0.6109307359307359 0.04900459418070444 0.09415584415584416
128 0.3966309341500766 0.6130952380952381 0.045941807044410414 0.10281385281385282
96 0.4640122511485452 0.6185064935064936 0.042879019908116385 0.11147186147186147
127 0.601071975497703 0.6201298701298701 0.05053598774885146 0.11471861471861472
128 0.6623277182235835 0.6141774891774892 0.04134762633996937 0.10281385281385282
129 0.7312404287901991 0.6098484848484849 0.03828483920367535 0.09632034632034632
130 0.7986217457886677 0.6076839826839827 0.03828483920367535 0.08766233766233766
102 0.02450229709035222 0.7743506493506493 0.036753445635528334 0.08982683982683982
97 0.15773353751914243 0.7938311688311688 0.042879019908116385 0.10281385281385282
70 0.333843797856049 0.7905844155844156 0.03981623277182236 0.09632034632034632
128 0.7343032159264932 0.7943722943722944 0.053598774885145486 0.10173160173160173
129 0.7993874425727412 0.7916666666666666 0.03981623277182236 0.09632034632034632
110 0.3300153139356815 0.1812770562770563 0.03828483920367535 0.11363636363636363
