12 0.392578125 0.7753222836095764 0.024739583333333332 0.058931860036832415
12 0.39322916666666663 0.9116022099447514 0.026041666666666664 0.06077348066298343
12 0.4921875 0.1477900552486188 0.0234375 0.061694290976058934
12 0.49283854166666663 0.28406998158379376 0.024739583333333332 0.05985267034990792
14 0.0625 0.09392265193370167 0.018229166666666664 0.011049723756906077
14 0.81640625 0.5603130755064457 0.020833333333333332 0.01565377532228361
14 0.8170572916666666 0.4097605893186004 0.022135416666666664 0.014732965009208104
17 0.251953125 0.10773480662983426 0.01953125 0.04972375690607735
17 0.7513020833333333 0.16298342541436464 0.018229166666666664 0.04788213627992634
17 0.9596354166666666 0.1459484346224678 0.018229166666666664 0.046961325966850834
16 0.39453125 0.10128913443830571 0.0234375 0.0423572744014733
16 0.68359375 0.13627992633517497 0.026041666666666664 0.0423572744014733
16 0.8951822916666666 0.15607734806629836 0.022135416666666664 0.0432780847145488
16 0.40690104166666663 0.7067219152854513 0.022135416666666664 0.03959484346224678
21 0.3203125 0.2532228360957643 0.028645833333333332 0.029465930018416207
21 0.287109375 0.7467771639042358 0.02734375 0.029465930018416207
21 0.287109375 0.8812154696132597 0.029947916666666664 0.029465930018416207
18 0.5345052083333333 0.24953959484346225 0.037760416666666664 0.020257826887661142
196 0.03645833333333333 0.13259668508287292 0.03645833333333333 0.09760589318600368
195 0.13151041666666666 0.13581952117863721 0.033854166666666664 0.08931860036832413
198 0.17578125 0.1261510128913444 0.033854166666666664 0.11233885819521179
196 0.21614583333333331 0.1339779005524862 0.03125 0.09668508287292818
195 0.322265625 0.13535911602209946 0.03515625 0.08839779005524862
193 0.3587239583333333 0.14410681399631675 0.03255208333333333 0.07274401473296502
194 0.4270833333333333 0.13996316758747698 0.03125 0.07918968692449356
193 0.533203125 0.15285451197053407 0.03255208333333333 0.09208103130755065
190 0.5709635416666666 0.15837937384898712 0.03255208333333333 0.0847145488029466
191 0.609375 0.16022099447513813 0.03125 0.09208103130755065
188 0.6458333333333333 0.1625230202578269 0.041666666666666664 0.09668508287292818
189 0.7213541666666666 0.1339779005524862 0.04427083333333333 0.09116022099447514
187 0.7799479166666666 0.13674033149171272 0.03125 0.0856353591160221
193 0.8971354166666666 0.4576427255985267 0.046875 0.06998158379373849
192 0.8938802083333333 0.597145488029466 0.05078125 0.06353591160220995
221 0.08203125 0.13674033149171272 0.05208333333333333 0.08747697974217311
130 0.142578125 0.2868324125230203 0.053385416666666664 0.070902394106814
143 0.6490885416666666 0.4401473296500921 0.03515625 0.11049723756906078
136 0.95703125 0.4631675874769798 0.028645833333333332 0.06629834254143646
142 0.6516927083333333 0.5787292817679558 0.037760416666666664 0.10220994475138122
136 0.95703125 0.60451197053407 0.03125 0.08195211786372007
142 0.4368489583333333 0.7578268876611418 0.03515625 0.10313075506445672
142 0.5501302083333333 0.7582872928176796 0.053385416666666664 0.10405156537753223
136 0.4375 0.9134438305709024 0.028645833333333332 0.06813996316758748
129 0.17057291666666666 0.9189686924493554 0.033854166666666664 0.08287292817679558
136 0.55078125 0.9139042357274402 0.041666666666666664 0.06906077348066299
136 0.6731770833333333 0.9134438305709024 0.03125 0.06813996316758748
136 0.841796875 0.912523020257827 0.04817708333333333 0.06629834254143646
158 0.033854166666666664 0.2951197053406998 0.033854166666666664 0.08747697974217311
170 0.7903645833333333 0.4498158379373849 0.03645833333333333 0.08747697974217311
169 0.7890625 0.5883977900552486 0.028645833333333332 0.08287292817679558
172 0.6731770833333333 0.757366482504604 0.03645833333333333 0.10220994475138122
174 0.7356770833333333 0.75 0.03645833333333333 0.11878453038674033
173 0.7884114583333333 0.753683241252302 0.04817708333333333 0.11141804788213629
172 0.849609375 0.7569060773480664 0.03515625 0.10313075506445672
171 0.90625 0.7615101289134438 0.033854166666666664 0.09576427255985268
20 0.18815104166666666 0.427255985267035 0.02734375 0.04604051565377532
20 0.18815104166666666 0.5639963167587477 0.024739583333333332 0.046961325966850834
194 0.2766927083333333 0.14134438305709024 0.04036458333333333 0.0837937384898711
192 0.4622395833333333 0.1477900552486188 0.03125 0.06353591160220995
188 0.8209635416666666 0.13766114180478822 0.03255208333333333 0.0837937384898711
186 0.857421875 0.13904235727440148 0.03255208333333333 0.08287292817679558
187 0.9264322916666666 0.16574585635359115 0.03515625 0.10313075506445672
189 0.986328125 0.16160220994475138 0.02734375 0.09668508287292818
170 0.98046875 0.7642725598526704 0.0390625 0.09023941068139964
130 0.18098958333333331 0.7794659300184162 0.0546875 0.07458563535911603
162 0.11002604166666666 0.7946593001841621 0.04296875 0.10128913443830571
164 0.06380208333333333 0.7900552486187845 0.033854166666666664 0.09392265193370167
129 0.015625 0.9111418047882137 0.028645833333333332 0.09484346224677717
17 0.9518229166666666 0.7297421731123389 0.018229166666666664 0.046961325966850834
