12 0.14548238897396631 0.22348484848484848 0.021439509954058193 0.07251082251082251
12 0.14548238897396631 0.7375541125541125 0.02450229709035222 0.07034632034632035
12 0.14548238897396631 0.922077922077922 0.021439509954058193 0.06926406926406926
37 0.19525267993874426 0.23755411255411255 0.06891271056661562 0.10064935064935066
102 0.30321592649310875 0.21266233766233766 0.033690658499234305 0.08116883116883117
21 0.6362940275650842 0.22348484848484848 0.03828483920367535 0.03571428571428571
131 0.7924961715160797 0.22402597402597402 0.05053598774885146 0.07792207792207792
102 0.9303215926493109 0.21699134199134198 0.03215926493108729 0.08982683982683982
26 0.19448698315467075 0.7380952380952381 0.06738131699846861 0.11255411255411256
27 0.19372128637059724 0.922077922077922 0.07503828483920368 0.07575757575757576
161 0.3078101071975498 0.920995670995671 0.04900459418070444 0.08225108225108226
163 0.47013782542113325 0.9188311688311688 0.033690658499234305 0.08441558441558442
131 0.6225114854517612 0.9166666666666666 0.03522205206738132 0.09090909090909091
165 0.7924961715160797 0.9134199134199135 0.02909647779479326 0.09523809523809523
163 0.9502297090352221 0.9393939393939394 0.03215926493108729 0.10822510822510822
