12 0.5626262626262626 0.10535714285714286 0.0202020202020202 0.047857142857142855
12 0.5631313131313131 0.2507142857142857 0.021212121212121213 0.047142857142857146
12 0.5631313131313131 0.3960714285714286 0.021212121212121213 0.04642857142857143
12 0.5631313131313131 0.5414285714285715 0.021212121212121213 0.047142857142857146
12 0.5636363636363636 0.6860714285714286 0.0202020202020202 0.047857142857142855
21 0.797979797979798 0.10607142857142857 0.0202020202020202 0.025
21 0.7994949494949495 0.25107142857142856 0.01919191919191919 0.02642857142857143
21 0.797979797979798 0.39714285714285713 0.0202020202020202 0.024285714285714285
21 0.8005050505050505 0.5428571428571428 0.025252525252525252 0.02857142857142857
21 0.7984848484848485 0.6875 0.023232323232323233 0.02642857142857143
141 0.647979797979798 0.09357142857142857 0.029292929292929294 0.07571428571428572
136 0.6474747474747474 0.25285714285714284 0.026262626262626262 0.055714285714285716
138 0.6464646464646464 0.39321428571428574 0.026262626262626262 0.056428571428571425
139 0.6474747474747474 0.5357142857142857 0.028282828282828285 0.06285714285714286
139 0.9505050505050505 0.5360714285714285 0.024242424242424242 0.06357142857142857
134 0.9505050505050505 0.4032142857142857 0.024242424242424242 0.065
134 0.95 0.25785714285714284 0.025252525252525252 0.06571428571428571
134 0.951010101010101 0.1125 0.02727272727272727 0.06642857142857143
