12 0.16079632465543645 0.15476190476190477 0.02756508422664625 0.0735930735930736
12 0.16156202143950996 0.7721861471861472 0.026033690658499236 0.07034632034632035
12 0.16232771822358347 0.566017316017316 0.02756508422664625 0.07142857142857142
12 0.16232771822358347 0.36038961038961037 0.02756508422664625 0.07142857142857142
14 0.23813169984686064 0.3170995670995671 0.022970903522205207 0.012987012987012988
14 0.3499234303215927 0.31655844155844154 0.01990811638591118 0.01406926406926407
14 0.3499234303215927 0.1634199134199134 0.01990811638591118 0.017316017316017316
14 0.3499234303215927 0.54004329004329 0.022970903522205207 0.017316017316017316
12 0.5865237366003063 0.15584415584415584 0.02450229709035222 0.0735930735930736
12 0.5880551301684533 0.5670995670995671 0.021439509954058193 0.07142857142857142
12 0.5872894333843798 0.7721861471861472 0.026033690658499236 0.07034632034632035
12 0.5872894333843798 0.36093073593073594 0.026033690658499236 0.07251082251082251
14 0.667687595712098 0.5232683982683982 0.018376722817764167 0.01406926406926407
14 0.667687595712098 0.33495670995670995 0.02450229709035222 0.0183982683982684
14 0.23966309341500766 0.1461038961038961 0.016845329249617153 0.015151515151515152
14 0.23889739663093415 0.5395021645021645 0.018376722817764167 0.016233766233766232
14 0.23889739663093415 0.7808441558441559 0.015313935681470138 0.01406926406926407
14 0.6638591117917305 0.7456709956709957 0.016845329249617153 0.015151515151515152
107 0.08575803981623277 0.35714285714285715 0.03981623277182236 0.08658008658008658
104 0.08575803981623277 0.5768398268398268 0.036753445635528334 0.09523809523809523
102 0.08728943338437979 0.7646103896103896 0.036753445635528334 0.09415584415584416
101 0.08575803981623277 0.15205627705627706 0.036753445635528334 0.08333333333333333
106 0.20673813169984687 0.5681818181818182 0.03981623277182236 0.07792207792207792
103 0.20673813169984687 0.16612554112554112 0.03981623277182236 0.09848484848484848
102 0.20750382848392038 0.7640692640692641 0.03828483920367535 0.09307359307359307
105 0.3169984686064319 0.571969696969697 0.03981623277182236 0.0854978354978355
140 0.3177641653905054 0.7591991341991342 0.04747320061255743 0.10497835497835498
107 0.3169984686064319 0.35768398268398266 0.036753445635528334 0.0854978354978355
102 0.3177641653905054 0.1471861471861472 0.03522205206738132 0.09090909090909091
109 0.3790199081163859 0.7608225108225108 0.05053598774885146 0.1038961038961039
107 0.45941807044410415 0.3566017316017316 0.036753445635528334 0.0854978354978355
104 0.45941807044410415 0.5752164502164502 0.03981623277182236 0.09199134199134198
102 0.46018376722817766 0.7640692640692641 0.03828483920367535 0.09523809523809523
101 0.46018376722817766 0.15151515151515152 0.03828483920367535 0.08441558441558442
79 0.6347626339969372 0.5616883116883117 0.04134762633996937 0.08658008658008658
105 0.6309341500765697 0.777056277056277 0.036753445635528334 0.08658008658008658
77 0.6324655436447167 0.3647186147186147 0.03981623277182236 0.08441558441558442
102 0.6316998468606432 0.1471861471861472 0.03828483920367535 0.09307359307359307
74 0.723583460949464 0.1461038961038961 0.03828483920367535 0.09090909090909091
140 0.7595712098009189 0.7597402597402597 0.03981623277182236 0.10173160173160173
109 0.8223583460949464 0.7591991341991342 0.045941807044410414 0.10281385281385282
136 0.9042879019908117 0.5692640692640693 0.03828483920367535 0.08225108225108226
102 0.9065849923430322 0.14826839826839827 0.03981623277182236 0.09307359307359307
134 0.9058192955589587 0.3717532467532468 0.03828483920367535 0.09848484848484848
105 0.9042879019908117 0.777056277056277 0.03828483920367535 0.08658008658008658
137 0.9647779479326187 0.5676406926406926 0.045941807044410414 0.07467532467532467
135 0.9617151607963247 0.37067099567099565 0.04900459418070444 0.09632034632034632
107 0.20520673813169985 0.3566017316017316 0.036753445635528334 0.08333333333333333
34 0.5382848392036753 0.5616883116883117 0.05972434915773354 0.08658008658008658
