12 0.8570544554455446 0.15122377622377622 0.023514851485148515 0.05944055944055944
12 0.017945544554455444 0.15122377622377622 0.02103960396039604 0.057692307692307696
12 0.4405940594059406 0.15166083916083917 0.022277227722772276 0.05856643356643357
14 0.2271039603960396 0.14335664335664336 0.01608910891089109 0.012237762237762238
14 0.07611386138613861 0.14335664335664336 0.01608910891089109 0.01048951048951049
14 0.6460396039603961 0.14423076923076922 0.01485148514851485 0.008741258741258742
14 0.2271039603960396 0.1577797202797203 0.01608910891089109 0.013111888111888112
14 0.07611386138613861 0.15865384615384615 0.01608910891089109 0.011363636363636364
14 0.6460396039603961 0.15821678321678323 0.01485148514851485 0.01048951048951049
14 0.4944306930693069 0.17263986013986013 0.01608910891089109 0.011363636363636364
12 0.017945544554455444 0.2897727272727273 0.023514851485148515 0.06031468531468531
12 0.4405940594059406 0.2902097902097902 0.022277227722772276 0.05944055944055944
12 0.8564356435643564 0.2897727272727273 0.022277227722772276 0.05856643356643357
12 0.017945544554455444 0.458041958041958 0.02103960396039604 0.05944055944055944
12 0.43935643564356436 0.458041958041958 0.022277227722772276 0.057692307692307696
12 0.8558168316831684 0.458041958041958 0.02103960396039604 0.057692307692307696
14 0.07611386138613861 0.46503496503496505 0.01608910891089109 0.01048951048951049
14 0.2264851485148515 0.46503496503496505 0.01485148514851485 0.01048951048951049
14 0.49504950495049505 0.479458041958042 0.01485148514851485 0.011363636363636364
14 0.6448019801980198 0.479458041958042 0.01485148514851485 0.011363636363636364
14 0.4251237623762376 0.6888111888111889 0.01608910891089109 0.012237762237762238
14 0.04146039603960396 0.6892482517482518 0.013613861386138614 0.011363636363636364
12 0.8570544554455446 0.7390734265734266 0.023514851485148515 0.06031468531468531
12 0.3527227722772277 0.7386363636363636 0.022277227722772276 0.057692307692307696
12 0.8564356435643564 0.8780594405594405 0.022277227722772276 0.06031468531468531
12 0.3533415841584158 0.8784965034965035 0.023514851485148515 0.05944055944055944
14 0.49504950495049505 0.14335664335664336 0.01485148514851485 0.012237762237762238
14 0.4962871287128713 0.15821678321678323 0.017326732673267328 0.012237762237762238
14 0.6454207920792079 0.12937062937062938 0.01608910891089109 0.012237762237762238
133 0.05816831683168317 0.28103146853146854 0.034653465346534656 0.07954545454545454
135 0.10643564356435643 0.28103146853146854 0.027227722772277228 0.08129370629370629
133 0.15037128712871287 0.28190559440559443 0.028465346534653466 0.08129370629370629
135 0.20297029702970298 0.28103146853146854 0.027227722772277228 0.08129370629370629
133 0.2524752475247525 0.28146853146853146 0.03712871287128713 0.08041958041958042
135 0.30074257425742573 0.28146853146853146 0.027227722772277228 0.08041958041958042
133 0.3440594059405941 0.28190559440559443 0.027227722772277228 0.08129370629370629
135 0.3972772277227723 0.28059440559440557 0.027227722772277228 0.08041958041958042
131 0.47648514851485146 0.2784090909090909 0.039603960396039604 0.08828671328671328
136 0.5253712871287128 0.27884615384615385 0.028465346534653466 0.08916083916083917
131 0.5686881188118812 0.27753496503496505 0.028465346534653466 0.09003496503496504
136 0.6212871287128713 0.27797202797202797 0.027227722772277228 0.08916083916083917
131 0.6707920792079208 0.27797202797202797 0.039603960396039604 0.08916083916083917
136 0.7202970297029703 0.27884615384615385 0.027227722772277228 0.08916083916083917
131 0.7617574257425742 0.27928321678321677 0.03094059405940594 0.09003496503496504
136 0.8168316831683169 0.27753496503496505 0.027227722772277228 0.09003496503496504
102 0.053217821782178217 0.451486013986014 0.027227722772277228 0.07604895104895106
102 0.20420792079207922 0.451486013986014 0.027227722772277228 0.07604895104895106
102 0.3440594059405941 0.451486013986014 0.027227722772277228 0.07604895104895106
100 0.4727722772277228 0.458041958041958 0.027227722772277228 0.06118881118881119
99 0.6231435643564357 0.4611013986013986 0.028465346534653466 0.06905594405594405
98 0.7629950495049505 0.46416083916083917 0.028465346534653466 0.07692307692307693
81 0.3966584158415842 0.7290209790209791 0.038366336633663366 0.08216783216783216
109 0.75 0.729458041958042 0.0297029702970297 0.08304195804195805
141 0.06373762376237624 0.8649475524475524 0.04331683168316832 0.09353146853146853
138 0.12623762376237624 0.875 0.027227722772277228 0.06993006993006994
141 0.18997524752475248 0.8649475524475524 0.03094059405940594 0.09178321678321678
138 0.24257425742574257 0.8758741258741258 0.027227722772277228 0.06993006993006994
141 0.3025990099009901 0.8645104895104895 0.038366336633663366 0.09090909090909091
138 0.39232673267326734 0.875 0.027227722772277228 0.06993006993006994
141 0.4560643564356436 0.8645104895104895 0.03094059405940594 0.09090909090909091
138 0.5092821782178217 0.8758741258741258 0.02599009900990099 0.06993006993006994
141 0.5693069306930694 0.8649475524475524 0.039603960396039604 0.09178321678321678
138 0.6274752475247525 0.8754370629370629 0.027227722772277228 0.06905594405594405
141 0.6905940594059407 0.8658216783216783 0.0297029702970297 0.09353146853146853
140 0.75 0.868006993006993 0.0297029702970297 0.08391608391608392
143 0.8081683168316832 0.8562062937062938 0.04207920792079208 0.10052447552447552
