12 0.8575803981623278 0.1747835497835498 0.021439509954058193 0.07251082251082251
12 0.8568147013782542 0.36796536796536794 0.022970903522205207 0.07142857142857142
12 0.8560490045941808 0.5633116883116883 0.02450229709035222 0.07034632034632035
12 0.8560490045941808 0.7586580086580087 0.02450229709035222 0.07142857142857142
128 0.03981623277182236 0.18614718614718614 0.0551301684532925 0.10173160173160173
129 0.13476263399693722 0.18398268398268397 0.03981623277182236 0.09523809523809523
16 0.1975497702909648 0.19967532467532467 0.02450229709035222 0.048701298701298704
130 0.23736600306278716 0.1791125541125541 0.03981623277182236 0.0854978354978355
128 0.333843797856049 0.18668831168831168 0.04900459418070444 0.10064935064935066
129 0.4402756508422665 0.18398268398268397 0.05053598774885146 0.09523809523809523
130 0.5344563552833078 0.17965367965367965 0.03981623277182236 0.08658008658008658
158 0.6370597243491578 0.18777056277056278 0.04900459418070444 0.10281385281385282
159 0.7013782542113324 0.1829004329004329 0.036753445635528334 0.09523809523809523
130 0.768759571209801 0.1791125541125541 0.03981623277182236 0.0854978354978355
21 0.033690658499234305 0.36688311688311687 0.030627871362940276 0.032467532467532464
135 0.1324655436447167 0.37283549783549785 0.03828483920367535 0.0854978354978355
16 0.1990811638591118 0.33170995670995673 0.02450229709035222 0.050865800865800864
137 0.2343032159264931 0.37283549783549785 0.03981623277182236 0.08333333333333333
135 0.3238897396630934 0.37283549783549785 0.05053598774885146 0.08333333333333333
139 0.4341500765696784 0.36038961038961037 0.03522205206738132 0.09523809523809523
135 0.5321592649310873 0.36904761904761907 0.03828483920367535 0.08008658008658008
137 0.6339969372128638 0.36904761904761907 0.03981623277182236 0.07792207792207792
138 0.7572741194486984 0.3647186147186147 0.05053598774885146 0.08658008658008658
18 0.4241960183767228 0.5497835497835498 0.045941807044410414 0.017316017316017316
21 0.03598774885145482 0.7575757575757576 0.03522205206738132 0.03463203463203463
132 0.14624808575803983 0.7543290043290043 0.056661562021439515 0.08008658008658008
21 0.2335375191424196 0.7575757575757576 0.03215926493108729 0.03463203463203463
132 0.3437978560490046 0.7543290043290043 0.056661562021439515 0.08008658008658008
21 0.4341500765696784 0.7575757575757576 0.03215926493108729 0.03463203463203463
132 0.5444104134762634 0.7543290043290043 0.056661562021439515 0.08225108225108226
21 0.6332312404287902 0.7570346320346321 0.03215926493108729 0.03354978354978355
132 0.77947932618683 0.7537878787878788 0.0551301684532925 0.08333333333333333
