12 0.1439509954058193 0.2689393939393939 0.018376722817764167 0.07467532467532467
12 0.1439509954058193 0.5535714285714286 0.018376722817764167 0.07467532467532467
12 0.1447166921898928 0.7180735930735931 0.01990811638591118 0.07467532467532467
12 0.1447166921898928 0.10551948051948051 0.01990811638591118 0.07683982683982683
12 0.1447166921898928 0.9329004329004329 0.022970903522205207 0.07575757575757576
12 0.6378254211332313 0.551948051948052 0.026033690658499236 0.07142857142857142
12 0.6378254211332313 0.7186147186147186 0.026033690658499236 0.0735930735930736
12 0.6715160796324656 0.1038961038961039 0.022970903522205207 0.07142857142857142
12 0.6715160796324656 0.2683982683982684 0.026033690658499236 0.07142857142857142
12 0.9862174578866769 0.10335497835497835 0.02450229709035222 0.07034632034632035
12 0.9869831546707504 0.2689393939393939 0.022970903522205207 0.07034632034632035
14 0.5344563552833078 0.2765151515151515 0.021439509954058193 0.01406926406926407
6 0.2787136294027565 0.24296536796536797 0.06431852986217458 0.10064935064935066
6 0.28177641653905056 0.6904761904761905 0.06125574272588055 0.09956709956709957
26 0.20137825421133232 0.2711038961038961 0.08116385911179173 0.16558441558441558
26 0.2006125574272588 0.7202380952380952 0.07963246554364473 0.16558441558441558
29 0.2006125574272588 0.09415584415584416 0.0765696784073507 0.17532467532467533
135 0.3736600306278714 0.7267316017316018 0.036753445635528334 0.09415584415584416
104 0.3751914241960184 0.27813852813852813 0.036753445635528334 0.09307359307359307
103 0.3736600306278714 0.11471861471861472 0.036753445635528334 0.09740259740259741
74 0.3751914241960184 0.9226190476190477 0.03981623277182236 0.09415584415584416
134 0.3790199081163859 0.5405844155844156 0.05053598774885146 0.09632034632034632
134 0.4211332312404288 0.7288961038961039 0.045941807044410414 0.09848484848484848
133 0.42572741194486985 0.5432900432900433 0.036753445635528334 0.09523809523809523
134 0.4464012251148545 0.28084415584415584 0.04134762633996937 0.09848484848484848
133 0.4509954058192956 0.09902597402597403 0.04747320061255743 0.07900432900432901
104 0.4770290964777948 0.7251082251082251 0.03522205206738132 0.09090909090909091
103 0.4770290964777948 0.5622294372294372 0.03828483920367535 0.09848484848484848
132 0.496937212863706 0.1001082251082251 0.03522205206738132 0.07683982683982683
102 0.4961715160796325 0.2602813852813853 0.036753445635528334 0.09199134199134198
74 0.548238897396631 0.7072510822510822 0.042879019908116385 0.09415584415584416
73 0.548238897396631 0.547077922077922 0.03981623277182236 0.08333333333333333
73 0.5535987748851455 0.09848484848484848 0.03828483920367535 0.08441558441558442
15 0.5704441041347627 0.27705627705627706 0.03522205206738132 0.07792207792207792
102 0.6125574272588056 0.2591991341991342 0.036753445635528334 0.09199134199134198
103 0.6807044410413476 0.5627705627705628 0.03828483920367535 0.09740259740259741
135 0.6807044410413476 0.7229437229437229 0.04134762633996937 0.08658008658008658
102 0.7151607963246555 0.09415584415584416 0.03981623277182236 0.09307359307359307
103 0.714395099540582 0.2803030303030303 0.04134762633996937 0.10173160173160173
135 0.7327718223583461 0.7175324675324676 0.03828483920367535 0.07575757575757576
75 0.7848392036753445 0.9431818181818182 0.04134762633996937 0.10281385281385282
139 0.7901990811638592 0.70995670995671 0.036753445635528334 0.09523809523809523
102 0.7856049004594181 0.2597402597402597 0.036753445635528334 0.09307359307359307
101 0.7871362940275651 0.09902597402597403 0.036753445635528334 0.0854978354978355
100 0.7917304747320062 0.551948051948052 0.036753445635528334 0.07575757575757576
139 0.835375191424196 0.70995670995671 0.05053598774885146 0.09523809523809523
103 0.8568147013782542 0.27976190476190477 0.03828483920367535 0.09848484848484848
102 0.8560490045941808 0.09415584415584416 0.036753445635528334 0.09307359307359307
138 0.8943338437978561 0.7137445887445888 0.036753445635528334 0.08333333333333333
99 0.8935681470137826 0.5568181818181818 0.04134762633996937 0.0854978354978355
101 0.9272588055130169 0.09902597402597403 0.03828483920367535 0.08333333333333333
138 0.939509954058193 0.7126623376623377 0.04747320061255743 0.08333333333333333
102 0.9264931087289434 0.2602813852813853 0.036753445635528334 0.09199134199134198
29 0.20137825421133232 0.5438311688311688 0.0781010719754977 0.1764069264069264
29 0.1990811638591118 0.9182900432900433 0.07350689127105667 0.1634199134199134
