12 0.14548238897396631 0.4420995670995671 0.021439509954058193 0.07251082251082251
12 0.1447166921898928 0.0633116883116883 0.026033690658499236 0.07034632034632035
12 0.14548238897396631 0.8192640692640693 0.02450229709035222 0.07142857142857142
14 0.2427258805513017 0.4329004329004329 0.01990811638591118 0.017316017316017316
12 0.8545176110260337 0.44155844155844154 0.02450229709035222 0.06926406926406926
12 0.8552833078101072 0.8181818181818182 0.022970903522205207 0.07142857142857142
12 0.8545176110260337 0.0633116883116883 0.02756508422664625 0.07034632034632035
21 0.05819295558958652 0.8198051948051948 0.042879019908116385 0.03787878787878788
134 0.20597243491577336 0.8311688311688312 0.04134762633996937 0.10173160173160173
75 0.20597243491577336 0.4518398268398268 0.04134762633996937 0.09848484848484848
133 0.21745788667687596 0.05357142857142857 0.06431852986217458 0.09415584415584416
134 0.3231240428790199 0.8300865800865801 0.0551301684532925 0.10173160173160173
21 0.3284839203675345 0.06493506493506493 0.03522205206738132 0.0367965367965368
140 0.4433384379785605 0.05032467532467533 0.04747320061255743 0.09848484848484848
134 0.44104134762634 0.8311688311688312 0.03981623277182236 0.10173160173160173
134 0.5520673813169985 0.8317099567099567 0.04747320061255743 0.10064935064935066
21 0.557427258805513 0.06493506493506493 0.033690658499234305 0.0367965367965368
136 0.6715160796324656 0.8241341991341992 0.03828483920367535 0.0854978354978355
140 0.6707503828483921 0.05194805194805195 0.05206738131699847 0.10173160173160173
134 0.7656967840735069 0.829004329004329 0.045941807044410414 0.09523809523809523
21 0.771822358346095 0.06655844155844155 0.033690658499234305 0.04004329004329004
