12 0.1439509954058193 0.44264069264069267 0.02450229709035222 0.07575757575757576
12 0.1447166921898928 0.06385281385281386 0.022970903522205207 0.07142857142857142
12 0.14624808575803983 0.8208874458874459 0.022970903522205207 0.07467532467532467
12 0.9846860643185299 0.44047619047619047 0.02450229709035222 0.07142857142857142
12 0.9846860643185299 0.06277056277056277 0.02450229709035222 0.07142857142857142
12 0.9854517611026035 0.8192640692640693 0.022970903522205207 0.06926406926406926
27 0.1983154670750383 0.44047619047619047 0.08422664624808576 0.07792207792207792
26 0.20137825421133232 0.8154761904761905 0.07503828483920368 0.13744588744588745
26 0.2006125574272588 0.06493506493506493 0.0765696784073507 0.1277056277056277
135 0.3062787136294028 0.07467532467532467 0.03981623277182236 0.09956709956709957
129 0.3208269525267994 0.829004329004329 0.05972434915773354 0.09523809523809523
100 0.30857580398162326 0.44264069264069267 0.04134762633996937 0.07792207792207792
135 0.44793261868300155 0.07413419913419914 0.05053598774885146 0.09632034632034632
21 0.4525267993874426 0.8214285714285714 0.03522205206738132 0.03463203463203463
134 0.5643185298621746 0.07413419913419914 0.03828483920367535 0.09848484848484848
136 0.5643185298621746 0.8257575757575758 0.03828483920367535 0.08658008658008658
74 0.5673813169984686 0.4329004329004329 0.03828483920367535 0.09307359307359307
135 0.6607963246554365 0.07305194805194805 0.0444104134762634 0.09415584415584416
21 0.6653905053598775 0.8225108225108225 0.03828483920367535 0.03896103896103896
136 0.7940275650842267 0.8235930735930735 0.03828483920367535 0.08441558441558442
102 0.7963246554364471 0.054653679653679656 0.03981623277182236 0.09199134199134198
21 0.8966309341500766 0.823051948051948 0.03522205206738132 0.03571428571428571
