12 0.14494949494949494 0.6864285714285714 0.01919191919191919 0.04857142857142857
12 0.14595959595959596 0.2507142857142857 0.01919191919191919 0.04857142857142857
12 0.14595959595959596 0.10571428571428572 0.01919191919191919 0.04857142857142857
12 0.14595959595959596 0.3967857142857143 0.01919191919191919 0.04928571428571429
12 0.14595959595959596 0.5414285714285715 0.01919191919191919 0.04857142857142857
27 0.17727272727272728 0.6860714285714286 0.047474747474747475 0.05071428571428571
26 0.1782828282828283 0.25035714285714283 0.045454545454545456 0.08928571428571429
26 0.1782828282828283 0.395 0.047474747474747475 0.08714285714285715
29 0.17676767676767677 0.09785714285714285 0.050505050505050504 0.10285714285714286
35 0.17525252525252524 0.5342857142857143 0.05353535353535353 0.06714285714285714
16 0.22121212121212122 0.6925 0.0202020202020202 0.03357142857142857
16 0.22121212121212122 0.09892857142857144 0.01616161616161616 0.030714285714285715
16 0.2222222222222222 0.24464285714285713 0.0202020202020202 0.03214285714285714
16 0.22171717171717173 0.5475 0.01919191919191919 0.03357142857142857
16 0.22272727272727272 0.3896428571428571 0.01919191919191919 0.03357142857142857
56 0.2883838383838384 0.09321428571428571 0.045454545454545456 0.075
54 0.2898989898989899 0.5357142857142857 0.03636363636363636 0.06428571428571428
51 0.2904040404040404 0.25035714285714283 0.03333333333333333 0.05071428571428571
53 0.2898989898989899 0.39321428571428574 0.03232323232323232 0.05785714285714286
