12 0.8564356435643564 0.04632867132867133 0.024752475247524754 0.06118881118881119
14 0.4238861386138614 0.0236013986013986 0.01608910891089109 0.012237762237762238
14 0.04084158415841584 0.024475524475524476 0.012376237623762377 0.01048951048951049
12 0.3527227722772277 0.04895104895104895 0.019801980198019802 0.05244755244755245
12 0.34653465346534656 0.3277972027972028 0.024752475247524754 0.05944055944055944
12 0.8570544554455446 0.326486013986014 0.02103960396039604 0.056818181818181816
14 0.5408415841584159 0.3339160839160839 0.017326732673267328 0.012237762237762238
12 0.3452970297029703 0.46547202797202797 0.022277227722772276 0.06031468531468531
12 0.8564356435643564 0.46547202797202797 0.024752475247524754 0.06031468531468531
12 0.8564356435643564 0.6333041958041958 0.024752475247524754 0.05856643356643357
12 0.3452970297029703 0.6341783216783217 0.022277227722772276 0.05856643356643357
14 0.5414603960396039 0.6700174825174825 0.01608910891089109 0.013111888111888112
14 0.04146039603960396 0.8789335664335665 0.013613861386138614 0.011363636363636364
14 0.42574257425742573 0.8789335664335665 0.01485148514851485 0.011363636363636364
12 0.35396039603960394 0.9143356643356644 0.022277227722772276 0.057692307692307696
12 0.8570544554455446 0.9143356643356644 0.02103960396039604 0.057692307692307696
77 0.3966584158415842 0.048513986013986016 0.03341584158415842 0.06555944055944056
104 0.7493811881188119 0.05332167832167832 0.02599009900990099 0.07517482517482517
103 0.2332920792079208 0.3369755244755245 0.02599009900990099 0.07954545454545454
103 0.3849009900990099 0.33653846153846156 0.027227722772277228 0.08216783216783216
73 0.5136138613861386 0.32473776223776224 0.03712871287128713 0.07080419580419581
137 0.053836633663366336 0.46853146853146854 0.038366336633663366 0.06818181818181818
135 0.11386138613861387 0.46984265734265734 0.027227722772277228 0.06905594405594405
137 0.17945544554455445 0.46853146853146854 0.027227722772277228 0.06643356643356643
135 0.23267326732673269 0.46896853146853146 0.027227722772277228 0.06905594405594405
137 0.2926980198019802 0.46853146853146854 0.038366336633663366 0.06818181818181818
135 0.38366336633663367 0.46940559440559443 0.027227722772277228 0.06818181818181818
137 0.44925742574257427 0.4659090909090909 0.027227722772277228 0.06118881118881119
137 0.5086633663366337 0.46634615384615385 0.027227722772277228 0.06031468531468531
139 0.5693069306930694 0.4597902097902098 0.03712871287128713 0.07517482517482517
137 0.6280940594059407 0.4659090909090909 0.028465346534653466 0.06118881118881119
139 0.6930693069306931 0.4593531468531469 0.0297029702970297 0.07604895104895106
137 0.7475247524752475 0.4659090909090909 0.0297029702970297 0.06118881118881119
139 0.8050742574257426 0.4597902097902098 0.038366336633663366 0.07517482517482517
99 0.23391089108910892 0.6368006993006993 0.027227722772277228 0.06905594405594405
99 0.3842821782178218 0.6372377622377622 0.028465346534653466 0.07342657342657342
79 0.3966584158415842 0.9117132867132867 0.03589108910891089 0.06993006993006994
101 0.7481435643564357 0.9117132867132867 0.028465346534653466 0.06993006993006994
69 0.5136138613861386 0.6442307692307693 0.034653465346534656 0.08216783216783216
