12 0.14518317503392128 0.20009596928982726 0.021709633649932156 0.06429942418426103
12 0.14382632293080053 0.3637236084452975 0.021709633649932156 0.06333973128598848
14 0.45386702849389415 0.5023992322456814 0.020352781546811395 0.012476007677543186
12 0.1445047489823609 0.527831094049904 0.020352781546811395 0.06333973128598848
12 0.14382632293080053 0.7029750479846449 0.024423337856173677 0.06238003838771593
12 0.14382632293080053 0.8680422264875239 0.021709633649932156 0.06621880998080613
14 0.4559023066485753 0.14395393474088292 0.021709633649932156 0.019193857965451054
14 0.4552238805970149 0.30710172744721687 0.020352781546811395 0.013435700575815739
14 0.45454545454545453 0.32245681381957775 0.024423337856173677 0.011516314779270634
14 0.45454545454545453 0.4856046065259117 0.021709633649932156 0.015355086372360844
14 0.4559023066485753 0.645873320537428 0.021709633649932156 0.01727447216890595
14 0.45658073270013566 0.6617082533589251 0.023066485753052916 0.012476007677543186
16 0.2598371777476255 0.1904990403071017 0.028493894165535955 0.05854126679462572
16 0.3731343283582089 0.14251439539347407 0.024423337856173677 0.05662188099808061
55 0.4131614654002713 0.1871401151631478 0.04748982360922659 0.09404990403071017
16 0.2591587516960651 0.354126679462572 0.027137042062415195 0.05758157389635316
26 0.194708276797829 0.5263915547024952 0.06648575305291722 0.13915547024952016
15 0.26390773405698775 0.4923224568138196 0.031207598371777473 0.06717850287907869
17 0.3765264586160108 0.4956813819577735 0.023066485753052916 0.07773512476007677
27 0.2021709633649932 0.7039347408829174 0.08141112618724558 0.07965451055662187
16 0.262550881953867 0.7092130518234164 0.028493894165535955 0.05950095969289827
16 0.37245590230664855 0.6612284069097888 0.023066485753052916 0.061420345489443376
37 0.2028493894165536 0.8742802303262955 0.08005427408412483 0.09213051823416507
16 0.262550881953867 0.8723608445297505 0.028493894165535955 0.05950095969289827
18 0.7157394843962007 0.8550863723608445 0.05834464043419267 0.02111324376199616
26 0.19335142469470826 0.3632437619961612 0.06648575305291722 0.13915547024952016
26 0.19335142469470826 0.2010556621880998 0.06648575305291722 0.13915547024952016
