12 0.1447166921898928 0.19967532467532467 0.022970903522205207 0.07251082251082251
12 0.14548238897396631 0.6006493506493507 0.021439509954058193 0.0735930735930736
12 0.14548238897396631 0.3804112554112554 0.021439509954058193 0.07683982683982683
12 0.14624808575803983 0.7824675324675324 0.01990811638591118 0.07575757575757576
12 0.9716692189892803 0.7819264069264069 0.022970903522205207 0.07467532467532467
12 0.9716692189892803 0.6028138528138528 0.022970903522205207 0.0735930735930736
12 0.9716692189892803 0.37932900432900435 0.022970903522205207 0.07467532467532467
12 0.9724349157733538 0.1985930735930736 0.02450229709035222 0.07251082251082251
8 0.31316998468606433 0.21699134199134198 0.11485451761102604 0.08116883116883117
8 0.3078101071975498 0.36147186147186144 0.110260336906585 0.09090909090909091
8 0.3124042879019908 0.5930735930735931 0.11944869831546708 0.09740259740259741
8 0.3078101071975498 0.7711038961038961 0.1225114854517611 0.09199134199134198
27 0.2006125574272588 0.7797619047619048 0.0765696784073507 0.07467532467532467
33 0.1983154670750383 0.21699134199134198 0.07503828483920368 0.11147186147186147
28 0.1998468606431853 0.37987012987012986 0.07503828483920368 0.07792207792207792
20 0.43721286370597245 0.37716450216450215 0.03828483920367535 0.06385281385281386
106 0.444104134762634 0.6022727272727273 0.03981623277182236 0.07467532467532467
78 0.445635528330781 0.7824675324675324 0.03981623277182236 0.07575757575757576
137 0.4433384379785605 0.19967532467532467 0.03828483920367535 0.07683982683982683
136 0.5091883614088821 0.20183982683982685 0.03828483920367535 0.07900432900432901
17 0.5436447166921899 0.3446969696969697 0.02450229709035222 0.05519480519480519
138 0.5765696784073507 0.5984848484848485 0.03828483920367535 0.08658008658008658
137 0.5773353751914242 0.2012987012987013 0.03981623277182236 0.08008658008658008
107 0.5781010719754978 0.37554112554112556 0.04134762633996937 0.08874458874458875
15 0.6286370597243491 0.19101731601731603 0.03215926493108729 0.05519480519480519
136 0.6607963246554365 0.6017316017316018 0.04747320061255743 0.07575757575757576
15 0.6937212863705973 0.34415584415584416 0.036753445635528334 0.05844155844155844
137 0.7320061255742726 0.7867965367965368 0.036753445635528334 0.08441558441558442
105 0.7312404287901991 0.204004329004329 0.04134762633996937 0.0854978354978355
107 0.7327718223583461 0.37554112554112556 0.03828483920367535 0.08658008658008658
137 0.7350689127105666 0.5817099567099567 0.045941807044410414 0.11363636363636363
135 0.7924961715160797 0.7873376623376623 0.03828483920367535 0.0854978354978355
133 0.7932618683001532 0.5892857142857143 0.042879019908116385 0.09848484848484848
15 0.8223583460949464 0.1812770562770563 0.030627871362940276 0.05735930735930736
136 0.8591117917304748 0.79004329004329 0.03981623277182236 0.09090909090909091
103 0.8598774885145483 0.6141774891774892 0.03828483920367535 0.10281385281385282
102 0.8591117917304748 0.38961038961038963 0.036753445635528334 0.09523809523809523
105 0.8591117917304748 0.2050865800865801 0.036753445635528334 0.08333333333333333
134 0.9142419601837672 0.7911255411255411 0.04900459418070444 0.09523809523809523
135 0.6615620214395099 0.20346320346320346 0.04900459418070444 0.08225108225108226
34 0.2006125574272588 0.5914502164502164 0.07350689127105667 0.09848484848484848
