12 0.1990811638591118 0.41125541125541126 0.02450229709035222 0.0735930735930736
12 0.1983154670750383 0.5909090909090909 0.022970903522205207 0.06926406926406926
133 0.036753445635528334 0.4069264069264069 0.04900459418070444 0.08441558441558442
132 0.12174578866768761 0.40854978354978355 0.03828483920367535 0.08116883116883117
131 0.2656967840735069 0.408008658008658 0.05053598774885146 0.08225108225108226
17 0.3430321592649311 0.4226190476190476 0.02450229709035222 0.06168831168831169
133 0.3782542113323124 0.40313852813852813 0.03981623277182236 0.09632034632034632
135 0.4732006125574273 0.3961038961038961 0.036753445635528334 0.10606060606060606
167 0.6500765696784073 0.4134199134199134 0.03522205206738132 0.08658008658008658
165 0.6998468606431854 0.413961038961039 0.03981623277182236 0.07900432900432901
16 0.7358346094946402 0.38257575757575757 0.026033690658499236 0.048701298701298704
166 0.774885145482389 0.41233766233766234 0.036753445635528334 0.08225108225108226
167 0.8169984686064319 0.4128787878787879 0.04747320061255743 0.07900432900432901
138 0.8698315467075038 0.4069264069264069 0.036753445635528334 0.08658008658008658
137 0.9525267993874426 0.4101731601731602 0.045941807044410414 0.07575757575757576
170 0.02909647779479326 0.5768398268398268 0.036753445635528334 0.10173160173160173
171 0.0781010719754977 0.571969696969697 0.036753445635528334 0.11147186147186147
169 0.12174578866768761 0.5827922077922078 0.03828483920367535 0.09632034632034632
170 0.166156202143951 0.5773809523809523 0.04747320061255743 0.10497835497835498
17 0.22358346094946402 0.5557359307359307 0.02450229709035222 0.06168831168831169
168 0.2572741194486983 0.586038961038961 0.036753445635528334 0.08766233766233766
16 0.2886676875957121 0.5167748917748918 0.026033690658499236 0.050865800865800864
171 0.32695252679938747 0.5725108225108225 0.04134762633996937 0.11255411255411256
170 0.3767228177641654 0.5757575757575758 0.03981623277182236 0.1038961038961039
169 0.4188361408882083 0.5817099567099567 0.04134762633996937 0.09848484848484848
168 0.47090352220520676 0.5854978354978355 0.03522205206738132 0.08658008658008658
169 0.5183767228177641 0.5822510822510822 0.03522205206738132 0.09740259740259741
167 0.55895865237366 0.5903679653679653 0.033690658499234305 0.07900432900432901
168 0.6064318529862175 0.586038961038961 0.045941807044410414 0.08333333333333333
163 0.6516079632465543 0.5979437229437229 0.03522205206738132 0.09415584415584416
169 0.6983154670750383 0.5882034632034632 0.036753445635528334 0.11796536796536797
168 0.7733537519142419 0.5887445887445888 0.036753445635528334 0.09523809523809523
167 0.8177641653905053 0.5925324675324676 0.045941807044410414 0.07683982683982683
168 0.8690658499234304 0.5854978354978355 0.03522205206738132 0.08441558441558442
169 0.9173047473200613 0.5817099567099567 0.036753445635528334 0.09415584415584416
167 0.9586523736600306 0.5892857142857143 0.036753445635528334 0.08116883116883117
166 0.9647779479326187 0.9924242424242424 0.036753445635528334 0.015151515151515152
137 0.5635528330781011 0.39285714285714285 0.036753445635528334 0.11255411255411256
