12 0.2312404287901991 0.4063852813852814 0.021439509954058193 0.07467532467532467
12 0.2312404287901991 0.19913419913419914 0.02450229709035222 0.07142857142857142
12 0.2312404287901991 0.6103896103896104 0.02450229709035222 0.07142857142857142
12 0.2312404287901991 0.8192640692640693 0.02756508422664625 0.0735930735930736
14 0.32465543644716693 0.13906926406926406 0.021439509954058193 0.016233766233766232
12 0.666156202143951 0.19967532467532467 0.02450229709035222 0.07034632034632035
12 0.6669218989280246 0.4069264069264069 0.022970903522205207 0.07142857142857142
12 0.667687595712098 0.8181818181818182 0.02450229709035222 0.07142857142857142
12 0.667687595712098 0.6114718614718615 0.02756508422664625 0.07142857142857142
14 0.5344563552833078 0.15422077922077923 0.018376722817764167 0.01406926406926407
18 0.03139356814701379 0.3933982683982684 0.056661562021439515 0.022727272727272728
100 0.1309341500765697 0.6114718614718615 0.04134762633996937 0.07792207792207792
110 0.2886676875957121 0.1812770562770563 0.0444104134762634 0.11147186147186147
50 0.3009188361408882 0.8192640692640693 0.05053598774885146 0.07575757575757576
102 0.29326186830015316 0.6028138528138528 0.04134762633996937 0.09523809523809523
73 0.3767228177641654 0.6071428571428571 0.042879019908116385 0.08441558441558442
170 0.4073506891271057 0.18614718614718614 0.042879019908116385 0.1038961038961039
18 0.4502297090352221 0.3933982683982684 0.0551301684532925 0.020562770562770564
107 0.4992343032159265 0.1958874458874459 0.036753445635528334 0.08441558441558442
100 0.5788667687595712 0.6114718614718615 0.03981623277182236 0.07575757575757576
137 0.6202143950995406 0.19967532467532467 0.03981623277182236 0.07683982683982683
55 0.7136294027565084 0.18614718614718614 0.0551301684532925 0.1038961038961039
99 0.7067381316998469 0.6168831168831169 0.03828483920367535 0.08441558441558442
55 0.715926493108729 0.8133116883116883 0.056661562021439515 0.08766233766233766
72 0.7970903522205207 0.612012987012987 0.0444104134762634 0.07900432900432901
18 0.8552833078101072 0.39231601731601734 0.04747320061255743 0.024891774891774892
99 0.9655436447166922 0.6163419913419913 0.03828483920367535 0.0854978354978355
169 0.4502297090352221 0.1920995670995671 0.045941807044410414 0.09632034632034632
