12 0.8560490045941808 0.18777056277056278 0.02450229709035222 0.07034632034632035
12 0.8552833078101072 0.3739177489177489 0.022970903522205207 0.07034632034632035
12 0.8560490045941808 0.6060606060606061 0.02450229709035222 0.07142857142857142
12 0.8560490045941808 0.8122294372294372 0.02450229709035222 0.07034632034632035
12 0.8552833078101072 0.9908008658008658 0.022970903522205207 0.0183982683982684
134 0.03139356814701379 0.19967532467532467 0.04747320061255743 0.09848484848484848
129 0.1883614088820827 0.19534632034632035 0.045941807044410414 0.09848484848484848
161 0.2725880551301685 0.18181818181818182 0.036753445635528334 0.09307359307359307
162 0.35987748851454826 0.17694805194805194 0.036753445635528334 0.09632034632034632
164 0.4548238897396631 0.17316017316017315 0.033690658499234305 0.10822510822510822
166 0.5428790199081164 0.18885281385281386 0.03215926493108729 0.07900432900432901
168 0.6271056661562022 0.18398268398268397 0.0444104134762634 0.08225108225108226
139 0.7136294027565084 0.1812770562770563 0.045941807044410414 0.09199134199134198
138 0.02986217457886677 0.6022727272727273 0.04747320061255743 0.08766233766233766
166 0.18300153139356815 0.6158008658008658 0.03215926493108729 0.09956709956709957
135 0.2649310872894334 0.6185064935064936 0.045941807044410414 0.10281385281385282
134 0.3514548238897397 0.6222943722943723 0.0444104134762634 0.10822510822510822
104 0.5421133231240429 0.6158008658008658 0.030627871362940276 0.09740259740259741
136 0.032924961715160794 0.8165584415584416 0.0444104134762634 0.0854978354978355
164 0.1891271056661562 0.803030303030303 0.04134762633996937 0.09523809523809523
163 0.2725880551301685 0.8057359307359307 0.033690658499234305 0.09199134199134198
132 0.35911179173047475 0.8073593073593074 0.03215926493108729 0.08441558441558442
102 0.5436447166921899 0.8035714285714286 0.033690658499234305 0.09199134199134198
