12 0.1439509954058193 0.30735930735930733 0.021439509954058193 0.07575757575757576
12 0.14548238897396631 0.6856060606060606 0.021439509954058193 0.07467532467532467
12 0.9808575803981624 0.3068181818181818 0.022970903522205207 0.07467532467532467
12 0.9808575803981624 0.6856060606060606 0.022970903522205207 0.07251082251082251
31 0.19372128637059724 0.31764069264069267 0.06891271056661562 0.14177489177489178
26 0.19448698315467075 0.685064935064935 0.07350689127105667 0.13203463203463203
138 0.30321592649310875 0.6807359307359307 0.036753445635528334 0.08658008658008658
138 0.4402756508422665 0.6801948051948052 0.05053598774885146 0.08766233766233766
137 0.5612557427258805 0.6845238095238095 0.03828483920367535 0.07683982683982683
138 0.655436447166922 0.6801948051948052 0.05206738131699847 0.0854978354978355
105 0.7917304747320062 0.6883116883116883 0.033690658499234305 0.08658008658008658
