12 0.33663366336633666 0.9138986013986014 0.024752475247524754 0.05856643356643357
12 0.849009900990099 0.9143356643356644 0.022277227722772276 0.057692307692307696
12 0.8459158415841584 0.04589160839160839 0.023514851485148515 0.05856643356643357
12 0.3409653465346535 0.04589160839160839 0.023514851485148515 0.05856643356643357
12 0.3292079207920792 0.32736013986013984 0.024752475247524754 0.05856643356643357
12 0.8366336633663366 0.32954545454545453 0.024752475247524754 0.055944055944055944
14 0.9084158415841584 0.32036713286713286 0.017326732673267328 0.01486013986013986
14 0.5191831683168316 0.32036713286713286 0.01608910891089109 0.013111888111888112
12 0.32673267326732675 0.4659090909090909 0.024752475247524754 0.06118881118881119
12 0.8378712871287128 0.4659090909090909 0.024752475247524754 0.05944055944055944
12 0.327970297029703 0.6337412587412588 0.024752475247524754 0.057692307692307696
12 0.8372524752475248 0.6337412587412588 0.02103960396039604 0.057692307692307696
14 0.9090346534653465 0.6551573426573427 0.01608910891089109 0.011363636363636364
14 0.5191831683168316 0.6547202797202797 0.013613861386138614 0.01048951048951049
14 0.01670792079207921 0.8496503496503497 0.013613861386138614 0.01048951048951049
14 0.4096534653465347 0.8505244755244755 0.01485148514851485 0.012237762237762238
44 0.38923267326732675 0.04632867132867133 0.04331683168316832 0.06468531468531469
20 0.8830445544554456 0.03977272727272727 0.02599009900990099 0.04283216783216783
107 0.21596534653465346 0.32386363636363635 0.02599009900990099 0.06905594405594405
107 0.36695544554455445 0.32386363636363635 0.02599009900990099 0.06905594405594405
76 0.49133663366336633 0.3343531468531469 0.034653465346534656 0.07604895104895106
76 0.879950495049505 0.3339160839160839 0.034653465346534656 0.07517482517482517
138 0.034653465346534656 0.4645979020979021 0.04207920792079208 0.07255244755244755
136 0.09653465346534654 0.46765734265734266 0.027227722772277228 0.06643356643356643
138 0.16150990099009901 0.4637237762237762 0.028465346534653466 0.07255244755244755
136 0.21596534653465346 0.46722027972027974 0.02599009900990099 0.06555944055944056
138 0.27413366336633666 0.46416083916083917 0.038366336633663366 0.07167832167832168
136 0.36757425742574257 0.46678321678321677 0.027227722772277228 0.06468531468531469
138 0.4319306930693069 0.46416083916083917 0.027227722772277228 0.07167832167832168
135 0.48576732673267325 0.46809440559440557 0.02599009900990099 0.06555944055944056
137 0.5457920792079208 0.46722027972027974 0.03712871287128713 0.06381118881118882
135 0.6058168316831684 0.46940559440559443 0.02599009900990099 0.06818181818181818
137 0.6707920792079208 0.46853146853146854 0.027227722772277228 0.06643356643356643
135 0.7246287128712872 0.46940559440559443 0.02599009900990099 0.06818181818181818
137 0.7846534653465347 0.46853146853146854 0.03712871287128713 0.06643356643356643
135 0.8756188118811882 0.46940559440559443 0.02599009900990099 0.06818181818181818
137 0.9399752475247525 0.46940559440559443 0.028465346534653466 0.06818181818181818
103 0.21472772277227722 0.6437937062937062 0.02599009900990099 0.07954545454545454
103 0.36757425742574257 0.6433566433566433 0.027227722772277228 0.08216783216783216
72 0.49257425742574257 0.6346153846153846 0.03712871287128713 0.06293706293706294
72 0.8818069306930694 0.6341783216783217 0.038366336633663366 0.062062937062937064
83 0.38242574257425743 0.8972902097902098 0.03712871287128713 0.09877622377622378
109 0.7351485148514851 0.9047202797202797 0.0297029702970297 0.08216783216783216
109 0.8892326732673267 0.9051573426573427 0.03094059405940594 0.08304195804195805
