14 0.041383989145183174 0.18186180422264875 0.017639077340569877 0.01439539347408829
12 0.598371777476255 0.15882917466410748 0.024423337856173677 0.06429942418426103
14 0.6696065128900949 0.21401151631477927 0.017639077340569877 0.013435700575815739
14 0.04206241519674355 0.7509596928982726 0.018995929443690635 0.01439539347408829
14 0.6702849389416553 0.7504798464491362 0.018995929443690635 0.015355086372360844
100 0.018317503392130258 0.15882917466410748 0.028493894165535955 0.06813819577735125
128 0.24559023066485752 0.16938579654510555 0.05156037991858887 0.0911708253358925
97 0.3134328358208955 0.168426103646833 0.035278154681139755 0.09309021113243762
100 0.46336499321573943 0.15930902111324374 0.031207598371777473 0.0690978886756238
96 0.6424694708276797 0.17370441458733205 0.031207598371777473 0.10556621880998081
131 0.8717774762550882 0.1583493282149712 0.04748982360922659 0.0690978886756238
100 0.9362279511533242 0.1583493282149712 0.032564450474898234 0.06717850287907869
103 0.016282225237449117 0.3982725527831094 0.027137042062415195 0.06525911708253358
103 0.1655359565807327 0.39731285988483683 0.027137042062415195 0.06717850287907869
103 0.31478968792401624 0.39731285988483683 0.027137042062415195 0.06717850287907869
103 0.4620081411126187 0.3977927063339731 0.028493894165535955 0.06621880998080613
103 0.6431478968792401 0.39731285988483683 0.027137042062415195 0.06717850287907869
103 0.7917232021709633 0.39731285988483683 0.025780189959294434 0.06717850287907869
103 0.9362279511533242 0.39731285988483683 0.027137042062415195 0.06525911708253358
21 0.019674355495251015 0.5666986564299424 0.031207598371777473 0.03166986564299424
21 0.316146540027137 0.5666986564299424 0.029850746268656712 0.03166986564299424
21 0.4647218453188602 0.5666986564299424 0.031207598371777473 0.03166986564299424
21 0.6445047489823609 0.5666986564299424 0.029850746268656712 0.03166986564299424
21 0.9382632293080053 0.5666986564299424 0.031207598371777473 0.03166986564299424
103 0.016282225237449117 0.7835892514395393 0.027137042062415195 0.06429942418426103
134 0.24016282225237448 0.7821497120921305 0.027137042062415195 0.06717850287907869
103 0.31478968792401624 0.7826295585412668 0.027137042062415195 0.06621880998080613
103 0.4620081411126187 0.7826295585412668 0.028493894165535955 0.06621880998080613
103 0.6431478968792401 0.7826295585412668 0.027137042062415195 0.06621880998080613
136 0.8636363636363635 0.7835892514395393 0.025780189959294434 0.06621880998080613
103 0.9362279511533242 0.7821497120921305 0.027137042062415195 0.06525911708253358
134 0.09837177747625508 0.54510556621881 0.033921302578018994 0.06333973128598848
134 0.3968792401628222 0.5441458733205374 0.04477611940298507 0.06333973128598848
134 0.5434192672998642 0.54510556621881 0.04477611940298507 0.06333973128598848
134 0.7211668928086838 0.5441458733205374 0.033921302578018994 0.06333973128598848
134 0.8656716417910447 0.5455854126679462 0.027137042062415195 0.06238003838771593
134 0.7924016282225237 0.5446257197696737 0.027137042062415195 0.06238003838771593
134 0.24016282225237448 0.5446257197696737 0.027137042062415195 0.06238003838771593
134 0.1682496607869742 0.5446257197696737 0.027137042062415195 0.06238003838771593
