12 0.14388020833333331 0.14825046040515655 0.01953125 0.06445672191528545
12 0.14322916666666666 0.7757826887661142 0.0234375 0.061694290976058934
12 0.14322916666666666 0.4617863720073665 0.0234375 0.061694290976058934
12 0.14388020833333331 0.9120626151012892 0.022135416666666664 0.06353591160220995
12 0.14453125 0.28314917127071826 0.0234375 0.06353591160220995
12 0.14453125 0.5976058931860037 0.0234375 0.06261510128913444
14 0.8092447916666666 0.10865561694290976 0.01953125 0.011049723756906077
7 0.2669270833333333 0.13858195211786373 0.0625 0.07274401473296502
7 0.2669270833333333 0.28084714548802947 0.05989583333333333 0.06998158379373849
7 0.267578125 0.4521178637200737 0.06380208333333333 0.06998158379373849
7 0.26822916666666663 0.5962246777163904 0.0625 0.07274401473296502
7 0.2669270833333333 0.7674953959484346 0.05989583333333333 0.07274401473296502
7 0.26822916666666663 0.9102209944751382 0.05989583333333333 0.070902394106814
14 0.556640625 0.12384898710865562 0.014322916666666666 0.011970534069981584
28 0.193359375 0.1477900552486188 0.06901041666666666 0.06353591160220995
28 0.193359375 0.4617863720073665 0.07421875 0.06537753222836096
28 0.19401041666666666 0.7771639042357275 0.0703125 0.06813996316758748
27 0.193359375 0.912523020257827 0.06901041666666666 0.06629834254143646
27 0.19401041666666666 0.5976058931860037 0.06770833333333333 0.06629834254143646
27 0.19270833333333331 0.283609576427256 0.06510416666666666 0.06629834254143646
136 0.3645833333333333 0.16114180478821363 0.03125 0.09023941068139964
136 0.6223958333333333 0.16114180478821363 0.03125 0.09023941068139964
138 0.876953125 0.14732965009208104 0.03255208333333333 0.07918968692449356
132 0.37174479166666663 0.5957642725598526 0.04036458333333333 0.06629834254143646
135 0.6236979166666666 0.45349907918968696 0.033854166666666664 0.08195211786372007
136 0.6608072916666666 0.4521178637200737 0.024739583333333332 0.0847145488029466
132 0.5104166666666666 0.5966850828729282 0.03125 0.06813996316758748
132 0.7063802083333333 0.5976058931860037 0.029947916666666664 0.06998158379373849
132 0.8502604166666666 0.5980662983425414 0.03125 0.070902394106814
141 0.37565104166666663 0.7610497237569062 0.03255208333333333 0.09484346224677717
140 0.49283854166666663 0.7647329650092082 0.03255208333333333 0.08747697974217311
139 0.6100260416666666 0.7684162062615102 0.029947916666666664 0.08011049723756906
138 0.72265625 0.7711786372007366 0.041666666666666664 0.070902394106814
131 0.380859375 0.9088397790055249 0.04817708333333333 0.07366482504604052
132 0.4934895833333333 0.9069981583793739 0.03645833333333333 0.07366482504604052
133 0.6100260416666666 0.9056169429097606 0.03255208333333333 0.07826887661141806
133 0.7265625 0.9042357274401474 0.033854166666666664 0.08103130755064457
136 0.8548177083333333 0.8954880294659301 0.045572916666666664 0.09484346224677717
167 0.47721354166666663 0.16068139963167588 0.03255208333333333 0.09116022099447514
169 0.7298177083333333 0.15009208103130756 0.03255208333333333 0.0994475138121547
171 0.982421875 0.13443830570902396 0.03255208333333333 0.10128913443830571
158 0.37109375 0.2941988950276243 0.049479166666666664 0.08747697974217311
160 0.4251302083333333 0.28591160220994477 0.03255208333333333 0.07458563535911603
161 0.4778645833333333 0.2826887661141805 0.03645833333333333 0.06445672191528545
158 0.5279947916666666 0.2946593001841621 0.03515625 0.08839779005524862
160 0.626953125 0.2868324125230203 0.045572916666666664 0.07274401473296502
158 0.6712239583333333 0.2955801104972376 0.037760416666666664 0.08839779005524862
163 0.7317708333333333 0.28314917127071826 0.033854166666666664 0.06721915285451198
158 0.78125 0.2937384898710866 0.03645833333333333 0.09023941068139964
162 0.880859375 0.28406998158379376 0.04296875 0.06537753222836096
158 0.9244791666666666 0.2946593001841621 0.03645833333333333 0.08839779005524862
161 0.9837239583333333 0.28222836095764275 0.03255208333333333 0.06906077348066299
169 0.8470052083333333 0.7693370165745856 0.03255208333333333 0.08011049723756906
171 0.9088541666666666 0.7615101289134438 0.03645833333333333 0.09392265193370167
169 0.95703125 0.7688766114180479 0.041666666666666664 0.08103130755064457
194 0.7825520833333333 0.14917127071823205 0.03645833333333333 0.0994475138121547
219 0.830078125 0.15239410681399632 0.04817708333333333 0.08747697974217311
105 0.36328125 0.466390423572744 0.03125 0.07642725598526703
106 0.7063802083333333 0.4617863720073665 0.03255208333333333 0.06537753222836096
105 0.9856770833333333 0.4677716390423573 0.028645833333333332 0.07734806629834254
192 0.529296875 0.15976058931860038 0.03255208333333333 0.09300184162062615
217 0.57421875 0.16114180478821363 0.049479166666666664 0.09208103130755065
