12 0.4121287128712871 0.08784965034965035 0.024752475247524754 0.05856643356643357
12 0.8570544554455446 0.08784965034965035 0.023514851485148515 0.05856643356643357
12 0.011757425742574257 0.08828671328671328 0.02103960396039604 0.057692307692307696
12 0.011138613861386138 0.2403846153846154 0.019801980198019802 0.05944055944055944
12 0.41150990099009904 0.2403846153846154 0.023514851485148515 0.05944055944055944
12 0.8564356435643564 0.24082167832167833 0.022277227722772276 0.05856643356643357
12 0.8564356435643564 0.6844405594405595 0.022277227722772276 0.057692307692307696
12 0.42264851485148514 0.6844405594405595 0.02103960396039604 0.055944055944055944
12 0.8564356435643564 0.8548951048951049 0.022277227722772276 0.05944055944055944
12 0.42264851485148514 0.8557692307692307 0.023514851485148515 0.05944055944055944
14 0.05816831683168317 0.9584790209790209 0.01485148514851485 0.011363636363636364
141 0.18007425742574257 0.06075174825174825 0.03589108910891089 0.11975524475524475
168 0.5303217821782178 0.09003496503496504 0.02599009900990099 0.07692307692307693
165 0.5959158415841584 0.09047202797202797 0.028465346534653466 0.06905594405594405
168 0.6658415841584159 0.08435314685314685 0.039603960396039604 0.06555944055944056
140 0.7431930693069307 0.0777972027972028 0.038366336633663366 0.08216783216783216
142 0.7419554455445545 0.22377622377622378 0.04579207920792079 0.10314685314685315
18 0.20668316831683167 0.673513986013986 0.04207920792079208 0.016608391608391608
18 0.6398514851485149 0.673513986013986 0.04207920792079208 0.016608391608391608
171 0.035272277227722776 0.8422202797202797 0.03094059405940594 0.09178321678321678
168 0.09653465346534654 0.8522727272727273 0.027227722772277228 0.06993006993006994
166 0.15841584158415842 0.8557692307692307 0.027227722772277228 0.06293706293706294
168 0.23267326732673269 0.8527097902097902 0.027227722772277228 0.06905594405594405
171 0.30383663366336633 0.8409090909090909 0.028465346534653466 0.08916083916083917
168 0.359529702970297 0.8522727272727273 0.038366336633663366 0.06993006993006994
172 0.46472772277227725 0.8452797202797203 0.03094059405940594 0.11188811188811189
168 0.5266089108910891 0.8618881118881119 0.028465346534653466 0.08916083916083917
163 0.5891089108910891 0.8662587412587412 0.027227722772277228 0.08566433566433566
168 0.6528465346534653 0.8653846153846154 0.04084158415841584 0.09615384615384616
170 0.7982673267326733 0.8452797202797203 0.03712871287128713 0.08216783216783216
143 0.5971534653465347 0.23208041958041958 0.03094059405940594 0.12674825174825174
