12 0.8568147013782542 0.18668831168831168 0.022970903522205207 0.07251082251082251
12 0.8560490045941808 0.3658008658008658 0.02450229709035222 0.07142857142857142
12 0.016845329249617153 0.36688311688311687 0.021439509954058193 0.0670995670995671
12 0.8560490045941808 0.7981601731601732 0.02450229709035222 0.07034632034632035
12 0.8552833078101072 0.9702380952380952 0.022970903522205207 0.05735930735930736
12 0.021439509954058193 0.18506493506493507 0.02450229709035222 0.07142857142857142
17 0.043644716692189896 0.1617965367965368 0.022970903522205207 0.05735930735930736
167 0.0781010719754977 0.18722943722943722 0.036753445635528334 0.07792207792207792
170 0.13476263399693722 0.17207792207792208 0.03981623277182236 0.10606060606060606
169 0.18223583460949463 0.17857142857142858 0.036753445635528334 0.09740259740259741
168 0.22664624808575806 0.18344155844155843 0.045941807044410414 0.08333333333333333
167 0.28177641653905056 0.18777056277056278 0.036753445635528334 0.07900432900432901
168 0.33078101071975496 0.1829004329004329 0.03981623277182236 0.08441558441558442
166 0.3751914241960184 0.18614718614718614 0.036753445635528334 0.07792207792207792
167 0.4196018376722818 0.18722943722943722 0.045941807044410414 0.07575757575757576
162 0.4670750382848392 0.20562770562770563 0.033690658499234305 0.11255411255411256
168 0.5145482388973966 0.19696969696969696 0.036753445635528334 0.11471861471861472
168 0.5849923430321593 0.1985930735930736 0.036753445635528334 0.09848484848484848
166 0.6301684532924962 0.19642857142857142 0.04747320061255743 0.09848484848484848
167 0.6845329249617151 0.18668831168831168 0.036753445635528334 0.07683982683982683
168 0.7335375191424196 0.18398268398268397 0.036753445635528334 0.08658008658008658
166 0.777947932618683 0.18614718614718614 0.036753445635528334 0.07792207792207792
167 0.8223583460949464 0.18668831168831168 0.045941807044410414 0.07683982683982683
133 0.0773353751914242 0.37445887445887444 0.04134762633996937 0.09523809523809523
17 0.14931087289433384 0.3587662337662338 0.026033690658499236 0.05952380952380952
133 0.18300153139356815 0.37012987012987014 0.03828483920367535 0.08441558441558442
137 0.28177641653905056 0.3658008658008658 0.036753445635528334 0.07792207792207792
139 0.3683001531393568 0.3582251082251082 0.0444104134762634 0.09307359307359307
169 0.4663093415007657 0.35714285714285715 0.03522205206738132 0.09307359307359307
167 0.5145482388973966 0.3658008658008658 0.036753445635528334 0.07792207792207792
17 0.5520673813169985 0.33170995670995673 0.026033690658499236 0.05952380952380952
168 0.5849923430321593 0.36147186147186144 0.036753445635528334 0.08441558441558442
169 0.6286370597243491 0.35714285714285715 0.04134762633996937 0.09090909090909091
140 0.6860643185298622 0.3522727272727273 0.03981623277182236 0.10281385281385282
139 0.770290964777948 0.35714285714285715 0.04900459418070444 0.09090909090909091
133 0.10719754977029097 0.7949134199134199 0.03981623277182236 0.08333333333333333
103 0.2511485451761103 0.8111471861471862 0.036753445635528334 0.09848484848484848
104 0.5788667687595712 0.8079004329004329 0.036753445635528334 0.09632034632034632
170 0.03828483920367535 0.9572510822510822 0.03981623277182236 0.0854978354978355
168 0.10566615620214395 0.9653679653679653 0.036753445635528334 0.06926406926406926
169 0.17228177641653905 0.9604978354978355 0.04747320061255743 0.07900432900432901
167 0.24961715160796324 0.9696969696969697 0.03981623277182236 0.06060606060606061
173 0.332312404287902 0.941017316017316 0.042879019908116385 0.11796536796536797
17 0.383614088820827 0.9074675324675324 0.022970903522205207 0.05952380952380952
172 0.4203675344563553 0.946969696969697 0.0444104134762634 0.10606060606060606
17 0.47090352220520676 0.9161255411255411 0.022970903522205207 0.05952380952380952
171 0.4992343032159265 0.9523809523809523 0.045941807044410414 0.09523809523809523
172 0.5803981623277182 0.946969696969697 0.045941807044410414 0.10606060606060606
173 0.6546707503828484 0.9420995670995671 0.0444104134762634 0.11580086580086581
171 0.723583460949464 0.9518398268398268 0.04134762633996937 0.09632034632034632
172 0.7940275650842267 0.9475108225108225 0.053598774885145486 0.10497835497835498
