12 0.8567708333333333 0.08977900552486189 0.0234375 0.061694290976058934
12 0.8567708333333333 0.2265193370165746 0.0234375 0.06261510128913444
12 0.5559895833333333 0.4037753222836096 0.0234375 0.061694290976058934
12 0.5559895833333333 0.5395948434622468 0.0234375 0.06077348066298343
14 0.15364583333333331 0.6795580110497238 0.020833333333333332 0.014732965009208104
12 0.51171875 0.7182320441988951 0.0234375 0.058931860036832415
12 0.5110677083333333 0.85451197053407 0.024739583333333332 0.06261510128913444
14 0.15234375 0.8314917127071824 0.018229166666666664 0.014732965009208104
16 0.027994791666666664 0.043738489871086556 0.022135416666666664 0.0432780847145488
169 0.05794270833333333 0.08195211786372007 0.02734375 0.07918968692449356
168 0.11263020833333333 0.0865561694290976 0.04296875 0.0718232044198895
169 0.216796875 0.08241252302025782 0.02734375 0.07826887661141806
168 0.275390625 0.0865561694290976 0.03255208333333333 0.0718232044198895
169 0.328125 0.08241252302025782 0.041666666666666664 0.07826887661141806
169 0.43424479166666663 0.08241252302025782 0.029947916666666664 0.08011049723756906
168 0.490234375 0.0865561694290976 0.03255208333333333 0.07366482504604052
169 0.541015625 0.08287292817679558 0.04036458333333333 0.07918968692449356
16 0.5970052083333333 0.05156537753222836 0.022135416666666664 0.04419889502762431
138 0.6295572916666666 0.08609576427255985 0.03255208333333333 0.07274401473296502
137 0.7421875 0.09023941068139964 0.041666666666666664 0.06445672191528545
17 0.8860677083333333 0.07504604051565378 0.022135416666666664 0.05064456721915286
136 0.9166666666666666 0.09023941068139964 0.03125 0.06629834254143646
133 0.22526041666666666 0.21777163904235727 0.046875 0.08195211786372007
133 0.43424479166666663 0.21869244935543278 0.03255208333333333 0.08195211786372007
132 0.6360677083333333 0.22467771639042358 0.04296875 0.06813996316758748
131 0.7493489583333333 0.22605893186003684 0.03515625 0.06721915285451198
130 0.919921875 0.2302025782688766 0.04296875 0.07366482504604052
171 0.12630208333333331 0.389963167587477 0.046875 0.10036832412523021
111 0.21809895833333331 0.3872007366482505 0.037760416666666664 0.10589318600368325
172 0.6061197916666666 0.38535911602209943 0.037760416666666664 0.10405156537753223
171 0.6881510416666666 0.389963167587477 0.037760416666666664 0.09852670349907919
17 0.7532552083333333 0.35957642725598526 0.022135416666666664 0.05248618784530387
170 0.7825520833333333 0.39410681399631675 0.033854166666666664 0.09023941068139964
169 0.8587239583333333 0.3968692449355433 0.04036458333333333 0.08103130755064457
168 0.9485677083333333 0.40239410681399634 0.03255208333333333 0.07734806629834254
160 0.22395833333333331 0.5285451197053407 0.046875 0.10681399631675875
167 0.30924479166666663 0.5253222836095764 0.037760416666666664 0.09484346224677717
164 0.3860677083333333 0.5239410681399632 0.03515625 0.09760589318600368
17 0.44921875 0.5557090239410681 0.0234375 0.05064456721915286
162 0.4798177083333333 0.5253222836095764 0.03255208333333333 0.09484346224677717
130 0.6100260416666666 0.5441988950276243 0.045572916666666664 0.07366482504604052
130 0.783203125 0.5441988950276243 0.03515625 0.07366482504604052
17 0.9205729166666666 0.5561694290976059 0.0234375 0.04972375690607735
132 0.955078125 0.5400552486187845 0.04036458333333333 0.06537753222836096
168 0.12434895833333333 0.7168508287292817 0.03255208333333333 0.07642725598526703
134 0.2727864583333333 0.7279005524861879 0.03255208333333333 0.0837937384898711
138 0.392578125 0.7154696132596685 0.045572916666666664 0.07550644567219153
168 0.5579427083333333 0.7154696132596685 0.03255208333333333 0.07366482504604052
167 0.6282552083333333 0.7186924493554329 0.04296875 0.06537753222836096
137 0.703125 0.7200736648250461 0.041666666666666664 0.06813996316758748
167 0.8326822916666666 0.7196132596685083 0.02734375 0.06721915285451198
169 0.8977864583333333 0.7113259668508287 0.029947916666666664 0.08011049723756906
168 0.951171875 0.7154696132596685 0.04296875 0.07366482504604052
167 0.12565104166666666 0.858195211786372 0.03255208333333333 0.07366482504604052
133 0.27408854166666663 0.8623388581952118 0.03255208333333333 0.08195211786372007
103 0.55859375 0.8466850828729282 0.03125 0.08195211786372007
133 0.5859375 0.861878453038674 0.028645833333333332 0.08103130755064457
133 0.703125 0.8623388581952118 0.04427083333333333 0.08195211786372007
17 0.8046875 0.8701657458563536 0.0234375 0.05156537753222836
191 0.212890625 0.7237569060773481 0.05078125 0.07550644567219153
190 0.21223958333333331 0.8623388581952118 0.049479166666666664 0.08011049723756906
