12 0.1439509954058193 0.4107142857142857 0.018376722817764167 0.07251082251082251
12 0.14624808575803983 0.5898268398268398 0.01990811638591118 0.06926406926406926
7 0.2856049004594181 0.3912337662337662 0.07197549770290965 0.08333333333333333
7 0.2848392036753446 0.5854978354978355 0.07350689127105667 0.07792207792207792
26 0.19295558958652376 0.4090909090909091 0.06738131699846861 0.13852813852813853
133 0.4012251148545176 0.4226190476190476 0.03981623277182236 0.09632034632034632
16 0.4663093415007657 0.3814935064935065 0.026033690658499236 0.048701298701298704
136 0.5045941807044411 0.42207792207792205 0.04134762633996937 0.09523809523809523
135 0.6286370597243491 0.42045454545454547 0.03522205206738132 0.09632034632034632
134 0.7212863705972435 0.420995670995671 0.04900459418070444 0.09307359307359307
17 0.7932618683001532 0.4199134199134199 0.02450229709035222 0.06060606060606061
163 0.833843797856049 0.39935064935064934 0.0444104134762634 0.09523809523809523
165 0.88208269525268 0.39826839826839827 0.036753445635528334 0.09523809523809523
164 0.9326186830015314 0.3998917748917749 0.03981623277182236 0.09848484848484848
163 0.9800918836140888 0.39935064935064934 0.036753445635528334 0.09523809523809523
27 0.19295558958652376 0.5887445887445888 0.07350689127105667 0.07792207792207792
166 0.4004594180704441 0.5909090909090909 0.03828483920367535 0.08008658008658008
172 0.5053598774885145 0.5670995670995671 0.042879019908116385 0.11688311688311688
16 0.5428790199081164 0.5162337662337663 0.026033690658499236 0.049783549783549784
171 0.5750382848392037 0.5725108225108225 0.04747320061255743 0.11038961038961038
172 0.6309341500765697 0.5676406926406926 0.042879019908116385 0.12012987012987013
173 0.6784073506891272 0.5633116883116883 0.042879019908116385 0.12878787878787878
171 0.7281776416539051 0.5714285714285714 0.04134762633996937 0.11255411255411256
170 0.827718223583461 0.577922077922078 0.03828483920367535 0.10173160173160173
173 0.8797856049004594 0.5633116883116883 0.0444104134762634 0.13095238095238096
172 0.9318529862174579 0.5687229437229437 0.0444104134762634 0.12012987012987013
171 0.9770290964777948 0.571969696969697 0.042879019908116385 0.11580086580086581
173 0.4532924961715161 0.5638528138528138 0.045941807044410414 0.12987012987012986
172 0.774885145482389 0.5676406926406926 0.05206738131699847 0.12229437229437229
