14 0.31126237623762376 0.6306818181818182 0.013613861386138614 0.013111888111888112
12 0.42264851485148514 0.027097902097902096 0.02599009900990099 0.05244755244755245
12 0.5563118811881188 0.7897727272727273 0.02103960396039604 0.05856643356643357
12 0.5563118811881188 0.46678321678321677 0.02103960396039604 0.05944055944055944
12 0.5563118811881188 0.6376748251748252 0.023514851485148515 0.05856643356643357
14 0.6460396039603961 0.7972027972027972 0.01485148514851485 0.012237762237762238
14 0.6454207920792079 0.8557692307692307 0.018564356435643563 0.01048951048951049
14 0.6472772277227723 0.6293706293706294 0.01485148514851485 0.012237762237762238
12 0.8570544554455446 0.027097902097902096 0.023514851485148515 0.05244755244755245
12 0.08415841584158416 0.46634615384615385 0.022277227722772276 0.05856643356643357
12 0.08477722772277228 0.6381118881118881 0.023514851485148515 0.057692307692307696
12 0.08477722772277228 0.7893356643356644 0.02599009900990099 0.05944055944055944
14 0.3100247524752475 0.5861013986013986 0.013613861386138614 0.007867132867132868
14 0.6472772277227723 0.5865384615384616 0.012376237623762377 0.01048951048951049
14 0.6472772277227723 0.6009615384615384 0.012376237623762377 0.009615384615384616
14 0.6472772277227723 0.6149475524475524 0.012376237623762377 0.009615384615384616
11 0.8459158415841584 0.6376748251748252 0.03341584158415842 0.06031468531468531
11 0.8459158415841584 0.7897727272727273 0.03341584158415842 0.062062937062937064
11 0.8477722772277227 0.46678321678321677 0.03217821782178218 0.06118881118881119
18 0.31745049504950495 0.4554195804195804 0.04579207920792079 0.017482517482517484
18 0.6986386138613861 0.4571678321678322 0.055693069306930694 0.02097902097902098
