7 0.2669270833333333 0.18186003683241253 0.05989583333333333 0.07274401473296502
12 0.14388020833333331 0.18968692449355434 0.01953125 0.06261510128913444
7 0.2669270833333333 0.32642725598526706 0.057291666666666664 0.070902394106814
14 0.509765625 0.30386740331491713 0.016927083333333332 0.01289134438305709
12 0.14453125 0.32826887661141807 0.020833333333333332 0.05985267034990792
7 0.2649739583333333 0.49677716390423576 0.053385416666666664 0.07274401473296502
12 0.14322916666666666 0.5064456721915286 0.020833333333333332 0.06077348066298343
7 0.2669270833333333 0.6523941068139963 0.057291666666666664 0.070902394106814
12 0.14453125 0.6556169429097606 0.020833333333333332 0.06077348066298343
14 0.6927083333333333 0.6468692449355433 0.018229166666666664 0.013812154696132598
12 0.14388020833333331 0.8342541436464088 0.01953125 0.06077348066298343
7 0.26822916666666663 0.9650092081031308 0.057291666666666664 0.06629834254143646
12 0.14518229166666666 0.9682320441988951 0.022135416666666664 0.05985267034990792
7 0.26822916666666663 0.824585635359116 0.0625 0.070902394106814
14 0.509765625 0.1496316758747698 0.016927083333333332 0.013812154696132598
28 0.19205729166666666 0.1901473296500921 0.06901041666666666 0.06353591160220995
168 0.4798177083333333 0.18784530386740333 0.03255208333333333 0.07550644567219153
134 0.5709635416666666 0.19797421731123388 0.03255208333333333 0.08103130755064457
138 0.62890625 0.1869244935543278 0.04427083333333333 0.07550644567219153
192 0.7311197916666666 0.1892265193370166 0.037760416666666664 0.06353591160220995
137 0.76953125 0.1892265193370166 0.033854166666666664 0.06721915285451198
167 0.8216145833333333 0.1901473296500921 0.049479166666666664 0.06537753222836096
192 0.875 0.1901473296500921 0.03125 0.06537753222836096
169 0.9166666666666666 0.18232044198895028 0.03125 0.07918968692449356
27 0.189453125 0.3278084714548803 0.06640625 0.06629834254143646
167 0.4837239583333333 0.3024861878453039 0.037760416666666664 0.11141804788213629
190 0.537109375 0.3052486187845304 0.03255208333333333 0.11141804788213629
133 0.5709635416666666 0.3365561694290976 0.03255208333333333 0.0837937384898711
103 0.6979166666666666 0.32136279926335176 0.03125 0.0865561694290976
133 0.724609375 0.3314917127071823 0.029947916666666664 0.09208103130755065
133 0.79296875 0.3351749539594844 0.04427083333333333 0.08287292817679558
17 0.8463541666666666 0.3434622467771639 0.0234375 0.05156537753222836
28 0.19205729166666666 0.505524861878453 0.06901041666666666 0.06445672191528545
190 0.3984375 0.5124309392265194 0.03125 0.07642725598526703
190 0.4309895833333333 0.5128913443830571 0.03125 0.07734806629834254
191 0.4609375 0.5128913443830571 0.033854166666666664 0.07918968692449356
192 0.498046875 0.505524861878453 0.029947916666666664 0.06445672191528545
194 0.564453125 0.4995395948434623 0.029947916666666664 0.07826887661141806
17 0.595703125 0.4594843462246777 0.022135416666666664 0.04972375690607735
195 0.619140625 0.4953959484346225 0.037760416666666664 0.0865561694290976
196 0.8255208333333333 0.49263351749539597 0.03125 0.0994475138121547
191 0.890625 0.5142725598526704 0.03125 0.08195211786372007
189 0.9225260416666666 0.5197974217311234 0.03515625 0.09300184162062615
131 0.96484375 0.5050644567219154 0.049479166666666664 0.06353591160220995
27 0.189453125 0.6551565377532229 0.06640625 0.06537753222836096
190 0.3684895833333333 0.6335174953959485 0.03645833333333333 0.10681399631675875
188 0.3977864583333333 0.6348987108655617 0.03255208333333333 0.10589318600368325
187 0.4309895833333333 0.6372007366482505 0.03125 0.10313075506445672
188 0.4641927083333333 0.6390423572744015 0.029947916666666664 0.0994475138121547
189 0.49869791666666663 0.6675874769797422 0.03125 0.09023941068139964
190 0.5325520833333333 0.6671270718232044 0.03125 0.09116022099447514
191 0.5657552083333333 0.6675874769797422 0.03515625 0.09392265193370167
189 0.6197916666666666 0.6685082872928177 0.0390625 0.09208103130755065
135 0.6640625 0.6652854511970534 0.03125 0.08747697974217311
15 0.8580729166666666 0.639963167587477 0.028645833333333332 0.04788213627992634
166 0.8815104166666666 0.6629834254143646 0.046875 0.08287292817679558
137 0.95703125 0.6385819521178637 0.03645833333333333 0.09852670349907919
28 0.19205729166666666 0.8337937384898712 0.06901041666666666 0.06537753222836096
170 0.36393229166666663 0.8232044198895028 0.03515625 0.0865561694290976
17 0.41796875 0.7955801104972376 0.020833333333333332 0.04972375690607735
139 0.447265625 0.8264272559852671 0.03255208333333333 0.08195211786372007
16 0.5325520833333333 0.7868324125230203 0.0234375 0.0432780847145488
139 0.5638020833333333 0.8264272559852671 0.03125 0.08195211786372007
138 0.681640625 0.8305709023941068 0.03255208333333333 0.07550644567219153
16 0.7669270833333333 0.7955801104972376 0.0234375 0.04419889502762431
168 0.7897135416666666 0.8305709023941068 0.04817708333333333 0.07366482504604052
167 0.87109375 0.8360957642725599 0.033854166666666664 0.0718232044198895
165 0.9381510416666666 0.8351749539594844 0.03515625 0.06998158379373849
27 0.189453125 0.9677716390423573 0.06640625 0.06261510128913444
133 0.3704427083333333 0.9604051565377533 0.045572916666666664 0.07918968692449356
134 0.5071614583333333 0.9604051565377533 0.03255208333333333 0.07918968692449356
135 0.623046875 0.960865561694291 0.03255208333333333 0.07826887661141806
17 0.7109375 0.9838858195211787 0.0234375 0.03222836095764273
131 0.7408854166666666 0.9599447513812155 0.03125 0.08011049723756906
16 0.8385416666666666 0.9811233885819521 0.026041666666666664 0.037753222836095765
131 0.876953125 0.9682320441988951 0.04296875 0.06353591160220995
191 0.5260416666666666 0.19475138121546962 0.049479166666666664 0.07458563535911603
193 0.6966145833333333 0.1860036832412523 0.026041666666666664 0.0718232044198895
193 0.951171875 0.1860036832412523 0.029947916666666664 0.0718232044198895
192 0.9850260416666666 0.1901473296500921 0.029947916666666664 0.06353591160220995
193 0.3645833333333333 0.5082872928176796 0.028645833333333332 0.08287292817679558
193 0.5319010416666666 0.5027624309392266 0.029947916666666664 0.0718232044198895
196 0.6647135416666666 0.4903314917127072 0.03515625 0.09484346224677717
197 0.7024739583333333 0.48710865561694294 0.04036458333333333 0.10313075506445672
198 0.7434895833333333 0.4834254143646409 0.0390625 0.11049723756906078
197 0.7845052083333333 0.48710865561694294 0.04036458333333333 0.10313075506445672
193 0.85546875 0.507366482504604 0.03125 0.08287292817679558
