12 0.1990811638591118 0.35984848484848486 0.05819295558958652 0.022727272727272728
12 0.033690658499234305 0.41125541125541126 0.021439509954058193 0.0735930735930736
12 0.8568147013782542 0.4107142857142857 0.022970903522205207 0.07251082251082251
12 0.03445635528330781 0.5882034632034632 0.022970903522205207 0.07034632034632035
12 0.8560490045941808 0.5892857142857143 0.02450229709035222 0.07034632034632035
16 0.06278713629402757 0.38257575757575757 0.02450229709035222 0.048701298701298704
166 0.1003062787136294 0.4107142857142857 0.03522205206738132 0.07900432900432901
167 0.14777947932618685 0.41233766233766234 0.03522205206738132 0.07792207792207792
166 0.19678407350689128 0.41233766233766234 0.03828483920367535 0.08008658008658008
165 0.26033690658499237 0.4128787878787879 0.04900459418070444 0.07900432900432901
166 0.31393568147013784 0.41233766233766234 0.036753445635528334 0.08441558441558442
167 0.35987748851454826 0.41179653679653677 0.036753445635528334 0.0854978354978355
165 0.40352220520673815 0.4128787878787879 0.03828483920367535 0.08116883116883117
166 0.44716692189892804 0.41125541125541126 0.045941807044410414 0.08225108225108226
164 0.49310872894333846 0.4199134199134199 0.036753445635528334 0.09523809523809523
170 0.5490045941807045 0.4025974025974026 0.04134762633996937 0.11688311688311688
169 0.5941807044410413 0.4053030303030303 0.036753445635528334 0.10714285714285714
168 0.6378254211332313 0.408008658008658 0.04747320061255743 0.08441558441558442
169 0.6891271056661562 0.4025974025974026 0.036753445635528334 0.09956709956709957
170 0.7404287901990811 0.3977272727272727 0.04134762633996937 0.10281385281385282
168 0.77947932618683 0.4069264069264069 0.036753445635528334 0.08874458874458875
169 0.82312404287902 0.4015151515151515 0.0444104134762634 0.09956709956709957
139 0.0987748851454824 0.591991341991342 0.03522205206738132 0.11688311688311688
162 0.1975497702909648 0.6103896103896104 0.03981623277182236 0.11688311688311688
17 0.2320061255742726 0.6174242424242424 0.022970903522205207 0.05735930735930736
132 0.3223583460949464 0.5865800865800865 0.04747320061255743 0.07792207792207792
133 0.40352220520673815 0.5871212121212122 0.03828483920367535 0.08333333333333333
16 0.4555895865237366 0.5784632034632035 0.026033690658499236 0.050865800865800864
103 0.4946401225114855 0.6022727272727273 0.036753445635528334 0.09632034632034632
104 0.6914241960183768 0.5979437229437229 0.04134762633996937 0.09199134199134198
161 0.2626339969372129 0.6168831168831169 0.0444104134762634 0.13203463203463203
