14 0.17639077340569875 0.6976967370441458 0.021709633649932156 0.01727447216890595
12 0.6818181818181818 0.3109404990403071 0.023066485753052916 0.06333973128598848
12 0.6831750339213025 0.5038387715930902 0.025780189959294434 0.06333973128598848
12 0.683853459972863 0.673704414587332 0.024423337856173677 0.06525911708253358
12 0.10990502035278153 0.3109404990403071 0.021709633649932156 0.06333973128598848
12 0.10990502035278153 0.673704414587332 0.024423337856173677 0.06333973128598848
12 0.10990502035278153 0.5033589251439539 0.024423337856173677 0.06429942418426103
14 0.7516960651289009 0.5263915547024952 0.016282225237449117 0.01055662188099808
14 0.7530529172320216 0.5422264875239923 0.018995929443690635 0.011516314779270634
18 0.39552238805970147 0.29846449136276393 0.04477611940298507 0.01727447216890595
18 0.9762550881953866 0.29846449136276393 0.04206241519674355 0.01727447216890595
100 0.15332428765264586 0.6741842610364683 0.029850746268656712 0.06813819577735125
100 0.5590230664857531 0.6746641074856046 0.032564450474898234 0.0690978886756238
96 0.7265943012211669 0.6880998080614203 0.031207598371777473 0.09788867562380038
131 0.8629579375848032 0.6741842610364683 0.04341926729986431 0.06813819577735125
130 0.9328358208955223 0.6780230326295585 0.031207598371777473 0.07581573896353166
18 0.39620081411126185 0.8963531669865643 0.04341926729986431 0.02111324376199616
18 0.9762550881953866 0.8949136276391554 0.04206241519674355 0.018234165067178502
93 0.43080054274084123 0.7010556621880998 0.03934871099050203 0.1218809980806142
124 0.3602442333785617 0.7010556621880998 0.04477611940298507 0.1218809980806142
