12 0.14624808575803983 0.2261904761904762 0.022970903522205207 0.0735930735930736
12 0.14624808575803983 0.4053030303030303 0.01990811638591118 0.07683982683982683
12 0.14624808575803983 0.6277056277056277 0.022970903522205207 0.0735930735930736
12 0.14701378254211334 0.8073593073593074 0.018376722817764167 0.0735930735930736
14 0.48085758039816234 0.8333333333333334 0.021439509954058193 0.015151515151515152
8 0.3108728943338438 0.24458874458874458 0.11638591117917305 0.09307359307359307
8 0.3108728943338438 0.3869047619047619 0.11638591117917305 0.0854978354978355
8 0.3093415007656968 0.6195887445887446 0.11332312404287903 0.10064935064935066
8 0.3108728943338438 0.7987012987012987 0.11944869831546708 0.09090909090909091
33 0.1983154670750383 0.24296536796536797 0.07197549770290965 0.10714285714285714
28 0.2006125574272588 0.4053030303030303 0.0765696784073507 0.07900432900432901
108 0.444104134762634 0.3961038961038961 0.033690658499234305 0.09307359307359307
138 0.5842266462480857 0.400974025974026 0.03828483920367535 0.0854978354978355
137 0.6493108728943339 0.40476190476190477 0.045941807044410414 0.07575757575757576
136 0.7243491577335376 0.4053030303030303 0.036753445635528334 0.07900432900432901
137 0.7940275650842267 0.4063852813852814 0.03828483920367535 0.08116883116883117
136 0.8644716692189893 0.40854978354978355 0.03522205206738132 0.0854978354978355
17 0.9127105666156202 0.39664502164502163 0.02450229709035222 0.05952380952380952
135 0.942572741194487 0.4090909090909091 0.0444104134762634 0.08441558441558442
34 0.2006125574272588 0.6190476190476191 0.07350689127105667 0.09090909090909091
131 0.4502297090352221 0.6271645021645021 0.05206738131699847 0.07900432900432901
132 0.5160796324655437 0.6260822510822511 0.036753445635528334 0.07900432900432901
132 0.8728943338437979 0.6255411255411255 0.04900459418070444 0.07792207792207792
133 0.9464012251148546 0.625 0.03981623277182236 0.08333333333333333
27 0.19678407350689128 0.8079004329004329 0.0781010719754977 0.07683982683982683
71 0.44793261868300155 0.8111471861471862 0.04134762633996937 0.08333333333333333
131 0.8705972434915774 0.8073593073593074 0.05053598774885146 0.07792207792207792
132 0.947166921898928 0.8057359307359307 0.03828483920367535 0.08116883116883117
51 0.4502297090352221 0.22510822510822512 0.045941807044410414 0.07575757575757576
72 0.5880551301684533 0.6282467532467533 0.042879019908116385 0.07467532467532467
