12 0.14624808575803983 0.22673160173160173 0.01990811638591118 0.07251082251082251
12 0.14548238897396631 0.40584415584415584 0.018376722817764167 0.07792207792207792
12 0.14624808575803983 0.6282467532467533 0.022970903522205207 0.07467532467532467
14 0.4770290964777948 0.6006493506493507 0.01990811638591118 0.012987012987012988
12 0.14624808575803983 0.8079004329004329 0.016845329249617153 0.07467532467532467
8 0.3078101071975498 0.24512987012987014 0.11638591117917305 0.09199134199134198
8 0.30398162327718226 0.3874458874458874 0.1209800918836141 0.08874458874458875
8 0.3078101071975498 0.6233766233766234 0.11944869831546708 0.09740259740259741
8 0.3078101071975498 0.7981601731601732 0.11638591117917305 0.09199134199134198
33 0.19448698315467075 0.24296536796536797 0.07044410413476264 0.10714285714285714
139 0.44104134762634 0.21753246753246752 0.033690658499234305 0.09307359307359307
138 0.5222052067381318 0.22077922077922077 0.04900459418070444 0.08658008658008658
106 0.6179173047473201 0.22673160173160173 0.03828483920367535 0.07467532467532467
137 0.7840735068912711 0.22456709956709955 0.03981623277182236 0.07467532467532467
138 0.8491577335375192 0.22186147186147187 0.03828483920367535 0.08658008658008658
139 0.9157733537519143 0.21699134199134198 0.036753445635528334 0.09415584415584416
137 0.9716692189892803 0.22564935064935066 0.04134762633996937 0.07467532467532467
28 0.19601837672281777 0.4053030303030303 0.07350689127105667 0.07900432900432901
138 0.4418070444104135 0.40205627705627706 0.03828483920367535 0.0854978354978355
17 0.4961715160796325 0.3712121212121212 0.02450229709035222 0.05844155844155844
138 0.5283307810107197 0.40205627705627706 0.036753445635528334 0.0854978354978355
15 0.5788667687595712 0.3885281385281385 0.030627871362940276 0.05627705627705628
136 0.6186830015313936 0.40584415584415584 0.036753445635528334 0.07792207792207792
15 0.6669218989280246 0.37067099567099565 0.03215926493108729 0.05735930735930736
138 0.6990811638591118 0.40205627705627706 0.04747320061255743 0.0854978354978355
17 0.7496171516079633 0.3712121212121212 0.022970903522205207 0.05844155844155844
107 0.7833078101071976 0.4015151515151515 0.03522205206738132 0.08658008658008658
15 0.8782542113323124 0.37067099567099565 0.03215926493108729 0.05735930735930736
138 0.9157733537519143 0.4015151515151515 0.036753445635528334 0.08441558441558442
34 0.19678407350689128 0.6185064935064936 0.07197549770290965 0.08982683982683982
77 0.4418070444104135 0.6320346320346321 0.03522205206738132 0.08225108225108226
104 0.9165390505359878 0.6374458874458875 0.03828483920367535 0.09523809523809523
27 0.19295558958652376 0.8068181818181818 0.07350689127105667 0.07683982683982683
137 0.4418070444104135 0.8073593073593074 0.03828483920367535 0.07575757575757576
15 0.4908116385911179 0.7721861471861472 0.03215926493108729 0.05735930735930736
138 0.5290964777947933 0.8035714285714286 0.03828483920367535 0.0854978354978355
139 0.6171516079632465 0.7997835497835498 0.036753445635528334 0.09523809523809523
137 0.7006125574272588 0.8073593073593074 0.04747320061255743 0.07575757575757576
107 0.7833078101071976 0.803030303030303 0.03828483920367535 0.08441558441558442
106 0.9173047473200613 0.8084415584415584 0.03981623277182236 0.07575757575757576
