12 0.8575803981623278 0.42153679653679654 0.021439509954058193 0.07683982683982683
12 0.25803981623277183 0.420995670995671 0.022970903522205207 0.06926406926406926
14 0.4892802450229709 0.42803030303030304 0.01990811638591118 0.01406926406926407
12 0.2572741194486983 0.5941558441558441 0.02450229709035222 0.07142857142857142
12 0.8560490045941808 0.5957792207792207 0.021439509954058193 0.07251082251082251
14 0.608728943338438 0.9301948051948052 0.016845329249617153 0.01406926406926407
14 0.3392036753445636 0.948051948051948 0.01990811638591118 0.015151515151515152
14 0.3399693721286371 0.9826839826839827 0.018376722817764167 0.015151515151515152
21 0.10719754977029097 0.42045454545454547 0.033690658499234305 0.03571428571428571
131 0.19678407350689128 0.4193722943722944 0.05053598774885146 0.07683982683982683
132 0.46477794793261873 0.4161255411255411 0.04134762633996937 0.08333333333333333
160 0.5911179173047474 0.4237012987012987 0.03981623277182236 0.08766233766233766
159 0.6516079632465543 0.4291125541125541 0.04134762633996937 0.09848484848484848
158 0.7006125574272588 0.43235930735930733 0.03522205206738132 0.10281385281385282
156 0.8070444104134763 0.44047619047619047 0.03981623277182236 0.12121212121212122
139 0.028330781010719758 0.6044372294372294 0.03215926493108729 0.11147186147186147
134 0.10413476263399694 0.6055194805194806 0.030627871362940276 0.10064935064935066
138 0.17917304747320062 0.6011904761904762 0.04900459418070444 0.10497835497835498
130 0.2955589586523737 0.6185064935064936 0.030627871362940276 0.1266233766233766
137 0.38284839203675347 0.6174242424242424 0.033690658499234305 0.12012987012987013
135 0.45941807044410415 0.6168831168831169 0.030627871362940276 0.12121212121212122
137 0.548238897396631 0.6168831168831169 0.033690658499234305 0.11688311688311688
131 0.6439509954058193 0.6147186147186147 0.03215926493108729 0.11471861471861472
138 0.7442572741194488 0.6130952380952381 0.04900459418070444 0.11580086580086581
96 0.2963246554364472 0.4366883116883117 0.03522205206738132 0.11147186147186147
157 0.7565084226646248 0.43722943722943725 0.036753445635528334 0.11038961038961038
