12 0.2327718223583461 0.030303030303030304 0.02450229709035222 0.05844155844155844
12 0.667687595712098 0.030844155844155844 0.021439509954058193 0.05735930735930736
12 0.2327718223583461 0.22943722943722944 0.021439509954058193 0.07142857142857142
12 0.667687595712098 0.22943722943722944 0.021439509954058193 0.07142857142857142
14 0.32465543644716693 0.23809523809523808 0.018376722817764167 0.012987012987012988
14 0.7411944869831547 0.23809523809523808 0.018376722817764167 0.012987012987012988
14 0.666156202143951 0.6991341991341992 0.018376722817764167 0.012987012987012988
12 0.16156202143950996 0.7429653679653679 0.026033690658499236 0.07034632034632035
12 0.16079632465543645 0.9496753246753247 0.021439509954058193 0.06818181818181818
12 0.5872894333843798 0.9502164502164502 0.01990811638591118 0.0670995670995671
14 0.24655436447166923 0.7337662337662337 0.02756508422664625 0.015151515151515152
17 0.5444104134762634 0.041666666666666664 0.026033690658499236 0.05952380952380952
107 0.05053598774885146 0.22510822510822512 0.036753445635528334 0.08658008658008658
102 0.1309341500765697 0.2224025974025974 0.03828483920367535 0.08982683982683982
17 0.25803981623277183 0.24783549783549783 0.022970903522205207 0.05844155844155844
101 0.29249617151607965 0.22673160173160173 0.03981623277182236 0.0854978354978355
137 0.4081163859111792 0.22943722943722944 0.04134762633996937 0.07575757575757576
106 0.5007656967840736 0.22943722943722944 0.03981623277182236 0.07575757575757576
101 0.5803981623277182 0.22564935064935066 0.03981623277182236 0.0854978354978355
102 0.7082695252679939 0.22186147186147187 0.03828483920367535 0.08874458874458875
137 0.826186830015314 0.22943722943722944 0.03828483920367535 0.07575757575757576
106 0.8859111791730475 0.22997835497835498 0.04134762633996937 0.07467532467532467
102 0.9670750382848392 0.22186147186147187 0.04134762633996937 0.09090909090909091
20 0.08039816232771822 0.7424242424242424 0.03215926493108729 0.05627705627705628
19 0.20673813169984687 0.7391774891774892 0.05206738131699847 0.01948051948051948
136 0.45865237366003064 0.7462121212121212 0.03522205206738132 0.08116883116883117
137 0.5137825421133232 0.7435064935064936 0.04747320061255743 0.07792207792207792
79 0.6309341500765697 0.7391774891774892 0.036753445635528334 0.08658008658008658
136 0.9042879019908117 0.7451298701298701 0.03828483920367535 0.07900432900432901
137 0.9601837672281777 0.7429653679653679 0.045941807044410414 0.07683982683982683
18 0.33767228177641656 0.9356060606060606 0.04747320061255743 0.0183982683982684
18 0.7978560490045942 0.9361471861471862 0.05206738131699847 0.017316017316017316
