12 0.022970903522205207 0.22673160173160173 0.021439509954058193 0.07251082251082251
12 0.6462480857580398 0.2261904761904762 0.02450229709035222 0.07142857142857142
12 0.6477794793261868 0.4042207792207792 0.02756508422664625 0.07034632034632035
12 0.023736600306278714 0.4063852813852814 0.022970903522205207 0.07251082251082251
12 0.022970903522205207 0.6277056277056277 0.02450229709035222 0.0735930735930736
12 0.6454823889739664 0.6282467532467533 0.026033690658499236 0.07034632034632035
12 0.023736600306278714 0.8084415584415584 0.022970903522205207 0.0735930735930736
12 0.6454823889739664 0.8095238095238095 0.026033690658499236 0.06926406926406926
138 0.09494640122511486 0.22132034632034633 0.036753445635528334 0.0854978354978355
137 0.1554364471669219 0.22510822510822512 0.0444104134762634 0.0735930735930736
105 0.22664624808575806 0.22943722943722944 0.036753445635528334 0.08441558441558442
136 0.39356814701378257 0.22673160173160173 0.036753445635528334 0.08116883116883117
137 0.45865237366003064 0.22727272727272727 0.03828483920367535 0.08008658008658008
17 0.503062787136294 0.19101731601731603 0.022970903522205207 0.05952380952380952
138 0.5367534456355284 0.22348484848484848 0.03828483920367535 0.08982683982683982
136 0.5949464012251149 0.2278138528138528 0.0444104134762634 0.07900432900432901
137 0.6914241960183768 0.22673160173160173 0.03828483920367535 0.07683982683982683
136 0.7542113323124043 0.22727272727272727 0.04747320061255743 0.08008658008658008
15 0.8078101071975498 0.21699134199134198 0.03215926493108729 0.05735930735930736
104 0.8460949464012252 0.2343073593073593 0.03522205206738132 0.09632034632034632
15 0.0551301684532925 0.36147186147186144 0.030627871362940276 0.05627705627705628
108 0.09341500765696785 0.3961038961038961 0.036753445635528334 0.09523809523809523
138 0.22664624808575806 0.40205627705627706 0.036753445635528334 0.0854978354978355
17 0.27105666156202146 0.3712121212121212 0.02450229709035222 0.05844155844155844
138 0.2986217457886677 0.40205627705627706 0.045941807044410414 0.0854978354978355
15 0.3537519142419602 0.37012987012987014 0.030627871362940276 0.05627705627705628
79 0.39280245022970905 0.4015151515151515 0.03522205206738132 0.08874458874458875
107 0.6921898928024502 0.400974025974026 0.036753445635528334 0.08333333333333333
137 0.8460949464012252 0.4053030303030303 0.03828483920367535 0.07900432900432901
15 0.8950995405819296 0.387987012987013 0.03215926493108729 0.05519480519480519
136 0.9295558958652375 0.408008658008658 0.04900459418070444 0.07792207792207792
15 0.055895865237366005 0.6287878787878788 0.03215926493108729 0.05844155844155844
103 0.09571209800918837 0.6396103896103896 0.03828483920367535 0.09740259740259741
106 0.22741194486983154 0.6282467532467533 0.03828483920367535 0.07467532467532467
135 0.39280245022970905 0.6374458874458875 0.03828483920367535 0.09523809523809523
134 0.4548238897396631 0.6406926406926406 0.045941807044410414 0.09740259740259741
104 0.5375191424196019 0.6369047619047619 0.03981623277182236 0.08982683982683982
102 0.6929555895865238 0.6201298701298701 0.03828483920367535 0.08874458874458875
105 0.8468606431852986 0.6314935064935064 0.036753445635528334 0.08333333333333333
17 0.9663093415007658 0.6028138528138528 0.02450229709035222 0.05844155844155844
17 0.06049004594180705 0.7840909090909091 0.022970903522205207 0.05519480519480519
106 0.09494640122511486 0.8084415584415584 0.03981623277182236 0.0735930735930736
103 0.22741194486983154 0.8181818181818182 0.03828483920367535 0.09740259740259741
104 0.39356814701378257 0.8170995670995671 0.03981623277182236 0.09090909090909091
15 0.4977029096477795 0.7992424242424242 0.033690658499234305 0.05735930735930736
104 0.5367534456355284 0.8181818181818182 0.03522205206738132 0.09523809523809523
104 0.6914241960183768 0.8176406926406926 0.03828483920367535 0.09415584415584416
77 0.8460949464012252 0.8122294372294372 0.03522205206738132 0.08333333333333333
