12 0.9839203675344564 0.30735930735930733 0.022970903522205207 0.07575757575757576
12 0.1439509954058193 0.30735930735930733 0.018376722817764167 0.0735930735930736
12 0.14624808575803983 0.685064935064935 0.016845329249617153 0.07575757575757576
12 0.9846860643185299 0.685064935064935 0.021439509954058193 0.0735930735930736
31 0.2006125574272588 0.3116883116883117 0.07044410413476264 0.15800865800865802
26 0.2006125574272588 0.6812770562770563 0.07350689127105667 0.13744588744588745
15 0.26875957120980093 0.6488095238095238 0.03215926493108729 0.05519480519480519
138 0.3062787136294028 0.6807359307359307 0.036753445635528334 0.08658008658008658
138 0.4433384379785605 0.6796536796536796 0.05053598774885146 0.08658008658008658
137 0.5643185298621746 0.6845238095238095 0.03828483920367535 0.07683982683982683
138 0.6577335375191424 0.6801948051948052 0.05053598774885146 0.0854978354978355
105 0.7940275650842267 0.6877705627705628 0.03522205206738132 0.08333333333333333
