12 0.1447166921898928 0.20833333333333334 0.01990811638591118 0.07251082251082251
12 0.9065849923430322 0.20941558441558442 0.02450229709035222 0.07034632034632035
12 0.14624808575803983 0.387987012987013 0.022970903522205207 0.07251082251082251
12 0.9058192955589587 0.3869047619047619 0.026033690658499236 0.07034632034632035
12 0.14624808575803983 0.6098484848484849 0.01990811638591118 0.07900432900432901
12 0.9073506891271057 0.6093073593073594 0.022970903522205207 0.0735930735930736
12 0.9065849923430322 0.7873376623376623 0.02450229709035222 0.06818181818181818
12 0.14624808575803983 0.7895021645021645 0.01990811638591118 0.07034632034632035
8 0.30857580398162326 0.22132034632034633 0.12404287901990813 0.09632034632034632
8 0.3055130168453293 0.4036796536796537 0.1209800918836141 0.09090909090909091
8 0.30857580398162326 0.6044372294372294 0.12404287901990813 0.10064935064935066
8 0.30398162327718226 0.7808441558441559 0.11791730474732007 0.0854978354978355
33 0.19601837672281777 0.22673160173160173 0.07350689127105667 0.10714285714285714
141 0.44104134762634 0.18993506493506493 0.03981623277182236 0.11580086580086581
107 0.557427258805513 0.20292207792207792 0.036753445635528334 0.0854978354978355
77 0.6967840735068913 0.2115800865800866 0.036753445635528334 0.08116883116883117
20 0.942572741194487 0.20616883116883117 0.03215926493108729 0.05519480519480519
33 0.19678407350689128 0.40584415584415584 0.07503828483920368 0.11471861471861472
137 0.44104134762634 0.3917748917748918 0.036753445635528334 0.08441558441558442
137 0.4992343032159265 0.39285714285714285 0.036753445635528334 0.08658008658008658
136 0.5581929555895866 0.39556277056277056 0.03828483920367535 0.09415584415584416
15 0.599540581929556 0.3782467532467532 0.03215926493108729 0.05735930735930736
135 0.6316998468606432 0.39664502164502163 0.04747320061255743 0.09415584415584416
75 0.6975497702909648 0.3971861471861472 0.03828483920367535 0.09523809523809523
21 0.944104134762634 0.3885281385281385 0.03215926493108729 0.0367965367965368
34 0.19601837672281777 0.5995670995670995 0.07044410413476264 0.09090909090909091
73 0.4448698315467075 0.6006493506493507 0.04134762633996937 0.08441558441558442
21 0.6937212863705973 0.6098484848484849 0.030627871362940276 0.03787878787878788
136 0.7465543644716692 0.6136363636363636 0.03828483920367535 0.08441558441558442
135 0.8039816232771823 0.6163419913419913 0.03981623277182236 0.09199134199134198
134 0.8591117917304748 0.6190476190476191 0.045941807044410414 0.09307359307359307
73 0.9502297090352221 0.5974025974025974 0.04134762633996937 0.09307359307359307
27 0.19372128637059724 0.7884199134199135 0.07197549770290965 0.07467532467532467
71 0.4448698315467075 0.7922077922077922 0.04134762633996937 0.08658008658008658
20 0.6921898928024502 0.7873376623376623 0.033690658499234305 0.05519480519480519
106 0.8062787136294028 0.7895021645021645 0.04134762633996937 0.07467532467532467
76 0.9479326186830016 0.7976190476190477 0.03981623277182236 0.09307359307359307
