12 0.8453292496171516 0.341991341991342 0.02450229709035222 0.07142857142857142
14 0.7052067381316999 0.3522727272727273 0.022970903522205207 0.016233766233766232
12 0.8445635528330782 0.5097402597402597 0.01990811638591118 0.07142857142857142
12 0.552833078101072 0.7234848484848485 0.021439509954058193 0.07251082251082251
12 0.7771822358346095 0.7229437229437229 0.022970903522205207 0.06926406926406926
14 0.6378254211332313 0.7326839826839827 0.022970903522205207 0.015151515151515152
12 0.776416539050536 0.8890692640692641 0.021439509954058193 0.07034632034632035
6 0.495405819295559 0.4816017316017316 0.06278713629402757 0.10173160173160173
6 0.28024502297090353 0.8614718614718615 0.06125574272588055 0.10606060606060606
14 0.7052067381316999 0.5714285714285714 0.026033690658499236 0.017316017316017316
14 0.6355283307810108 0.9507575757575758 0.02756508422664625 0.016233766233766232
26 0.20444104134762633 0.8906926406926406 0.07197549770290965 0.15800865800865802
29 0.1983154670750383 0.7142857142857143 0.06891271056661562 0.17532467532467533
75 0.35758039816232773 0.7359307359307359 0.0444104134762634 0.10173160173160173
26 0.4211332312404288 0.5124458874458875 0.06738131699846861 0.15692640692640691
29 0.41424196018376724 0.3371212121212121 0.08116385911179173 0.17424242424242425
74 0.4624808575803982 0.7153679653679653 0.042879019908116385 0.09523809523809523
73 0.5949464012251149 0.7186147186147186 0.0444104134762634 0.08874458874458875
73 0.664624808575804 0.3403679653679654 0.03981623277182236 0.0854978354978355
101 0.712863705972435 0.7196969696969697 0.04134762633996937 0.08658008658008658
101 0.7825421133231241 0.33874458874458874 0.03981623277182236 0.08658008658008658
102 0.8177641653905053 0.8798701298701299 0.03981623277182236 0.09523809523809523
73 0.8185298621745789 0.7180735930735931 0.0444104134762634 0.0854978354978355
75 0.8859111791730475 0.354978354978355 0.0444104134762634 0.10173160173160173
101 0.889739663093415 0.8852813852813853 0.03981623277182236 0.08658008658008658
19 0.9655436447166922 0.7196969696969697 0.06278713629402757 0.023809523809523808
100 0.9609494640122512 0.8896103896103896 0.04134762633996937 0.08225108225108226
69 0.35987748851454826 0.9031385281385281 0.05819295558958652 0.10714285714285714
68 0.4624808575803982 0.9053030303030303 0.0551301684532925 0.11363636363636363
67 0.5934150076569679 0.9107142857142857 0.053598774885145486 0.12445887445887446
67 0.6653905053598775 0.5308441558441559 0.05053598774885146 0.12445887445887446
69 0.8874425727411945 0.5216450216450217 0.053598774885145486 0.10606060606060606
95 0.7817764165390506 0.5303030303030303 0.053598774885145486 0.12337662337662338
95 0.711332312404288 0.9107142857142857 0.053598774885145486 0.12012987012987013
