12 0.14548238897396631 0.2278138528138528 0.021439509954058193 0.07251082251082251
12 0.9433384379785605 0.22727272727272727 0.021439509954058193 0.07142857142857142
14 0.4754977029096478 0.36147186147186144 0.01990811638591118 0.012987012987012988
12 0.9448698315467076 0.4042207792207792 0.02450229709035222 0.07251082251082251
12 0.14701378254211334 0.4069264069264069 0.021439509954058193 0.07575757575757576
14 0.7695252679938744 0.37987012987012986 0.01990811638591118 0.015151515151515152
14 0.7695252679938744 0.5665584415584416 0.016845329249617153 0.01406926406926407
12 0.14624808575803983 0.6287878787878788 0.022970903522205207 0.07575757575757576
12 0.9433384379785605 0.6298701298701299 0.02450229709035222 0.07142857142857142
12 0.14624808575803983 0.808982683982684 0.01990811638591118 0.07251082251082251
12 0.9433384379785605 0.808982683982684 0.02450229709035222 0.07251082251082251
8 0.30857580398162326 0.2418831168831169 0.11791730474732007 0.08982683982683982
8 0.3078101071975498 0.4253246753246753 0.1225114854517611 0.08874458874458875
8 0.3070444104134763 0.6228354978354979 0.11791730474732007 0.09415584415584416
8 0.30857580398162326 0.7992424242424242 0.1209800918836141 0.08982683982683982
33 0.19372128637059724 0.24458874458874458 0.06891271056661562 0.10606060606060606
21 0.7320061255742726 0.2278138528138528 0.030627871362940276 0.03571428571428571
138 0.7848392036753445 0.22294372294372294 0.03828483920367535 0.08658008658008658
139 0.8422664624808576 0.21753246753246752 0.033690658499234305 0.09307359307359307
140 0.8989280245022971 0.21374458874458874 0.045941807044410414 0.10281385281385282
33 0.19295558958652376 0.42424242424242425 0.07044410413476264 0.10822510822510822
107 0.44104134762634 0.4025974025974026 0.033690658499234305 0.08658008658008658
137 0.655436447166922 0.4063852813852814 0.036753445635528334 0.07467532467532467
105 0.7358346094946402 0.4101731601731602 0.03522205206738132 0.08441558441558442
135 0.8996937212863706 0.41504329004329005 0.03828483920367535 0.09199134199134198
77 0.9839203675344564 0.41179653679653677 0.03215926493108729 0.0854978354978355
34 0.19678407350689128 0.6190476190476191 0.07197549770290965 0.09090909090909091
133 0.4418070444104135 0.6385281385281385 0.03828483920367535 0.09523809523809523
137 0.5045941807044411 0.6325757575757576 0.03522205206738132 0.0854978354978355
15 0.546707503828484 0.5930735930735931 0.030627871362940276 0.05627705627705628
138 0.5849923430321593 0.625 0.036753445635528334 0.0854978354978355
17 0.6217457886676876 0.5768398268398268 0.02450229709035222 0.05844155844155844
140 0.6493108728943339 0.6158008658008658 0.045941807044410414 0.1038961038961039
15 0.6967840735068913 0.5757575757575758 0.030627871362940276 0.05627705627705628
140 0.7358346094946402 0.6168831168831169 0.03828483920367535 0.10606060606060606
139 0.9004594180704442 0.6212121212121212 0.036753445635528334 0.09307359307359307
138 0.9831546707503829 0.6239177489177489 0.030627871362940276 0.0854978354978355
27 0.19218989280245025 0.8079004329004329 0.07197549770290965 0.07683982683982683
78 0.4418070444104135 0.8073593073593074 0.03828483920367535 0.07575757575757576
19 0.7373660030627872 0.8041125541125541 0.05053598774885146 0.017316017316017316
20 0.9808575803981624 0.8057359307359307 0.02909647779479326 0.05519480519480519
84 0.444104134762634 0.2002164502164502 0.05206738131699847 0.13203463203463203
82 0.9816232771822359 0.2077922077922078 0.036753445635528334 0.11688311688311688
