12 0.14319526627218934 0.05857740585774058 0.01893491124260355 0.05690376569037656
12 0.663905325443787 0.058158995815899575 0.021301775147928994 0.056066945606694556
12 0.9372781065088758 0.05857740585774058 0.021301775147928994 0.05523012552301255
12 0.14319526627218934 0.36610878661087864 0.01893491124260355 0.05774058577405857
12 0.993491124260355 0.36569037656903763 0.01301775147928994 0.05690376569037656
12 0.6739644970414201 0.3652719665271966 0.020118343195266272 0.05439330543933054
12 0.14319526627218934 0.5117154811715481 0.01893491124260355 0.05774058577405857
12 0.6733727810650888 0.5112970711297071 0.01893491124260355 0.05523012552301255
12 0.993491124260355 0.5142259414225941 0.01301775147928994 0.049372384937238493
14 0.7331360946745562 0.6230125523012552 0.015384615384615385 0.010878661087866108
12 0.9940828402366864 0.6569037656903766 0.011834319526627219 0.05690376569037656
12 0.14319526627218934 0.6577405857740586 0.01893491124260355 0.05690376569037656
12 0.6733727810650888 0.6573221757322175 0.01893491124260355 0.056066945606694556
14 0.8899408284023669 0.6359832635983264 0.016568047337278107 0.011715481171548116
12 0.8662721893491124 0.9640167364016736 0.021301775147928994 0.05690376569037656
12 0.1437869822485207 0.9673640167364016 0.020118343195266272 0.06192468619246862
12 0.5544378698224852 0.9652719665271966 0.022485207100591716 0.052719665271966525
26 0.18520710059171597 0.054811715481171544 0.06035502958579882 0.10794979079497907
15 0.23727810650887574 0.030543933054393305 0.02485207100591716 0.04435146443514644
102 0.2964497041420118 0.05146443514644351 0.03195266272189349 0.07280334728033472
20 0.3816568047337278 0.05523012552301255 0.027218934911242602 0.04518828451882845
19 0.4940828402366864 0.054811715481171544 0.039053254437869826 0.015899581589958158
97 0.6982248520710059 0.06569037656903766 0.033136094674556214 0.07447698744769873
73 0.8242603550295858 0.05564853556485355 0.03431952662721893 0.06778242677824267
100 0.9692307692307692 0.058158995815899575 0.03076923076923077 0.059414225941422594
26 0.18579881656804734 0.3623430962343096 0.056804733727810655 0.10878661087866108
108 0.29467455621301775 0.35857740585774056 0.028402366863905328 0.07447698744769873
15 0.3769230769230769 0.33723849372384934 0.02485207100591716 0.04351464435146443
107 0.40650887573964495 0.3627615062761506 0.02958579881656805 0.06610878661087866
19 0.4970414201183432 0.3619246861924686 0.0378698224852071 0.01422594142259414
18 0.8355029585798817 0.3548117154811715 0.0378698224852071 0.01506276150627615
26 0.18520710059171597 0.5075313807531381 0.05562130177514793 0.10962343096234309
103 0.29526627218934914 0.5200836820083682 0.02958579881656805 0.0794979079497908
102 0.4076923076923077 0.505020920502092 0.03195266272189349 0.07280334728033472
19 0.4976331360946746 0.507949790794979 0.036686390532544376 0.01506276150627615
136 0.7059171597633136 0.5138075313807531 0.027218934911242602 0.06527196652719665
105 0.7526627218934911 0.5138075313807531 0.028402366863905328 0.06527196652719665
105 0.8177514792899409 0.5138075313807531 0.028402366863905328 0.06527196652719665
105 0.8964497041420119 0.5142259414225941 0.027218934911242602 0.06610878661087866
136 0.9621301775147929 0.5142259414225941 0.028402366863905328 0.06610878661087866
26 0.18520710059171597 0.6531380753138075 0.06035502958579882 0.10962343096234309
15 0.23727810650887574 0.6297071129707112 0.02485207100591716 0.04435146443514644
133 0.2940828402366864 0.6644351464435146 0.02958579881656805 0.07531380753138076
140 0.34437869822485206 0.6506276150627615 0.03076923076923077 0.08619246861924686
15 0.3763313609467456 0.6221757322175732 0.023668639053254437 0.04435146443514644
139 0.4059171597633136 0.6506276150627615 0.028402366863905328 0.07280334728033472
140 0.44911242603550294 0.6468619246861924 0.036686390532544376 0.07866108786610879
139 0.4976331360946746 0.6506276150627615 0.02958579881656805 0.07447698744769873
140 0.5420118343195266 0.6468619246861924 0.028402366863905328 0.0803347280334728
17 0.5710059171597633 0.6217573221757322 0.020118343195266272 0.04518828451882845
139 0.5964497041420118 0.6510460251046025 0.028402366863905328 0.07531380753138076
140 0.6408284023668639 0.6468619246861924 0.036686390532544376 0.07866108786610879
107 0.7059171597633136 0.6543933054393305 0.02958579881656805 0.06694560669456066
139 0.8183431952662722 0.6506276150627615 0.02958579881656805 0.07447698744769873
106 0.863905325443787 0.6569037656903766 0.03076923076923077 0.05857740585774058
138 0.9627218934911242 0.6531380753138075 0.02958579881656805 0.06610878661087866
26 0.18579881656804734 0.9535564853556485 0.0591715976331361 0.09288702928870292
50 0.2988165680473373 0.9640167364016736 0.03431952662721893 0.0602510460251046
104 0.5875739644970415 0.9673640167364016 0.02958579881656805 0.06527196652719665
104 0.7201183431952662 0.9673640167364016 0.02958579881656805 0.06527196652719665
137 0.7863905325443787 0.9673640167364016 0.02958579881656805 0.06359832635983263
105 0.9674556213017752 0.9673640167364016 0.02958579881656805 0.06527196652719665
