12 0.14322916666666666 0.12822085889570553 0.013888888888888888 0.04294478527607362
12 0.5143229166666666 0.12791411042944786 0.016493055555555556 0.04110429447852761
12 0.7018229166666666 0.12791411042944786 0.016493055555555556 0.04110429447852761
14 0.8914930555555555 0.12300613496932516 0.013888888888888888 0.009202453987730062
1 0.22960069444444442 0.25030674846625767 0.056423611111111105 0.05276073619631902
12 0.14539930555555555 0.2659509202453988 0.014756944444444444 0.04233128834355829
12 0.5143229166666666 0.2659509202453988 0.021701388888888888 0.04233128834355829
12 0.7013888888888888 0.2656441717791411 0.020833333333333332 0.04171779141104295
12 0.9791666666666666 0.2656441717791411 0.01909722222222222 0.04171779141104295
1 0.2300347222222222 0.3677914110429448 0.05555555555555555 0.05582822085889571
12 0.1440972222222222 0.38312883435582823 0.015625 0.04233128834355829
12 0.5143229166666666 0.3825153374233129 0.021701388888888888 0.04110429447852761
12 0.7039930555555555 0.3834355828220859 0.022569444444444444 0.04171779141104295
14 0.8919270833333333 0.3680981595092025 0.013020833333333332 0.0098159509202454
12 0.9809027777777777 0.38374233128834356 0.01909722222222222 0.04110429447852761
12 0.1440972222222222 0.5006134969325153 0.015625 0.04294478527607362
12 0.5143229166666666 0.5003067484662577 0.021701388888888888 0.04110429447852761
14 0.8919270833333333 0.495398773006135 0.014756944444444444 0.011656441717791411
14 0.8919270833333333 0.5254601226993866 0.014756944444444444 0.010429447852760737
1 0.23046875 0.6024539877300614 0.05295138888888889 0.053987730061349694
12 0.5147569444444444 0.6174846625766871 0.020833333333333332 0.04233128834355829
12 0.7013888888888888 0.6171779141104294 0.020833333333333332 0.04171779141104295
12 0.9796006944444444 0.6174846625766871 0.019965277777777776 0.04233128834355829
12 0.1440972222222222 0.6180981595092024 0.015625 0.04233128834355829
1 0.23133680555555555 0.7294478527607362 0.056423611111111105 0.053987730061349694
14 0.8914930555555555 0.7098159509202454 0.013888888888888888 0.0098159509202454
12 0.5143229166666666 0.7340490797546013 0.019965277777777776 0.04110429447852761
12 0.7022569444444444 0.7346625766871167 0.01909722222222222 0.04233128834355829
12 0.1440972222222222 0.7346625766871167 0.015625 0.04110429447852761
12 0.9791666666666666 0.7346625766871167 0.01909722222222222 0.04110429447852761
14 0.8919270833333333 0.739877300613497 0.014756944444444444 0.0098159509202454
1 0.23133680555555555 0.8466257668711656 0.056423611111111105 0.05766871165644172
12 0.9791666666666666 0.8515337423312884 0.01909722222222222 0.04171779141104295
12 0.14453125 0.8524539877300614 0.014756944444444444 0.04233128834355829
12 0.5143229166666666 0.8518404907975461 0.018229166666666664 0.04110429447852761
12 0.700954861111111 0.8518404907975461 0.018229166666666664 0.04110429447852761
8 0.22873263888888887 0.9803680981595092 0.0546875 0.0392638036809816
1 0.23307291666666666 0.48527607361963193 0.056423611111111105 0.05030674846625767
1 0.22960069444444442 0.11226993865030675 0.0546875 0.05030674846625767
31 0.17491319444444445 0.13128834355828223 0.04079861111111111 0.08957055214723927
135 0.2999131944444444 0.1334355828220859 0.021701388888888888 0.054601226993865035
135 0.3355034722222222 0.13312883435582823 0.02690972222222222 0.053987730061349694
104 0.3771701388888889 0.13312883435582823 0.021701388888888888 0.053987730061349694
76 0.4444444444444444 0.13282208588957056 0.024305555555555552 0.05337423312883436
18 0.5868055555555555 0.12055214723926382 0.027777777777777776 0.011656441717791411
135 0.7261284722222222 0.1334355828220859 0.021701388888888888 0.054601226993865035
135 0.7630208333333333 0.13312883435582823 0.027777777777777776 0.053987730061349694
104 0.8107638888888888 0.13312883435582823 0.022569444444444444 0.053987730061349694
104 0.8719618055555555 0.13282208588957056 0.021701388888888888 0.05337423312883436
134 0.943142361111111 0.1343558282208589 0.021701388888888888 0.05766871165644172
29 0.17447916666666666 0.2579754601226994 0.03993055555555555 0.09263803680981596
18 0.3828125 0.25858895705521473 0.027777777777777776 0.011656441717791411
18 0.5868055555555555 0.25858895705521473 0.027777777777777776 0.011656441717791411
18 0.8394097222222222 0.25858895705521473 0.026041666666666664 0.011656441717791411
26 0.1753472222222222 0.38098159509202456 0.043402777777777776 0.07975460122699388
78 0.3016493055555555 0.3825153374233129 0.02517361111111111 0.04355828220858896
78 0.4448784722222222 0.38312883435582823 0.0234375 0.04478527607361964
19 0.5403645833333333 0.38098159509202456 0.028645833333333332 0.013496932515337423
78 0.6184895833333333 0.38312883435582823 0.02517361111111111 0.04355828220858896
78 0.7278645833333333 0.38374233128834356 0.0234375 0.04478527607361964
106 0.8732638888888888 0.3834355828220859 0.022569444444444444 0.044171779141104296
137 0.9440104166666666 0.38312883435582823 0.021701388888888888 0.04355828220858896
26 0.17578125 0.49846625766871167 0.04427083333333333 0.08036809815950921
17 0.28125 0.495398773006135 0.015625 0.03374233128834356
19 0.5403645833333333 0.47699386503067487 0.028645833333333332 0.01411042944785276
19 0.5403645833333333 0.5177914110429448 0.028645833333333332 0.013496932515337423
17 0.5980902777777778 0.49570552147239266 0.015625 0.033128834355828224
26 0.1753472222222222 0.6153374233128834 0.043402777777777776 0.07975460122699388
18 0.3828125 0.6098159509202454 0.027777777777777776 0.011042944785276074
18 0.5863715277777778 0.6098159509202454 0.02690972222222222 0.011042944785276074
18 0.8394097222222222 0.6101226993865031 0.027777777777777776 0.011656441717791411
27 0.17491319444444445 0.7355828220858897 0.04427083333333333 0.04539877300613497
19 0.5403645833333333 0.7119631901840491 0.028645833333333332 0.01411042944785276
19 0.5403645833333333 0.751840490797546 0.028645833333333332 0.01411042944785276
27 0.17491319444444445 0.8521472392638038 0.04600694444444444 0.046625766871165646
18 0.3828125 0.8441717791411043 0.027777777777777776 0.011042944785276074
18 0.5863715277777778 0.8438650306748466 0.02690972222222222 0.011656441717791411
18 0.8394097222222222 0.8438650306748466 0.027777777777777776 0.011656441717791411
18 0.3828125 0.9874233128834357 0.029513888888888888 0.011656441717791411
18 0.5863715277777778 0.9874233128834357 0.028645833333333332 0.011656441717791411
18 0.8394097222222222 0.9877300613496933 0.029513888888888888 0.012269938650306749
