12 0.14548238897396631 0.22510822510822512 0.021439509954058193 0.07142857142857142
12 0.7626339969372129 0.22510822510822512 0.02450229709035222 0.06926406926406926
12 0.7641653905053599 0.4090909090909091 0.021439509954058193 0.0735930735930736
12 0.14624808575803983 0.4096320346320346 0.01990811638591118 0.07251082251082251
12 0.14548238897396631 0.6406926406926406 0.021439509954058193 0.07142857142857142
12 0.7649310872894334 0.6396103896103896 0.022970903522205207 0.06926406926406926
14 0.8445635528330782 0.6130952380952381 0.01990811638591118 0.01406926406926407
12 0.14548238897396631 0.8441558441558441 0.021439509954058193 0.07142857142857142
12 0.7633996937212864 0.8441558441558441 0.022970903522205207 0.06926406926406926
14 0.8437978560490046 0.8354978354978355 0.021439509954058193 0.015151515151515152
26 0.19525267993874426 0.22402597402597402 0.07197549770290965 0.1341991341991342
135 0.30321592649310875 0.24512987012987014 0.036753445635528334 0.11580086580086581
135 0.4211332312404288 0.2435064935064935 0.03981623277182236 0.12121212121212122
132 0.5444104134762634 0.20887445887445888 0.04747320061255743 0.10606060606060606
132 0.655436447166922 0.20941558441558442 0.036753445635528334 0.10497835497835498
133 0.8085758039816233 0.23809523809523808 0.03981623277182236 0.1038961038961039
135 0.9303215926493109 0.23755411255411255 0.03828483920367535 0.10281385281385282
27 0.19295558958652376 0.4063852813852814 0.07350689127105667 0.07251082251082251
140 0.3062787136294028 0.3961038961038961 0.03981623277182236 0.10173160173160173
137 0.3621745788667688 0.4101731601731602 0.03828483920367535 0.07792207792207792
135 0.4203675344563553 0.4145021645021645 0.03828483920367535 0.08658008658008658
133 0.4732006125574273 0.41829004329004327 0.045941807044410414 0.09415584415584416
139 0.5382848392036753 0.4004329004329004 0.03522205206738132 0.09523809523809523
137 0.5964777947932619 0.41125541125541126 0.03522205206738132 0.07792207792207792
135 0.6539050535987749 0.41504329004329005 0.036753445635528334 0.08766233766233766
133 0.7082695252679939 0.4199134199134199 0.05053598774885146 0.09523809523809523
26 0.19525267993874426 0.6390692640692641 0.06891271056661562 0.13528138528138528
106 0.3062787136294028 0.6412337662337663 0.03981623277182236 0.07467532467532467
135 0.4218989280245023 0.650974025974026 0.03828483920367535 0.09848484848484848
134 0.4747320061255743 0.6531385281385281 0.045941807044410414 0.09632034632034632
101 0.5413476263399694 0.6363636363636364 0.04134762633996937 0.08441558441558442
103 0.6562021439509954 0.6525974025974026 0.03828483920367535 0.09740259740259741
78 0.8085758039816233 0.6401515151515151 0.036753445635528334 0.07683982683982683
26 0.19448698315467075 0.841991341991342 0.0765696784073507 0.1341991341991342
106 0.3062787136294028 0.8441558441558441 0.03981623277182236 0.0735930735930736
135 0.4211332312404288 0.8538961038961039 0.03981623277182236 0.09740259740259741
134 0.4754977029096478 0.8566017316017316 0.04747320061255743 0.09632034632034632
132 0.5398162327718223 0.8403679653679653 0.04134762633996937 0.08333333333333333
103 0.6562021439509954 0.8555194805194806 0.03828483920367535 0.09632034632034632
76 0.8085758039816233 0.8538961038961039 0.03981623277182236 0.08874458874458875
