12 0.1447166921898928 0.23160173160173161 0.022970903522205207 0.07142857142857142
12 0.1447166921898928 0.4101731601731602 0.01990811638591118 0.07575757575757576
12 0.14548238897396631 0.6320346320346321 0.021439509954058193 0.07792207792207792
12 0.14548238897396631 0.8111471861471862 0.021439509954058193 0.07251082251082251
14 0.44946401225114857 0.7835497835497836 0.016845329249617153 0.012987012987012988
8 0.29785604900459417 0.24783549783549783 0.10260336906584992 0.08658008658008658
8 0.2986217457886677 0.3917748917748918 0.09800918836140889 0.08441558441558442
8 0.29785604900459417 0.6271645021645021 0.11485451761102604 0.09415584415584416
8 0.2993874425727412 0.8008658008658008 0.10260336906584992 0.08658008658008658
33 0.19525267993874426 0.24675324675324675 0.06891271056661562 0.11038961038961038
103 0.4203675344563553 0.2435064935064935 0.03215926493108729 0.09740259740259741
135 0.5160796324655437 0.23971861471861472 0.030627871362940276 0.09415584415584416
105 0.5911179173047474 0.23484848484848486 0.030627871362940276 0.08441558441558442
136 0.8491577335375192 0.2527056277056277 0.03215926493108729 0.12229437229437229
28 0.19372128637059724 0.4096320346320346 0.06584992343032159 0.07900432900432901
105 0.4203675344563553 0.413961038961039 0.03215926493108729 0.08333333333333333
137 0.5160796324655437 0.4101731601731602 0.030627871362940276 0.0735930735930736
105 0.5911179173047474 0.4134199134199134 0.030627871362940276 0.08441558441558442
17 0.6914241960183768 0.3998917748917749 0.026033690658499236 0.05519480519480519
135 0.7228177641653906 0.4193722943722944 0.030627871362940276 0.09415584415584416
103 0.8506891271056662 0.42207792207792205 0.03215926493108729 0.09740259740259741
34 0.19448698315467075 0.6222943722943723 0.07350689127105667 0.09090909090909091
76 0.4241960183767228 0.6401515151515151 0.03981623277182236 0.09199134199134198
77 0.8552833078101072 0.6347402597402597 0.03828483920367535 0.08116883116883117
27 0.19218989280245025 0.8106060606060606 0.06891271056661562 0.07792207792207792
106 0.4203675344563553 0.810064935064935 0.03215926493108729 0.07251082251082251
190 0.7059724349157733 0.8203463203463204 0.033690658499234305 0.09523809523809523
107 0.8499234303215927 0.8062770562770563 0.030627871362940276 0.08441558441558442
191 0.939509954058193 0.25487012987012986 0.03522205206738132 0.12445887445887446
187 0.9762633996937213 0.25595238095238093 0.03215926493108729 0.1266233766233766
192 0.6669218989280246 0.8198051948051948 0.03215926493108729 0.09632034632034632
191 0.7580398162327718 0.8203463203463204 0.030627871362940276 0.09523809523809523
192 0.8024502297090352 0.8192640692640693 0.036753445635528334 0.09307359307359307
