12 0.14318529862174578 0.22997835497835498 0.01990811638591118 0.07467532467532467
12 0.8300153139356815 0.22997835497835498 0.02450229709035222 0.07034632034632035
14 0.9065849923430322 0.22023809523809523 0.021439509954058193 0.016233766233766232
14 0.4333843797856049 0.22077922077922077 0.021439509954058193 0.015151515151515152
14 0.8644716692189893 0.6753246753246753 0.026033690658499236 0.021645021645021644
14 0.8675344563552834 0.6812770562770563 0.016845329249617153 0.01406926406926407
12 0.7879019908116386 0.7424242424242424 0.022970903522205207 0.07142857142857142
12 0.14548238897396631 0.7445887445887446 0.018376722817764167 0.0735930735930736
12 0.14548238897396631 0.952922077922078 0.021439509954058193 0.08982683982683982
12 0.7879019908116386 0.9491341991341992 0.022970903522205207 0.0670995670995671
27 0.19295558958652376 0.03192640692640693 0.0765696784073507 0.06168831168831169
37 0.19372128637059724 0.23809523809523808 0.06891271056661562 0.09740259740259741
104 0.4004594180704441 0.23917748917748918 0.04134762633996937 0.09090909090909091
140 0.5084226646248086 0.21753246753246752 0.042879019908116385 0.10173160173160173
109 0.5980091883614089 0.21753246753246752 0.04134762633996937 0.1038961038961039
104 0.7304747320061256 0.23863636363636365 0.03981623277182236 0.09415584415584416
103 0.8728943338437979 0.2408008658008658 0.036753445635528334 0.09848484848484848
34 0.19372128637059724 0.7337662337662337 0.07197549770290965 0.09090909090909091
55 0.4096477794793262 0.7305194805194806 0.05053598774885146 0.1038961038961039
81 0.832312404287902 0.7310606060606061 0.04134762633996937 0.10064935064935066
26 0.19525267993874426 0.9377705627705628 0.06891271056661562 0.12445887445887446
18 0.552833078101072 0.9361471861471862 0.05206738131699847 0.017316017316017316
18 0.9724349157733538 0.9356060606060606 0.045941807044410414 0.016233766233766232
