12 0.14388020833333331 0.19244935543278086 0.01953125 0.06261510128913444
12 0.14518229166666666 0.388121546961326 0.022135416666666664 0.06353591160220995
12 0.14388020833333331 0.5593922651933702 0.01953125 0.05985267034990792
12 0.14388020833333331 0.7794659300184162 0.022135416666666664 0.061694290976058934
12 0.14388020833333331 0.9825046040515654 0.01953125 0.034990791896869246
26 0.19140625 0.19060773480662985 0.07291666666666666 0.1270718232044199
132 0.6998697916666666 0.20534069981583794 0.04296875 0.09208103130755065
26 0.19075520833333331 0.388121546961326 0.07421875 0.13351749539594843
18 0.8958333333333333 0.3770718232044199 0.057291666666666664 0.019337016574585635
26 0.19205729166666666 0.5593922651933702 0.06901041666666666 0.13167587476979742
18 0.8951822916666666 0.5469613259668509 0.05598958333333333 0.020257826887661142
27 0.20052083333333331 0.7790055248618785 0.08072916666666666 0.07734806629834254
19 0.287109375 0.7734806629834254 0.04817708333333333 0.01841620626151013
22 0.853515625 0.7822283609576428 0.03255208333333333 0.0432780847145488
163 0.9466145833333333 0.7684162062615102 0.04427083333333333 0.08195211786372007
