12 0.8575803981623278 0.07196969696969698 0.021439509954058193 0.07251082251082251
12 0.8560490045941808 0.2840909090909091 0.02450229709035222 0.07034632034632035
12 0.8568147013782542 0.7927489177489178 0.022970903522205207 0.07467532467532467
169 0.02986217457886677 0.0633116883116883 0.03522205206738132 0.09415584415584416
166 0.10413476263399694 0.0762987012987013 0.036753445635528334 0.08982683982683982
164 0.16998468606431855 0.08062770562770563 0.045941807044410414 0.09848484848484848
22 0.25344563552833077 0.08008658008658008 0.03828483920367535 0.049783549783549784
164 0.33078101071975496 0.08712121212121213 0.036753445635528334 0.10714285714285714
166 0.41500765696784075 0.07954545454545454 0.036753445635528334 0.09632034632034632
169 0.49157733537519144 0.06655844155844155 0.045941807044410414 0.10497835497835498
170 0.5773353751914242 0.05952380952380952 0.03981623277182236 0.09956709956709957
169 0.6508422664624809 0.06493506493506493 0.036753445635528334 0.1038961038961039
166 0.7258805513016846 0.07683982683982683 0.036753445635528334 0.08874458874458875
164 0.7901990811638592 0.08116883116883117 0.042879019908116385 0.09956709956709957
106 0.25267993874425726 0.2819264069264069 0.03981623277182236 0.07683982683982683
20 0.5727411944869831 0.28354978354978355 0.033690658499234305 0.05627705627705628
169 0.04134762633996937 0.7857142857142857 0.033690658499234305 0.1038961038961039
167 0.11255742725880552 0.7987012987012987 0.03522205206738132 0.09090909090909091
164 0.17917304747320062 0.8014069264069265 0.045941807044410414 0.09848484848484848
22 0.2611026033690659 0.8008658008658008 0.03828483920367535 0.049783549783549784
163 0.33690658499234305 0.8084415584415584 0.036753445635528334 0.10822510822510822
166 0.4196018376722818 0.8008658008658008 0.036753445635528334 0.09740259740259741
168 0.4946401225114855 0.7922077922077922 0.04900459418070444 0.08874458874458875
169 0.5788667687595712 0.7862554112554112 0.033690658499234305 0.09632034632034632
168 0.6539050535987749 0.7954545454545454 0.036753445635528334 0.10173160173160173
166 0.7243491577335376 0.8041125541125541 0.036753445635528334 0.10606060606060606
163 0.7886676875957122 0.8084415584415584 0.045941807044410414 0.10822510822510822
