12 0.5796324655436448 0.07142857142857142 0.022970903522205207 0.06926406926406926
12 0.5796324655436448 0.283008658008658 0.022970903522205207 0.07251082251082251
12 0.5627871362940275 0.7922077922077922 0.022970903522205207 0.07142857142857142
165 0.05436447166921899 0.08116883116883117 0.03828483920367535 0.09523809523809523
166 0.13169984686064318 0.07683982683982683 0.036753445635528334 0.09090909090909091
168 0.20750382848392038 0.07034632034632035 0.04747320061255743 0.08874458874458875
169 0.29173047473200614 0.06385281385281386 0.03522205206738132 0.1038961038961039
168 0.37059724349157736 0.06818181818181818 0.036753445635528334 0.08441558441558442
166 0.4418070444104135 0.07196969696969698 0.03828483920367535 0.07900432900432901
165 0.5130168453292496 0.07413419913419914 0.04900459418070444 0.07900432900432901
22 0.6324655436447167 0.08008658008658008 0.036753445635528334 0.049783549783549784
164 0.7082695252679939 0.0854978354978355 0.03522205206738132 0.1038961038961039
166 0.7940275650842267 0.08062770562770563 0.03828483920367535 0.09632034632034632
169 0.8698315467075038 0.0670995670995671 0.05206738131699847 0.1038961038961039
170 0.9555895865237366 0.05844155844155844 0.03981623277182236 0.09956709956709957
103 0.29402756508422667 0.29545454545454547 0.036753445635528334 0.09956709956709957
106 0.6316998468606432 0.2846320346320346 0.03828483920367535 0.0735930735930736
101 0.9578866768759572 0.27976190476190477 0.03828483920367535 0.08333333333333333
164 0.043644716692189896 0.8084415584415584 0.03828483920367535 0.10822510822510822
167 0.12480857580398162 0.801948051948052 0.03522205206738132 0.09740259740259741
169 0.20290964777947934 0.7867965367965368 0.05053598774885146 0.10173160173160173
170 0.28637059724349156 0.7803030303030303 0.03981623277182236 0.09740259740259741
169 0.36064318529862177 0.7851731601731602 0.03522205206738132 0.09632034632034632
167 0.4310872894333844 0.7987012987012987 0.03522205206738132 0.09090909090909091
164 0.498468606431853 0.8014069264069265 0.0444104134762634 0.09848484848484848
22 0.6355283307810108 0.8008658008658008 0.036753445635528334 0.049783549783549784
16 0.6883614088820827 0.7824675324675324 0.022970903522205207 0.049783549783549784
164 0.725114854517611 0.8084415584415584 0.03828483920367535 0.10822510822510822
167 0.8055130168453293 0.801948051948052 0.036753445635528334 0.09740259740259741
169 0.88208269525268 0.7873376623376623 0.045941807044410414 0.10497835497835498
170 0.9693721286370598 0.7792207792207793 0.03981623277182236 0.10173160173160173
