12 0.3418410041841004 0.11768184506209345 0.019246861924686193 0.040212891780011834
12 0.8209205020920501 0.11827321111768185 0.016736401673640166 0.04139562389118865
12 0.8205020920502092 0.22619751626256654 0.017573221757322174 0.04080425783560024
12 0.3410041841004184 0.22619751626256654 0.019246861924686193 0.03962152572442342
12 0.8205020920502092 0.3344175044352454 0.017573221757322174 0.04080425783560024
12 0.3414225941422594 0.3344175044352454 0.0200836820083682 0.03962152572442342
12 0.3414225941422594 0.44263749260792434 0.016736401673640166 0.04080425783560024
12 0.8209205020920501 0.44263749260792434 0.016736401673640166 0.04080425783560024
12 0.3414225941422594 0.550561797752809 0.016736401673640166 0.040212891780011834
12 0.8200836820083681 0.5502661147250149 0.016736401673640166 0.03962152572442342
12 0.3410041841004184 0.658781785925488 0.017573221757322174 0.040212891780011834
12 0.8209205020920501 0.658781785925488 0.016736401673640166 0.040212891780011834
12 0.3414225941422594 0.7667060910703726 0.016736401673640166 0.04080425783560024
12 0.8205020920502092 0.7667060910703726 0.015899581589958158 0.04080425783560024
12 0.3410041841004184 0.8746303962152573 0.015899581589958158 0.04139562389118865
12 0.8205020920502092 0.8749260792430515 0.015899581589958158 0.03962152572442342
18 0.5953974895397489 0.11058545239503254 0.02594142259414226 0.010644589000591367
18 0.5953974895397489 0.2090479006505027 0.02594142259414226 0.010053222945002958
18 0.5953974895397489 0.3270254287403903 0.02594142259414226 0.010644589000591367
18 0.594979079497908 0.434949733885275 0.02510460251046025 0.010053222945002958
98 0.07280334728033472 0.5552927261975164 0.021757322175732216 0.05204021289178001
100 0.2108786610878661 0.5508574807806033 0.021757322175732216 0.041986989946777055
17 0.39456066945606694 0.5748078060319338 0.01422594142259414 0.028385570668243647
98 0.4146443514644351 0.5549970431697221 0.02092050209205021 0.05144884683619161
21 0.5502092050209205 0.5502661147250149 0.019246861924686193 0.019515079834417505
98 0.6297071129707112 0.5552927261975164 0.02092050209205021 0.05204021289178001
130 0.7740585774058577 0.5532229450029569 0.031799163179916316 0.046717918391484335
102 0.07322175732217573 0.6543465405085749 0.02092050209205021 0.05144884683619161
104 0.2108786610878661 0.6635127143701952 0.021757322175732216 0.05204021289178001
102 0.4138075313807531 0.6552335895919574 0.02092050209205021 0.05204021289178001
21 0.5506276150627615 0.6578947368421053 0.01841004184100418 0.01833234772324069
102 0.6297071129707112 0.6543465405085749 0.02092050209205021 0.05144884683619161
134 0.7677824267782426 0.6655824955647547 0.02092050209205021 0.05617977528089888
142 0.07364016736401673 0.7551744529863986 0.02510460251046025 0.06741573033707866
20 0.13012552301255229 0.767297457125961 0.02092050209205021 0.03252513305736251
21 0.2698744769874477 0.7664104080425784 0.019246861924686193 0.018923713778829097
19 0.4138075313807531 0.7649319929036074 0.027615062761506274 0.011235955056179777
21 0.6882845188284519 0.7661147250147842 0.019246861924686193 0.01833234772324069
141 0.7682008368200837 0.7578356002365465 0.02510460251046025 0.06209343583678297
136 0.07280334728033472 0.8761088113542284 0.0200836820083682 0.044352454169130695
136 0.13305439330543933 0.8761088113542284 0.0200836820083682 0.044352454169130695
136 0.2108786610878661 0.8761088113542284 0.0200836820083682 0.044352454169130695
136 0.26694560669456063 0.8761088113542284 0.026778242677824266 0.044352454169130695
17 0.3941422594142259 0.8651685393258428 0.01506276150627615 0.027202838557066827
136 0.4133891213389121 0.8764044943820225 0.0200836820083682 0.04376108811354228
136 0.46987447698744766 0.8761088113542284 0.027615062761506274 0.044352454169130695
136 0.5518828451882845 0.8761088113542284 0.02092050209205021 0.044352454169130695
136 0.6255230125523012 0.8758131283264341 0.027615062761506274 0.04494382022471911
136 0.6899581589958158 0.8764044943820225 0.02092050209205021 0.04376108811354228
136 0.7640167364016736 0.8761088113542284 0.026778242677824266 0.044352454169130695
