12 0.28254211332312407 0.23106060606060605 0.022970903522205207 0.07467532467532467
12 0.2833078101071976 0.4107142857142857 0.02756508422664625 0.07034632034632035
12 0.28254211332312407 0.6320346320346321 0.026033690658499236 0.0735930735930736
12 0.28254211332312407 0.8095238095238095 0.022970903522205207 0.0735930735930736
188 0.02756508422664625 0.2537878787878788 0.030627871362940276 0.1266233766233766
104 0.12021439509954059 0.23971861471861472 0.03215926493108729 0.09632034632034632
135 0.21592649310872894 0.23971861471861472 0.030627871362940276 0.09415584415584416
104 0.3215926493108729 0.23971861471861472 0.033690658499234305 0.08982683982683982
164 0.4196018376722818 0.21915584415584416 0.042879019908116385 0.09632034632034632
163 0.4678407350689127 0.22023809523809523 0.02909647779479326 0.09415584415584416
103 0.5237366003062788 0.2435064935064935 0.030627871362940276 0.09956709956709957
135 0.6232771822358346 0.24025974025974026 0.030627871362940276 0.09307359307359307
105 0.6998468606431854 0.23484848484848486 0.030627871362940276 0.08441558441558442
136 0.7947932618683002 0.23647186147186147 0.030627871362940276 0.0854978354978355
106 0.8713629402756509 0.2305194805194805 0.033690658499234305 0.0735930735930736
138 0.9663093415007658 0.22727272727272727 0.033690658499234305 0.08441558441558442
106 0.12174578866768761 0.4096320346320346 0.03522205206738132 0.07683982683982683
106 0.3208269525267994 0.4090909090909091 0.03522205206738132 0.07792207792207792
135 0.4119448698315467 0.41883116883116883 0.030627871362940276 0.09307359307359307
105 0.5229709035222052 0.4134199134199134 0.02909647779479326 0.08441558441558442
105 0.6998468606431854 0.4134199134199134 0.030627871362940276 0.08441558441558442
135 0.7947932618683002 0.4193722943722944 0.030627871362940276 0.09415584415584416
105 0.8705972434915774 0.4134199134199134 0.02909647779479326 0.08225108225108226
137 0.9663093415007658 0.4101731601731602 0.030627871362940276 0.07575757575757576
76 0.32542113323124044 0.6363636363636364 0.04134762633996937 0.09090909090909091
103 0.5742725880551302 0.6423160173160173 0.030627871362940276 0.09632034632034632
74 0.7067381316998469 0.6212121212121212 0.04134762633996937 0.09090909090909091
105 0.12021439509954059 0.8143939393939394 0.02909647779479326 0.08333333333333333
135 0.21592649310872894 0.8203463203463204 0.030627871362940276 0.09307359307359307
103 0.3208269525267994 0.8235930735930735 0.03215926493108729 0.10173160173160173
132 0.4203675344563553 0.8068181818181818 0.04747320061255743 0.08333333333333333
104 0.5237366003062788 0.8203463203463204 0.030627871362940276 0.09740259740259741
104 0.6983154670750383 0.8198051948051948 0.030627871362940276 0.09632034632034632
136 0.7947932618683002 0.816017316017316 0.030627871362940276 0.08658008658008658
104 0.8698315467075038 0.8203463203463204 0.030627871362940276 0.09740259740259741
134 0.9663093415007658 0.8241341991341992 0.030627871362940276 0.10064935064935066
189 0.0666156202143951 0.25432900432900435 0.04134762633996937 0.12554112554112554
