12 0.1669218989280245 0.1488095238095238 0.02450229709035222 0.07251082251082251
12 0.6163859111791731 0.5308441558441559 0.022970903522205207 0.07251082251082251
12 0.6156202143950996 0.704004329004329 0.02450229709035222 0.07034632034632035
166 0.043644716692189896 0.15367965367965367 0.03215926493108729 0.08874458874458875
168 0.10872894333843798 0.1488095238095238 0.045941807044410414 0.08766233766233766
161 0.21362940275650844 0.1747835497835498 0.02909647779479326 0.12012987012987013
168 0.2833078101071976 0.1672077922077922 0.033690658499234305 0.1266233766233766
165 0.3460949464012251 0.16558441558441558 0.030627871362940276 0.11255411255411256
168 0.4081163859111792 0.15854978354978355 0.04747320061255743 0.10930735930735931
163 0.4762633996937213 0.16125541125541126 0.030627871362940276 0.09956709956709957
168 0.5490045941807045 0.15422077922077923 0.03215926493108729 0.10281385281385282
165 0.608728943338438 0.1553030303030303 0.03215926493108729 0.08766233766233766
168 0.6745788667687596 0.14826839826839827 0.04747320061255743 0.08658008658008658
164 0.7450229709035222 0.1590909090909091 0.03215926493108729 0.09523809523809523
168 0.8108728943338438 0.15367965367965367 0.03215926493108729 0.10173160173160173
166 0.8782542113323124 0.15367965367965367 0.03215926493108729 0.08874458874458875
168 0.9433384379785605 0.14826839826839827 0.045941807044410414 0.08658008658008658
102 0.10336906584992343 0.5216450216450217 0.03215926493108729 0.09090909090909091
165 0.27947932618683 0.54004329004329 0.03215926493108729 0.10173160173160173
164 0.3300153139356815 0.5416666666666666 0.04134762633996937 0.09848484848484848
163 0.3905053598774885 0.5449134199134199 0.030627871362940276 0.10497835497835498
165 0.4525267993874426 0.5405844155844156 0.03215926493108729 0.10064935064935066
167 0.5130168453292496 0.5357142857142857 0.030627871362940276 0.09090909090909091
169 0.5712098009188362 0.5227272727272727 0.03981623277182236 0.09307359307359307
169 0.656967840735069 0.5211038961038961 0.030627871362940276 0.09848484848484848
168 0.715926493108729 0.525974025974026 0.03215926493108729 0.08441558441558442
171 0.7725880551301685 0.5108225108225108 0.03828483920367535 0.11038961038961038
170 0.827718223583461 0.5173160173160173 0.0444104134762634 0.10173160173160173
109 0.886676875957121 0.5167748917748918 0.036753445635528334 0.10497835497835498
168 0.05436447166921899 0.7186147186147186 0.03522205206738132 0.11904761904761904
168 0.15696784073506892 0.7186147186147186 0.0444104134762634 0.11904761904761904
19 0.22511485451761104 0.7002164502164502 0.04900459418070444 0.017316017316017316
168 0.7182235834609495 0.711038961038961 0.033690658499234305 0.11038961038961038
168 0.821592649310873 0.7115800865800865 0.0444104134762634 0.10497835497835498
19 0.8920367534456356 0.7007575757575758 0.04747320061255743 0.016233766233766232
