1 0.23133680555555555 0.029754601226993867 0.0546875 0.054601226993865035
12 0.1440972222222222 0.03496932515337423 0.013888888888888888 0.04171779141104295
12 0.5147569444444444 0.034662576687116566 0.01909722222222222 0.04110429447852761
12 0.7013888888888888 0.03496932515337423 0.01909722222222222 0.04049079754601227
12 0.9791666666666666 0.035276073619631906 0.01909722222222222 0.04110429447852761
1 0.23090277777777776 0.14754601226993866 0.057291666666666664 0.057055214723926384
12 0.9791666666666666 0.1521472392638037 0.01909722222222222 0.04171779141104295
12 0.14453125 0.1530674846625767 0.014756944444444444 0.04233128834355829
12 0.5143229166666666 0.15245398773006136 0.018229166666666664 0.04110429447852761
12 0.700954861111111 0.15245398773006136 0.018229166666666664 0.04110429447852761
1 0.2300347222222222 0.2904907975460123 0.05555555555555555 0.05582822085889571
12 0.14539930555555555 0.3058282208588957 0.016493055555555556 0.04233128834355829
12 0.5143229166666666 0.30552147239263805 0.018229166666666664 0.04171779141104295
12 0.7018229166666666 0.3058282208588957 0.019965277777777776 0.04233128834355829
12 0.9796006944444444 0.30644171779141105 0.018229166666666664 0.04110429447852761
14 0.8914930555555555 0.3003067484662577 0.013888888888888888 0.009202453987730062
1 0.23046875 0.40674846625766875 0.0546875 0.05766871165644172
12 0.1440972222222222 0.4226993865030675 0.015625 0.04171779141104295
12 0.5147569444444444 0.4226993865030675 0.01909722222222222 0.04171779141104295
12 0.7013888888888888 0.4223926380368098 0.01909722222222222 0.04110429447852761
12 0.9796006944444444 0.4226993865030675 0.019965277777777776 0.04171779141104295
1 0.23133680555555555 0.5294478527607362 0.056423611111111105 0.05644171779141104
12 0.5164930555555556 0.5398773006134969 0.020833333333333332 0.04294478527607362
12 0.7013888888888888 0.5395705521472393 0.020833333333333332 0.04233128834355829
12 0.9791666666666666 0.5398773006134969 0.020833333333333332 0.04294478527607362
12 0.14366319444444445 0.5401840490797546 0.016493055555555556 0.04233128834355829
14 0.5611979166666666 0.6223926380368099 0.014756944444444444 0.010429447852760737
1 0.23090277777777776 0.651840490797546 0.05381944444444444 0.054601226993865035
12 0.515625 0.6567484662576687 0.020833333333333332 0.04233128834355829
12 0.700954861111111 0.6573619631901841 0.019965277777777776 0.04233128834355829
12 0.9787326388888888 0.6570552147239265 0.019965277777777776 0.04171779141104295
12 0.1440972222222222 0.6573619631901841 0.015625 0.04110429447852761
1 0.23046875 0.7687116564417178 0.0546875 0.05521472392638037
12 0.1440972222222222 0.7742331288343559 0.015625 0.04171779141104295
12 0.5143229166666666 0.7748466257668712 0.019965277777777776 0.04171779141104295
12 0.7013888888888888 0.7745398773006136 0.01909722222222222 0.04110429447852761
12 0.9791666666666666 0.7745398773006136 0.01909722222222222 0.04110429447852761
27 0.17491319444444445 0.03588957055214724 0.04427083333333333 0.04478527607361964
18 0.3828125 0.027607361963190184 0.027777777777777776 0.011042944785276074
18 0.5863715277777778 0.027914110429447855 0.02690972222222222 0.011656441717791411
18 0.8389756944444444 0.027914110429447855 0.02690972222222222 0.011656441717791411
37 0.1753472222222222 0.15828220858895706 0.043402777777777776 0.05766871165644172
18 0.3828125 0.14447852760736196 0.027777777777777776 0.011656441717791411
18 0.5863715277777778 0.14447852760736196 0.028645833333333332 0.011656441717791411
18 0.8394097222222222 0.14447852760736196 0.027777777777777776 0.011656441717791411
26 0.1753472222222222 0.3033742331288344 0.041666666666666664 0.07914110429447853
18 0.38324652777777773 0.2978527607361963 0.028645833333333332 0.011656441717791411
18 0.5863715277777778 0.2978527607361963 0.02690972222222222 0.010429447852760737
128 0.7291666666666666 0.3128834355828221 0.027777777777777776 0.05521472392638037
130 0.767361111111111 0.3076687116564417 0.020833333333333332 0.04846625766871166
102 0.8120659722222222 0.30092024539877305 0.021701388888888888 0.05337423312883436
104 0.8723958333333333 0.3104294478527608 0.020833333333333332 0.05276073619631902
137 0.9440104166666666 0.3058282208588957 0.021701388888888888 0.04355828220858896
26 0.1753472222222222 0.4208588957055215 0.041666666666666664 0.07975460122699388
126 0.3029513888888889 0.4337423312883436 0.03298611111111111 0.0687116564417178
128 0.3389756944444444 0.43006134969325155 0.02517361111111111 0.0588957055214724
99 0.3780381944444444 0.4251533742331289 0.0234375 0.049079754601226995
74 0.4453125 0.41840490797546015 0.024305555555555552 0.053987730061349694
18 0.5863715277777778 0.4153374233128835 0.02690972222222222 0.012269938650306749
18 0.8394097222222222 0.4153374233128835 0.026041666666666664 0.011042944785276074
28 0.17578125 0.5401840490797546 0.04427083333333333 0.04355828220858896
134 0.2999131944444444 0.545398773006135 0.021701388888888888 0.05644171779141104
134 0.33463541666666663 0.5457055214723927 0.028645833333333332 0.05582822085889571
103 0.3771701388888889 0.5469325153374234 0.021701388888888888 0.057055214723926384
75 0.4453125 0.5457055214723927 0.026041666666666664 0.057055214723926384
75 0.540798611111111 0.5460122699386504 0.024305555555555552 0.05766871165644172
19 0.6167534722222222 0.5377300613496933 0.030381944444444444 0.012883435582822086
18 0.8394097222222222 0.5319018404907976 0.026041666666666664 0.011042944785276074
27 0.17491319444444445 0.6576687116564418 0.04427083333333333 0.04539877300613497
140 0.2999131944444444 0.649079754601227 0.02517361111111111 0.05766871165644172
140 0.3368055555555555 0.6493865030674847 0.029513888888888888 0.05828220858895706
109 0.3784722222222222 0.649079754601227 0.026041666666666664 0.0588957055214724
81 0.4444444444444444 0.6493865030674847 0.027777777777777776 0.057055214723926384
81 0.5403645833333333 0.6493865030674847 0.02690972222222222 0.057055214723926384
20 0.6514756944444444 0.6349693251533742 0.018229166666666664 0.033128834355828224
18 0.8394097222222222 0.6395705521472393 0.026041666666666664 0.011656441717791411
37 0.1753472222222222 0.7797546012269939 0.043402777777777776 0.05766871165644172
138 0.29947916666666663 0.7720858895705522 0.022569444444444444 0.04846625766871166
138 0.3355034722222222 0.7720858895705522 0.02690972222222222 0.04846625766871166
107 0.37760416666666663 0.7717791411042946 0.022569444444444444 0.049079754601226995
79 0.4453125 0.7714723926380369 0.024305555555555552 0.049693251533742336
18 0.5868055555555555 0.7665644171779141 0.027777777777777776 0.010429447852760737
18 0.8394097222222222 0.7665644171779141 0.027777777777777776 0.011656441717791411
