12 0.2828282828282828 0.12178571428571429 0.01818181818181818 0.047857142857142855
12 0.5631313131313131 0.12214285714285714 0.021212121212121213 0.047142857142857146
12 0.8550505050505051 0.1225 0.01919191919191919 0.047857142857142855
12 0.2823232323232323 0.2675 0.01717171717171717 0.047857142857142855
12 0.5636363636363636 0.2675 0.01818181818181818 0.047857142857142855
12 0.8550505050505051 0.2675 0.01919191919191919 0.047857142857142855
12 0.2823232323232323 0.41285714285714287 0.01919191919191919 0.04857142857142857
12 0.5631313131313131 0.41285714285714287 0.021212121212121213 0.04857142857142857
12 0.8555555555555555 0.41285714285714287 0.0202020202020202 0.04857142857142857
12 0.8555555555555555 0.5578571428571428 0.0202020202020202 0.04857142857142857
12 0.2823232323232323 0.5582142857142857 0.01717171717171717 0.04642857142857143
12 0.5631313131313131 0.5578571428571428 0.01919191919191919 0.045714285714285714
12 0.8555555555555555 0.7035714285714286 0.0202020202020202 0.05
12 0.5631313131313131 0.7039285714285715 0.01919191919191919 0.047857142857142855
12 0.2833333333333333 0.7046428571428571 0.015151515151515152 0.047857142857142855
168 0.02727272727272727 0.41035714285714286 0.024242424242424242 0.05785714285714286
131 0.029292929292929294 0.7032142857142857 0.026262626262626262 0.055
139 0.02727272727272727 0.5532142857142857 0.026262626262626262 0.06357142857142857
131 0.03636363636363636 0.26821428571428574 0.03838383838383838 0.05071428571428571
167 0.05707070707070707 0.4135714285714286 0.031313131313131314 0.05285714285714286
134 0.09292929292929293 0.13 0.024242424242424242 0.06428571428571428
131 0.09393939393939393 0.28035714285714286 0.026262626262626262 0.075
139 0.09393939393939393 0.5521428571428572 0.028282828282828285 0.06142857142857143
136 0.09393939393939393 0.4142857142857143 0.024242424242424242 0.05142857142857143
134 0.1404040404040404 0.27785714285714286 0.026262626262626262 0.07142857142857142
139 0.1404040404040404 0.5528571428571428 0.028282828282828285 0.06285714285714286
136 0.1398989898989899 0.4132142857142857 0.025252525252525252 0.052142857142857144
136 0.1393939393939394 0.1275 0.024242424242424242 0.05928571428571429
16 0.1707070707070707 0.09821428571428571 0.01818181818181818 0.030714285714285715
140 0.19797979797979798 0.55 0.03232323232323232 0.06857142857142857
134 0.19646464646464645 0.2760714285714286 0.025252525252525252 0.06928571428571428
137 0.19545454545454546 0.4132142857142857 0.02727272727272727 0.05071428571428571
137 0.19696969696969696 0.12464285714285714 0.022222222222222223 0.055
134 0.24444444444444444 0.27464285714285713 0.03434343434343434 0.065
141 0.24646464646464647 0.5467857142857143 0.03838383838383838 0.07357142857142857
138 0.2474747474747475 0.40964285714285714 0.03232323232323232 0.056428571428571425
138 0.24545454545454545 0.11964285714285715 0.03232323232323232 0.056428571428571425
16 0.2883838383838384 0.5039285714285714 0.01717171717171717 0.03357142857142857
79 0.31414141414141417 0.11571428571428571 0.028282828282828285 0.06142857142857143
75 0.31262626262626264 0.2757142857142857 0.02727272727272727 0.06714285714285714
100 0.31414141414141417 0.7039285714285715 0.026262626262626262 0.05071428571428571
20 0.37626262626262624 0.7021428571428572 0.021212121212121213 0.03857142857142857
16 0.4161616161616162 0.24357142857142858 0.01818181818181818 0.03
16 0.41565656565656567 0.5460714285714285 0.01717171717171717 0.030714285714285715
109 0.4409090909090909 0.11321428571428571 0.03535353535353535 0.06928571428571428
108 0.4404040404040404 0.4075 0.026262626262626262 0.062142857142857146
19 0.44191919191919193 0.7010714285714286 0.03333333333333333 0.015
104 0.4398989898989899 0.565 0.025252525252525252 0.06428571428571428
106 0.4398989898989899 0.26857142857142857 0.029292929292929294 0.05285714285714286
108 0.5075757575757576 0.40714285714285714 0.02727272727272727 0.06142857142857143
106 0.5075757575757576 0.26821428571428574 0.02727272727272727 0.05071428571428571
104 0.5065656565656566 0.5639285714285714 0.025252525252525252 0.062142857142857146
16 0.5838383838383838 0.24321428571428572 0.01818181818181818 0.03214285714285714
77 0.6085858585858586 0.5614285714285714 0.02727272727272727 0.05857142857142857
78 0.6095959595959596 0.26785714285714285 0.029292929292929294 0.05142857142857143
100 0.6080808080808081 0.7039285714285715 0.028282828282828285 0.05071428571428571
20 0.6722222222222223 0.7021428571428572 0.021212121212121213 0.03428571428571429
79 0.7368686868686869 0.4092857142857143 0.02727272727272727 0.05714285714285714
76 0.7363636363636363 0.2735714285714286 0.028282828282828285 0.06285714285714286
77 0.7368686868686869 0.5614285714285714 0.02727272727272727 0.05857142857142857
100 0.7363636363636363 0.7035714285714286 0.028282828282828285 0.05142857142857143
20 0.7974747474747474 0.7025 0.023232323232323233 0.03785714285714286
131 0.09292929292929293 0.7178571428571429 0.026262626262626262 0.08142857142857143
80 0.31313131313131315 0.40714285714285714 0.028282828282828285 0.06285714285714286
83 0.31313131313131315 0.5442857142857143 0.028282828282828285 0.08
80 0.6080808080808081 0.40714285714285714 0.026262626262626262 0.06428571428571428
82 0.6090909090909091 0.11107142857142857 0.03232323232323232 0.07357142857142857
81 0.7383838383838384 0.11285714285714285 0.03232323232323232 0.06857142857142857
110 0.5085858585858586 0.11035714285714286 0.031313131313131314 0.075
