12 0.32542113323124044 0.19264069264069264 0.022970903522205207 0.07142857142857142
12 0.8560490045941808 0.19318181818181818 0.02450229709035222 0.07251082251082251
12 0.00995405819295559 0.19426406926406925 0.016845329249617153 0.07034632034632035
12 0.8560490045941808 0.4648268398268398 0.021439509954058193 0.07251082251082251
12 0.32618683001531396 0.4642857142857143 0.02450229709035222 0.06926406926406926
12 0.009188361408882083 0.4659090909090909 0.015313935681470138 0.06818181818181818
12 0.00995405819295559 0.7375541125541125 0.016845329249617153 0.07683982683982683
12 0.8568147013782542 0.737012987012987 0.022970903522205207 0.07142857142857142
12 0.32542113323124044 0.737012987012987 0.022970903522205207 0.06926406926406926
15 0.06049004594180705 0.12175324675324675 0.03215926493108729 0.05952380952380952
21 0.42496171516079634 0.15963203463203463 0.03522205206738132 0.03571428571428571
15 0.5061255742725881 0.15800865800865802 0.03215926493108729 0.05844155844155844
138 0.5436447166921899 0.18885281385281386 0.03981623277182236 0.0854978354978355
15 0.6263399693721287 0.1406926406926407 0.033690658499234305 0.05844155844155844
140 0.6653905053598775 0.18073593073593072 0.03828483920367535 0.1038961038961039
15 0.7473200612557428 0.12175324675324675 0.030627871362940276 0.05735930735930736
142 0.7787136294027566 0.16883116883116883 0.056661562021439515 0.12987012987012986
15 0.058958652373660034 0.4296536796536797 0.03215926493108729 0.05844155844155844
79 0.09724349157733538 0.461038961038961 0.03828483920367535 0.08874458874458875
21 0.42572741194486985 0.43073593073593075 0.033690658499234305 0.03463203463203463
134 0.545176110260337 0.4772727272727273 0.03981623277182236 0.09956709956709957
15 0.6263399693721287 0.4475108225108225 0.033690658499234305 0.05735930735930736
136 0.666156202143951 0.4659090909090909 0.036753445635528334 0.07900432900432901
15 0.7480857580398163 0.4296536796536797 0.03215926493108729 0.05627705627705628
138 0.77947932618683 0.461038961038961 0.045941807044410414 0.08658008658008658
15 0.05742725880551302 0.6942640692640693 0.03215926493108729 0.05952380952380952
80 0.09800918836140889 0.7283549783549783 0.03981623277182236 0.09307359307359307
21 0.42496171516079634 0.702922077922078 0.03522205206738132 0.03571428571428571
15 0.5053598774885145 0.7283549783549783 0.033690658499234305 0.05844155844155844
135 0.545176110260337 0.7451298701298701 0.03981623277182236 0.09199134199134198
15 0.6263399693721287 0.7104978354978355 0.033690658499234305 0.05735930735930736
137 0.666156202143951 0.7375541125541125 0.042879019908116385 0.07683982683982683
15 0.7465543644716692 0.6920995670995671 0.03215926493108729 0.05735930735930736
139 0.7787136294027566 0.7294372294372294 0.05053598774885146 0.09523809523809523
83 0.10183767228177643 0.170995670995671 0.05053598774885146 0.12337662337662338
