12 0.8550295857988166 0.16234309623430962 0.020118343195266272 0.05690376569037656
12 0.38402366863905324 0.3079497907949791 0.020118343195266272 0.05690376569037656
12 0.8550295857988166 0.3079497907949791 0.020118343195266272 0.05690376569037656
12 0.8550295857988166 0.4535564853556485 0.020118343195266272 0.05690376569037656
12 0.38402366863905324 0.4535564853556485 0.020118343195266272 0.05523012552301255
12 0.8550295857988166 0.7610878661087865 0.022485207100591716 0.05774058577405857
12 0.44911242603550294 0.7615062761506276 0.020118343195266272 0.05690376569037656
12 0.14792899408284024 0.7615062761506276 0.021301775147928994 0.05523012552301255
12 0.1485207100591716 0.911297071129707 0.022485207100591716 0.05690376569037656
12 0.44911242603550294 0.9117154811715481 0.022485207100591716 0.05774058577405857
12 0.8550295857988166 0.9108786610878661 0.022485207100591716 0.056066945606694556
12 0.385207100591716 0.16234309623430962 0.022485207100591716 0.05690376569037656
20 0.06094674556213018 0.15941422594142257 0.02485207100591716 0.046025104602510455
21 0.18106508875739646 0.16234309623430962 0.028402366863905328 0.02845188284518828
15 0.21597633136094674 0.13430962343096234 0.02485207100591716 0.04435146443514644
138 0.2455621301775148 0.15857740585774058 0.02958579881656805 0.06778242677824267
140 0.3005917159763314 0.15230125523012553 0.033136094674556214 0.07866108786610879
141 0.3485207100591716 0.14853556485355648 0.039053254437869826 0.08786610878661087
142 0.421301775147929 0.14518828451882845 0.03550295857988166 0.09288702928870292
15 0.45680473372781066 0.13430962343096234 0.023668639053254437 0.04435146443514644
138 0.4869822485207101 0.1589958158995816 0.02958579881656805 0.06694560669456066
140 0.5538461538461539 0.15230125523012553 0.03076923076923077 0.07866108786610879
141 0.6005917159763313 0.14895397489539747 0.039053254437869826 0.08702928870292886
142 0.6692307692307692 0.14518828451882845 0.036686390532544376 0.09790794979079498
138 0.7189349112426036 0.15941422594142257 0.02958579881656805 0.06778242677824267
140 0.7686390532544379 0.1527196652719665 0.03195266272189349 0.0794979079497908
141 0.814792899408284 0.14895397489539747 0.039053254437869826 0.08702928870292886
133 0.06627218934911243 0.30418410041841004 0.03076923076923077 0.06610878661087866
132 0.11538461538461539 0.30627615062761504 0.02958579881656805 0.06192468619246862
15 0.15088757396449703 0.3288702928870293 0.02485207100591716 0.04518828451882845
100 0.18224852071005918 0.30836820083682004 0.03076923076923077 0.059414225941422594
20 0.2958579881656805 0.305020920502092 0.02603550295857988 0.046025104602510455
21 0.42071005917159765 0.30836820083682004 0.02958579881656805 0.02928870292887029
135 0.49053254437869825 0.300418410041841 0.036686390532544376 0.07531380753138076
133 0.5532544378698225 0.30376569037656903 0.02958579881656805 0.06694560669456066
132 0.6035502958579881 0.30669456066945605 0.03076923076923077 0.06108786610878661
15 0.6384615384615385 0.3288702928870293 0.02485207100591716 0.04518828451882845
131 0.6745562130177515 0.300836820083682 0.04260355029585799 0.07447698744769873
135 0.7195266272189349 0.300418410041841 0.028402366863905328 0.07531380753138076
133 0.7674556213017751 0.300836820083682 0.02958579881656805 0.07280334728033472
132 0.8171597633136095 0.300836820083682 0.02958579881656805 0.07280334728033472
15 0.03550295857988166 0.44686192468619246 0.02603550295857988 0.04518828451882845
135 0.06449704142011835 0.4606694560669456 0.02958579881656805 0.0711297071129707
134 0.11242603550295859 0.4627615062761506 0.03550295857988166 0.07531380753138076
102 0.1816568047337278 0.44728033472803347 0.03195266272189349 0.07280334728033472
20 0.29526627218934914 0.4510460251046025 0.02485207100591716 0.04518828451882845
21 0.42071005917159765 0.45439330543933054 0.027218934911242602 0.02845188284518828
137 0.48579881656804735 0.45732217573221756 0.02958579881656805 0.06610878661087866
15 0.5230769230769231 0.44686192468619246 0.02603550295857988 0.04518828451882845
135 0.5514792899408284 0.4602510460251046 0.03076923076923077 0.07196652719665271
134 0.598224852071006 0.4627615062761506 0.039053254437869826 0.07698744769874477
133 0.6674556213017752 0.4627615062761506 0.03076923076923077 0.07698744769874477
137 0.7183431952662722 0.4615062761506276 0.03076923076923077 0.07447698744769873
135 0.7656804733727811 0.46192468619246857 0.03076923076923077 0.07364016736401673
134 0.8118343195266272 0.4623430962343096 0.040236686390532544 0.07447698744769873
105 0.09585798816568047 0.7640167364016736 0.03076923076923077 0.06527196652719665
105 0.20118343195266272 0.7644351464435146 0.028402366863905328 0.06610878661087866
76 0.2692307692307692 0.7686192468619246 0.03195266272189349 0.07447698744769873
103 0.39644970414201186 0.7698744769874476 0.03076923076923077 0.0803347280334728
133 0.4804733727810651 0.7686192468619246 0.03076923076923077 0.07447698744769873
135 0.5307692307692308 0.7644351464435146 0.02958579881656805 0.06610878661087866
137 0.5822485207100592 0.7615062761506276 0.03076923076923077 0.0602510460251046
15 0.6136094674556213 0.7259414225941422 0.02485207100591716 0.046025104602510455
139 0.6396449704142012 0.7543933054393305 0.039053254437869826 0.07280334728033472
140 0.6905325443786983 0.7510460251046025 0.03195266272189349 0.07782426778242678
141 0.736094674556213 0.7481171548117155 0.03076923076923077 0.08870292887029288
142 0.7834319526627219 0.7451882845188285 0.03550295857988166 0.09790794979079498
140 0.821301775147929 0.7514644351464435 0.03550295857988166 0.0803347280334728
101 0.03017751479289941 0.9079497907949791 0.02958579881656805 0.06694560669456066
20 0.09112426035502959 0.90836820083682 0.02603550295857988 0.046025104602510455
15 0.1715976331360947 0.9317991631799163 0.02603550295857988 0.046025104602510455
100 0.2029585798816568 0.911297071129707 0.02958579881656805 0.05857740585774058
20 0.2644970414201184 0.9087866108786611 0.027218934911242602 0.04686192468619246
101 0.33076923076923076 0.90836820083682 0.02958579881656805 0.06610878661087866
20 0.3923076923076923 0.9087866108786611 0.027218934911242602 0.04686192468619246
99 0.4816568047337278 0.9146443514644351 0.03076923076923077 0.06694560669456066
20 0.5775147928994083 0.9087866108786611 0.02603550295857988 0.04686192468619246
20 0.6863905325443788 0.909205020920502 0.02603550295857988 0.046025104602510455
106 0.7816568047337278 0.9108786610878661 0.03195266272189349 0.06108786610878661
