12 0.3418410041841004 0.12211709047900651 0.019246861924686193 0.041986989946777055
12 0.8209205020920501 0.12300413956238913 0.016736401673640166 0.04494382022471911
12 0.8209205020920501 0.2300413956238912 0.016736401673640166 0.04139562389118865
12 0.3414225941422594 0.2300413956238912 0.0200836820083682 0.040212891780011834
12 0.3414225941422594 0.3379657007687759 0.0200836820083682 0.03962152572442342
12 0.8205020920502092 0.3379657007687759 0.017573221757322174 0.03962152572442342
12 0.3414225941422594 0.44589000591366057 0.0200836820083682 0.040212891780011834
12 0.8205020920502092 0.44618568894145477 0.017573221757322174 0.04080425783560024
12 0.3414225941422594 0.5538143110585453 0.01841004184100418 0.04080425783560024
12 0.8209205020920501 0.5541099940863395 0.016736401673640166 0.04139562389118865
12 0.3414225941422594 0.6620342992312241 0.01841004184100418 0.03962152572442342
12 0.8205020920502092 0.6626256652868125 0.017573221757322174 0.04080425783560024
12 0.3414225941422594 0.8010053222945004 0.01841004184100418 0.03962152572442342
12 0.3422594142259414 0.9396806623299824 0.016736401673640166 0.04139562389118865
12 0.8209205020920501 0.8007096392667061 0.016736401673640166 0.04139562389118865
12 0.8213389121338912 0.9405677114133649 0.015899581589958158 0.04080425783560024
18 0.5953974895397489 0.1147250147841514 0.02594142259414226 0.011827321111768185
18 0.594979079497908 0.22205795387344768 0.026778242677824266 0.011235955056179777
18 0.5953974895397489 0.3302779420461266 0.02594142259414226 0.011235955056179777
18 0.5953974895397489 0.43879361324659966 0.02594142259414226 0.010644589000591367
18 0.5953974895397489 0.5470136014192786 0.02594142259414226 0.010644589000591367
97 0.2108786610878661 0.6691306918982851 0.02510460251046025 0.05617977528089888
21 0.5506276150627615 0.6623299822590184 0.0200836820083682 0.020106445890005917
127 0.7736401673640166 0.6717918391484329 0.03430962343096234 0.06150206978119457
18 0.5958158995815899 0.7838557066824365 0.026778242677824266 0.011235955056179777
18 0.5953974895397489 0.9228267297457127 0.027615062761506274 0.011235955056179777
95 0.07322175732217573 0.6741573033707866 0.024267782426778243 0.06505026611472502
95 0.4138075313807531 0.6741573033707866 0.024267782426778243 0.06505026611472502
95 0.6297071129707112 0.6741573033707866 0.024267782426778243 0.06505026611472502
