12 0.1439509954058193 0.18073593073593072 0.021439509954058193 0.07142857142857142
12 0.14548238897396631 0.34145021645021645 0.02450229709035222 0.07034632034632035
12 0.14624808575803983 0.5303030303030303 0.022970903522205207 0.07575757575757576
14 0.7465543644716692 0.573051948051948 0.016845329249617153 0.011904761904761904
12 0.14548238897396631 0.6904761904761905 0.021439509954058193 0.07142857142857142
12 0.9670750382848392 0.9053030303030303 0.022970903522205207 0.07251082251082251
12 0.14548238897396631 0.9058441558441559 0.021439509954058193 0.06926406926406926
8 0.2955589586523737 0.19696969696969696 0.10107197549770292 0.08441558441558442
8 0.2963246554364472 0.3587662337662338 0.0995405819295559 0.0854978354978355
8 0.29785604900459417 0.5243506493506493 0.10260336906584992 0.09199134199134198
8 0.2986217457886677 0.6818181818181818 0.10107197549770292 0.08658008658008658
8 0.2955589586523737 0.9237012987012987 0.10107197549770292 0.0854978354978355
33 0.19525267993874426 0.19642857142857142 0.06891271056661562 0.10930735930735931
107 0.42725880551301687 0.1764069264069264 0.030627871362940276 0.08658008658008658
103 0.5719754977029097 0.19318181818181818 0.03215926493108729 0.10064935064935066
104 0.7174578866768759 0.19101731601731603 0.03215926493108729 0.09848484848484848
101 0.8637059724349158 0.1764069264069264 0.033690658499234305 0.08441558441558442
33 0.19525267993874426 0.3566017316017316 0.06891271056661562 0.10930735930735931
133 0.4333843797856049 0.3327922077922078 0.045941807044410414 0.09415584415584416
133 0.5 0.33495670995670995 0.03215926493108729 0.09199134199134198
132 0.5719754977029097 0.3365800865800866 0.03215926493108729 0.08874458874458875
131 0.6447166921898928 0.33766233766233766 0.036753445635528334 0.08658008658008658
132 0.722052067381317 0.34145021645021645 0.0444104134762634 0.07683982683982683
131 0.7894333843797856 0.34145021645021645 0.03522205206738132 0.07900432900432901
130 0.8621745788667688 0.3457792207792208 0.036753445635528334 0.0854978354978355
15 0.9188361408882083 0.38636363636363635 0.02756508422664625 0.05194805194805195
129 0.9525267993874426 0.35064935064935066 0.033690658499234305 0.09307359307359307
34 0.19448698315467075 0.520021645021645 0.07350689127105667 0.08982683982683982
74 0.4349157733537519 0.5227272727272727 0.042879019908116385 0.09307359307359307
129 0.7166921898928025 0.5378787878787878 0.036753445635528334 0.09740259740259741
130 0.9601837672281777 0.5340909090909091 0.04900459418070444 0.08333333333333333
27 0.19295558958652376 0.6893939393939394 0.07044410413476264 0.07792207792207792
15 0.3943338437978561 0.7088744588744589 0.02909647779479326 0.049783549783549784
73 0.4341500765696784 0.6861471861471862 0.04134762633996937 0.08441558441558442
74 0.7243491577335376 0.6807359307359307 0.042879019908116385 0.08874458874458875
33 0.19525267993874426 0.9226190476190477 0.06891271056661562 0.11147186147186147
77 0.4241960183767228 0.9096320346320347 0.03981623277182236 0.08333333333333333
136 0.7021439509954058 0.9058441558441559 0.03215926493108729 0.07792207792207792
136 0.7695252679938744 0.9058441558441559 0.03215926493108729 0.07792207792207792
137 0.8376722817764166 0.9058441558441559 0.033690658499234305 0.07575757575757576
138 0.9004594180704442 0.902056277056277 0.042879019908116385 0.08333333333333333
