12 0.35987748851454826 0.37662337662337664 0.021439509954058193 0.07142857142857142
12 0.36064318529862177 0.5622294372294372 0.01990811638591118 0.07251082251082251
26 0.40888208269525267 0.3777056277056277 0.07044410413476264 0.1341991341991342
22 0.6225114854517612 0.3841991341991342 0.03828483920367535 0.049783549783549784
162 0.6883614088820827 0.39556277056277056 0.03828483920367535 0.11580086580086581
164 0.7664624808575804 0.39285714285714285 0.03828483920367535 0.1038961038961039
166 0.8330781010719756 0.38636363636363635 0.05206738131699847 0.09740259740259741
167 0.9104134762633997 0.37987012987012986 0.03828483920367535 0.09090909090909091
166 0.9793261868300154 0.3841991341991342 0.03828483920367535 0.09523809523809523
27 0.4081163859111792 0.5622294372294372 0.07197549770290965 0.07683982683982683
108 0.6194486983154671 0.553030303030303 0.03522205206738132 0.09090909090909091
106 0.9111791730474732 0.5627705627705628 0.03981623277182236 0.07575757575757576
