12 0.14318529862174578 0.18073593073593072 0.01990811638591118 0.07142857142857142
12 0.6523736600306279 0.18019480519480519 0.021439509954058193 0.07034632034632035
14 0.9019908116385912 0.1893939393939394 0.021439509954058193 0.015151515151515152
12 0.14548238897396631 0.375 0.021439509954058193 0.07251082251082251
12 0.6531393568147014 0.375 0.022970903522205207 0.06818181818181818
12 0.1439509954058193 0.5692640692640693 0.021439509954058193 0.06926406926406926
12 0.6531393568147014 0.5703463203463204 0.01990811638591118 0.06493506493506493
12 0.1439509954058193 0.7635281385281385 0.02450229709035222 0.06818181818181818
12 0.6539050535987749 0.7624458874458875 0.021439509954058193 0.07034632034632035
14 0.3514548238897397 0.7732683982683982 0.01990811638591118 0.016233766233766232
14 0.4831546707503829 0.2435064935064935 0.03215926493108729 0.01948051948051948
14 0.48009188361408883 0.45454545454545453 0.022970903522205207 0.01948051948051948
14 0.9035222052067382 0.6152597402597403 0.02756508422664625 0.0183982683982684
14 0.9027565084226646 0.7738095238095238 0.022970903522205207 0.017316017316017316
14 0.48009188361408883 0.8073593073593074 0.02909647779479326 0.017316017316017316
127 0.3208269525267994 0.2002164502164502 0.06278713629402757 0.11255411255411256
21 0.37059724349157736 0.18181818181818182 0.03981623277182236 0.0367965367965368
96 0.439509954058193 0.2002164502164502 0.045941807044410414 0.11038961038961038
21 0.607197549770291 0.18235930735930736 0.03828483920367535 0.03787878787878788
15 0.6830015313935682 0.17586580086580086 0.030627871362940276 0.06818181818181818
104 0.7243491577335376 0.18831168831168832 0.03981623277182236 0.08874458874458875
102 0.8637059724349158 0.17207792207792208 0.036753445635528334 0.09307359307359307
126 0.31929555895865236 0.39826839826839827 0.06891271056661562 0.11904761904761904
21 0.37136294027565087 0.37445887445887444 0.03828483920367535 0.0367965367965368
15 0.3989280245022971 0.45670995670995673 0.03215926493108729 0.0670995670995671
21 0.6079632465543645 0.3760822510822511 0.03981623277182236 0.03787878787878788
130 0.7297090352220521 0.3804112554112554 0.04747320061255743 0.08766233766233766
15 0.7641653905053599 0.4025974025974026 0.030627871362940276 0.0670995670995671
131 0.8062787136294028 0.3739177489177489 0.03828483920367535 0.08116883116883117
131 0.8667687595712098 0.3760822510822511 0.04900459418070444 0.07900432900432901
130 0.9196018376722818 0.38095238095238093 0.03828483920367535 0.08658008658008658
15 0.9601837672281777 0.420995670995671 0.030627871362940276 0.0670995670995671
28 0.2006125574272588 0.5670995670995671 0.07963246554364473 0.09740259740259741
15 0.27029096477794795 0.6222943722943723 0.03215926493108729 0.07142857142857142
128 0.3238897396630934 0.5827922077922078 0.056661562021439515 0.10064935064935066
21 0.37136294027565087 0.5340909090909091 0.03828483920367535 0.04004329004329004
129 0.4433384379785605 0.5806277056277056 0.05053598774885146 0.09415584415584416
130 0.498468606431853 0.5784632034632035 0.03828483920367535 0.07683982683982683
130 0.557427258805513 0.5762987012987013 0.045941807044410414 0.08333333333333333
129 0.6110260336906586 0.5817099567099567 0.03981623277182236 0.09199134199134198
101 0.7258805513016846 0.564935064935065 0.03981623277182236 0.08441558441558442
98 0.8606431852986218 0.579004329004329 0.042879019908116385 0.09740259740259741
27 0.21286370597243492 0.7656926406926406 0.09188361408882083 0.08766233766233766
132 0.31470137825421135 0.7613636363636364 0.05053598774885146 0.07900432900432901
162 0.4004594180704441 0.7613636363636364 0.03828483920367535 0.07900432900432901
21 0.607197549770291 0.7288961038961039 0.03828483920367535 0.03571428571428571
131 0.7243491577335376 0.7646103896103896 0.042879019908116385 0.07683982683982683
15 0.821592649310873 0.7721861471861472 0.03522205206738132 0.07467532467532467
26 0.20137825421133232 0.18235930735930736 0.07503828483920368 0.15692640692640691
26 0.1998468606431853 0.3782467532467532 0.07503828483920368 0.15692640692640691
94 0.442572741194487 0.40205627705627706 0.045941807044410414 0.12878787878787878
97 0.4387442572741195 0.777056277056277 0.04134762633996937 0.1038961038961039
102 0.8637059724349158 0.7554112554112554 0.033690658499234305 0.09307359307359307
