12 0.1440972222222222 0.09233128834355829 0.013888888888888888 0.04233128834355829
12 0.75 0.09263803680981596 0.020833333333333332 0.04049079754601227
12 0.7495659722222222 0.20122699386503068 0.019965277777777776 0.04171779141104295
12 0.1440972222222222 0.201840490797546 0.013888888888888888 0.04171779141104295
12 0.14453125 0.45061349693251534 0.013020833333333332 0.04233128834355829
12 0.8328993055555555 0.45061349693251534 0.018229166666666664 0.04110429447852761
12 0.14453125 0.552760736196319 0.013020833333333332 0.04171779141104295
12 0.8328993055555555 0.5524539877300614 0.019965277777777776 0.04110429447852761
12 0.14453125 0.6779141104294479 0.014756944444444444 0.04294478527607362
12 0.83203125 0.6782208588957056 0.021701388888888888 0.04233128834355829
12 0.1440972222222222 0.7800613496932516 0.013888888888888888 0.04233128834355829
12 0.8328993055555555 0.7800613496932516 0.021701388888888888 0.04233128834355829
26 0.17274305555555555 0.09079754601226994 0.041666666666666664 0.07730061349693251
140 0.36328125 0.09233128834355829 0.030381944444444444 0.07546012269938651
136 0.5581597222222222 0.09846625766871166 0.022569444444444444 0.057055214723926384
133 0.685329861111111 0.10061349693251534 0.030381944444444444 0.06257668711656442
140 0.9153645833333333 0.08527607361963191 0.02517361111111111 0.0588957055214724
27 0.17230902777777776 0.2 0.04600694444444444 0.04539877300613497
164 0.23871527777777776 0.1950920245398773 0.029513888888888888 0.05644171779141104
163 0.2673611111111111 0.1950920245398773 0.024305555555555552 0.05644171779141104
164 0.3003472222222222 0.1950920245398773 0.022569444444444444 0.05644171779141104
163 0.3315972222222222 0.19539877300613498 0.022569444444444444 0.05582822085889571
164 0.36762152777777773 0.19478527607361965 0.028645833333333332 0.057055214723926384
163 0.39713541666666663 0.1950920245398773 0.0234375 0.05644171779141104
164 0.43012152777777773 0.1950920245398773 0.0234375 0.05644171779141104
163 0.4618055555555555 0.1950920245398773 0.022569444444444444 0.05644171779141104
163 0.4973958333333333 0.1960122699386503 0.029513888888888888 0.054601226993865035
162 0.52734375 0.19631901840490798 0.0234375 0.05521472392638037
163 0.5594618055555555 0.1960122699386503 0.0234375 0.054601226993865035
162 0.5920138888888888 0.19631901840490798 0.022569444444444444 0.05521472392638037
163 0.6271701388888888 0.19570552147239265 0.028645833333333332 0.053987730061349694
162 0.6575520833333333 0.1960122699386503 0.0234375 0.054601226993865035
163 0.6896701388888888 0.1960122699386503 0.0234375 0.054601226993865035
162 0.72265625 0.1960122699386503 0.0234375 0.054601226993865035
164 0.7886284722222222 0.1950920245398773 0.028645833333333332 0.05644171779141104
163 0.8177083333333333 0.1950920245398773 0.024305555555555552 0.05644171779141104
164 0.8506944444444444 0.19539877300613498 0.022569444444444444 0.05582822085889571
163 0.8819444444444444 0.19539877300613498 0.022569444444444444 0.05582822085889571
164 0.91796875 0.1950920245398773 0.028645833333333332 0.05644171779141104
163 0.9479166666666666 0.19539877300613498 0.024305555555555552 0.05582822085889571
164 0.9809027777777777 0.19539877300613498 0.022569444444444444 0.05582822085889571
26 0.17230902777777776 0.4493865030674847 0.04079861111111111 0.07668711656441718
15 0.21310763888888887 0.4457055214723927 0.018229166666666664 0.03251533742331288
15 0.49609375 0.4303680981595092 0.019965277777777776 0.03251533742331288
27 0.17317708333333331 0.5512269938650307 0.04600694444444444 0.04601226993865031
131 0.23871527777777776 0.5386503067484663 0.03645833333333333 0.0736196319018405
138 0.3103298611111111 0.5383435582822086 0.0234375 0.07300613496932516
133 0.3862847222222222 0.5389570552147239 0.024305555555555552 0.07300613496932516
132 0.4618055555555555 0.5392638036809816 0.024305555555555552 0.07239263803680981
131 0.5416666666666666 0.5389570552147239 0.034722222222222224 0.07300613496932516
138 0.61328125 0.5383435582822086 0.0234375 0.07177914110429448
135 0.6888020833333333 0.5392638036809816 0.021701388888888888 0.07239263803680981
133 0.7643229166666666 0.5389570552147239 0.0234375 0.07300613496932516
26 0.17274305555555555 0.6769938650306749 0.041666666666666664 0.07668711656441718
166 0.234375 0.6791411042944786 0.022569444444444444 0.046625766871165646
170 0.27734375 0.6711656441717792 0.02690972222222222 0.060122699386503074
166 0.3098958333333333 0.6788343558282209 0.022569444444444444 0.04601226993865031
170 0.3489583333333333 0.6714723926380368 0.03298611111111111 0.06319018404907976
166 0.3862847222222222 0.6791411042944786 0.022569444444444444 0.046625766871165646
170 0.42838541666666663 0.6711656441717792 0.02690972222222222 0.060122699386503074
166 0.4618055555555555 0.6785276073619633 0.022569444444444444 0.04539877300613497
170 0.5 0.6714723926380368 0.03298611111111111 0.06319018404907976
166 0.5377604166666666 0.6788343558282209 0.021701388888888888 0.04601226993865031
170 0.5794270833333333 0.6711656441717792 0.02690972222222222 0.060122699386503074
166 0.6128472222222222 0.6788343558282209 0.022569444444444444 0.04601226993865031
170 0.6519097222222222 0.6714723926380368 0.03298611111111111 0.06319018404907976
166 0.6888020833333333 0.6794478527607363 0.021701388888888888 0.04601226993865031
170 0.73046875 0.6711656441717792 0.02690972222222222 0.060122699386503074
166 0.7643229166666666 0.6785276073619633 0.021701388888888888 0.04539877300613497
170 0.8029513888888888 0.6714723926380368 0.03125 0.06319018404907976
27 0.17230902777777776 0.7757668711656442 0.04427083333333333 0.03619631901840491
18 0.51171875 0.7720858895705522 0.03211805555555555 0.012883435582822086
22 0.86328125 0.7858895705521473 0.021701388888888888 0.030674846625766874
161 0.9053819444444444 0.7785276073619632 0.029513888888888888 0.049079754601226995
162 0.9396701388888888 0.7766871165644172 0.0234375 0.05030674846625767
163 0.9769965277777777 0.7742331288343559 0.021701388888888888 0.053987730061349694
