12 0.2120980091883614 0.07305194805194805 0.026033690658499236 0.07034632034632035
12 0.8560490045941808 0.07413419913419914 0.02450229709035222 0.07034632034632035
12 0.2113323124042879 0.2635281385281385 0.02756508422664625 0.07034632034632035
12 0.8552833078101072 0.26406926406926406 0.026033690658499236 0.06926406926406926
12 0.2105666156202144 0.5048701298701299 0.022970903522205207 0.07251082251082251
12 0.8552833078101072 0.5043290043290043 0.022970903522205207 0.07142857142857142
12 0.2105666156202144 0.7445887445887446 0.022970903522205207 0.06926406926406926
12 0.8560490045941808 0.7456709956709957 0.021439509954058193 0.07142857142857142
20 0.2542113323124043 0.07142857142857142 0.033690658499234305 0.05627705627705628
21 0.5513016845329249 0.07521645021645022 0.036753445635528334 0.03571428571428571
21 0.6286370597243491 0.07521645021645022 0.03522205206738132 0.03571428571428571
20 0.7021439509954058 0.07088744588744589 0.03215926493108729 0.05735930735930736
20 0.2542113323124043 0.26136363636363635 0.033690658499234305 0.05735930735930736
102 0.42496171516079634 0.2564935064935065 0.03828483920367535 0.09090909090909091
19 0.5513016845329249 0.2597402597402597 0.045941807044410414 0.017316017316017316
19 0.26033690658499237 0.5005411255411255 0.04900459418070444 0.0183982683982684
71 0.5551301684532925 0.5091991341991342 0.04134762633996937 0.08982683982683982
20 0.2549770290964778 0.7429653679653679 0.03522205206738132 0.05735930735930736
99 0.4241960183767228 0.7510822510822511 0.042879019908116385 0.08874458874458875
130 0.557427258805513 0.7510822510822511 0.04900459418070444 0.08441558441558442
130 0.6316998468606432 0.7505411255411255 0.0444104134762634 0.08766233766233766
21 0.7075038284839203 0.7467532467532467 0.036753445635528334 0.0367965367965368
130 0.7955589586523737 0.7510822510822511 0.056661562021439515 0.08225108225108226
18 0.5336906584992344 0.9724025974025974 0.04747320061255743 0.0183982683982684
