12 0.52734375 0.1187116564417178 0.019965277777777776 0.04110429447852761
12 0.5277777777777778 0.22024539877300614 0.01909722222222222 0.04049079754601227
14 0.4314236111111111 0.21595092024539878 0.012152777777777776 0.0098159509202454
14 0.15494791666666666 0.22607361963190187 0.014756944444444444 0.011656441717791411
14 0.8194444444444444 0.22638036809815953 0.013888888888888888 0.012269938650306749
14 0.5824652777777778 0.22607361963190187 0.012152777777777776 0.009202453987730062
14 0.700954861111111 0.23588957055214727 0.013020833333333332 0.011656441717791411
14 0.03602430555555555 0.23619631901840493 0.013020833333333332 0.011042944785276074
14 0.2730034722222222 0.2365030674846626 0.013020833333333332 0.011656441717791411
14 0.9379340277777777 0.23619631901840493 0.013020833333333332 0.011042944785276074
14 0.5824652777777778 0.23588957055214727 0.012152777777777776 0.009202453987730062
12 0.5277777777777778 0.3460122699386503 0.020833333333333332 0.04049079754601227
12 0.52734375 0.44785276073619634 0.019965277777777776 0.04049079754601227
12 0.3159722222222222 0.6972392638036811 0.01909722222222222 0.04110429447852761
12 0.8745659722222222 0.6972392638036811 0.018229166666666664 0.04110429447852761
12 0.8741319444444444 0.800920245398773 0.017361111111111112 0.04233128834355829
12 0.3159722222222222 0.8012269938650307 0.017361111111111112 0.04171779141104295
14 0.24045138888888887 0.7957055214723927 0.012152777777777776 0.0098159509202454
14 0.7981770833333333 0.795398773006135 0.011284722222222222 0.009202453987730062
14 0.5672743055555555 0.8058282208588957 0.013020833333333332 0.011656441717791411
14 0.3706597222222222 0.8058282208588957 0.012152777777777776 0.010429447852760737
14 0.4678819444444444 0.8156441717791412 0.013888888888888888 0.011656441717791411
14 0.10850694444444443 0.8162576687116565 0.012152777777777776 0.010429447852760737
14 0.36979166666666663 0.8159509202453988 0.012152777777777776 0.0098159509202454
14 0.6662326388888888 0.8162576687116565 0.013020833333333332 0.010429447852760737
12 0.31684027777777773 0.9269938650306749 0.020833333333333332 0.04171779141104295
12 0.8745659722222222 0.9263803680981596 0.019965277777777776 0.04049079754601227
131 0.09635416666666666 0.11411042944785277 0.024305555555555552 0.05521472392638037
134 0.2556423611111111 0.11349693251533743 0.0234375 0.053987730061349694
15 0.31119791666666663 0.12423312883435583 0.019965277777777776 0.03251533742331288
133 0.33463541666666663 0.11349693251533743 0.0234375 0.053987730061349694
17 0.39322916666666663 0.1245398773006135 0.015625 0.033128834355828224
133 0.4140625 0.11349693251533743 0.022569444444444444 0.053987730061349694
163 0.4917534722222222 0.11349693251533743 0.021701388888888888 0.053987730061349694
22 0.5625 0.12515337423312883 0.022569444444444444 0.03190184049079755
131 0.76171875 0.11932515337423313 0.0234375 0.04355828220858896
103 0.9188368055555555 0.1254601226993865 0.0234375 0.05582822085889571
131 0.018663194444444444 0.22116564417177914 0.021701388888888888 0.04478527607361964
132 0.13715277777777776 0.22147239263803684 0.022569444444444444 0.04539877300613497
130 0.2552083333333333 0.22331288343558284 0.024305555555555552 0.05030674846625767
163 0.3802083333333333 0.21503067484662577 0.03645833333333333 0.05582822085889571
134 0.4136284722222222 0.21411042944785277 0.019965277777777776 0.05766871165644172
131 0.6822916666666666 0.22116564417177914 0.024305555555555552 0.04478527607361964
132 0.8012152777777777 0.2217791411042945 0.022569444444444444 0.04601226993865031
130 0.919704861111111 0.22331288343558284 0.0234375 0.05030674846625767
140 0.057291666666666664 0.3469325153374233 0.026041666666666664 0.07668711656441718
136 0.2938368055555555 0.35368098159509204 0.0234375 0.05950920245398773
133 0.44791666666666663 0.35521472392638037 0.03298611111111111 0.06257668711656442
140 0.7213541666666666 0.347239263803681 0.027777777777777776 0.07607361963190185
143 0.8802083333333333 0.33220858895705524 0.027777777777777776 0.07791411042944786
173 0.9583333333333333 0.3328220858895706 0.026041666666666664 0.07914110429447853
171 0.9904513888888888 0.3325153374233129 0.01909722222222222 0.07730061349693251
163 0.017361111111111112 0.4423312883435583 0.022569444444444444 0.05644171779141104
164 0.06076388888888889 0.4420245398773006 0.027777777777777776 0.057055214723926384
163 0.09722222222222221 0.4420245398773006 0.024305555555555552 0.05582822085889571
164 0.13758680555555555 0.4420245398773006 0.0234375 0.05582822085889571
163 0.1753472222222222 0.4423312883435583 0.022569444444444444 0.05644171779141104
163 0.2183159722222222 0.44294478527607367 0.028645833333333332 0.053987730061349694
162 0.2556423611111111 0.44325153374233134 0.0234375 0.054601226993865035
163 0.2947048611111111 0.44294478527607367 0.0234375 0.053987730061349694
162 0.3342013888888889 0.44325153374233134 0.022569444444444444 0.054601226993865035
163 0.3767361111111111 0.44294478527607367 0.029513888888888888 0.053987730061349694
162 0.4136284722222222 0.44325153374233134 0.0234375 0.054601226993865035
163 0.453125 0.44294478527607367 0.022569444444444444 0.053987730061349694
162 0.49262152777777773 0.44325153374233134 0.0234375 0.054601226993865035
164 0.5672743055555555 0.4420245398773006 0.028645833333333332 0.057055214723926384
163 0.6041666666666666 0.4420245398773006 0.024305555555555552 0.05582822085889571
164 0.6440972222222222 0.4420245398773006 0.022569444444444444 0.05582822085889571
163 0.6822916666666666 0.4420245398773006 0.022569444444444444 0.057055214723926384
164 0.7252604166666666 0.4420245398773006 0.028645833333333332 0.057055214723926384
163 0.7621527777777778 0.4420245398773006 0.024305555555555552 0.05582822085889571
164 0.8020833333333333 0.4420245398773006 0.022569444444444444 0.05582822085889571
163 0.8402777777777777 0.4420245398773006 0.022569444444444444 0.057055214723926384
163 0.8832465277777777 0.44294478527607367 0.028645833333333332 0.053987730061349694
162 0.9201388888888888 0.44325153374233134 0.022569444444444444 0.054601226993865035
163 0.9596354166666666 0.44294478527607367 0.0234375 0.053987730061349694
134 0.09027777777777778 0.6923312883435583 0.024305555555555552 0.054601226993865035
15 0.13324652777777776 0.7027607361963191 0.019965277777777776 0.03251533742331288
133 0.15668402777777776 0.692638036809816 0.0234375 0.053987730061349694
17 0.20225694444444442 0.7030674846625767 0.017361111111111112 0.033128834355828224
133 0.2222222222222222 0.692638036809816 0.022569444444444444 0.053987730061349694
163 0.2873263888888889 0.691717791411043 0.022569444444444444 0.054601226993865035
22 0.3498263888888889 0.7036809815950921 0.022569444444444444 0.030674846625766874
131 0.5160590277777778 0.6975460122699387 0.0234375 0.044171779141104296
103 0.6467013888888888 0.7042944785276074 0.022569444444444444 0.05766871165644172
134 0.9622395833333333 0.7058282208588957 0.021701388888888888 0.06073619631901841
130 0.09071180555555555 0.8033742331288344 0.02517361111111111 0.049693251533742336
163 0.19401041666666666 0.7947852760736197 0.033854166666666664 0.05582822085889571
134 0.22265625 0.7938650306748467 0.019965277777777776 0.05766871165644172
131 0.4500868055555555 0.8012269938650307 0.0234375 0.044171779141104296
132 0.5494791666666666 0.8012269938650307 0.022569444444444444 0.044171779141104296
130 0.6484375 0.8033742331288344 0.024305555555555552 0.049693251533742336
163 0.7521701388888888 0.7950920245398774 0.033854166666666664 0.05521472392638037
134 0.7808159722222222 0.7938650306748467 0.019965277777777776 0.05766871165644172
133 0.9618055555555555 0.7950920245398774 0.022569444444444444 0.05521472392638037
136 0.12239583333333333 0.9340490797546013 0.022569444444444444 0.05950920245398773
133 0.25 0.9352760736196319 0.03125 0.06319018404907976
140 0.4817708333333333 0.9273006134969326 0.027777777777777776 0.07546012269938651
143 0.615017361111111 0.9116564417177915 0.02690972222222222 0.0785276073619632
173 0.6801215277777778 0.9119631901840491 0.02517361111111111 0.07791411042944786
173 0.7113715277777778 0.9113496932515338 0.02690972222222222 0.07791411042944786
112 0.7469618055555555 0.9110429447852761 0.02517361111111111 0.07607361963190185
