12 0.5572916666666666 0.1910681399631676 0.0234375 0.061694290976058934
12 0.556640625 0.3876611418047882 0.024739583333333332 0.06077348066298343
12 0.5572916666666666 0.5580110497237569 0.026041666666666664 0.06261510128913444
12 0.5579427083333333 0.776243093922652 0.024739583333333332 0.06261510128913444
20 0.19270833333333331 0.16114180478821363 0.03125 0.05156537753222836
20 0.19466145833333331 0.22375690607734808 0.03255208333333333 0.053406998158379376
19 0.609375 0.38535911602209943 0.046875 0.017495395948434623
163 0.02734375 0.7688766114180479 0.03645833333333333 0.08287292817679558
163 0.11197916666666666 0.7674953959484346 0.033854166666666664 0.0837937384898711
133 0.20703125 0.7693370165745856 0.05208333333333333 0.08011049723756906
34 0.33984375 0.7674953959484346 0.0625 0.0837937384898711
133 0.43619791666666663 0.7679558011049724 0.05208333333333333 0.07918968692449356
166 0.60546875 0.7785451197053407 0.033854166666666664 0.070902394106814
167 0.703125 0.7785451197053407 0.033854166666666664 0.07274401473296502
166 0.7903645833333333 0.778084714548803 0.033854166666666664 0.06813996316758748
167 0.869140625 0.7790055248618785 0.045572916666666664 0.0718232044198895
168 0.9609375 0.7730202578268877 0.033854166666666664 0.07274401473296502
