12 0.9655436447166922 0.06547619047619048 0.026033690658499236 0.07251082251082251
12 0.14548238897396631 0.06818181818181818 0.021439509954058193 0.0735930735930736
14 0.7289433384379785 0.057900432900432904 0.021439509954058193 0.016233766233766232
14 0.7297090352220521 0.2104978354978355 0.01990811638591118 0.01406926406926407
12 0.14624808575803983 0.2554112554112554 0.022970903522205207 0.07575757575757576
12 0.9670750382848392 0.2554112554112554 0.026033690658499236 0.0735930735930736
12 0.9670750382848392 0.41504329004329005 0.026033690658499236 0.07251082251082251
12 0.14624808575803983 0.4166666666666667 0.022970903522205207 0.07142857142857142
12 0.14548238897396631 0.6314935064935064 0.02450229709035222 0.07251082251082251
14 0.44869831546707506 0.7489177489177489 0.018376722817764167 0.012987012987012988
12 0.14624808575803983 0.7932900432900433 0.022970903522205207 0.07142857142857142
14 0.888208269525268 0.7667748917748918 0.021439509954058193 0.016233766233766232
14 0.8889739663093416 0.9182900432900433 0.01990811638591118 0.01406926406926407
8 0.2963246554364472 0.08333333333333333 0.0995405819295559 0.08441558441558442
8 0.29709035222052066 0.25 0.10107197549770292 0.09523809523809523
8 0.2986217457886677 0.408008658008658 0.10413476263399694 0.08225108225108226
8 0.29785604900459417 0.6482683982683982 0.10260336906584992 0.08441558441558442
8 0.29785604900459417 0.8127705627705628 0.10260336906584992 0.08658008658008658
33 0.19525267993874426 0.08333333333333333 0.06891271056661562 0.11038961038961038
132 0.42725880551301687 0.06601731601731602 0.042879019908116385 0.07575757575757576
131 0.49310872894333846 0.06601731601731602 0.036753445635528334 0.08008658008658008
132 0.5627871362940275 0.06493506493506493 0.03215926493108729 0.08008658008658008
133 0.6316998468606432 0.06385281385281386 0.03215926493108729 0.08441558441558442
103 0.7006125574272588 0.08008658008658008 0.03215926493108729 0.10173160173160173
133 0.9142419601837672 0.060064935064935064 0.045941807044410414 0.09415584415584416
34 0.19372128637059724 0.24675324675324675 0.07197549770290965 0.09523809523809523
133 0.4203675344563553 0.2667748917748918 0.03215926493108729 0.09848484848484848
135 0.49157733537519144 0.2624458874458874 0.030627871362940276 0.09199134199134198
136 0.5620214395099541 0.2591991341991342 0.030627871362940276 0.08333333333333333
137 0.6240428790199082 0.2554112554112554 0.04134762633996937 0.07792207792207792
107 0.7006125574272588 0.2510822510822511 0.03215926493108729 0.08441558441558442
137 0.9073506891271057 0.2554112554112554 0.03215926493108729 0.07575757575757576
27 0.19295558958652376 0.41504329004329005 0.07044410413476264 0.07683982683982683
76 0.42496171516079634 0.42424242424242425 0.04134762633996937 0.09090909090909091
19 0.7052067381316999 0.41179653679653677 0.0444104134762634 0.016233766233766232
33 0.19525267993874426 0.6493506493506493 0.06584992343032159 0.10822510822510822
21 0.8614088820826953 0.6325757575757576 0.03215926493108729 0.03571428571428571
138 0.9563552833078102 0.6277056277056277 0.03522205206738132 0.08441558441558442
33 0.19448698315467075 0.8068181818181818 0.07044410413476264 0.10930735930735931
107 0.4196018376722818 0.788961038961039 0.030627871362940276 0.08441558441558442
137 0.7465543644716692 0.7927489177489178 0.03215926493108729 0.07683982683982683
105 0.8598774885145483 0.797077922077922 0.02909647779479326 0.0854978354978355
15 0.6033690658499234 0.9453463203463204 0.02756508422664625 0.050865800865800864
17 0.714395099540582 0.926948051948052 0.026033690658499236 0.05303030303030303
15 0.8269525267993875 0.9274891774891775 0.02756508422664625 0.05194805194805195
84 0.4280245022970904 0.6066017316017316 0.053598774885145486 0.13095238095238096
