12 0.2335375191424196 0.05735930735930736 0.022970903522205207 0.07142857142857142
12 0.5252679938744258 0.057900432900432904 0.021439509954058193 0.07251082251082251
12 0.8568147013782542 0.05735930735930736 0.022970903522205207 0.07142857142857142
12 0.5245022970903522 0.23971861471861472 0.022970903522205207 0.07251082251082251
12 0.8568147013782542 0.23917748917748918 0.022970903522205207 0.07142857142857142
12 0.2335375191424196 0.23917748917748918 0.01990811638591118 0.06926406926406926
11 0.8430321592649311 0.4523809523809524 0.03828483920367535 0.0735930735930736
11 0.8430321592649311 0.6147186147186147 0.04134762633996937 0.07142857142857142
73 0.11255742725880552 0.04816017316017316 0.0444104134762634 0.08982683982683982
75 0.28254211332312407 0.0670995670995671 0.04134762633996937 0.08874458874458875
73 0.4119448698315467 0.05194805194805195 0.045941807044410414 0.08441558441558442
74 0.5735068912710567 0.04816017316017316 0.0444104134762634 0.08982683982683982
102 0.7044410413476264 0.047619047619047616 0.033690658499234305 0.09307359307359307
102 0.7871362940275651 0.047619047619047616 0.033690658499234305 0.09090909090909091
73 0.2833078101071976 0.2343073593073593 0.045941807044410414 0.08333333333333333
71 0.4104134762633997 0.24242424242424243 0.045941807044410414 0.08874458874458875
105 0.7044410413476264 0.24242424242424243 0.030627871362940276 0.08658008658008658
105 0.7863705972434916 0.2435064935064935 0.03215926493108729 0.08658008658008658
72 0.11332312404287903 0.23917748917748918 0.042879019908116385 0.07792207792207792
70 0.5735068912710567 0.2472943722943723 0.04134762633996937 0.09199134199134198
