7 0.25304136253041365 0.02708512467755804 0.05596107055961071 0.05245055889939811
12 0.1435523114355231 0.026655202063628546 0.019464720194647202 0.04987102321582115
7 0.2524330900243309 0.16809974204643163 0.057177615571776155 0.06620808254514188
12 0.14598540145985403 0.18572656921754085 0.021897810218978103 0.06018916595012898
7 0.25304136253041365 0.31513327601031815 0.05596107055961071 0.06792777300085985
12 0.1435523114355231 0.33319002579535684 0.019464720194647202 0.05588993981083405
7 0.25 0.5073086844368014 0.052311435523114354 0.06878761822871883
12 0.14294403892944038 0.5167669819432502 0.02068126520681265 0.05674978503869304
7 0.25304136253041365 0.6616509028374893 0.05596107055961071 0.06620808254514188
12 0.1435523114355231 0.6642304385210662 0.021897810218978103 0.05588993981083405
7 0.2524330900243309 0.8095442820292348 0.057177615571776155 0.0644883920894239
12 0.14416058394160583 0.8116938950988822 0.02068126520681265 0.058469475494411005
27 0.18552311435523114 0.02708512467755804 0.05961070559610706 0.05245055889939811
26 0.1843065693430657 0.18658641444539983 0.05474452554744526 0.10146173688736028
47 0.34793187347931875 0.18443680137575236 0.043795620437956206 0.061049011177987965
26 0.1843065693430657 0.3340498710232158 0.05474452554744526 0.09888220120378333
45 0.347323600973236 0.3357695614789338 0.04257907542579076 0.07136715391229578
28 0.1843065693430657 0.5167669819432502 0.05961070559610706 0.06018916595012898
51 0.347323600973236 0.5167669819432502 0.040145985401459854 0.06190885640584695
27 0.18491484184914841 0.6633705932932072 0.058394160583941604 0.061049011177987965
43 0.347323600973236 0.6732588134135856 0.049878345498783457 0.08770421324161651
37 0.18491484184914841 0.8181427343078246 0.06082725060827251 0.07824591573516768
50 0.34793187347931875 0.8121238177128117 0.0413625304136253 0.061049011177987965
