12 0.5627871362940275 0.06439393939393939 0.022970903522205207 0.07034632034632035
12 0.5719754977029097 0.5752164502164502 0.026033690658499236 0.06818181818181818
12 0.5719754977029097 0.7738095238095238 0.026033690658499236 0.06926406926406926
104 0.28637059724349156 0.07467532467532467 0.036753445635528334 0.09523809523809523
102 0.6347626339969372 0.056818181818181816 0.03828483920367535 0.09199134199134198
138 0.9678407350689128 0.06060606060606061 0.036753445635528334 0.08874458874458875
161 0.05130168453292496 0.5725108225108225 0.05053598774885146 0.08441558441558442
163 0.12863705972434916 0.5665584415584416 0.03981623277182236 0.09848484848484848
166 0.2113323124042879 0.5579004329004329 0.03981623277182236 0.11147186147186147
166 0.36447166921898927 0.5551948051948052 0.03981623277182236 0.11688311688311688
163 0.4326186830015314 0.5595238095238095 0.03828483920367535 0.10822510822510822
160 0.5053598774885145 0.5665584415584416 0.036753445635528334 0.09848484848484848
22 0.6240428790199082 0.5817099567099567 0.03828483920367535 0.050865800865800864
162 0.7059724349157733 0.5654761904761905 0.04900459418070444 0.09199134199134198
163 0.777947932618683 0.5616883116883117 0.036753445635528334 0.1038961038961039
165 0.8728943338437979 0.5546536796536796 0.03981623277182236 0.11580086580086581
166 0.9555895865237366 0.5541125541125541 0.05206738131699847 0.12121212121212122
100 0.28637059724349156 0.775974025974026 0.03981623277182236 0.07575757575757576
107 0.6217457886676876 0.7694805194805194 0.036753445635528334 0.08658008658008658
100 0.9479326186830016 0.7754329004329005 0.03981623277182236 0.07683982683982683
167 0.29249617151607965 0.5508658008658008 0.04900459418070444 0.1277056277056277
