12 0.5418410041841004 0.18835008870490835 0.017573221757322174 0.03962152572442342
12 0.06276150627615062 0.18923713778829096 0.016736401673640166 0.03784742755765819
12 0.06401673640167363 0.06327616794795979 0.015899581589958158 0.040212891780011834
12 0.5435146443514643 0.06416321703134241 0.015899581589958158 0.041986989946777055
18 0.31673640167364014 0.04701360141927854 0.02594142259414226 0.011235955056179777
18 0.9564853556485355 0.046717918391484335 0.026778242677824266 0.010644589000591367
18 0.31673640167364014 0.18095801301005324 0.02594142259414226 0.011827321111768185
18 0.9564853556485355 0.18095801301005324 0.026778242677824266 0.010644589000591367
164 0.026778242677824266 0.3273211117681845 0.02510460251046025 0.041986989946777055
134 0.13514644351464433 0.3258426966292135 0.02092050209205021 0.04494382022471911
164 0.19539748953974895 0.3267297457125961 0.019246861924686193 0.04080425783560024
164 0.2313807531380753 0.3273211117681845 0.02594142259414226 0.041986989946777055
164 0.2723849372384937 0.3270254287403903 0.02092050209205021 0.04139562389118865
164 0.30836820083682004 0.3270254287403903 0.02594142259414226 0.04257835600236547
134 0.34811715481171546 0.3270254287403903 0.02510460251046025 0.04257835600236547
164 0.41046025104602507 0.3273211117681845 0.02092050209205021 0.041986989946777055
164 0.4456066945606694 0.3273211117681845 0.02594142259414226 0.04080425783560024
134 0.4861924686192468 0.3264340626848019 0.02510460251046025 0.04257835600236547
134 0.6138075313807531 0.3261383796570077 0.02092050209205021 0.041986989946777055
164 0.6744769874476987 0.3267297457125961 0.0200836820083682 0.04080425783560024
164 0.7196652719665272 0.3264340626848019 0.021757322175732216 0.04257835600236547
164 0.7652719665271966 0.3264340626848019 0.02092050209205021 0.04139562389118865
164 0.801673640167364 0.3270254287403903 0.02510460251046025 0.04257835600236547
134 0.8435146443514644 0.3267297457125961 0.021757322175732216 0.04316972205795388
164 0.903765690376569 0.3267297457125961 0.021757322175732216 0.04316972205795388
164 0.9489539748953975 0.3267297457125961 0.021757322175732216 0.04316972205795388
164 0.9916317991631799 0.3270254287403903 0.016736401673640166 0.04139562389118865
21 0.2719665271966527 0.43554109994086343 0.01841004184100418 0.01833234772324069
21 0.7652719665271966 0.4352454169130692 0.019246861924686193 0.018923713778829097
21 0.9924686192468619 0.43613246599645183 0.01506276150627615 0.019515079834417505
18 0.3158995815899581 0.5647545830869308 0.027615062761506274 0.013010053222945003
18 0.9560669456066945 0.563571850975754 0.027615062761506274 0.011827321111768185
18 0.31631799163179913 0.6880544056771142 0.026778242677824266 0.011235955056179777
18 0.9560669456066945 0.6874630396215258 0.027615062761506274 0.011235955056179777
134 0.13472803347280335 0.8214074512123005 0.021757322175732216 0.04376108811354228
134 0.1928870292887029 0.8231815493790657 0.02594142259414226 0.040212891780011834
134 0.27280334728033473 0.8225901833234773 0.0200836820083682 0.040212891780011834
134 0.3489539748953975 0.8225901833234773 0.02510460251046025 0.04139562389118865
134 0.4108786610878661 0.8222945002956831 0.0200836820083682 0.04080425783560024
134 0.4866108786610878 0.8228858663512715 0.024267782426778243 0.04080425783560024
134 0.6138075313807531 0.8217031342400947 0.02092050209205021 0.04316972205795388
134 0.6744769874476987 0.8225901833234773 0.0200836820083682 0.040212891780011834
134 0.7652719665271966 0.8225901833234773 0.02092050209205021 0.040212891780011834
134 0.8430962343096233 0.8219988172678889 0.02092050209205021 0.04139562389118865
134 0.9029288702928869 0.8225901833234773 0.0200836820083682 0.040212891780011834
103 0.13598326359832635 0.4225310467179184 0.02092050209205021 0.038438793613246605
103 0.6154811715481171 0.4213483146067416 0.02092050209205021 0.038438793613246605
134 0.35774058577405854 0.4222353636901242 0.032635983263598324 0.03784742755765819
134 0.41506276150627613 0.4225310467179184 0.02845188284518828 0.038438793613246605
134 0.8460251046025105 0.42193968066233 0.02845188284518828 0.038438793613246605
134 0.4907949790794979 0.4231224127735068 0.02092050209205021 0.038438793613246605
134 0.903347280334728 0.4225310467179184 0.02092050209205021 0.038438793613246605
