12 0.14318529862174578 0.20454545454545456 0.01990811638591118 0.0735930735930736
12 0.1439509954058193 0.4025974025974026 0.018376722817764167 0.07142857142857142
37 0.2105666156202144 0.41125541125541126 0.08728943338437979 0.10173160173160173
164 0.827718223583461 0.5741341991341992 0.03522205206738132 0.07467532467532467
164 0.9808575803981624 0.8241341991341992 0.03522205206738132 0.07467532467532467
26 0.1983154670750383 0.20346320346320346 0.07503828483920368 0.15800865800865802
164 0.3667687595712098 0.5741341991341992 0.06278713629402757 0.07467532467532467
134 0.5099540581929556 0.5746753246753247 0.042879019908116385 0.0735930735930736
164 0.3522205206738132 0.8262987012987013 0.036753445635528334 0.07467532467532467
164 0.5084226646248086 0.8241341991341992 0.036753445635528334 0.07467532467532467
164 0.666156202143951 0.8262987012987013 0.036753445635528334 0.07467532467532467
164 0.8208269525267994 0.8252164502164502 0.042879019908116385 0.07683982683982683
