12 0.14548238897396631 0.18722943722943722 0.021439509954058193 0.0735930735930736
14 0.4770290964777948 0.32142857142857145 0.01990811638591118 0.012987012987012988
12 0.14548238897396631 0.36634199134199136 0.021439509954058193 0.07467532467532467
12 0.14624808575803983 0.5882034632034632 0.022970903522205207 0.07251082251082251
12 0.14624808575803983 0.7673160173160173 0.01990811638591118 0.07142857142857142
14 0.4754977029096478 0.7586580086580087 0.01990811638591118 0.015151515151515152
8 0.3070444104134763 0.20183982683982685 0.11791730474732007 0.0854978354978355
8 0.30857580398162326 0.3474025974025974 0.1209800918836141 0.09090909090909091
8 0.30857580398162326 0.5817099567099567 0.12404287901990813 0.09848484848484848
8 0.30474732006125577 0.7586580086580087 0.11638591117917305 0.08874458874458875
33 0.19678407350689128 0.20562770562770563 0.07503828483920368 0.11255411255411256
138 0.44104134762634 0.18344155844155843 0.033690658499234305 0.0854978354978355
137 0.5137825421133232 0.18722943722943722 0.03828483920367535 0.07575757575757576
15 0.5696784073506892 0.16937229437229437 0.033690658499234305 0.05519480519480519
136 0.6094946401225115 0.18668831168831168 0.036753445635528334 0.07683982683982683
138 0.6791730474732006 0.18235930735930736 0.05053598774885146 0.08766233766233766
137 0.7603369065849924 0.18722943722943722 0.03828483920367535 0.07575757575757576
138 0.8238897396630934 0.18181818181818182 0.04900459418070444 0.08658008658008658
108 0.9042879019908117 0.17857142857142858 0.03522205206738132 0.09740259740259741
28 0.19448698315467075 0.36634199134199136 0.0765696784073507 0.07683982683982683
78 0.4402756508422665 0.362012987012987 0.03522205206738132 0.08333333333333333
17 0.8713629402756509 0.33225108225108224 0.02450229709035222 0.05844155844155844
138 0.9050535987748852 0.36363636363636365 0.036753445635528334 0.08658008658008658
15 0.9601837672281777 0.33170995670995673 0.030627871362940276 0.05735930735930736
138 0.9854517611026035 0.3658008658008658 0.02909647779479326 0.08008658008658008
34 0.19678407350689128 0.5795454545454546 0.07197549770290965 0.08982683982683982
102 0.442572741194487 0.579004329004329 0.03981623277182236 0.09090909090909091
106 0.608728943338438 0.5882034632034632 0.03828483920367535 0.07467532467532467
102 0.7603369065849924 0.5806277056277056 0.03828483920367535 0.08982683982683982
105 0.9050535987748852 0.5925324675324676 0.036753445635528334 0.0854978354978355
27 0.19372128637059724 0.7667748917748918 0.07197549770290965 0.07683982683982683
104 0.442572741194487 0.777056277056277 0.042879019908116385 0.09090909090909091
134 0.6875957120980092 0.7792207792207793 0.036753445635528334 0.09740259740259741
104 0.7595712098009189 0.7775974025974026 0.036753445635528334 0.09632034632034632
102 0.9073506891271057 0.7597402597402597 0.03828483920367535 0.09090909090909091
