12 0.14665841584158415 0.05725524475524475 0.018564356435643563 0.05856643356643357
12 0.8298267326732673 0.056818181818181816 0.023514851485148515 0.057692307692307696
12 0.1454207920792079 0.22465034965034966 0.018564356435643563 0.05944055944055944
12 0.8310643564356436 0.22421328671328672 0.023514851485148515 0.05856643356643357
14 0.3917079207920792 0.26048951048951047 0.01608910891089109 0.015734265734265736
12 0.1454207920792079 0.5034965034965035 0.018564356435643563 0.06118881118881119
12 0.14665841584158415 0.6416083916083916 0.018564356435643563 0.05944055944055944
12 0.14603960396039603 0.8098776223776224 0.019801980198019802 0.05856643356643357
1 0.265470297029703 0.04895104895104895 0.07054455445544555 0.07342657342657342
1 0.26732673267326734 0.2180944055944056 0.07673267326732673 0.07604895104895106
1 0.2667079207920792 0.4820804195804196 0.07549504950495049 0.07604895104895106
1 0.2660891089108911 0.6346153846153846 0.07178217821782178 0.07342657342657342
1 0.2667079207920792 0.8033216783216783 0.07797029702970297 0.07342657342657342
27 0.18564356435643564 0.05638111888111888 0.0594059405940594 0.062062937062937064
137 0.3626237623762376 0.056818181818181816 0.03217821782178218 0.06118881118881119
139 0.4275990099009901 0.049825174825174824 0.03094059405940594 0.07517482517482517
137 0.48205445544554454 0.056818181818181816 0.03094059405940594 0.06118881118881119
139 0.5420792079207921 0.05026223776223776 0.04455445544554455 0.07604895104895106
137 0.6014851485148515 0.056818181818181816 0.03217821782178218 0.06118881118881119
139 0.6676980198019802 0.04938811188811189 0.03094059405940594 0.07604895104895106
137 0.7215346534653465 0.056818181818181816 0.03217821782178218 0.06118881118881119
139 0.7797029702970297 0.05026223776223776 0.04455445544554455 0.07604895104895106
137 0.870049504950495 0.056818181818181816 0.03217821782178218 0.06118881118881119
139 0.9362623762376238 0.05026223776223776 0.03094059405940594 0.0777972027972028
140 0.989480198019802 0.0472027972027972 0.02103960396039604 0.08216783216783216
27 0.18564356435643564 0.22421328671328672 0.0594059405940594 0.062062937062937064
69 0.36386138613861385 0.23470279720279721 0.03712871287128713 0.08653846153846154
102 0.7221534653465347 0.21765734265734266 0.03094059405940594 0.07692307692307693
102 0.8719059405940595 0.2172202797202797 0.03094059405940594 0.07604895104895106
26 0.18688118811881188 0.5004370629370629 0.0594059405940594 0.11276223776223776
46 0.3694306930693069 0.5039335664335665 0.04331683168316832 0.0673076923076923
27 0.18564356435643564 0.6407342657342657 0.06188118811881188 0.06293706293706294
129 0.36757425742574257 0.6490384615384616 0.04455445544554455 0.0777972027972028
131 0.4690594059405941 0.6420454545454546 0.034653465346534656 0.062062937062937064
129 0.5655940594059407 0.6494755244755245 0.03712871287128713 0.07867132867132867
131 0.6720297029702971 0.6420454545454546 0.034653465346534656 0.062062937062937064
129 0.7728960396039604 0.6490384615384616 0.04826732673267327 0.0777972027972028
131 0.8743811881188119 0.6420454545454546 0.03589108910891089 0.062062937062937064
129 0.9696782178217822 0.6494755244755245 0.03341584158415842 0.07867132867132867
27 0.18502475247524752 0.8090034965034965 0.06064356435643564 0.06381118881118882
44 0.3688118811881188 0.8168706293706294 0.04207920792079208 0.08129370629370629
