12 0.7335375191424196 0.1774891774891775 0.02450229709035222 0.07142857142857142
12 0.14624808575803983 0.17857142857142858 0.01990811638591118 0.07142857142857142
14 0.8583460949464012 0.15043290043290045 0.01990811638591118 0.015151515151515152
14 0.48698315467075043 0.1682900432900433 0.021439509954058193 0.01406926406926407
12 0.7335375191424196 0.39880952380952384 0.02450229709035222 0.07034632034632035
12 0.14624808575803983 0.4004329004329004 0.01990811638591118 0.07142857142857142
12 0.7335375191424196 0.6217532467532467 0.021439509954058193 0.07251082251082251
12 0.14624808575803983 0.6228354978354979 0.01990811638591118 0.07251082251082251
12 0.14548238897396631 0.920995670995671 0.018376722817764167 0.08225108225108226
12 0.7343032159264932 0.9204545454545454 0.022970903522205207 0.07251082251082251
14 0.8591117917304748 0.8944805194805194 0.021439509954058193 0.016233766233766232
14 0.48698315467075043 0.9123376623376623 0.021439509954058193 0.015151515151515152
3 0.3231240428790199 0.15800865800865802 0.14088820826952528 0.11255411255411256
3 0.32542113323124044 0.39826839826839827 0.1424196018376723 0.11471861471861472
3 0.32542113323124044 0.6222943722943723 0.15160796324655437 0.11038961038961038
26 0.20137825421133232 0.17316017316017315 0.07197549770290965 0.13636363636363635
103 0.4540581929555896 0.18885281385281386 0.03828483920367535 0.10281385281385282
134 0.656967840735069 0.18993506493506493 0.036753445635528334 0.09848484848484848
136 0.8238897396630934 0.18777056277056278 0.036753445635528334 0.09848484848484848
165 0.9525267993874426 0.1893939393939394 0.0551301684532925 0.09740259740259741
27 0.1983154670750383 0.3998917748917749 0.07197549770290965 0.07683982683982683
18 0.9486983154670751 0.3685064935064935 0.04747320061255743 0.0183982683982684
27 0.1983154670750383 0.6228354978354979 0.07503828483920368 0.07683982683982683
70 0.827718223583461 0.6309523809523809 0.03828483920367535 0.09956709956709957
26 0.1998468606431853 0.9172077922077922 0.06891271056661562 0.13528138528138528
15 0.41424196018376724 0.913961038961039 0.03522205206738132 0.05952380952380952
104 0.4517611026033691 0.9307359307359307 0.036753445635528334 0.09740259740259741
135 0.6577335375191424 0.9296536796536796 0.03828483920367535 0.09307359307359307
15 0.7856049004594181 0.8955627705627706 0.033690658499234305 0.05735930735930736
137 0.82312404287902 0.9215367965367965 0.03828483920367535 0.07900432900432901
15 0.9257274119448698 0.9036796536796536 0.03522205206738132 0.05627705627705628
166 0.9586523736600306 0.9237012987012987 0.05206738131699847 0.07683982683982683
68 0.4555895865237366 0.6412337662337663 0.0444104134762634 0.11363636363636363
