12 0.7366003062787136 0.18614718614718614 0.030627871362940276 0.07142857142857142
12 0.05206738131699847 0.18668831168831168 0.02756508422664625 0.07034632034632035
12 0.7358346094946402 0.3652597402597403 0.02909647779479326 0.07034632034632035
12 0.05130168453292496 0.36634199134199136 0.026033690658499236 0.07034632034632035
12 0.7350689127105666 0.5876623376623377 0.02756508422664625 0.07142857142857142
12 0.052833078101071976 0.5882034632034632 0.022970903522205207 0.06818181818181818
12 0.7366003062787136 0.7656926406926406 0.02756508422664625 0.07034632034632035
12 0.05130168453292496 0.7673160173160173 0.022970903522205207 0.06926406926406926
108 0.12480857580398162 0.1774891774891775 0.03522205206738132 0.09307359307359307
79 0.29173047473200614 0.18181818181818182 0.03828483920367535 0.08658008658008658
106 0.5888208269525268 0.18614718614718614 0.03828483920367535 0.0735930735930736
105 0.7840735068912711 0.18993506493506493 0.036753445635528334 0.08333333333333333
15 0.08575803981623277 0.3225108225108225 0.033690658499234305 0.05627705627705628
108 0.12327718223583461 0.3582251082251082 0.03522205206738132 0.09740259740259741
141 0.29249617151607965 0.3484848484848485 0.042879019908116385 0.11688311688311688
17 0.40888208269525267 0.33225108225108224 0.02450229709035222 0.06060606060606061
105 0.4433384379785605 0.36147186147186144 0.03522205206738132 0.08658008658008658
108 0.5872894333843798 0.3582251082251082 0.03522205206738132 0.09307359307359307
139 0.7840735068912711 0.35768398268398266 0.036753445635528334 0.09199134199134198
138 0.8491577335375192 0.3630952380952381 0.05053598774885146 0.0854978354978355
140 0.9356814701378254 0.35443722943722944 0.03981623277182236 0.10714285714285714
136 0.12557427258805515 0.5984848484848485 0.036753445635528334 0.09523809523809523
135 0.1975497702909648 0.5968614718614719 0.03981623277182236 0.09632034632034632
15 0.25267993874425726 0.5892857142857143 0.033690658499234305 0.05952380952380952
134 0.29326186830015316 0.5974025974025974 0.03828483920367535 0.09523809523809523
136 0.3637059724349158 0.5984848484848485 0.053598774885145486 0.09740259740259741
135 0.44946401225114857 0.5784632034632035 0.05053598774885146 0.09415584415584416
134 0.5176110260336907 0.5817099567099567 0.03981623277182236 0.09199134199134198
133 0.5895865237366004 0.5833333333333334 0.03981623277182236 0.08874458874458875
133 0.6730474732006125 0.5838744588744589 0.03828483920367535 0.0854978354978355
102 0.7856049004594181 0.5806277056277056 0.036753445635528334 0.08982683982683982
133 0.94104134762634 0.5800865800865801 0.05053598774885146 0.09740259740259741
17 0.09111791730474732 0.7445887445887446 0.022970903522205207 0.05411255411255411
78 0.12557427258805515 0.7673160173160173 0.036753445635528334 0.07575757575757576
20 0.43797856049004597 0.7662337662337663 0.033690658499234305 0.05627705627705628
103 0.5888208269525268 0.7797619047619048 0.03828483920367535 0.09848484848484848
106 0.7848392036753445 0.7683982683982684 0.03828483920367535 0.07575757575757576
104 0.9356814701378254 0.7775974025974026 0.03981623277182236 0.09199134199134198
82 0.936447166921899 0.16883116883116883 0.04134762633996937 0.11255411255411256
17 0.6401225114854517 0.5974025974025974 0.02756508422664625 0.05844155844155844
