12 0.14624808575803983 0.28084415584415584 0.022970903522205207 0.07467532467532467
12 0.7343032159264932 0.28084415584415584 0.022970903522205207 0.07251082251082251
12 0.1447166921898928 0.553030303030303 0.01990811638591118 0.0735930735930736
12 0.7343032159264932 0.5524891774891775 0.022970903522205207 0.07034632034632035
14 0.8583460949464012 0.5248917748917749 0.01990811638591118 0.015151515151515152
14 0.48698315467075043 0.5438311688311688 0.02450229709035222 0.01406926406926407
15 0.41347626339969373 0.07196969696969698 0.033690658499234305 0.05735930735930736
15 0.7856049004594181 0.05357142857142857 0.030627871362940276 0.05735930735930736
27 0.19678407350689128 0.27976190476190477 0.0781010719754977 0.07683982683982683
15 0.4127105666156202 0.34415584415584416 0.03215926493108729 0.05627705627705628
15 0.7863705972434916 0.3262987012987013 0.03215926493108729 0.05735930735930736
26 0.1990811638591118 0.5476190476190477 0.07044410413476264 0.13636363636363635
103 0.4525267993874426 0.5654761904761905 0.03522205206738132 0.10064935064935066
134 0.6577335375191424 0.564935064935065 0.03828483920367535 0.09956709956709957
15 0.7856049004594181 0.5357142857142857 0.033690658499234305 0.05627705627705628
136 0.824655436447167 0.5633116883116883 0.03828483920367535 0.10064935064935066
15 0.9257274119448698 0.5443722943722944 0.03522205206738132 0.05844155844155844
165 0.9555895865237366 0.5654761904761905 0.05206738131699847 0.09632034632034632
68 0.45788667687595713 0.29707792207792205 0.045941807044410414 0.11147186147186147
70 0.827718223583461 0.288961038961039 0.04134762633996937 0.09307359307359307
