12 0.8361408882082696 0.15963203463203463 0.02756508422664625 0.07251082251082251
12 0.30321592649310875 0.32575757575757575 0.02450229709035222 0.06926406926406926
12 0.8361408882082696 0.32846320346320346 0.02756508422664625 0.07251082251082251
12 0.60260336906585 0.645021645021645 0.026033690658499236 0.07142857142857142
12 0.601071975497703 0.8181818181818182 0.026033690658499236 0.07142857142857142
138 0.13859111791730475 0.1331168831168831 0.03215926493108729 0.12337662337662338
136 0.2549770290964778 0.14015151515151514 0.03215926493108729 0.11363636363636363
138 0.714395099540582 0.13528138528138528 0.02909647779479326 0.11904761904761904
137 0.9678407350689128 0.14123376623376624 0.036753445635528334 0.11147186147186147
131 0.2542113323124043 0.34794372294372294 0.033690658499234305 0.10714285714285714
20 0.545176110260337 0.3208874458874459 0.033690658499234305 0.050865800865800864
17 0.6814701378254212 0.3365800865800866 0.02450229709035222 0.05411255411255411
17 0.7519142419601837 0.34523809523809523 0.02450229709035222 0.05194805194805195
132 0.7856049004594181 0.32142857142857145 0.033690658499234305 0.08874458874458875
17 0.933384379785605 0.3463203463203463 0.026033690658499236 0.05194805194805195
132 0.9686064318529862 0.32521645021645024 0.03828483920367535 0.07900432900432901
163 0.12327718223583461 0.6331168831168831 0.04134762633996937 0.09523809523809523
162 0.166156202143951 0.6336580086580087 0.03215926493108729 0.09415584415584416
163 0.21439509954058195 0.6341991341991342 0.030627871362940276 0.09523809523809523
162 0.2611026033690659 0.6331168831168831 0.03215926493108729 0.09307359307359307
101 0.3108728943338438 0.6385281385281385 0.033690658499234305 0.08441558441558442
16 0.43568147013782543 0.6547619047619048 0.02909647779479326 0.04329004329004329
101 0.4739663093415008 0.6352813852813853 0.03215926493108729 0.07792207792207792
136 0.7404287901990811 0.6277056277056277 0.03215926493108729 0.1038961038961039
137 0.8093415007656968 0.6244588744588745 0.02909647779479326 0.11471861471861472
138 0.8797856049004594 0.6190476190476191 0.02909647779479326 0.12121212121212122
137 0.9517611026033691 0.6260822510822511 0.03828483920367535 0.11580086580086581
20 0.944104134762634 0.7234848484848485 0.02909647779479326 0.050865800865800864
17 0.016845329249617153 0.8376623376623377 0.02450229709035222 0.05194805194805195
16 0.2725880551301685 0.8317099567099567 0.02756508422664625 0.044372294372294376
17 0.6324655436447167 0.8896103896103896 0.02450229709035222 0.05194805194805195
100 0.8108728943338438 0.8203463203463204 0.03828483920367535 0.07575757575757576
134 0.9548238897396631 0.8095238095238095 0.04134762633996937 0.09740259740259741
137 0.1998468606431853 0.13528138528138528 0.03215926493108729 0.11904761904761904
169 0.5513016845329249 0.12824675324675325 0.03981623277182236 0.13528138528138528
169 0.6294027565084227 0.12824675324675325 0.030627871362940276 0.13528138528138528
168 0.5888208269525268 0.1277056277056277 0.02909647779479326 0.1341991341991342
168 0.6699846860643186 0.1277056277056277 0.02909647779479326 0.1341991341991342
138 0.8751914241960184 0.1331168831168831 0.02909647779479326 0.11904761904761904
130 0.1983154670750383 0.3522727272727273 0.02909647779479326 0.12445887445887446
98 0.08192955589586524 0.354978354978355 0.02909647779479326 0.1277056277056277
73 0.34686064318529863 0.3463203463203463 0.03828483920367535 0.11255411255411256
131 0.3859111791730475 0.6764069264069265 0.030627871362940276 0.1406926406926407
128 0.5382848392036753 0.6764069264069265 0.04747320061255743 0.1406926406926407
67 0.6753445635528331 0.8414502164502164 0.04900459418070444 0.12012987012987013
73 0.31470137825421135 0.8371212121212122 0.04134762633996937 0.10930735930735931
132 0.04900459418070444 0.8501082251082251 0.02756508422664625 0.13744588744588745
132 0.20750382848392038 0.8511904761904762 0.03828483920367535 0.14177489177489178
131 0.11715160796324656 0.8511904761904762 0.02909647779479326 0.1396103896103896
71 0.08958652373660031 0.1829004329004329 0.0444104134762634 0.12121212121212122
139 0.09111791730474732 0.1314935064935065 0.04747320061255743 0.12878787878787878
