12 0.009188361408882083 0.28084415584415584 0.015313935681470138 0.07251082251082251
12 0.32695252679938747 0.2813852813852814 0.022970903522205207 0.0735930735930736
12 0.8560490045941808 0.2803030303030303 0.02450229709035222 0.07142857142857142
12 0.009188361408882083 0.553030303030303 0.015313935681470138 0.0735930735930736
12 0.8568147013782542 0.553030303030303 0.022970903522205207 0.0735930735930736
12 0.32695252679938747 0.5524891774891775 0.022970903522205207 0.07034632034632035
15 0.058958652373660034 0.02813852813852814 0.03215926493108729 0.05411255411255411
15 0.3859111791730475 0.02813852813852814 0.030627871362940276 0.05411255411255411
73 0.10107197549770292 0.275974025974026 0.042879019908116385 0.08441558441558442
73 0.42725880551301687 0.275974025974026 0.042879019908116385 0.08441558441558442
15 0.05972434915773354 0.5167748917748918 0.033690658499234305 0.05735930735930736
79 0.09724349157733538 0.5481601731601732 0.03828483920367535 0.08982683982683982
21 0.42649310872894336 0.5178571428571429 0.03522205206738132 0.03571428571428571
134 0.545176110260337 0.564935064935065 0.03981623277182236 0.09956709956709957
15 0.6263399693721287 0.5351731601731602 0.033690658499234305 0.05735930735930736
136 0.666156202143951 0.553030303030303 0.036753445635528334 0.08008658008658008
15 0.7473200612557428 0.5173160173160173 0.033690658499234305 0.05627705627705628
138 0.77947932618683 0.5487012987012987 0.045941807044410414 0.08658008658008658
