12 0.11638591117917305 0.21861471861471862 0.018376722817764167 0.07142857142857142
12 0.9839203675344564 0.6109307359307359 0.01990811638591118 0.07467532467532467
12 0.11562021439509955 0.6098484848484849 0.022970903522205207 0.07034632034632035
12 0.9854517611026035 0.8046536796536796 0.022970903522205207 0.07251082251082251
12 0.11715160796324656 0.8041125541125541 0.022970903522205207 0.06926406926406926
14 0.7266462480857581 0.7949134199134199 0.022970903522205207 0.016233766233766232
14 0.332312404287902 0.8127705627705628 0.02450229709035222 0.015151515151515152
13 0.5413476263399694 0.22023809523809523 0.03522205206738132 0.07467532467532467
13 0.5405819295558959 0.4145021645021645 0.036753445635528334 0.07142857142857142
13 0.5405819295558959 0.6103896103896104 0.030627871362940276 0.07792207792207792
13 0.5398162327718223 0.8035714285714286 0.03215926493108729 0.07467532467532467
12 0.11791730474732007 0.4161255411255411 0.02450229709035222 0.07034632034632035
12 0.9839203675344564 0.4166666666666667 0.026033690658499236 0.0735930735930736
12 0.9854517611026035 0.22132034632034633 0.02909647779479326 0.07683982683982683
133 0.16232771822358347 0.21861471861471862 0.045941807044410414 0.08008658008658008
130 0.2327718223583461 0.22673160173160173 0.042879019908116385 0.0854978354978355
132 0.2963246554364472 0.21861471861471862 0.04747320061255743 0.08008658008658008
131 0.3514548238897397 0.2224025974025974 0.03828483920367535 0.08116883116883117
131 0.41347626339969373 0.22132034632034633 0.04900459418070444 0.07467532467532467
130 0.4854517611026034 0.22727272727272727 0.042879019908116385 0.08658008658008658
16 0.5834609494640123 0.2115800865800866 0.030627871362940276 0.06385281385281386
20 0.6784073506891272 0.22132034632034633 0.036753445635528334 0.05952380952380952
132 0.7656967840735069 0.21915584415584416 0.04900459418070444 0.07900432900432901
131 0.8192955589586524 0.22186147186147187 0.03981623277182236 0.08008658008658008
131 0.88208269525268 0.2224025974025974 0.04900459418070444 0.07900432900432901
130 0.9356814701378254 0.22727272727272727 0.03981623277182236 0.08658008658008658
130 0.021439509954058193 0.42045454545454547 0.036753445635528334 0.08333333333333333
129 0.07120980091883615 0.4258658008658009 0.04134762633996937 0.09415584415584416
129 0.16079632465543645 0.42424242424242425 0.04900459418070444 0.09523809523809523
16 0.19218989280245025 0.4512987012987013 0.026033690658499236 0.06277056277056277
129 0.23583460949464014 0.42478354978354976 0.03981623277182236 0.09415584415584416
129 0.29785604900459417 0.42478354978354976 0.04747320061255743 0.09415584415584416
128 0.3514548238897397 0.42857142857142855 0.0444104134762634 0.09956709956709957
128 0.4111791730474732 0.42803030303030304 0.053598774885145486 0.10281385281385282
16 0.4448698315467075 0.4680735930735931 0.026033690658499236 0.06168831168831169
127 0.4854517611026034 0.43452380952380953 0.03981623277182236 0.11147186147186147
16 0.5834609494640123 0.40584415584415584 0.030627871362940276 0.06277056277056277
20 0.6784073506891272 0.4166666666666667 0.036753445635528334 0.06060606060606061
127 0.7641653905053599 0.43506493506493504 0.05206738131699847 0.11255411255411256
126 0.8177641653905053 0.4383116883116883 0.045941807044410414 0.11904761904761904
126 0.8813169984686064 0.43777056277056275 0.05053598774885146 0.1266233766233766
125 0.9356814701378254 0.44264069264069267 0.045941807044410414 0.13203463203463203
134 0.01990811638591118 0.5995670995670995 0.036753445635528334 0.09740259740259741
133 0.06814701378254212 0.6011904761904762 0.03828483920367535 0.09415584415584416
133 0.15926493108728945 0.6011904761904762 0.042879019908116385 0.09199134199134198
16 0.19372128637059724 0.6093073593073594 0.02909647779479326 0.06493506493506493
133 0.2335375191424196 0.6006493506493507 0.03828483920367535 0.09307359307359307
133 0.29709035222052066 0.6066017316017316 0.045941807044410414 0.08333333333333333
132 0.3506891271056662 0.6082251082251082 0.036753445635528334 0.08225108225108226
132 0.41424196018376724 0.6082251082251082 0.05053598774885146 0.08008658008658008
131 0.4846860643185299 0.6109307359307359 0.04134762633996937 0.07900432900432901
16 0.5826952526799387 0.6098484848484849 0.02909647779479326 0.06601731601731602
18 0.7802450229709036 0.5795454545454546 0.05972434915773354 0.020562770562770564
126 0.16079632465543645 0.8273809523809523 0.05206738131699847 0.12445887445887446
133 0.2327718223583461 0.8003246753246753 0.036753445635528334 0.08333333333333333
101 0.29402756508422667 0.795995670995671 0.03981623277182236 0.09199134199134198
133 0.49387442572741197 0.7976190476190477 0.05972434915773354 0.09523809523809523
16 0.5842266462480857 0.8122294372294372 0.02909647779479326 0.06385281385281386
16 0.6454823889739664 0.7949134199134199 0.02909647779479326 0.06168831168831169
75 0.6852986217457887 0.8170995670995671 0.03828483920367535 0.09090909090909091
