12 0.8361408882082696 0.047619047619047616 0.02450229709035222 0.0735930735930736
12 0.2840735068912711 0.04816017316017316 0.026033690658499236 0.07034632034632035
12 0.2833078101071976 0.25216450216450215 0.02450229709035222 0.06926406926406926
12 0.835375191424196 0.25216450216450215 0.022970903522205207 0.06926406926406926
12 0.5957120980091883 0.7516233766233766 0.02450229709035222 0.07251082251082251
104 0.18147013782542115 0.056818181818181816 0.03828483920367535 0.09415584415584416
104 0.327718223583461 0.05735930735930736 0.036753445635528334 0.09523809523809523
15 0.4196018376722818 0.0670995670995671 0.033690658499234305 0.05627705627705628
132 0.4670750382848392 0.04274891774891775 0.04900459418070444 0.08333333333333333
134 0.5428790199081164 0.04329004329004329 0.04134762633996937 0.08441558441558442
106 0.6033690658499234 0.046536796536796536 0.03981623277182236 0.07792207792207792
102 0.7304747320061256 0.04329004329004329 0.042879019908116385 0.08441558441558442
103 0.8813169984686064 0.06060606060606061 0.03828483920367535 0.09956709956709957
74 0.055895865237366005 0.24404761904761904 0.0444104134762634 0.08982683982683982
104 0.327718223583461 0.2602813852813853 0.03981623277182236 0.09415584415584416
133 0.4655436447166922 0.24296536796536797 0.05206738131699847 0.09415584415584416
134 0.5428790199081164 0.2408008658008658 0.03828483920367535 0.09632034632034632
104 0.6049004594180705 0.2602813852813853 0.03981623277182236 0.08982683982683982
102 0.7304747320061256 0.24512987012987014 0.036753445635528334 0.08982683982683982
103 0.880551301684533 0.26406926406926406 0.036753445635528334 0.09740259740259741
15 0.0551301684532925 0.6444805194805194 0.02450229709035222 0.04220779220779221
135 0.1324655436447167 0.7705627705627706 0.04134762633996937 0.11904761904761904
21 0.30474732006125577 0.716991341991342 0.030627871362940276 0.03571428571428571
135 0.45788667687595713 0.7667748917748918 0.03981623277182236 0.10714285714285714
21 0.6424196018376723 0.7175324675324676 0.03215926493108729 0.03463203463203463
136 0.7886676875957122 0.7640692640692641 0.03981623277182236 0.09956709956709957
21 0.937978560490046 0.7180735930735931 0.03215926493108729 0.03571428571428571
134 0.05972434915773354 0.9285714285714286 0.03981623277182236 0.09523809523809523
133 0.1324655436447167 0.9323593073593074 0.03828483920367535 0.08766233766233766
15 0.19218989280245025 0.9724025974025974 0.03215926493108729 0.05519480519480519
130 0.2343032159264931 0.941017316017316 0.042879019908116385 0.08766233766233766
131 0.3055130168453293 0.9512987012987013 0.04134762633996937 0.09740259740259741
133 0.37978560490045943 0.9491341991341992 0.03981623277182236 0.10173160173160173
135 0.45865237366003064 0.9426406926406926 0.03828483920367535 0.08874458874458875
138 0.5290964777947933 0.933982683982684 0.04747320061255743 0.08874458874458875
15 0.018376722817764167 0.770021645021645 0.033690658499234305 0.05735930735930736
