12 0.8560490045941808 0.204004329004329 0.02450229709035222 0.07251082251082251
12 0.8560490045941808 0.4025974025974026 0.02450229709035222 0.07142857142857142
164 0.0880551301684533 0.5735930735930735 0.03828483920367535 0.07575757575757576
164 0.2427258805513017 0.8257575757575758 0.03828483920367535 0.07575757575757576
164 0.3989280245022971 0.8246753246753247 0.03828483920367535 0.07575757575757576
164 0.5566615620214396 0.8246753246753247 0.03828483920367535 0.07575757575757576
164 0.7052067381316999 0.8246753246753247 0.053598774885145486 0.07142857142857142
164 0.07886676875957122 0.8235930735930735 0.053598774885145486 0.07142857142857142
134 0.2503828483920368 0.5757575757575758 0.05053598774885146 0.07142857142857142
134 0.55895865237366 0.5757575757575758 0.03981623277182236 0.07142857142857142
