14 0.011284722222222222 0.09662576687116566 0.012152777777777776 0.007975460122699387
12 0.1853298611111111 0.12147239263803682 0.019965277777777776 0.04171779141104295
12 0.521267361111111 0.12147239263803682 0.016493055555555556 0.04049079754601227
12 0.8559027777777777 0.12208588957055215 0.017361111111111112 0.04171779141104295
14 0.01171875 0.11687116564417178 0.013020833333333332 0.007975460122699387
12 0.1853298611111111 0.27515337423312886 0.019965277777777776 0.04110429447852761
12 0.8559027777777777 0.2754601226993865 0.01909722222222222 0.04171779141104295
12 0.5208333333333333 0.2757668711656442 0.01909722222222222 0.04110429447852761
12 0.18446180555555555 0.4134969325153374 0.019965277777777776 0.04171779141104295
12 0.5208333333333333 0.4134969325153374 0.01909722222222222 0.04171779141104295
12 0.85546875 0.4134969325153374 0.018229166666666664 0.04171779141104295
12 0.18489583333333331 0.5303680981595092 0.01909722222222222 0.04233128834355829
12 0.5208333333333333 0.5303680981595092 0.01909722222222222 0.04233128834355829
12 0.85546875 0.5306748466257669 0.018229166666666664 0.04294478527607362
12 0.18446180555555555 0.6834355828220859 0.019965277777777776 0.04171779141104295
12 0.5208333333333333 0.6831288343558283 0.020833333333333332 0.04110429447852761
12 0.85546875 0.6834355828220859 0.018229166666666664 0.04171779141104295
12 0.85546875 0.800920245398773 0.018229166666666664 0.04355828220858896
12 0.1853298611111111 0.800920245398773 0.021701388888888888 0.04110429447852761
12 0.5208333333333333 0.8012269938650307 0.020833333333333332 0.04171779141104295
12 0.18489583333333331 0.9180981595092025 0.020833333333333332 0.04233128834355829
12 0.5208333333333333 0.9180981595092025 0.020833333333333332 0.04233128834355829
12 0.8563368055555555 0.9177914110429448 0.018229166666666664 0.04171779141104295
15 0.46484375 0.11717791411042945 0.018229166666666664 0.033128834355828224
15 0.8003472222222222 0.11717791411042945 0.01909722222222222 0.0343558282208589
18 0.01909722222222222 0.26717791411042946 0.027777777777777776 0.011656441717791411
18 0.3528645833333333 0.2674846625766871 0.02690972222222222 0.011042944785276074
18 0.6888020833333333 0.2674846625766871 0.02690972222222222 0.011042944785276074
18 0.01909722222222222 0.4052147239263804 0.027777777777777776 0.011656441717791411
18 0.3528645833333333 0.4055214723926381 0.02690972222222222 0.011042944785276074
18 0.6888020833333333 0.4055214723926381 0.02690972222222222 0.011042944785276074
18 0.01909722222222222 0.5122699386503068 0.027777777777777776 0.012269938650306749
18 0.3528645833333333 0.5122699386503068 0.02690972222222222 0.012269938650306749
18 0.6879340277777778 0.5122699386503068 0.02690972222222222 0.012269938650306749
18 0.01909722222222222 0.6757668711656442 0.027777777777777776 0.011656441717791411
18 0.3524305555555555 0.6757668711656442 0.026041666666666664 0.011656441717791411
18 0.6883680555555555 0.6757668711656442 0.026041666666666664 0.011656441717791411
18 0.01909722222222222 0.7929447852760737 0.027777777777777776 0.011656441717791411
18 0.3528645833333333 0.7929447852760737 0.02690972222222222 0.011656441717791411
18 0.6888020833333333 0.7929447852760737 0.02690972222222222 0.011656441717791411
18 0.01909722222222222 0.9104294478527608 0.027777777777777776 0.012269938650306749
18 0.3524305555555555 0.9101226993865031 0.027777777777777776 0.011656441717791411
18 0.6883680555555555 0.9101226993865031 0.027777777777777776 0.011656441717791411
