7 0.2524330900243309 0.17282889079965608 0.05474452554744526 0.06362854686156492
12 0.14416058394160583 0.176268271711092 0.02068126520681265 0.058469475494411005
7 0.2542579075425791 0.3207222699914016 0.05596107055961071 0.06534823731728288
12 0.14476885644768858 0.3241616509028375 0.019464720194647202 0.058469475494411005
7 0.2524330900243309 0.4896818572656922 0.05474452554744526 0.06620808254514188
12 0.1453771289537713 0.506878761822872 0.02068126520681265 0.05932932072226999
7 0.2518248175182482 0.6375752364574376 0.05596107055961071 0.06620808254514188
12 0.14476885644768858 0.6547721410146173 0.019464720194647202 0.05588993981083405
7 0.25304136253041365 0.8357695614789338 0.05596107055961071 0.06706792777300086
12 0.14416058394160583 0.8404987102321583 0.02068126520681265 0.05932932072226999
27 0.18491484184914841 0.17497850386930353 0.058394160583941604 0.061049011177987965
47 0.347323600973236 0.17411865864144455 0.04257907542579076 0.061049011177987965
27 0.1843065693430657 0.3233018056749785 0.057177615571776155 0.06362854686156492
17 0.3150851581508516 0.3654342218400688 0.019464720194647202 0.03955288048151333
26 0.1843065693430657 0.5085984522785899 0.05474452554744526 0.09888220120378333
26 0.18369829683698297 0.6556319862424763 0.05352798053527981 0.10060189165950129
27 0.18491484184914841 0.8392089423903698 0.058394160583941604 0.06362854686156492
43 0.34610705596107055 0.33319002579535684 0.04257907542579076 0.08340498710232158
43 0.3497566909975669 0.8473774720550301 0.04257907542579076 0.08340498710232158
