0 0.2221757322175732 0.05204021289178001 0.052719665271966525 0.04730928444707274
12 0.14309623430962343 0.06475458308693081 0.01506276150627615 0.04080425783560024
0 0.2221757322175732 0.1853932584269663 0.05104602510460251 0.04553518628030751
12 0.14309623430962343 0.18864577173270256 0.01506276150627615 0.040212891780011834
26 0.1707112970711297 0.06505026611472502 0.038493723849372385 0.0697811945594323
18 0.6707112970711296 0.04701360141927854 0.027615062761506274 0.011235955056179777
27 0.1711297071129707 0.18835008870490835 0.04100418410041841 0.04316972205795388
18 0.6707112970711296 0.18095801301005324 0.027615062761506274 0.011827321111768185
134 0.33472803347280333 0.3261383796570077 0.0200836820083682 0.041986989946777055
164 0.39497907949790795 0.3270254287403903 0.0200836820083682 0.04257835600236547
164 0.4405857740585774 0.3264340626848019 0.02092050209205021 0.04257835600236547
164 0.48577405857740585 0.3264340626848019 0.02092050209205021 0.04257835600236547
164 0.5213389121338912 0.3267297457125961 0.026778242677824266 0.041986989946777055
134 0.5644351464435146 0.3267297457125961 0.02092050209205021 0.04316972205795388
164 0.6246861924686192 0.3270254287403903 0.02092050209205021 0.04257835600236547
164 0.6631799163179916 0.3264340626848019 0.02092050209205021 0.04257835600236547
164 0.701673640167364 0.3267297457125961 0.02092050209205021 0.041986989946777055
134 0.7803347280334727 0.3261383796570077 0.02092050209205021 0.041986989946777055
164 0.8543933054393305 0.3267297457125961 0.0200836820083682 0.04080425783560024
164 0.8903765690376568 0.3270254287403903 0.02510460251046025 0.04257835600236547
134 0.9322175732217572 0.3267297457125961 0.021757322175732216 0.04316972205795388
164 0.9912133891213388 0.3267297457125961 0.017573221757322174 0.04080425783560024
21 0.48535564853556484 0.43554109994086343 0.01841004184100418 0.01833234772324069
21 0.7012552301255229 0.43554109994086343 0.01841004184100418 0.01833234772324069
18 0.6707112970711296 0.5644589000591367 0.027615062761506274 0.012418687167356595
18 0.6707112970711296 0.6883500887049084 0.027615062761506274 0.011827321111768185
134 0.33472803347280333 0.8211117681845063 0.0200836820083682 0.04316972205795388
134 0.3941422594142259 0.8225901833234773 0.0200836820083682 0.040212891780011834
134 0.4861924686192468 0.8225901833234773 0.0200836820083682 0.040212891780011834
134 0.5644351464435146 0.8222945002956831 0.02092050209205021 0.04080425783560024
134 0.6238493723849372 0.8225901833234773 0.02092050209205021 0.040212891780011834
134 0.7004184100418409 0.8225901833234773 0.02343096234309623 0.040212891780011834
134 0.7799163179916317 0.8219988172678889 0.0200836820083682 0.04257835600236547
134 0.8535564853556484 0.8225901833234773 0.0200836820083682 0.040212891780011834
134 0.9317991631799163 0.8228858663512715 0.02092050209205021 0.04080425783560024
134 0.9895397489539748 0.8225901833234773 0.02092050209205021 0.040212891780011834
164 0.7372384937238493 0.3261383796570077 0.026778242677824266 0.041986989946777055
103 0.33556485355648535 0.4222353636901242 0.021757322175732216 0.03903015966883501
103 0.7799163179916317 0.4216439976345358 0.021757322175732216 0.03903015966883501
103 0.9330543933054393 0.4228267297457126 0.021757322175732216 0.03903015966883501
134 0.6259414225941422 0.4228267297457126 0.0200836820083682 0.03903015966883501
134 0.5686192468619247 0.4231224127735068 0.024267782426778243 0.038438793613246605
