12 0.14548238897396631 0.19101731601731603 0.021439509954058193 0.07034632034632035
12 0.1439509954058193 0.3593073593073593 0.021439509954058193 0.07575757575757576
12 0.14548238897396631 0.6747835497835498 0.021439509954058193 0.07034632034632035
12 0.1439509954058193 0.8436147186147186 0.021439509954058193 0.07467532467532467
7 0.28637059724349156 0.17586580086580086 0.0765696784073507 0.07900432900432901
7 0.28637059724349156 0.35335497835497837 0.07350689127105667 0.07467532467532467
7 0.2871362940275651 0.6590909090909091 0.07197549770290965 0.08008658008658008
7 0.2856049004594181 0.8371212121212122 0.07503828483920368 0.07683982683982683
26 0.19448698315467075 0.19101731601731603 0.06431852986217458 0.11363636363636363
16 0.36983154670750384 0.16666666666666666 0.022970903522205207 0.04329004329004329
77 0.4111791730474732 0.1937229437229437 0.03828483920367535 0.08441558441558442
17 0.5206738131699847 0.1634199134199134 0.02450229709035222 0.05411255411255411
16 0.6416539050535988 0.13852813852813853 0.02450229709035222 0.045454545454545456
17 0.723583460949464 0.14556277056277056 0.026033690658499236 0.05519480519480519
17 0.8782542113323124 0.13528138528138528 0.026033690658499236 0.05411255411255411
28 0.19295558958652376 0.3587662337662338 0.07350689127105667 0.07683982683982683
17 0.3751914241960184 0.34145021645021645 0.02450229709035222 0.050865800865800864
136 0.4073506891271057 0.3630952380952381 0.030627871362940276 0.08116883116883117
138 0.4754977029096478 0.3566017316017316 0.03215926493108729 0.08333333333333333
17 0.5199081163859112 0.31493506493506496 0.026033690658499236 0.05411255411255411
139 0.5520673813169985 0.3528138528138528 0.03215926493108729 0.09523809523809523
140 0.610260336906585 0.34686147186147187 0.0444104134762634 0.10064935064935066
139 0.6784073506891272 0.35173160173160173 0.030627871362940276 0.09307359307359307
138 0.7542113323124043 0.3566017316017316 0.03215926493108729 0.08766233766233766
16 0.7986217457886677 0.31764069264069267 0.026033690658499236 0.044372294372294376
138 0.835375191424196 0.3566017316017316 0.03215926493108729 0.0854978354978355
136 0.947166921898928 0.36038961038961037 0.0444104134762634 0.07792207792207792
26 0.19448698315467075 0.6753246753246753 0.06431852986217458 0.11255411255411256
17 0.501531393568147 0.6201298701298701 0.026033690658499236 0.05627705627705628
164 0.7174578866768759 0.691017316017316 0.03215926493108729 0.11147186147186147
17 0.7603369065849924 0.6823593073593074 0.026033690658499236 0.05303030303030303
163 0.7932618683001532 0.6893939393939394 0.030627871362940276 0.10822510822510822
164 0.8384379785604901 0.689935064935065 0.03215926493108729 0.10930735930735931
163 0.880551301684533 0.6904761904761905 0.03981623277182236 0.10822510822510822
16 0.8958652373660031 0.6228354978354979 0.02450229709035222 0.044372294372294376
28 0.19448698315467075 0.8430735930735931 0.07350689127105667 0.07575757575757576
127 0.722052067381317 0.862012987012987 0.04747320061255743 0.11147186147186147
126 0.8392036753445636 0.8652597402597403 0.036753445635528334 0.12445887445887446
127 0.933384379785605 0.8636363636363636 0.03828483920367535 0.10822510822510822
106 0.5535987748851455 0.16937229437229437 0.02909647779479326 0.11580086580086581
139 0.7549770290964778 0.16396103896103897 0.02756508422664625 0.13095238095238096
171 0.8392036753445636 0.15151515151515152 0.042879019908116385 0.15584415584415584
171 0.9532924961715161 0.15043290043290045 0.03828483920367535 0.15367965367965367
170 0.9096477794793262 0.15097402597402598 0.036753445635528334 0.15476190476190477
170 0.5359877488514548 0.6374458874458875 0.045941807044410414 0.1471861471861472
170 0.6255742725880552 0.6385281385281385 0.04134762633996937 0.1471861471861472
169 0.5796324655436448 0.6385281385281385 0.02909647779479326 0.1471861471861472
169 0.6722817764165391 0.6385281385281385 0.02756508422664625 0.1471861471861472
161 0.3996937212863706 0.8690476190476191 0.030627871362940276 0.12554112554112554
160 0.4655436447166922 0.8722943722943723 0.030627871362940276 0.13203463203463203
159 0.5329249617151608 0.8739177489177489 0.02756508422664625 0.13744588744588745
158 0.6240428790199082 0.8782467532467533 0.0444104134762634 0.14393939393939395
