12 0.1440972222222222 0.11901840490797547 0.013888888888888888 0.04171779141104295
12 0.8624131944444444 0.11901840490797547 0.021701388888888888 0.04171779141104295
12 0.1440972222222222 0.2205521472392638 0.013888888888888888 0.04110429447852761
12 0.86328125 0.2205521472392638 0.018229166666666664 0.04110429447852761
14 0.7669270833333333 0.21595092024539878 0.011284722222222222 0.0098159509202454
14 0.49045138888888884 0.22576687116564417 0.012152777777777776 0.011042944785276074
14 0.9184027777777777 0.22607361963190187 0.012152777777777776 0.009202453987730062
14 0.6085069444444444 0.23588957055214727 0.012152777777777776 0.010429447852760737
14 0.37109375 0.23588957055214727 0.011284722222222222 0.009202453987730062
14 0.9184027777777777 0.23619631901840493 0.012152777777777776 0.0098159509202454
12 0.14453125 0.3460122699386503 0.014756944444444444 0.04171779141104295
12 0.8637152777777777 0.3469325153374233 0.01909722222222222 0.04110429447852761
12 0.14453125 0.448159509202454 0.013020833333333332 0.04110429447852761
12 0.8628472222222222 0.448159509202454 0.01909722222222222 0.04110429447852761
12 0.14453125 0.6969325153374234 0.014756944444444444 0.04171779141104295
12 0.7582465277777778 0.6975460122699387 0.019965277777777776 0.04049079754601227
12 0.14453125 0.8012269938650307 0.014756944444444444 0.04171779141104295
12 0.7582465277777778 0.800920245398773 0.018229166666666664 0.04110429447852761
14 0.6818576388888888 0.7957055214723927 0.013020833333333332 0.0098159509202454
14 0.4500868055555555 0.8058282208588957 0.013020833333333332 0.010429447852760737
14 0.8125 0.805521472392638 0.012152777777777776 0.0098159509202454
14 0.2530381944444444 0.8061349693251534 0.011284722222222222 0.00736196319018405
14 0.91015625 0.8159509202453988 0.013020833333333332 0.011042944785276074
14 0.3511284722222222 0.8153374233128835 0.011284722222222222 0.008588957055214725
14 0.5494791666666666 0.8159509202453988 0.012152777777777776 0.0098159509202454
14 0.8120659722222222 0.8156441717791412 0.013020833333333332 0.009202453987730062
14 0.2530381944444444 0.8156441717791412 0.011284722222222222 0.006748466257668712
12 0.14453125 0.9263803680981596 0.014756944444444444 0.04294478527607362
12 0.7586805555555555 0.9269938650306749 0.020833333333333332 0.04171779141104295
14 0.2543402777777778 0.2254601226993865 0.012152777777777776 0.009202453987730062
14 0.25390625 0.2352760736196319 0.013020833333333332 0.007975460122699387
26 0.17274305555555555 0.1177914110429448 0.041666666666666664 0.07607361963190185
22 0.23350694444444442 0.12515337423312883 0.022569444444444444 0.03190184049079755
131 0.43185763888888884 0.1138036809815951 0.02517361111111111 0.054601226993865035
134 0.5911458333333333 0.11349693251533743 0.022569444444444444 0.053987730061349694
133 0.669704861111111 0.1138036809815951 0.0234375 0.054601226993865035
132 0.7486979166666666 0.11411042944785277 0.0234375 0.053987730061349694
161 0.8276909722222222 0.1138036809815951 0.021701388888888888 0.054601226993865035
22 0.8984375 0.12515337423312883 0.022569444444444444 0.03190184049079755
27 0.17317708333333331 0.2205521472392638 0.04427083333333333 0.04478527607361964
131 0.3532986111111111 0.22147239263803684 0.024305555555555552 0.04539877300613497
132 0.4722222222222222 0.2217791411042945 0.022569444444444444 0.04601226993865031
130 0.5907118055555555 0.22331288343558284 0.0234375 0.05030674846625767
163 0.7157118055555555 0.21503067484662577 0.035590277777777776 0.05582822085889571
134 0.7495659722222222 0.21411042944785277 0.019965277777777776 0.05766871165644172
26 0.17274305555555555 0.345398773006135 0.041666666666666664 0.07730061349693251
140 0.39322916666666663 0.3395705521472393 0.024305555555555552 0.06073619631901841
16 0.529079861111111 0.3058282208588957 0.016493055555555556 0.02883435582822086
137 0.6302083333333333 0.34662576687116564 0.022569444444444444 0.044171779141104296
137 0.708767361111111 0.34662576687116564 0.0234375 0.04539877300613497
15 0.7651909722222222 0.33588957055214724 0.019965277777777776 0.03251533742331288
136 0.78515625 0.34785276073619636 0.02690972222222222 0.046625766871165646
27 0.17230902777777776 0.44785276073619634 0.04600694444444444 0.04539877300613497
164 0.23871527777777776 0.4423312883435583 0.029513888888888888 0.05644171779141104
163 0.2743055555555555 0.4423312883435583 0.024305555555555552 0.05644171779141104
164 0.3146701388888889 0.4420245398773006 0.0234375 0.05582822085889571
163 0.3528645833333333 0.4423312883435583 0.0234375 0.05644171779141104
164 0.3962673611111111 0.4420245398773006 0.028645833333333332 0.057055214723926384
163 0.4327256944444444 0.4423312883435583 0.0234375 0.05644171779141104
164 0.47265625 0.4420245398773006 0.0234375 0.05582822085889571
163 0.5112847222222222 0.4423312883435583 0.022569444444444444 0.05644171779141104
163 0.5538194444444444 0.44294478527607367 0.029513888888888888 0.053987730061349694
162 0.5907118055555555 0.44325153374233134 0.0234375 0.054601226993865035
163 0.6302083333333333 0.44294478527607367 0.022569444444444444 0.053987730061349694
162 0.6692708333333333 0.443558282208589 0.022569444444444444 0.05521472392638037
163 0.7122395833333333 0.44294478527607367 0.030381944444444444 0.053987730061349694
162 0.7491319444444444 0.443558282208589 0.024305555555555552 0.05521472392638037
163 0.7886284722222222 0.44294478527607367 0.0234375 0.053987730061349694
162 0.8276909722222222 0.44325153374233134 0.0234375 0.054601226993865035
164 0.9032118055555555 0.4420245398773006 0.028645833333333332 0.057055214723926384
163 0.9401041666666666 0.4420245398773006 0.024305555555555552 0.05582822085889571
164 0.9796006944444444 0.4423312883435583 0.0234375 0.05766871165644172
26 0.17274305555555555 0.6963190184049081 0.041666666666666664 0.07730061349693251
22 0.23307291666666666 0.7033742331288344 0.0234375 0.03128834355828221
131 0.39887152777777773 0.6923312883435583 0.02517361111111111 0.054601226993865035
134 0.5316840277777778 0.6923312883435583 0.0234375 0.054601226993865035
133 0.59765625 0.692638036809816 0.02517361111111111 0.05521472392638037
132 0.6631944444444444 0.6923312883435583 0.024305555555555552 0.054601226993865035
161 0.7296006944444444 0.6920245398773006 0.021701388888888888 0.05521472392638037
22 0.7916666666666666 0.7036809815950921 0.022569444444444444 0.030674846625766874
131 0.9574652777777777 0.6929447852760736 0.024305555555555552 0.054601226993865035
27 0.17274305555555555 0.800920245398773 0.043402777777777776 0.04601226993865031
131 0.3333333333333333 0.8012269938650307 0.024305555555555552 0.044171779141104296
132 0.4327256944444444 0.8012269938650307 0.021701388888888888 0.044171779141104296
130 0.5316840277777778 0.8033742331288344 0.02517361111111111 0.049693251533742336
163 0.6358506944444444 0.7947852760736197 0.033854166666666664 0.05582822085889571
134 0.6640625 0.7938650306748467 0.01909722222222222 0.05766871165644172
131 0.892361111111111 0.8012269938650307 0.024305555555555552 0.044171779141104296
132 0.9891493055555555 0.8012269938650307 0.019965277777777776 0.044171779141104296
26 0.17274305555555555 0.9248466257668713 0.041666666666666664 0.07668711656441718
140 0.3663194444444444 0.9196319018404908 0.024305555555555552 0.06134969325153375
16 0.4765625 0.8855828220858897 0.015625 0.030061349693251537
137 0.564236111111111 0.9263803680981596 0.022569444444444444 0.044171779141104296
137 0.6302083333333333 0.9263803680981596 0.022569444444444444 0.044171779141104296
15 0.6731770833333333 0.9159509202453988 0.019965277777777776 0.03190184049079755
136 0.6935763888888888 0.9276073619631903 0.027777777777777776 0.046625766871165646
140 0.9240451388888888 0.9276073619631903 0.028645833333333332 0.07484662576687116
