12 0.5872894333843798 0.2288961038961039 0.026033690658499236 0.07251082251082251
12 0.5865237366003063 0.408008658008658 0.02450229709035222 0.07142857142857142
12 0.5880551301684533 0.6314935064935064 0.021439509954058193 0.07034632034632035
12 0.5865237366003063 0.8095238095238095 0.02450229709035222 0.0735930735930736
104 0.028330781010719758 0.23755411255411255 0.04134762633996937 0.09199134199134198
140 0.1753445635528331 0.2159090909090909 0.03828483920367535 0.10497835497835498
77 0.3177641653905054 0.22402597402597402 0.03828483920367535 0.08225108225108226
138 0.6324655436447167 0.22510822510822512 0.036753445635528334 0.08441558441558442
141 0.712863705972435 0.2104978354978355 0.04134762633996937 0.11580086580086581
140 0.7817764165390506 0.2159090909090909 0.03828483920367535 0.10281385281385282
139 0.8468606431852986 0.22077922077922077 0.045941807044410414 0.09307359307359307
138 0.9234303215926494 0.22456709956709955 0.036753445635528334 0.0854978354978355
137 0.9846860643185299 0.22943722943722944 0.02756508422664625 0.07575757575757576
135 0.028330781010719758 0.4090909090909091 0.03828483920367535 0.07792207792207792
140 0.10183767228177643 0.39556277056277056 0.0444104134762634 0.10281385281385282
139 0.1761102603369066 0.3998917748917749 0.036753445635528334 0.09415584415584416
138 0.24042879019908117 0.4036796536796537 0.045941807044410414 0.08658008658008658
137 0.3177641653905054 0.408008658008658 0.03828483920367535 0.07575757575757576
139 0.3874425727411945 0.39880952380952384 0.036753445635528334 0.09415584415584416
138 0.45788667687595713 0.4042207792207792 0.036753445635528334 0.0854978354978355
141 0.5267993874425727 0.39015151515151514 0.04900459418070444 0.11796536796536797
109 0.6332312404287902 0.3961038961038961 0.04134762633996937 0.1038961038961039
104 0.781010719754977 0.41774891774891776 0.036753445635528334 0.09307359307359307
73 0.9257274119448698 0.4004329004329004 0.03828483920367535 0.08658008658008658
73 0.030627871362940276 0.625 0.03981623277182236 0.08333333333333333
21 0.31546707503828486 0.6304112554112554 0.030627871362940276 0.03571428571428571
136 0.3874425727411945 0.6352813852813853 0.03981623277182236 0.08441558441558442
133 0.45865237366003064 0.6369047619047619 0.03828483920367535 0.08982683982683982
134 0.5283307810107197 0.6406926406926406 0.045941807044410414 0.09523809523809523
74 0.6355283307810108 0.6212121212121212 0.042879019908116385 0.09090909090909091
21 0.9211332312404288 0.6304112554112554 0.03215926493108729 0.03571428571428571
73 0.03139356814701379 0.8041125541125541 0.04134762633996937 0.08225108225108226
19 0.32006125574272587 0.8046536796536796 0.04900459418070444 0.016233766233766232
18 0.886676875957121 0.7965367965367965 0.05206738131699847 0.01948051948051948
