12 0.8560490045941808 0.22077922077922077 0.021439509954058193 0.07142857142857142
12 0.4012251148545176 0.22294372294372294 0.021439509954058193 0.0670995670995671
12 0.8560490045941808 0.4155844155844156 0.02450229709035222 0.0735930735930736
12 0.8560490045941808 0.6114718614718615 0.021439509954058193 0.0735930735930736
12 0.8568147013782542 0.8046536796536796 0.022970903522205207 0.07251082251082251
12 0.4012251148545176 0.8041125541125541 0.021439509954058193 0.06926406926406926
14 0.2228177641653905 0.6558441558441559 0.03215926493108729 0.01948051948051948
12 0.40275650842266464 0.6093073593073594 0.021439509954058193 0.07142857142857142
12 0.40199081163859113 0.41504329004329005 0.022970903522205207 0.07251082251082251
128 0.028330781010719758 0.2343073593073593 0.04747320061255743 0.10064935064935066
127 0.08039816232771822 0.23863636363636365 0.04134762633996937 0.11147186147186147
128 0.18300153139356815 0.2343073593073593 0.05053598774885146 0.09848484848484848
127 0.23660030627871365 0.23863636363636365 0.04134762633996937 0.10930735930735931
128 0.2993874425727412 0.23376623376623376 0.05053598774885146 0.10173160173160173
127 0.35298621745788666 0.2408008658008658 0.03828483920367535 0.11363636363636363
15 0.4318529862174579 0.2765151515151515 0.030627871362940276 0.06818181818181818
128 0.4770290964777948 0.23376623376623376 0.053598774885145486 0.1038961038961039
129 0.5329249617151608 0.23106060606060605 0.03981623277182236 0.09415584415584416
130 0.611791730474732 0.2261904761904762 0.04134762633996937 0.08658008658008658
129 0.6707503828483921 0.23160173160173161 0.03981623277182236 0.09523809523809523
21 0.7243491577335376 0.2224025974025974 0.036753445635528334 0.03787878787878788
17 0.771822358346095 0.2775974025974026 0.02450229709035222 0.07467532467532467
126 0.028330781010719758 0.43885281385281383 0.04747320061255743 0.1266233766233766
125 0.08422664624808576 0.44264069264069267 0.04900459418070444 0.1277056277056277
126 0.18070444104134764 0.4366883116883117 0.0551301684532925 0.12012987012987013
125 0.23660030627871365 0.4431818181818182 0.04747320061255743 0.13095238095238096
126 0.2986217457886677 0.43722943722943725 0.04900459418070444 0.12121212121212122
125 0.3552833078101072 0.44155844155844154 0.04900459418070444 0.12987012987012986
127 0.4754977029096478 0.4356060606060606 0.05053598774885146 0.10930735930735931
126 0.5298621745788668 0.43777056277056275 0.04900459418070444 0.12229437229437229
15 0.5712098009188362 0.4967532467532468 0.030627871362940276 0.0670995670995671
126 0.6699846860643186 0.4366883116883117 0.0444104134762634 0.12012987012987013
21 0.725114854517611 0.4161255411255411 0.03828483920367535 0.03787878787878788
20 0.019142419601837674 0.770021645021645 0.03522205206738132 0.05735930735930736
16 0.13935681470137826 0.6553030303030303 0.02450229709035222 0.06168831168831169
20 0.17381316998468607 0.7694805194805194 0.03522205206738132 0.05844155844155844
34 0.24119448698315468 0.7949134199134199 0.06278713629402757 0.09848484848484848
107 0.29402756508422667 0.7992424242424242 0.036753445635528334 0.07900432900432901
15 0.3124042879019908 0.6753246753246753 0.033690658499234305 0.0670995670995671
140 0.4724349157733538 0.7911255411255411 0.04134762633996937 0.10173160173160173
108 0.6094946401225115 0.7949134199134199 0.036753445635528334 0.09415584415584416
15 0.6868300153139357 0.7570346320346321 0.03522205206738132 0.07034632034632035
108 0.725114854517611 0.795995670995671 0.03828483920367535 0.09415584415584416
128 0.7281776416539051 0.6260822510822511 0.05053598774885146 0.10714285714285714
15 0.767228177641654 0.6645021645021645 0.033690658499234305 0.06926406926406926
128 0.8093415007656968 0.6228354978354979 0.0444104134762634 0.10281385281385282
128 0.8185298621745789 0.2343073593073593 0.06278713629402757 0.10497835497835498
125 0.6125574272588056 0.44264069264069267 0.045941807044410414 0.12987012987012986
126 0.8162327718223584 0.43885281385281383 0.06431852986217458 0.12012987012987013
21 0.021439509954058193 0.5735930735930735 0.03981623277182236 0.0367965367965368
127 0.09264931087289434 0.6282467532467533 0.06278713629402757 0.10930735930735931
127 0.3652373660030628 0.6282467532467533 0.06278713629402757 0.10930735930735931
97 0.17917304747320062 0.6233766233766234 0.042879019908116385 0.1038961038961039
69 0.4739663093415008 0.6239177489177489 0.0444104134762634 0.10281385281385282
