14 0.40199081163859113 0.022186147186147188 0.01990811638591118 0.01406926406926407
6 0.273353751914242 0.06493506493506493 0.053598774885145486 0.07575757575757576
12 0.14548238897396631 0.0854978354978355 0.021439509954058193 0.07142857142857142
14 0.666156202143951 0.057900432900432904 0.021439509954058193 0.016233766233766232
14 0.9517611026033691 0.07521645021645022 0.022970903522205207 0.016233766233766232
6 0.27565084226646247 0.25865800865800864 0.0551301684532925 0.07792207792207792
12 0.14624808575803983 0.26461038961038963 0.022970903522205207 0.07034632034632035
6 0.2741194486983155 0.6217532467532467 0.05206738131699847 0.07467532467532467
12 0.14624808575803983 0.6455627705627706 0.022970903522205207 0.07034632034632035
6 0.27488514548238896 0.8176406926406926 0.056661562021439515 0.07467532467532467
12 0.14548238897396631 0.8252164502164502 0.021439509954058193 0.07034632034632035
26 0.19448698315467075 0.08603896103896104 0.06431852986217458 0.11363636363636363
141 0.3759571209800919 0.06764069264069264 0.03522205206738132 0.11363636363636363
169 0.5658499234303216 0.07575757575757576 0.04747320061255743 0.09523809523809523
137 0.6362940275650842 0.0854978354978355 0.03215926493108729 0.07575757575757576
169 0.827718223583461 0.07683982683982683 0.04747320061255743 0.09740259740259741
134 0.9218989280245024 0.10173160173160173 0.030627871362940276 0.10606060606060606
27 0.19218989280245025 0.26406926406926406 0.07197549770290965 0.07792207792207792
167 0.3721286370597244 0.2656926406926407 0.030627871362940276 0.08333333333333333
169 0.4448698315467075 0.2564935064935065 0.03215926493108729 0.10173160173160173
167 0.5038284839203676 0.26461038961038963 0.033690658499234305 0.0854978354978355
169 0.5696784073506892 0.25811688311688313 0.042879019908116385 0.09848484848484848
167 0.6347626339969372 0.2662337662337662 0.03215926493108729 0.08225108225108226
169 0.7067381316998469 0.25757575757575757 0.03215926493108729 0.09956709956709957
167 0.7664624808575804 0.26461038961038963 0.03215926493108729 0.08333333333333333
169 0.8330781010719756 0.25811688311688313 0.042879019908116385 0.10064935064935066
15 0.8889739663093416 0.23863636363636365 0.02909647779479326 0.05303030303030303
167 0.9218989280245024 0.26515151515151514 0.030627871362940276 0.08225108225108226
26 0.19448698315467075 0.6455627705627706 0.06738131699846861 0.11580086580086581
163 0.4433384379785605 0.625 0.03215926493108729 0.11796536796536797
138 0.5865237366003063 0.6206709956709957 0.033690658499234305 0.1266233766233766
15 0.6385911179173047 0.6282467532467533 0.030627871362940276 0.050865800865800864
138 0.8116385911179174 0.6217532467532467 0.033690658499234305 0.12229437229437229
167 0.879019908116386 0.6190476190476191 0.030627871362940276 0.12554112554112554
17 0.9287901990811639 0.6271645021645021 0.026033690658499236 0.05519480519480519
166 0.9678407350689128 0.6277056277056277 0.045941807044410414 0.11904761904761904
27 0.19372128637059724 0.8246753246753247 0.06891271056661562 0.07575757575757576
21 0.9609494640122512 0.8246753246753247 0.03522205206738132 0.03463203463203463
167 0.7427258805513017 0.6228354978354979 0.030627871362940276 0.12229437229437229
166 0.385145482388974 0.6271645021645021 0.05053598774885146 0.10930735930735931
166 0.6791730474732006 0.6222943722943723 0.05053598774885146 0.11904761904761904
