12 0.3392036753445636 0.04707792207792208 0.026033690658499236 0.07467532467532467
12 0.8568147013782542 0.04924242424242424 0.022970903522205207 0.07683982683982683
12 0.3392036753445636 0.25162337662337664 0.022970903522205207 0.06818181818181818
12 0.8568147013782542 0.2527056277056277 0.022970903522205207 0.07034632034632035
12 0.8560490045941808 0.7527056277056277 0.02450229709035222 0.07251082251082251
12 0.21439509954058195 0.7548701298701299 0.018376722817764167 0.06818181818181818
12 0.21439509954058195 0.9366883116883117 0.021439509954058193 0.07251082251082251
12 0.8560490045941808 0.9372294372294372 0.02450229709035222 0.06926406926406926
135 0.058958652373660034 0.04329004329004329 0.03828483920367535 0.08441558441558442
103 0.12021439509954059 0.05844155844155844 0.03828483920367535 0.09956709956709957
101 0.23583460949464014 0.044372294372294376 0.03981623277182236 0.08658008658008658
101 0.3859111791730475 0.044372294372294376 0.03981623277182236 0.08658008658008658
130 0.5053598774885145 0.05411255411255411 0.04900459418070444 0.08441558441558442
132 0.5658499234303216 0.047619047619047616 0.03828483920367535 0.07575757575757576
101 0.6286370597243491 0.04383116883116883 0.04134762633996937 0.0854978354978355
99 0.7434915773353752 0.05194805194805195 0.04134762633996937 0.08874458874458875
133 0.058958652373660034 0.24891774891774893 0.03828483920367535 0.08441558441558442
103 0.11944869831546708 0.2635281385281385 0.036753445635528334 0.09632034632034632
101 0.23583460949464014 0.2483766233766234 0.03981623277182236 0.0854978354978355
102 0.3859111791730475 0.2435064935064935 0.03981623277182236 0.09090909090909091
130 0.5053598774885145 0.25811688311688313 0.04900459418070444 0.08766233766233766
132 0.5658499234303216 0.25216450216450215 0.03828483920367535 0.07575757575757576
102 0.6271056661562022 0.2435064935064935 0.03828483920367535 0.08874458874458875
99 0.7434915773353752 0.2564935064935065 0.04134762633996937 0.08874458874458875
134 0.08346094946401225 0.7705627705627706 0.03828483920367535 0.11471861471861472
21 0.2649310872894334 0.7175324675324676 0.030627871362940276 0.03463203463203463
135 0.4081163859111792 0.7711038961038961 0.04134762633996937 0.11796536796536797
21 0.5681470137825422 0.7175324675324676 0.033690658499234305 0.0367965367965368
132 0.714395099540582 0.7364718614718615 0.04134762633996937 0.10064935064935066
