12 0.6094946401225115 0.20346320346320346 0.02450229709035222 0.07142857142857142
14 0.6914241960183768 0.3560606060606061 0.01990811638591118 0.015151515151515152
12 0.610260336906585 0.3847402597402597 0.026033690658499236 0.06601731601731602
14 0.9900459418070444 0.5606060606060606 0.016845329249617153 0.012987012987012988
12 0.608728943338438 0.604978354978355 0.022970903522205207 0.07142857142857142
14 0.05972434915773354 0.5784632034632035 0.018376722817764167 0.01406926406926407
14 0.33843797856049007 0.5963203463203464 0.021439509954058193 0.015151515151515152
12 0.6094946401225115 0.7846320346320347 0.02450229709035222 0.07142857142857142
139 0.30474732006125577 0.19480519480519481 0.036753445635528334 0.09307359307359307
15 0.3552833078101072 0.1590909090909091 0.033690658499234305 0.05627705627705628
139 0.39356814701378257 0.19480519480519481 0.036753445635528334 0.09307359307359307
140 0.4624808575803982 0.18993506493506493 0.036753445635528334 0.10497835497835498
141 0.546707503828484 0.18506493506493507 0.04900459418070444 0.11904761904761904
21 0.9548238897396631 0.20454545454545456 0.03215926493108729 0.0367965367965368
132 0.026799387442572743 0.3998917748917749 0.03828483920367535 0.10281385281385282
134 0.10107197549770292 0.3944805194805195 0.036753445635528334 0.09848484848484848
135 0.16768759571209801 0.3912337662337662 0.03828483920367535 0.09415584415584416
136 0.2320061255742726 0.387987012987013 0.05053598774885146 0.08333333333333333
78 0.30398162327718226 0.3841991341991342 0.03828483920367535 0.07575757575757576
106 0.6577335375191424 0.38203463203463206 0.03828483920367535 0.0735930735930736
136 0.8905053598774886 0.38636363636363635 0.03828483920367535 0.08225108225108226
104 0.9571209800918836 0.39231601731601734 0.03981623277182236 0.09415584415584416
105 0.02526799387442573 0.6087662337662337 0.03522205206738132 0.08333333333333333
135 0.23736600306278716 0.6136363636363636 0.03981623277182236 0.09307359307359307
103 0.3055130168453293 0.6179653679653679 0.03828483920367535 0.09956709956709957
133 0.5627871362940275 0.5984848484848485 0.05972434915773354 0.09307359307359307
132 0.656967840735069 0.6201298701298701 0.03981623277182236 0.10606060606060606
136 0.7312404287901991 0.6163419913419913 0.03828483920367535 0.10064935064935066
137 0.7993874425727412 0.6114718614718615 0.036753445635528334 0.08874458874458875
15 0.8506891271056662 0.5703463203463204 0.03215926493108729 0.05627705627705628
138 0.8828483920367535 0.6022727272727273 0.04747320061255743 0.08766233766233766
108 0.9578866768759572 0.5979437229437229 0.03522205206738132 0.09632034632034632
19 0.02909647779479326 0.7803030303030303 0.05206738131699847 0.017316017316017316
21 0.30245022970903523 0.7857142857142857 0.03215926493108729 0.0367965367965368
133 0.3943338437978561 0.7949134199134199 0.03828483920367535 0.09415584415584416
134 0.4624808575803982 0.7922077922077922 0.03981623277182236 0.09090909090909091
15 0.5130168453292496 0.775974025974026 0.033690658499234305 0.05844155844155844
135 0.5459418070444104 0.7873376623376623 0.05053598774885146 0.0854978354978355
77 0.656967840735069 0.788961038961039 0.036753445635528334 0.08225108225108226
19 0.9586523736600306 0.7803030303030303 0.045941807044410414 0.017316017316017316
80 0.026799387442572743 0.19534632034632035 0.03828483920367535 0.09415584415584416
83 0.660030627871363 0.18019480519480519 0.05206738131699847 0.12229437229437229
