12 0.2327718223583461 0.18019480519480519 0.02756508422664625 0.07034632034632035
12 0.8560490045941808 0.18019480519480519 0.02450229709035222 0.07034632034632035
12 0.23506891271056662 0.3392857142857143 0.03215926493108729 0.06818181818181818
12 0.8560490045941808 0.3409090909090909 0.02450229709035222 0.07142857142857142
12 0.8575803981623278 0.5308441558441559 0.021439509954058193 0.07467532467532467
12 0.2335375191424196 0.5303030303030303 0.022970903522205207 0.07142857142857142
12 0.8560490045941808 0.6904761904761905 0.02450229709035222 0.06926406926406926
12 0.2327718223583461 0.6915584415584416 0.018376722817764167 0.0670995670995671
14 0.3108728943338438 0.6996753246753247 0.018376722817764167 0.01406926406926407
12 0.8568147013782542 0.9053030303030303 0.022970903522205207 0.07467532467532467
12 0.20597243491577336 0.9063852813852814 0.026033690658499236 0.07251082251082251
140 0.030627871362940276 0.16612554112554112 0.042879019908116385 0.10064935064935066
110 0.10872894333843798 0.1634199134199134 0.036753445635528334 0.11471861471861472
141 0.2840735068912711 0.16233766233766234 0.03522205206738132 0.11038961038961038
140 0.3545176110260337 0.1672077922077922 0.03522205206738132 0.10281385281385282
139 0.42649310872894336 0.17153679653679654 0.03215926493108729 0.09199134199134198
138 0.49234303215926495 0.17694805194805194 0.0444104134762634 0.0854978354978355
78 0.5758039816232772 0.18019480519480519 0.03981623277182236 0.07683982683982683
138 0.02909647779479326 0.33766233766233766 0.045941807044410414 0.08441558441558442
108 0.10872894333843798 0.3333333333333333 0.030627871362940276 0.09523809523809523
108 0.28024502297090353 0.33225108225108224 0.030627871362940276 0.09523809523809523
103 0.42649310872894336 0.35443722943722944 0.03215926493108729 0.10064935064935066
104 0.5712098009188362 0.35173160173160173 0.033690658499234305 0.09307359307359307
130 0.72052067381317 0.34686147186147187 0.0444104134762634 0.0854978354978355
131 0.7886676875957122 0.341991341991342 0.036753445635528334 0.07792207792207792
132 0.1784073506891271 0.5248917748917749 0.04747320061255743 0.08225108225108226
131 0.5773353751914242 0.5292207792207793 0.04900459418070444 0.07792207792207792
130 0.6431852986217458 0.5335497835497836 0.036753445635528334 0.08874458874458875
131 0.7151607963246555 0.5275974025974026 0.036753445635528334 0.08333333333333333
132 0.7886676875957122 0.525974025974026 0.033690658499234305 0.08441558441558442
134 0.17151607963246554 0.7034632034632035 0.030627871362940276 0.10173160173160173
102 0.28177641653905056 0.6818181818181818 0.033690658499234305 0.09090909090909091
132 0.5076569678407351 0.6866883116883117 0.04747320061255743 0.08333333333333333
138 0.07963246554364473 0.902056277056277 0.033690658499234305 0.0854978354978355
139 0.1424196018376723 0.8982683982683982 0.045941807044410414 0.09307359307359307
81 0.25803981623277183 0.8928571428571429 0.0444104134762634 0.10173160173160173
140 0.5474732006125574 0.8928571428571429 0.03522205206738132 0.10173160173160173
17 0.5972434915773354 0.8425324675324676 0.02450229709035222 0.05303030303030303
141 0.6309341500765697 0.887987012987013 0.033690658499234305 0.11147186147186147
15 0.6822358346094947 0.8436147186147186 0.02909647779479326 0.050865800865800864
141 0.7166921898928025 0.887987012987013 0.036753445635528334 0.11363636363636363
15 0.7679938744257274 0.83495670995671 0.02909647779479326 0.050865800865800864
142 0.7963246554364471 0.8814935064935064 0.04900459418070444 0.1266233766233766
72 0.2894333843797856 0.5292207792207793 0.042879019908116385 0.07575757575757576
72 0.5773353751914242 0.6904761904761905 0.042879019908116385 0.07575757575757576
