12 0.14624808575803983 0.20941558441558442 0.022970903522205207 0.07251082251082251
12 0.939509954058193 0.20887445887445888 0.022970903522205207 0.06926406926406926
12 0.94104134762634 0.38906926406926406 0.026033690658499236 0.07034632034632035
12 0.14548238897396631 0.3906926406926407 0.021439509954058193 0.07142857142857142
12 0.14624808575803983 0.7067099567099567 0.022970903522205207 0.07575757575757576
12 0.14548238897396631 0.8760822510822511 0.021439509954058193 0.07034632034632035
7 0.28637059724349156 0.1920995670995671 0.07350689127105667 0.08116883116883117
7 0.2871362940275651 0.39285714285714285 0.07503828483920368 0.08008658008658008
7 0.2848392036753446 0.6915584415584416 0.0765696784073507 0.08225108225108226
7 0.2886676875957121 0.8809523809523809 0.0781010719754977 0.08008658008658008
26 0.19448698315467075 0.20941558441558442 0.06738131699846861 0.11580086580086581
17 0.36983154670750384 0.24404761904761904 0.026033690658499236 0.05303030303030303
16 0.6271056661562022 0.23809523809523808 0.026033690658499236 0.04329004329004329
16 0.771822358346095 0.15692640692640691 0.02450229709035222 0.04329004329004329
17 0.8537519142419602 0.1634199134199134 0.026033690658499236 0.05627705627705628
27 0.19448698315467075 0.3906926406926407 0.07044410413476264 0.07575757575757576
108 0.40199081163859113 0.38257575757575757 0.02909647779479326 0.09632034632034632
106 0.5367534456355284 0.39015151515151514 0.03522205206738132 0.07683982683982683
26 0.19525267993874426 0.7061688311688312 0.06584992343032159 0.11580086580086581
136 0.5076569678407351 0.6915584415584416 0.03215926493108729 0.10606060606060606
139 0.8989280245022971 0.6785714285714286 0.02756508422664625 0.12987012987012986
27 0.19372128637059724 0.8755411255411255 0.06891271056661562 0.07575757575757576
137 0.4012251148545176 0.8771645021645021 0.033690658499234305 0.07467532467532467
16 0.47013782542113325 0.8414502164502164 0.02450229709035222 0.044372294372294376
137 0.5076569678407351 0.8760822510822511 0.03522205206738132 0.07467532467532467
17 0.5781010719754978 0.8479437229437229 0.026033690658499236 0.05303030303030303
137 0.611791730474732 0.8760822510822511 0.03522205206738132 0.07467532467532467
17 0.6822358346094947 0.8392857142857143 0.026033690658499236 0.05303030303030303
138 0.7090352220520674 0.8712121212121212 0.042879019908116385 0.08441558441558442
137 0.8055130168453293 0.8777056277056277 0.033690658499234305 0.08225108225108226
136 0.8981623277182236 0.8804112554112554 0.03215926493108729 0.08982683982683982
139 0.4732006125574273 0.17965367965367965 0.030627871362940276 0.13203463203463203
140 0.5352220520673814 0.17532467532467533 0.03522205206738132 0.1406926406926407
141 0.599540581929556 0.17261904761904762 0.02909647779479326 0.15043290043290045
71 0.6684532924961716 0.2326839826839827 0.04134762633996937 0.12337662337662338
140 0.6707503828483921 0.1747835497835498 0.045941807044410414 0.1396103896103896
139 0.7289433384379785 0.17586580086580086 0.030627871362940276 0.1396103896103896
139 0.8101071975497703 0.17694805194805194 0.02756508422664625 0.13744588744588745
139 0.886676875957121 0.17803030303030304 0.02756508422664625 0.13744588744588745
81 0.6684532924961716 0.3787878787878788 0.04134762633996937 0.1038961038961039
109 0.9816232771822359 0.3787878787878788 0.036753445635528334 0.09956709956709957
108 0.6125574272588056 0.6796536796536796 0.030627871362940276 0.12987012987012986
