12 0.14624808575803983 0.15963203463203463 0.022970903522205207 0.07251082251082251
12 0.8392036753445636 0.16017316017316016 0.021439509954058193 0.0735930735930736
12 0.14548238897396631 0.329004329004329 0.021439509954058193 0.07575757575757576
12 0.8392036753445636 0.32792207792207795 0.02450229709035222 0.06926406926406926
12 0.14548238897396631 0.6439393939393939 0.021439509954058193 0.07142857142857142
12 0.9234303215926494 0.6423160173160173 0.021439509954058193 0.07034632034632035
14 0.6937212863705973 0.6699134199134199 0.018376722817764167 0.012987012987012988
12 0.1439509954058193 0.8192640692640693 0.021439509954058193 0.0735930735930736
12 0.9218989280245024 0.8176406926406926 0.02450229709035222 0.07034632034632035
7 0.2879019908116386 0.14393939393939395 0.07350689127105667 0.07792207792207792
7 0.2871362940275651 0.32142857142857145 0.07503828483920368 0.07792207792207792
7 0.2871362940275651 0.6277056277056277 0.07503828483920368 0.08008658008658008
7 0.2871362940275651 0.8138528138528138 0.07503828483920368 0.07575757575757576
26 0.19525267993874426 0.15963203463203463 0.06584992343032159 0.11580086580086581
137 0.4571209800918836 0.13636363636363635 0.02909647779479326 0.11904761904761904
139 0.5712098009188362 0.1314935064935065 0.033690658499234305 0.12878787878787878
28 0.19295558958652376 0.3268398268398268 0.07350689127105667 0.07575757575757576
20 0.6240428790199082 0.31926406926406925 0.02909647779479326 0.05194805194805195
102 0.7411944869831547 0.34145021645021645 0.030627871362940276 0.10281385281385282
131 0.879019908116386 0.3501082251082251 0.030627871362940276 0.12012987012987013
102 0.9686064318529862 0.34145021645021645 0.03215926493108729 0.10281385281385282
26 0.19448698315467075 0.6433982683982684 0.06738131699846861 0.11580086580086581
131 0.6653905053598775 0.6428571428571429 0.03215926493108729 0.07792207792207792
130 0.8698315467075038 0.6471861471861472 0.04900459418070444 0.08441558441558442
129 0.9663093415007658 0.650974025974026 0.036753445635528334 0.09632034632034632
28 0.19448698315467075 0.8181818181818182 0.07350689127105667 0.0735930735930736
17 0.4793261868300153 0.8365800865800865 0.02450229709035222 0.05194805194805195
132 0.5191424196018377 0.816017316017316 0.03981623277182236 0.07792207792207792
17 0.5627871362940275 0.827922077922078 0.026033690658499236 0.05411255411255411
133 0.5949464012251149 0.816017316017316 0.03215926493108729 0.08225108225108226
133 0.7327718223583461 0.8095238095238095 0.03215926493108729 0.09307359307359307
103 0.8039816232771823 0.8079004329004329 0.030627871362940276 0.09632034632034632
72 0.4058192955589587 0.6428571428571429 0.042879019908116385 0.07575757575757576
74 0.40505359877488517 0.3430735930735931 0.0444104134762634 0.10606060606060606
128 0.9709035222052068 0.19101731601731603 0.03981623277182236 0.1396103896103896
139 0.9762633996937213 0.12987012987012986 0.04134762633996937 0.12987012987012986
96 0.8782542113323124 0.19426406926406925 0.03522205206738132 0.1461038961038961
110 0.877488514548239 0.1277056277056277 0.036753445635528334 0.13636363636363635
129 0.7894333843797856 0.18668831168831168 0.03522205206738132 0.12878787878787878
131 0.7419601837672282 0.18614718614718614 0.03215926493108729 0.12987012987012986
130 0.6852986217457887 0.18668831168831168 0.02909647779479326 0.12878787878787878
129 0.6271056661562022 0.18668831168831168 0.02909647779479326 0.12878787878787878
139 0.6837672281776417 0.1277056277056277 0.03215926493108729 0.1406926406926407
141 0.6309341500765697 0.12391774891774891 0.036753445635528334 0.14177489177489178
