12 0.14777947932618685 0.049783549783549784 0.026033690658499236 0.08008658008658008
12 0.7641653905053599 0.04599567099567099 0.021439509954058193 0.07683982683982683
14 0.8445635528330782 0.05735930735930736 0.01990811638591118 0.012987012987012988
12 0.14548238897396631 0.25216450216450215 0.021439509954058193 0.07142857142857142
12 0.7633996937212864 0.2532467532467532 0.01990811638591118 0.0670995670995671
12 0.14624808575803983 0.7532467532467533 0.01990811638591118 0.0735930735930736
12 0.9249617151607964 0.7532467532467533 0.021439509954058193 0.07142857142857142
12 0.14624808575803983 0.9361471861471862 0.01990811638591118 0.07142857142857142
12 0.9241960183767228 0.9372294372294372 0.026033690658499236 0.06926406926406926
31 0.19448698315467075 0.06547619047619048 0.06125574272588055 0.12878787878787878
104 0.3055130168453293 0.056818181818181816 0.03828483920367535 0.09415584415584416
132 0.42725880551301687 0.04816017316017316 0.045941807044410414 0.07467532467532467
130 0.48162327718223585 0.05411255411255411 0.03828483920367535 0.08441558441558442
127 0.5390505359877489 0.06764069264069264 0.042879019908116385 0.10930735930735931
97 0.6539050535987749 0.06168831168831169 0.042879019908116385 0.1038961038961039
73 0.8108728943338438 0.04274891774891775 0.04134762633996937 0.08333333333333333
27 0.19448698315467075 0.25 0.07350689127105667 0.07142857142857142
73 0.3078101071975498 0.24242424242424243 0.03981623277182236 0.08225108225108226
76 0.5390505359877489 0.26082251082251084 0.03981623277182236 0.09307359307359307
72 0.8116385911179174 0.2527056277056277 0.042879019908116385 0.07683982683982683
26 0.19601837672281777 0.75 0.06431852986217458 0.12987012987012986
106 0.3062787136294028 0.7521645021645021 0.03981623277182236 0.0735930735930736
127 0.4655436447166922 0.7721861471861472 0.05206738131699847 0.11363636363636363
130 0.548238897396631 0.7575757575757576 0.042879019908116385 0.08658008658008658
132 0.6232771822358346 0.7765151515151515 0.03981623277182236 0.09632034632034632
134 0.7052067381316999 0.7656926406926406 0.03828483920367535 0.10064935064935066
136 0.7863705972434916 0.7591991341991342 0.03828483920367535 0.08982683982683982
139 0.8591117917304748 0.7456709956709957 0.04900459418070444 0.09523809523809523
21 0.9716692189892803 0.7175324675324676 0.02909647779479326 0.03463203463203463
27 0.19372128637059724 0.933982683982684 0.07503828483920368 0.06926406926406926
134 0.3055130168453293 0.9496753246753247 0.03828483920367535 0.09848484848484848
137 0.3790199081163859 0.941017316017316 0.05053598774885146 0.0854978354978355
20 0.45788667687595713 0.9356060606060606 0.033690658499234305 0.05519480519480519
19 0.6255742725880552 0.9323593073593074 0.05053598774885146 0.0183982683982684
135 0.9762633996937213 0.9226190476190477 0.04134762633996937 0.09848484848484848
