12 0.009188361408882083 0.19967532467532467 0.015313935681470138 0.07251082251082251
12 0.6983154670750383 0.19913419913419914 0.02450229709035222 0.06926406926406926
12 0.6967840735068913 0.37932900432900435 0.021439509954058193 0.07683982683982683
12 0.008422664624808576 0.3787878787878788 0.013782542113323125 0.0735930735930736
12 0.6990811638591118 0.6011904761904762 0.026033690658499236 0.07034632034632035
12 0.00995405819295559 0.6028138528138528 0.016845329249617153 0.07142857142857142
12 0.007656967840735069 0.783008658008658 0.01225114854517611 0.07900432900432901
12 0.6990811638591118 0.7824675324675324 0.026033690658499236 0.0735930735930736
15 0.3629402756508423 0.15584415584415584 0.033690658499234305 0.05844155844155844
108 0.4012251148545176 0.19047619047619047 0.036753445635528334 0.09740259740259741
107 0.5283307810107197 0.19480519480519481 0.036753445635528334 0.08441558441558442
17 0.7350689127105666 0.16666666666666666 0.021439509954058193 0.06060606060606061
79 0.768759571209801 0.19534632034632035 0.03981623277182236 0.08766233766233766
139 0.07274119448698316 0.37067099567099565 0.03828483920367535 0.09199134199134198
15 0.15007656967840735 0.336038961038961 0.033690658499234305 0.05735930735930736
139 0.19065849923430322 0.37067099567099565 0.03828483920367535 0.08982683982683982
138 0.25344563552833077 0.3760822510822511 0.03828483920367535 0.0854978354978355
137 0.3124042879019908 0.37932900432900435 0.042879019908116385 0.07467532467532467
15 0.3629402756508423 0.3625541125541126 0.033690658499234305 0.05627705627705628
136 0.40275650842266464 0.3847402597402597 0.036753445635528334 0.0854978354978355
135 0.4655436447166922 0.38311688311688313 0.03981623277182236 0.08441558441558442
135 0.5283307810107197 0.38311688311688313 0.036753445635528334 0.08441558441558442
136 0.5880551301684533 0.38365800865800864 0.04900459418070444 0.08333333333333333
28 0.6508422664624809 0.37932900432900435 0.06125574272588055 0.07467532467532467
15 0.7297090352220521 0.3630952380952381 0.03215926493108729 0.05735930735930736
136 0.7695252679938744 0.38257575757575757 0.03828483920367535 0.08333333333333333
137 0.8315467075038285 0.3804112554112554 0.03981623277182236 0.08116883116883117
136 0.8958652373660031 0.3814935064935065 0.036753445635528334 0.08333333333333333
137 0.9525267993874426 0.3814935064935065 0.045941807044410414 0.08116883116883117
106 0.07120980091883615 0.6017316017316018 0.03828483920367535 0.07575757575757576
103 0.2542113323124043 0.6130952380952381 0.03981623277182236 0.09848484848484848
20 0.3966309341500766 0.6006493506493507 0.033690658499234305 0.05411255411255411
15 0.4900459418070444 0.6293290043290043 0.033690658499234305 0.05735930735930736
131 0.5359877488514548 0.6017316017316018 0.04900459418070444 0.07792207792207792
132 0.5941807044410413 0.6006493506493507 0.036753445635528334 0.08008658008658008
73 0.771822358346095 0.5936147186147186 0.03981623277182236 0.0854978354978355
15 0.033690658499234305 0.7743506493506493 0.033690658499234305 0.05735930735930736
104 0.07197549770290965 0.7916666666666666 0.036753445635528334 0.09632034632034632
15 0.21439509954058195 0.8014069264069265 0.033690658499234305 0.05735930735930736
101 0.2557427258805513 0.777056277056277 0.03981623277182236 0.08658008658008658
100 0.40275650842266464 0.7824675324675324 0.03981623277182236 0.07575757575757576
15 0.4908116385911179 0.8365800865800865 0.03215926493108729 0.05627705627705628
97 0.5306278713629403 0.7954545454545454 0.03828483920367535 0.1038961038961039
20 0.7641653905053599 0.7808441558441559 0.033690658499234305 0.05519480519480519
15 0.8560490045941808 0.8095238095238095 0.033690658499234305 0.05627705627705628
131 0.8989280245022971 0.7824675324675324 0.03981623277182236 0.07792207792207792
15 0.9823889739663094 0.7743506493506493 0.02909647779479326 0.05735930735930736
81 0.07350689127105667 0.18777056277056278 0.05206738131699847 0.10497835497835498
