12 0.35956580732700133 0.345489443378119 0.021709633649932156 0.06333973128598848
12 0.8249660786974219 0.3450095969289827 0.024423337856173677 0.06238003838771593
12 0.3602442333785617 0.4971209213051823 0.020352781546811395 0.06525911708253358
12 0.8242876526458616 0.4956813819577735 0.023066485753052916 0.06238003838771593
14 0.35210312075983713 0.718809980806142 0.014925373134328356 0.011516314779270634
12 0.14586160108548168 0.7898272552783109 0.023066485753052916 0.06333973128598848
12 0.8337856173677068 0.7898272552783109 0.023066485753052916 0.06333973128598848
14 0.6865671641791045 0.7826295585412668 0.016282225237449117 0.012476007677543186
12 0.8331071913161465 0.9433781190019194 0.021709633649932156 0.061420345489443376
12 0.14586160108548168 0.9457773512476008 0.020352781546811395 0.06429942418426103
14 0.3527815468113975 0.9361804222648752 0.016282225237449117 0.012476007677543186
27 0.40230664857530524 0.3450095969289827 0.06377204884667571 0.06813819577735125
15 0.4647218453188602 0.32965451055662187 0.028493894165535955 0.04702495201535509
108 0.5915875169606513 0.3373320537428023 0.029850746268656712 0.08349328214971209
20 0.8982360922659429 0.33829174664107486 0.029850746268656712 0.04510556621880998
15 0.9450474898236092 0.31333973128598847 0.017639077340569877 0.029750479846449136
27 0.40230664857530524 0.496641074856046 0.06377204884667571 0.06813819577735125
15 0.4640434192672998 0.4803262955854127 0.032564450474898234 0.04894433781190019
15 0.8419267299864314 0.519193857965451 0.023066485753052916 0.030710172744721688
27 0.18724559023066484 0.7903071017274472 0.06512890094979647 0.06813819577735125
15 0.25101763907734054 0.7754318618042226 0.029850746268656712 0.04798464491362764
142 0.3270013568521031 0.7701535508637236 0.032564450474898234 0.10652591170825336
169 0.4050203527815468 0.7826295585412668 0.04206241519674355 0.08349328214971209
169 0.4620081411126187 0.783109404990403 0.028493894165535955 0.08445297504798464
168 0.5115332428765265 0.7879078694817658 0.027137042062415195 0.07677543186180422
167 0.5603799185888738 0.7903071017274472 0.027137042062415195 0.07197696737044146
166 0.6065128900949796 0.7903071017274472 0.03799185888738127 0.07005758157389635
104 0.6614654002713704 0.7989443378119002 0.028493894165535955 0.0854126679462572
21 0.782225237449118 0.7907869481765835 0.028493894165535955 0.03262955854126679
169 0.9850746268656716 0.7835892514395393 0.027137042062415195 0.0854126679462572
27 0.18792401628222521 0.9433781190019194 0.06919945725915874 0.0690978886756238
15 0.2489823609226594 0.9280230326295585 0.031207598371777473 0.046065259117082535
135 0.3310719131614654 0.9347408829174664 0.03799185888738127 0.08829174664107485
162 0.41248303934871094 0.9414587332053742 0.032564450474898234 0.07293666026871401
162 0.466078697421981 0.944337811900192 0.036635006784260515 0.06717850287907869
161 0.5135685210312075 0.9448176583493282 0.033921302578018994 0.06813819577735125
160 0.5624151967435549 0.9481765834932822 0.031207598371777473 0.07485604606525911
159 0.6119402985074627 0.951535508637236 0.029850746268656712 0.0854126679462572
97 0.66078697421981 0.9553742802303262 0.035278154681139755 0.0892514395393474
21 0.7808683853459972 0.9755278310940498 0.031207598371777473 0.03166986564299424
15 0.8493894165535956 0.9683301343570058 0.021709633649932156 0.030710172744721688
