6 0.27488514548238896 0.4161255411255411 0.056661562021439515 0.0854978354978355
6 0.2741194486983155 0.6563852813852814 0.0551301684532925 0.08333333333333333
12 0.9946401225114855 0.902056277056277 0.010719754977029096 0.07251082251082251
14 0.937978560490046 0.8912337662337663 0.016845329249617153 0.01406926406926407
6 0.2741194486983155 0.1737012987012987 0.05819295558958652 0.0854978354978355
6 0.2787136294027565 0.8777056277056277 0.06431852986217458 0.08225108225108226
34 0.19601837672281777 0.16396103896103897 0.07044410413476264 0.08982683982683982
22 0.3767228177641654 0.1812770562770563 0.033690658499234305 0.046536796536796536
172 0.4502297090352221 0.14989177489177488 0.036753445635528334 0.11580086580086581
173 0.5229709035222052 0.14664502164502163 0.03522205206738132 0.12878787878787878
172 0.5911179173047474 0.15205627705627706 0.04900459418070444 0.11796536796536797
169 0.666156202143951 0.1645021645021645 0.030627871362940276 0.09307359307359307
167 0.7373660030627872 0.1737012987012987 0.03215926493108729 0.08116883116883117
165 0.8101071975497703 0.1747835497835498 0.033690658499234305 0.07467532467532467
172 0.883614088820827 0.15313852813852813 0.04900459418070444 0.12012987012987013
172 0.9640122511485452 0.15151515151515152 0.03828483920367535 0.11688311688311688
34 0.19448698315467075 0.4063852813852814 0.07044410413476264 0.08982683982683982
168 0.3736600306278714 0.420995670995671 0.030627871362940276 0.10606060606060606
27 0.4517611026033691 0.4237012987012987 0.05819295558958652 0.09199134199134198
165 0.557427258805513 0.4253246753246753 0.033690658499234305 0.09956709956709957
166 0.6232771822358346 0.4258658008658009 0.030627871362940276 0.09848484848484848
165 0.6837672281776417 0.42694805194805197 0.0444104134762634 0.09415584415584416
162 0.7565084226646248 0.4053030303030303 0.042879019908116385 0.09415584415584416
160 0.8154670750382849 0.4090909090909091 0.03522205206738132 0.10822510822510822
165 0.9540581929555896 0.400974025974026 0.033690658499234305 0.10714285714285714
34 0.19448698315467075 0.6488095238095238 0.07350689127105667 0.08982683982683982
22 0.3751914241960184 0.6666666666666666 0.033690658499234305 0.047619047619047616
27 0.442572741194487 0.658008658008658 0.05819295558958652 0.07575757575757576
165 0.5306278713629403 0.6699134199134199 0.03215926493108729 0.09523809523809523
166 0.5872894333843798 0.6677489177489178 0.03215926493108729 0.09740259740259741
165 0.6370597243491578 0.6688311688311688 0.045941807044410414 0.09523809523809523
162 0.6998468606431854 0.658008658008658 0.03981623277182236 0.07792207792207792
15 0.7496171516079633 0.6937229437229437 0.026033690658499236 0.047619047619047616
160 0.7848392036753445 0.6628787878787878 0.03522205206738132 0.08766233766233766
158 0.8361408882082696 0.6715367965367965 0.036753445635528334 0.10064935064935066
160 0.8981623277182236 0.6628787878787878 0.03522205206738132 0.0854978354978355
15 0.9532924961715161 0.6856060606060606 0.02909647779479326 0.050865800865800864
26 0.19448698315467075 0.902056277056277 0.06738131699846861 0.11363636363636363
136 0.3790199081163859 0.8852813852813853 0.04134762633996937 0.1038961038961039
131 0.4318529862174579 0.8966450216450217 0.030627871362940276 0.08982683982683982
22 0.4977029096477795 0.9090909090909091 0.030627871362940276 0.047619047619047616
164 0.5405819295558959 0.9155844155844156 0.02756508422664625 0.1038961038961039
165 0.5880551301684533 0.9134199134199135 0.030627871362940276 0.1038961038961039
166 0.6263399693721287 0.9101731601731602 0.042879019908116385 0.09740259740259741
136 0.6845329249617151 0.8852813852813853 0.03981623277182236 0.1038961038961039
17 0.722052067381317 0.9274891774891775 0.022970903522205207 0.05411255411255411
131 0.7549770290964778 0.8961038961038961 0.030627871362940276 0.09090909090909091
22 0.8192955589586524 0.9090909090909091 0.030627871362940276 0.047619047619047616
164 0.8637059724349158 0.9161255411255411 0.030627871362940276 0.10714285714285714
165 0.9088820826952527 0.9134199134199135 0.03215926493108729 0.10822510822510822
158 0.880551301684533 0.4145021645021645 0.036753445635528334 0.12554112554112554
191 0.9571209800918836 0.9112554112554112 0.045941807044410414 0.09523809523809523
