12 0.14624808575803983 0.04599567099567099 0.01990811638591118 0.07467532467532467
12 0.14624808575803983 0.23484848484848486 0.01990811638591118 0.07142857142857142
14 0.4862174578866769 0.24404761904761904 0.016845329249617153 0.011904761904761904
12 0.14548238897396631 0.5876623376623377 0.021439509954058193 0.07142857142857142
12 0.14624808575803983 0.7922077922077922 0.01990811638591118 0.06926406926406926
14 0.4854517611026034 0.2077922077922078 0.018376722817764167 0.012987012987012988
10 0.3116385911179173 0.03787878787878788 0.1332312404287902 0.0735930735930736
10 0.3101071975497703 0.23971861471861472 0.12710566615620214 0.08982683982683982
10 0.3101071975497703 0.5746753246753247 0.12404287901990813 0.09307359307359307
10 0.30857580398162326 0.797077922077922 0.12404287901990813 0.09199134199134198
14 0.48698315467075043 0.10930735930735931 0.021439509954058193 0.012987012987012988
26 0.19448698315467075 0.05627705627705628 0.07044410413476264 0.11038961038961038
160 0.4617151607963247 0.05032467532467533 0.05053598774885146 0.0854978354978355
159 0.5398162327718223 0.055735930735930736 0.04134762633996937 0.09632034632034632
128 0.6240428790199082 0.06060606060606061 0.04747320061255743 0.10606060606060606
158 0.7611026033690659 0.05735930735930736 0.0551301684532925 0.11255411255411256
159 0.8392036753445636 0.05194805194805195 0.03981623277182236 0.10173160173160173
16 0.8973966309341501 0.0633116883116883 0.02450229709035222 0.048701298701298704
27 0.19448698315467075 0.23214285714285715 0.07350689127105667 0.07251082251082251
16 0.4188361408882083 0.2067099567099567 0.022970903522205207 0.049783549783549784
20 0.4509954058192956 0.2911255411255411 0.02909647779479326 0.05627705627705628
26 0.19525267993874426 0.5887445887445888 0.06891271056661562 0.12554112554112554
134 0.46018376722817766 0.571969696969697 0.05053598774885146 0.10714285714285714
163 0.6225114854517612 0.5757575757575758 0.04747320061255743 0.10173160173160173
162 0.7151607963246555 0.5762987012987013 0.03981623277182236 0.10064935064935066
99 0.8093415007656968 0.5925324675324676 0.04134762633996937 0.08766233766233766
20 0.44793261868300155 0.6699134199134199 0.03215926493108729 0.05844155844155844
21 0.9693721286370598 0.729978354978355 0.030627871362940276 0.03354978354978355
27 0.19448698315467075 0.7905844155844156 0.07350689127105667 0.07251082251082251
64 0.7565084226646248 0.29004329004329005 0.045941807044410414 0.18614718614718614
