12 0.14548238897396631 0.14502164502164502 0.02450229709035222 0.07142857142857142
12 0.14548238897396631 0.3917748917748918 0.021439509954058193 0.07142857142857142
12 0.1447166921898928 0.6374458874458875 0.022970903522205207 0.07142857142857142
27 0.19601837672281777 0.1461038961038961 0.07044410413476264 0.07792207792207792
15 0.26339969372128635 0.12932900432900432 0.033690658499234305 0.05303030303030303
99 0.3767228177641654 0.14935064935064934 0.036753445635528334 0.08658008658008658
20 0.5053598774885145 0.13744588744588745 0.036753445635528334 0.05194805194805195
73 0.6462480857580398 0.14015151515151514 0.045941807044410414 0.0854978354978355
20 0.9532924961715161 0.13690476190476192 0.03215926493108729 0.050865800865800864
26 0.1975497702909648 0.3944805194805195 0.07044410413476264 0.11363636363636363
15 0.26339969372128635 0.3560606060606061 0.033690658499234305 0.05194805194805195
20 0.37136294027565087 0.38365800865800864 0.03215926493108729 0.050865800865800864
19 0.6431852986217458 0.3874458874458874 0.04900459418070444 0.01948051948051948
27 0.19525267993874426 0.6390692640692641 0.07197549770290965 0.07900432900432901
15 0.26416539050535986 0.6212121212121212 0.03522205206738132 0.05194805194805195
99 0.3767228177641654 0.6423160173160173 0.036753445635528334 0.0854978354978355
20 0.5061255742725881 0.6293290043290043 0.03522205206738132 0.050865800865800864
73 0.6462480857580398 0.6336580086580087 0.045941807044410414 0.08333333333333333
20 0.9525267993874426 0.6293290043290043 0.030627871362940276 0.050865800865800864
