12 0.8568147013782542 0.23971861471861472 0.026033690658499236 0.07034632034632035
12 0.8560490045941808 0.4751082251082251 0.02450229709035222 0.06926406926406926
23 0.1225114854517611 0.24296536796536797 0.042879019908116385 0.07034632034632035
21 0.23736600306278716 0.24025974025974026 0.036753445635528334 0.0367965367965368
223 0.4617151607963247 0.21699134199134198 0.04747320061255743 0.12012987012987013
24 0.5666156202143952 0.24945887445887446 0.05206738131699847 0.08982683982683982
23 0.6194486983154671 0.2418831168831169 0.0444104134762634 0.06818181818181818
22 0.666156202143951 0.2510822510822511 0.036753445635528334 0.05411255411255411
21 0.712863705972435 0.24025974025974026 0.03215926493108729 0.0367965367965368
20 0.7557427258805514 0.237012987012987 0.02909647779479326 0.05844155844155844
19 0.8108728943338438 0.23484848484848486 0.0444104134762634 0.01948051948051948
23 0.1225114854517611 0.4788961038961039 0.042879019908116385 0.07034632034632035
21 0.23660030627871365 0.47619047619047616 0.03522205206738132 0.0367965367965368
209 0.4732006125574273 0.4880952380952381 0.06125574272588055 0.10173160173160173
23 0.6202143950995406 0.4745670995670996 0.045941807044410414 0.06818181818181818
22 0.666156202143951 0.48647186147186144 0.036753445635528334 0.05519480519480519
21 0.712863705972435 0.47619047619047616 0.03215926493108729 0.0367965367965368
20 0.7565084226646248 0.4724025974025974 0.030627871362940276 0.05952380952380952
19 0.8124042879019908 0.4713203463203463 0.0444104134762634 0.020562770562770564
24 0.5666156202143952 0.4843073593073593 0.05206738131699847 0.08982683982683982
25 0.06814701378254212 0.47619047619047616 0.056661562021439515 0.1038961038961039
25 0.06814701378254212 0.24242424242424243 0.056661562021439515 0.1038961038961039
