12 0.17698019801980197 0.08828671328671328 0.022277227722772276 0.057692307692307696
12 0.6231435643564357 0.08872377622377622 0.02599009900990099 0.05856643356643357
12 0.6219059405940595 0.2403846153846154 0.023514851485148515 0.05944055944055944
12 0.17574257425742573 0.2403846153846154 0.022277227722772276 0.057692307692307696
12 0.1311881188118812 0.6844405594405595 0.022277227722772276 0.057692307692307696
12 0.5606435643564357 0.6844405594405595 0.022277227722772276 0.057692307692307696
12 0.989480198019802 0.6848776223776224 0.02103960396039604 0.05856643356643357
12 0.1311881188118812 0.8557692307692307 0.024752475247524754 0.05944055944055944
12 0.5612623762376238 0.8553321678321678 0.02599009900990099 0.05856643356643357
12 0.989480198019802 0.8553321678321678 0.02103960396039604 0.05856643356643357
14 0.19925742574257427 0.9576048951048951 0.017326732673267328 0.013111888111888112
167 0.04517326732673267 0.08784965034965035 0.03341584158415842 0.06381118881118882
168 0.11138613861386139 0.08566433566433566 0.04207920792079208 0.06993006993006994
161 0.286509900990099 0.1097027972027972 0.03094059405940594 0.10576923076923077
159 0.3564356435643564 0.10926573426573427 0.03217821782178218 0.10664335664335664
161 0.43007425742574257 0.10839160839160839 0.038366336633663366 0.1048951048951049
141 0.7902227722772277 0.06075174825174825 0.04084158415841584 0.11975524475524475
136 0.040222772277227724 0.24256993006993008 0.038366336633663366 0.06555944055944056
101 0.22091584158415842 0.23776223776223776 0.03341584158415842 0.06993006993006994
141 0.5129950495049505 0.22683566433566432 0.04084158415841584 0.09353146853146853
106 0.6652227722772277 0.24082167832167833 0.03094059405940594 0.062062937062937064
138 0.9040841584158416 0.23776223776223776 0.03341584158415842 0.06993006993006994
18 0.3452970297029703 0.673951048951049 0.04455445544554455 0.017482517482517484
18 0.775990099009901 0.673951048951049 0.04455445544554455 0.017482517482517484
172 0.019183168316831683 0.8452797202797203 0.03589108910891089 0.11188811188811189
168 0.07116336633663367 0.8583916083916084 0.04331683168316832 0.08391608391608392
173 0.17326732673267328 0.833916083916084 0.03712871287128713 0.10664335664335664
168 0.23514851485148516 0.8522727272727273 0.03217821782178218 0.06993006993006994
172 0.31064356435643564 0.8378496503496503 0.03712871287128713 0.09877622377622378
168 0.3712871287128713 0.8518356643356644 0.03217821782178218 0.07080419580419581
171 0.44492574257425743 0.8417832167832168 0.03589108910891089 0.09265734265734266
168 0.5024752475247525 0.8513986013986014 0.04207920792079208 0.06993006993006994
170 0.6045792079207921 0.8457167832167832 0.038366336633663366 0.08479020979020979
168 0.6658415841584159 0.8522727272727273 0.03217821782178218 0.06993006993006994
167 0.7326732673267327 0.8553321678321678 0.03217821782178218 0.06381118881118882
168 0.801980198019802 0.8518356643356644 0.03217821782178218 0.06905594405594405
170 0.8768564356435644 0.8452797202797203 0.03589108910891089 0.08391608391608392
168 0.932549504950495 0.8509615384615384 0.04084158415841584 0.06905594405594405
