12 0.1439509954058193 0.20292207792207792 0.018376722817764167 0.07251082251082251
12 0.9839203675344564 0.20292207792207792 0.022970903522205207 0.07034632034632035
12 0.14548238897396631 0.3977272727272727 0.021439509954058193 0.07251082251082251
12 0.1447166921898928 0.591991341991342 0.022970903522205207 0.07142857142857142
12 0.9831546707503829 0.7873376623376623 0.021439509954058193 0.07251082251082251
7 0.2894333843797856 0.18398268398268397 0.07350689127105667 0.08441558441558442
0 0.2993874425727412 0.3971861471861472 0.0995405819295559 0.08008658008658008
0 0.3001531393568147 0.5887445887445888 0.09494640122511486 0.08658008658008658
0 0.29785604900459417 0.7857142857142857 0.09035222052067382 0.08008658008658008
26 0.20137825421133232 0.19913419913419914 0.06891271056661562 0.13636363636363635
21 0.4226646248085758 0.204004329004329 0.036753445635528334 0.03787878787878788
102 0.4961715160796325 0.19426406926406925 0.03981623277182236 0.08766233766233766
21 0.6370597243491578 0.204004329004329 0.033690658499234305 0.03571428571428571
19 0.7151607963246555 0.19913419913419914 0.045941807044410414 0.017316017316017316
27 0.1975497702909648 0.3971861471861472 0.0765696784073507 0.07792207792207792
136 0.4226646248085758 0.400974025974026 0.03981623277182236 0.08333333333333333
21 0.495405819295559 0.39826839826839827 0.03522205206738132 0.0367965367965368
21 0.5666156202143952 0.39826839826839827 0.033690658499234305 0.0367965367965368
135 0.6355283307810108 0.40584415584415584 0.03981623277182236 0.09307359307359307
136 0.714395099540582 0.3998917748917749 0.03828483920367535 0.08116883116883117
136 0.7863705972434916 0.39935064935064934 0.03828483920367535 0.08225108225108226
136 0.8568147013782542 0.3998917748917749 0.03522205206738132 0.0854978354978355
135 0.9226646248085758 0.400974025974026 0.05053598774885146 0.0854978354978355
27 0.1975497702909648 0.5925324675324676 0.0765696784073507 0.07683982683982683
137 0.4218989280245023 0.5909090909090909 0.03828483920367535 0.07575757575757576
141 0.4885145482388974 0.5746753246753247 0.04900459418070444 0.11688311688311688
21 0.5673813169984686 0.5925324675324676 0.03522205206738132 0.03571428571428571
133 0.6477794793261868 0.5838744588744589 0.05819295558958652 0.09199134199134198
134 0.714395099540582 0.6022727272727273 0.03828483920367535 0.09415584415584416
135 0.7856049004594181 0.599025974025974 0.03981623277182236 0.08982683982683982
136 0.8568147013782542 0.5968614718614719 0.03828483920367535 0.08766233766233766
137 0.9218989280245024 0.5941558441558441 0.045941807044410414 0.08225108225108226
27 0.1975497702909648 0.7873376623376623 0.0765696784073507 0.07683982683982683
101 0.4234303215926493 0.783008658008658 0.03828483920367535 0.08333333333333333
20 0.5612557427258805 0.7835497835497836 0.03215926493108729 0.05844155844155844
97 0.714395099540582 0.8003246753246753 0.04134762633996937 0.10281385281385282
97 0.8575803981623278 0.8003246753246753 0.03981623277182236 0.10281385281385282
