12 0.28254211332312407 0.2115800865800866 0.022970903522205207 0.07251082251082251
12 0.8560490045941808 0.2115800865800866 0.02450229709035222 0.07034632034632035
12 0.28101071975497705 0.38961038961038963 0.022970903522205207 0.06926406926406926
12 0.8560490045941808 0.39015151515151514 0.02450229709035222 0.07034632034632035
12 0.28101071975497705 0.6093073593073594 0.022970903522205207 0.0735930735930736
12 0.8568147013782542 0.6098484848484849 0.022970903522205207 0.07251082251082251
12 0.28254211332312407 0.801948051948052 0.022970903522205207 0.07142857142857142
12 0.8575803981623278 0.803030303030303 0.021439509954058193 0.0735930735930736
137 0.042879019908116385 0.8035714285714286 0.02756508422664625 0.07683982683982683
137 0.4502297090352221 0.8024891774891775 0.02756508422664625 0.07683982683982683
138 0.10107197549770292 0.7987012987012987 0.036753445635528334 0.08441558441558442
106 0.1638591117917305 0.8041125541125541 0.02756508422664625 0.07575757575757576
136 0.32465543644716693 0.8041125541125541 0.02756508422664625 0.07575757575757576
138 0.39127105666156203 0.7992424242424242 0.02909647779479326 0.08333333333333333
139 0.5145482388973966 0.7949134199134199 0.03981623277182236 0.09199134199134198
138 0.5788667687595712 0.7992424242424242 0.030627871362940276 0.08333333333333333
140 0.6385911179173047 0.7905844155844156 0.042879019908116385 0.10281385281385282
169 0.7021439509954058 0.7943722943722944 0.02909647779479326 0.09090909090909091
167 0.7427258805513017 0.8035714285714286 0.030627871362940276 0.07683982683982683
168 0.7848392036753445 0.7997835497835498 0.03215926493108729 0.08441558441558442
166 0.82312404287902 0.803030303030303 0.03522205206738132 0.0735930735930736
