12 0.14624808575803983 0.21753246753246752 0.01990811638591118 0.0735930735930736
12 0.14624808575803983 0.39015151515151514 0.01990811638591118 0.07034632034632035
12 0.14548238897396631 0.6038961038961039 0.018376722817764167 0.07575757575757576
2 0.27029096477794795 0.762987012987013 0.05053598774885146 0.07142857142857142
12 0.1439509954058193 0.7884199134199135 0.018376722817764167 0.07251082251082251
10 0.3124042879019908 0.20238095238095238 0.12557427258805515 0.08658008658008658
10 0.3124042879019908 0.3944805194805195 0.12557427258805515 0.09199134199134198
10 0.3116385911179173 0.5871212121212122 0.12404287901990813 0.09199134199134198
26 0.19372128637059724 0.21915584415584416 0.07197549770290965 0.13528138528138528
103 0.4287901990811639 0.22727272727272727 0.036753445635528334 0.09740259740259741
108 0.6179173047473201 0.2077922077922078 0.03522205206738132 0.09090909090909091
141 0.8085758039816233 0.1985930735930736 0.03981623277182236 0.11363636363636363
27 0.19218989280245025 0.3906926406926407 0.07197549770290965 0.07792207792207792
18 0.7641653905053599 0.37716450216450215 0.045941807044410414 0.0183982683982684
26 0.19372128637059724 0.604978354978355 0.06891271056661562 0.13636363636363635
103 0.4310872894333844 0.6152597402597403 0.03828483920367535 0.09848484848484848
108 0.6179173047473201 0.5946969696969697 0.03522205206738132 0.09199134199134198
110 0.8085758039816233 0.5854978354978355 0.042879019908116385 0.11688311688311688
29 0.19678407350689128 0.7824675324675324 0.06891271056661562 0.14502164502164502
18 0.7633996937212864 0.7570346320346321 0.04747320061255743 0.016233766233766232
18 0.7626339969372129 0.9426406926406926 0.04900459418070444 0.01948051948051948
