12 0.7304747320061256 0.21212121212121213 0.02756508422664625 0.07142857142857142
12 0.14548238897396631 0.21266233766233766 0.02450229709035222 0.07034632034632035
12 0.14624808575803983 0.38961038961038963 0.022970903522205207 0.06926406926406926
12 0.7304747320061256 0.39015151515151514 0.02450229709035222 0.07034632034632035
12 0.1439509954058193 0.6109307359307359 0.018376722817764167 0.07467532467532467
12 0.7297090352220521 0.6098484848484849 0.022970903522205207 0.07251082251082251
12 0.1447166921898928 0.803030303030303 0.01990811638591118 0.0735930735930736
12 0.7297090352220521 0.8024891774891775 0.022970903522205207 0.07034632034632035
26 0.19601837672281777 0.21266233766233766 0.07350689127105667 0.11363636363636363
27 0.1983154670750383 0.3912337662337662 0.07503828483920368 0.07900432900432901
31 0.19601837672281777 0.6201298701298701 0.07350689127105667 0.13203463203463203
26 0.19525267993874426 0.8051948051948052 0.07197549770290965 0.11471861471861472
81 0.3078101071975498 0.7911255411255411 0.05206738131699847 0.10606060606060606
79 0.498468606431853 0.7992424242424242 0.0444104134762634 0.0854978354978355
80 0.7802450229709036 0.7954545454545454 0.0444104134762634 0.09307359307359307
78 0.9678407350689128 0.8024891774891775 0.045941807044410414 0.07683982683982683
