7 0.25304136253041365 0.13327601031814273 0.05596107055961071 0.0705073086844368
12 0.1453771289537713 0.15047291487532244 0.02068126520681265 0.06018916595012898
7 0.2518248175182482 0.28030954428202925 0.05596107055961071 0.06534823731728288
12 0.1435523114355231 0.29664660361135 0.019464720194647202 0.05674978503869304
7 0.2524330900243309 0.4643164230438521 0.05474452554744526 0.06878761822871883
12 0.14416058394160583 0.4815133276010318 0.02068126520681265 0.05674978503869304
7 0.2524330900243309 0.6431642304385211 0.05474452554744526 0.06878761822871883
12 0.1435523114355231 0.6607910576096303 0.019464720194647202 0.05760963026655202
7 0.25304136253041365 0.8276010318142735 0.05596107055961071 0.06620808254514188
12 0.14416058394160583 0.8439380911435942 0.02068126520681265 0.05588993981083405
7 0.2524330900243309 0.970335339638865 0.05474452554744526 0.05932932072226999
26 0.1843065693430657 0.15047291487532244 0.05474452554744526 0.10146173688736028
45 0.34793187347931875 0.1530524505588994 0.043795620437956206 0.06878761822871883
26 0.1843065693430657 0.29879621668099743 0.05474452554744526 0.10060189165950129
52 0.347323600973236 0.29793637145313845 0.04257907542579076 0.05932932072226999
26 0.1843065693430657 0.4823731728288908 0.05474452554744526 0.0997420464316423
45 0.34793187347931875 0.48409286328460877 0.043795620437956206 0.06878761822871883
26 0.1843065693430657 0.6616509028374893 0.05474452554744526 0.10060189165950129
26 0.1843065693430657 0.8456577815993122 0.05474452554744526 0.09888220120378333
47 0.34793187347931875 0.8430782459157352 0.043795620437956206 0.061049011177987965
59 0.347323600973236 0.6367153912295787 0.057177615571776155 0.11092003439380911
