12 0.613323124042879 0.336038961038961 0.022970903522205207 0.07034632034632035
12 0.613323124042879 0.7440476190476191 0.022970903522205207 0.06818181818181818
18 0.3016845329249617 0.3225108225108225 0.045941807044410414 0.017316017316017316
18 0.9241960183767228 0.32196969696969696 0.04747320061255743 0.0183982683982684
130 0.3430321592649311 0.5557359307359307 0.0551301684532925 0.0854978354978355
129 0.41347626339969373 0.5627705627705628 0.042879019908116385 0.09307359307359307
130 0.9640122511485452 0.5568181818181818 0.053598774885145486 0.08333333333333333
17 0.5061255742725881 0.6325757575757576 0.026033690658499236 0.05952380952380952
17 0.7695252679938744 0.6320346320346321 0.026033690658499236 0.05844155844155844
21 0.03981623277182236 0.7094155844155844 0.036753445635528334 0.03354978354978355
102 0.11868300153139358 0.7343073593073594 0.03828483920367535 0.09199134199134198
135 0.2557427258805513 0.7283549783549783 0.0551301684532925 0.10822510822510822
104 0.3315467075038285 0.7294372294372294 0.03828483920367535 0.09740259740259741
100 0.4762633996937213 0.7451298701298701 0.03981623277182236 0.07683982683982683
21 0.6615620214395099 0.7104978354978355 0.036753445635528334 0.03571428571428571
101 0.7427258805513017 0.7391774891774892 0.03981623277182236 0.08441558441558442
135 0.879019908116386 0.729978354978355 0.06125574272588055 0.10714285714285714
104 0.9548238897396631 0.729978354978355 0.04134762633996937 0.10064935064935066
95 0.03981623277182236 0.5746753246753247 0.042879019908116385 0.12121212121212122
95 0.18223583460949463 0.5725108225108225 0.042879019908116385 0.12121212121212122
94 0.663093415007657 0.5795454545454546 0.04900459418070444 0.12878787878787878
94 0.8055130168453293 0.5784632034632035 0.04900459418070444 0.12878787878787878
125 0.5520673813169985 0.5811688311688312 0.06278713629402757 0.12987012987012986
43 0.6707503828483921 0.7581168831168831 0.07044410413476264 0.10281385281385282
46 0.0444104134762634 0.7440476190476191 0.045941807044410414 0.07900432900432901
