12 0.14548238897396631 0.17694805194805194 0.021439509954058193 0.07034632034632035
12 0.1439509954058193 0.3658008658008658 0.02450229709035222 0.06926406926406926
12 0.1439509954058193 0.5579004329004329 0.02450229709035222 0.07251082251082251
12 0.14318529862174578 0.7462121212121212 0.022970903522205207 0.07034632034632035
6 0.28101071975497705 0.15205627705627706 0.06278713629402757 0.0854978354978355
6 0.2840735068912711 0.3528138528138528 0.06584992343032159 0.08008658008658008
6 0.2840735068912711 0.5541125541125541 0.056661562021439515 0.08225108225108226
6 0.2840735068912711 0.7413419913419913 0.06278713629402757 0.08008658008658008
26 0.1983154670750383 0.17261904761904762 0.07503828483920368 0.13744588744588745
18 0.7029096477794794 0.16233766233766234 0.045941807044410414 0.017316017316017316
28 0.20137825421133232 0.3652597402597403 0.0781010719754977 0.07467532467532467
132 0.41577335375191427 0.36147186147186144 0.056661562021439515 0.08008658008658008
21 0.48698315467075043 0.36796536796536794 0.036753445635528334 0.0367965367965368
131 0.5643185298621746 0.36634199134199136 0.04134762633996937 0.07900432900432901
19 0.7297090352220521 0.36147186147186144 0.04747320061255743 0.017316017316017316
27 0.1975497702909648 0.5562770562770563 0.0765696784073507 0.07575757575757576
131 0.4165390505359878 0.5573593073593074 0.06125574272588055 0.0735930735930736
21 0.4885145482388974 0.558982683982684 0.03981623277182236 0.03787878787878788
37 0.1975497702909648 0.7564935064935064 0.07963246554364473 0.09740259740259741
131 0.41500765696784075 0.7472943722943723 0.06431852986217458 0.07683982683982683
21 0.4885145482388974 0.7483766233766234 0.036753445635528334 0.03787878787878788
104 0.5643185298621746 0.7559523809523809 0.03828483920367535 0.09415584415584416
