14 0.3330781010719755 0.1406926406926407 0.016845329249617153 0.012987012987012988
12 0.046707503828483925 0.20292207792207792 0.022970903522205207 0.07034632034632035
12 0.8568147013782542 0.20292207792207792 0.022970903522205207 0.07034632034632035
14 0.11255742725880552 0.17532467532467533 0.016845329249617153 0.012987012987012988
12 0.26952526799387444 0.20292207792207792 0.021439509954058193 0.06818181818181818
14 0.10643185298621746 0.38257575757575757 0.016845329249617153 0.01406926406926407
12 0.8560490045941808 0.4453463203463203 0.02450229709035222 0.07251082251082251
12 0.5666156202143952 0.4448051948051948 0.021439509954058193 0.06926406926406926
14 0.6508422664624809 0.41774891774891776 0.018376722817764167 0.012987012987012988
14 0.06891271056661562 0.6082251082251082 0.018376722817764167 0.012987012987012988
12 0.8560490045941808 0.6877705627705628 0.021439509954058193 0.07251082251082251
12 0.8560490045941808 0.9307359307359307 0.02450229709035222 0.07142857142857142
12 0.5643185298621746 0.20183982683982685 0.026033690658499236 0.07034632034632035
106 0.08422664624808576 0.20183982683982685 0.033690658499234305 0.07683982683982683
138 0.15237366003062788 0.1985930735930736 0.03215926493108729 0.08333333333333333
80 0.1998468606431853 0.19426406926406925 0.03828483920367535 0.09415584415584416
109 0.3055130168453293 0.18885281385281386 0.03828483920367535 0.10064935064935066
139 0.3751914241960184 0.19534632034632035 0.030627871362940276 0.09199134199134198
139 0.4180704441041348 0.1958874458874459 0.030627871362940276 0.09307359307359307
107 0.46018376722817766 0.19805194805194806 0.03215926493108729 0.08441558441558442
15 0.4946401225114855 0.1764069264069264 0.02756508422664625 0.05194805194805195
137 0.5283307810107197 0.20238095238095238 0.033690658499234305 0.07575757575757576
79 0.6049004594180705 0.19967532467532467 0.03981623277182236 0.0854978354978355
20 0.6837672281776417 0.19480519480519481 0.02909647779479326 0.05194805194805195
104 0.7427258805513017 0.2104978354978355 0.030627871362940276 0.09415584415584416
140 0.0781010719754977 0.4448051948051948 0.036753445635528334 0.1277056277056277
169 0.14854517611026033 0.4458874458874459 0.04900459418070444 0.11255411255411256
169 0.2006125574272588 0.43777056277056275 0.030627871362940276 0.09848484848484848
168 0.2450229709035222 0.4420995670995671 0.030627871362940276 0.0854978354978355
167 0.2879019908116386 0.4448051948051948 0.030627871362940276 0.08225108225108226
166 0.327718223583461 0.4448051948051948 0.03981623277182236 0.07792207792207792
165 0.40505359877488517 0.45670995670995673 0.03215926493108729 0.10173160173160173
164 0.44793261868300155 0.4556277056277056 0.03215926493108729 0.09740259740259741
165 0.4908116385911179 0.4550865800865801 0.03215926493108729 0.10064935064935066
166 0.5298621745788668 0.4556277056277056 0.042879019908116385 0.09523809523809523
78 0.613323124042879 0.4458874458874459 0.03828483920367535 0.07575757575757576
20 0.7710566615620215 0.4383116883116883 0.02909647779479326 0.05194805194805195
142 0.03828483920367535 0.6715367965367965 0.045941807044410414 0.12878787878787878
15 0.13859111791730475 0.6260822510822511 0.02909647779479326 0.05303030303030303
171 0.16539050535987748 0.6726190476190477 0.045941807044410414 0.11147186147186147
173 0.23966309341500766 0.6628787878787878 0.03828483920367535 0.1266233766233766
172 0.2993874425727412 0.6666666666666666 0.03828483920367535 0.12337662337662338
15 0.3568147013782542 0.6352813852813853 0.02756508422664625 0.049783549783549784
170 0.3905053598774885 0.6764069264069265 0.036753445635528334 0.09956709956709957
15 0.44793261868300155 0.6525974025974026 0.02909647779479326 0.049783549783549784
168 0.4754977029096478 0.6823593073593074 0.04134762633996937 0.08333333333333333
166 0.5398162327718223 0.6888528138528138 0.03215926493108729 0.07683982683982683
15 0.5964777947932619 0.6623376623376623 0.02909647779479326 0.049783549783549784
167 0.6286370597243491 0.6893939393939394 0.03215926493108729 0.08008658008658008
17 0.6860643185298622 0.6525974025974026 0.02450229709035222 0.05411255411255411
168 0.7182235834609495 0.6845238095238095 0.030627871362940276 0.08766233766233766
15 0.776416539050536 0.6525974025974026 0.02756508422664625 0.049783549783549784
168 0.8039816232771823 0.6856060606060606 0.042879019908116385 0.08333333333333333
168 0.02909647779479326 0.9242424242424242 0.030627871362940276 0.08225108225108226
169 0.10336906584992343 0.9199134199134199 0.02909647779479326 0.09740259740259741
15 0.17917304747320062 0.8685064935064936 0.02756508422664625 0.05303030303030303
171 0.2120980091883614 0.9134199134199135 0.03215926493108729 0.11038961038961038
173 0.2886676875957121 0.9025974025974026 0.0444104134762634 0.1341991341991342
144 0.37059724349157736 0.9004329004329005 0.036753445635528334 0.13852813852813853
143 0.4946401225114855 0.9031385281385281 0.033690658499234305 0.13095238095238096
142 0.6217457886676876 0.9090909090909091 0.03981623277182236 0.11904761904761904
141 0.7381316998468607 0.9134199134199135 0.04900459418070444 0.10822510822510822
195 0.030627871362940276 0.4518398268398268 0.04900459418070444 0.14177489177489178
