12 0.8561197916666666 0.1910681399631676 0.024739583333333332 0.061694290976058934
12 0.8561197916666666 0.3885819521178637 0.022135416666666664 0.06261510128913444
12 0.85546875 0.5580110497237569 0.0234375 0.06077348066298343
12 0.85546875 0.7767034990791897 0.0234375 0.061694290976058934
18 0.20052083333333331 0.16666666666666669 0.0546875 0.01841620626151013
20 0.2981770833333333 0.38950276243093923 0.03125 0.053406998158379376
108 0.5833333333333333 0.3802946593001842 0.03125 0.08287292817679558
18 0.201171875 0.5469613259668509 0.053385416666666664 0.01841620626151013
169 0.044921875 0.7697974217311234 0.03255208333333333 0.08839779005524862
168 0.130859375 0.774401473296501 0.03515625 0.07550644567219153
169 0.20833333333333331 0.7697974217311234 0.04427083333333333 0.0847145488029466
140 0.302734375 0.7661141804788214 0.03515625 0.08839779005524862
137 0.44140625 0.7771639042357275 0.03645833333333333 0.06445672191528545
138 0.5833333333333333 0.7734806629834254 0.033854166666666664 0.07366482504604052
137 0.7194010416666666 0.776243093922652 0.045572916666666664 0.06445672191528545
18 0.201171875 0.9852670349907919 0.053385416666666664 0.020257826887661142
