12 0.8568147013782542 0.17586580086580086 0.022970903522205207 0.07251082251082251
12 0.8560490045941808 0.45454545454545453 0.02450229709035222 0.0735930735930736
12 0.8568147013782542 0.7326839826839827 0.022970903522205207 0.07575757575757576
165 0.042879019908116385 0.18885281385281386 0.03981623277182236 0.10281385281385282
166 0.11791730474732007 0.18668831168831168 0.03981623277182236 0.10064935064935066
165 0.1860643185298622 0.18506493506493507 0.05053598774885146 0.09740259740259741
161 0.2679938744257274 0.16396103896103897 0.0551301684532925 0.10064935064935066
165 0.3453292496171516 0.16233766233766234 0.04134762633996937 0.1038961038961039
166 0.4203675344563553 0.15963203463203463 0.04134762633996937 0.10930735930735931
165 0.49387442572741197 0.15692640692640691 0.04134762633996937 0.11471861471861472
159 0.5696784073506892 0.17424242424242425 0.0551301684532925 0.11688311688311688
165 0.6439509954058193 0.16125541125541126 0.04134762633996937 0.1038961038961039
166 0.7212863705972435 0.15800865800865802 0.042879019908116385 0.11255411255411256
165 0.7932618683001532 0.15422077922077923 0.03981623277182236 0.12229437229437229
164 0.056661562021439515 0.43073593073593075 0.03981623277182236 0.1277056277056277
169 0.13552833078101073 0.42424242424242425 0.04134762633996937 0.1341991341991342
164 0.20290964777947934 0.42207792207792205 0.04134762633996937 0.14502164502164502
160 0.27488514548238896 0.47835497835497837 0.03828483920367535 0.12554112554112554
164 0.3537519142419602 0.4745670995670996 0.042879019908116385 0.11796536796536797
169 0.4333843797856049 0.4604978354978355 0.03981623277182236 0.1266233766233766
164 0.4961715160796325 0.4659090909090909 0.04900459418070444 0.10064935064935066
158 0.5727411944869831 0.44642857142857145 0.0551301684532925 0.14826839826839827
164 0.6477794793261868 0.4301948051948052 0.042879019908116385 0.1266233766233766
169 0.7274119448698316 0.42478354978354976 0.042879019908116385 0.13528138528138528
164 0.7940275650842267 0.4231601731601732 0.03828483920367535 0.14502164502164502
163 0.02450229709035222 0.7554112554112554 0.03981623277182236 0.12337662337662338
168 0.10566615620214395 0.7478354978354979 0.03981623277182236 0.12554112554112554
163 0.17151607963246554 0.7478354978354979 0.04900459418070444 0.10822510822510822
161 0.2503828483920368 0.7527056277056277 0.03828483920367535 0.11796536796536797
163 0.33078101071975496 0.75 0.03981623277182236 0.11255411255411256
168 0.41347626339969373 0.7435064935064936 0.03981623277182236 0.11471861471861472
163 0.4793261868300153 0.7435064935064936 0.04900459418070444 0.09956709956709957
159 0.5627871362940275 0.7218614718614719 0.053598774885145486 0.13852813852813853
163 0.6393568147013783 0.7115800865800865 0.04134762633996937 0.12012987012987013
168 0.7228177641653906 0.7088744588744589 0.042879019908116385 0.12554112554112554
163 0.7901990811638592 0.7061688311688312 0.03981623277182236 0.1331168831168831
20 0.21516079632465546 0.9724025974025974 0.03522205206738132 0.05519480519480519
