12 0.8560490045941808 0.17424242424242425 0.02450229709035222 0.07142857142857142
12 0.8560490045941808 0.46915584415584416 0.02450229709035222 0.07251082251082251
12 0.8560490045941808 0.7646103896103896 0.02756508422664625 0.07251082251082251
24 0.19218989280245025 0.4805194805194805 0.05053598774885146 0.08874458874458875
24 0.3124042879019908 0.4805194805194805 0.04900459418070444 0.08658008658008658
23 0.3637059724349158 0.47294372294372294 0.0444104134762634 0.0670995670995671
22 0.4127105666156202 0.4805194805194805 0.03522205206738132 0.05411255411255411
210 0.4724349157733538 0.47564935064935066 0.05972434915773354 0.10064935064935066
24 0.5666156202143952 0.47943722943722944 0.04900459418070444 0.08658008658008658
23 0.6179173047473201 0.47186147186147187 0.0444104134762634 0.07142857142857142
22 0.666156202143951 0.4805194805194805 0.036753445635528334 0.05411255411255411
21 0.712863705972435 0.47023809523809523 0.03215926493108729 0.03571428571428571
20 0.7557427258805514 0.4659090909090909 0.02909647779479326 0.05735930735930736
19 0.8116385911179174 0.4653679653679654 0.045941807044410414 0.021645021645021644
24 0.19218989280245025 0.7765151515151515 0.04747320061255743 0.0854978354978355
21 0.23660030627871365 0.7662337662337663 0.03522205206738132 0.0367965367965368
212 0.4724349157733538 0.7537878787878788 0.06278713629402757 0.10281385281385282
24 0.5666156202143952 0.7748917748917749 0.05206738131699847 0.08658008658008658
23 0.6186830015313936 0.7667748917748918 0.045941807044410414 0.07251082251082251
22 0.666156202143951 0.775974025974026 0.036753445635528334 0.05411255411255411
21 0.712863705972435 0.7651515151515151 0.03215926493108729 0.0367965367965368
20 0.7557427258805514 0.7613636363636364 0.02909647779479326 0.05735930735930736
19 0.8124042879019908 0.7602813852813853 0.0444104134762634 0.020562770562770564
207 0.1209800918836141 0.4902597402597403 0.042879019908116385 0.11904761904761904
204 0.25267993874425726 0.5059523809523809 0.06431852986217458 0.1461038961038961
211 0.1339969372128637 0.7608225108225108 0.06891271056661562 0.10173160173160173
