12 0.8560490045941808 0.2115800865800866 0.02450229709035222 0.07034632034632035
12 0.8552833078101072 0.4107142857142857 0.022970903522205207 0.07034632034632035
14 0.34686064318529863 0.43722943722943725 0.01990811638591118 0.012987012987012988
12 0.8560490045941808 0.6666666666666666 0.021439509954058193 0.0735930735930736
12 0.8560490045941808 0.8652597402597403 0.02450229709035222 0.06818181818181818
132 0.04977029096477795 0.20183982683982685 0.04134762633996937 0.09848484848484848
132 0.18223583460949463 0.2012987012987013 0.042879019908116385 0.09523809523809523
134 0.31546707503828486 0.20238095238095238 0.03981623277182236 0.09956709956709957
132 0.43721286370597245 0.2002164502164502 0.05053598774885146 0.09523809523809523
134 0.5474732006125574 0.20292207792207792 0.04134762633996937 0.09848484848484848
132 0.6623277182235835 0.2012987012987013 0.0444104134762634 0.09740259740259741
134 0.7787136294027566 0.20183982683982685 0.03828483920367535 0.09848484848484848
99 0.31623277182235837 0.4145021645021645 0.03828483920367535 0.08874458874458875
99 0.664624808575804 0.4155844155844156 0.03981623277182236 0.08874458874458875
169 0.1784073506891271 0.6569264069264069 0.03522205206738132 0.08658008658008658
171 0.24732006125574274 0.6493506493506493 0.0444104134762634 0.11255411255411256
173 0.31546707503828486 0.6396103896103896 0.045941807044410414 0.12554112554112554
171 0.3675344563552833 0.6498917748917749 0.04900459418070444 0.11363636363636363
169 0.4295558958652374 0.6617965367965368 0.03522205206738132 0.10064935064935066
166 0.48698315467075043 0.6747835497835498 0.036753445635528334 0.09848484848484848
164 0.5459418070444104 0.6796536796536796 0.03828483920367535 0.09956709956709957
162 0.5972434915773354 0.685064935064935 0.045941807044410414 0.11038961038961038
129 0.6669218989280246 0.6774891774891775 0.04747320061255743 0.09740259740259741
20 0.42496171516079634 0.8636363636363636 0.03522205206738132 0.05411255411255411
21 0.6592649310872895 0.8668831168831169 0.03215926493108729 0.0367965367965368
137 0.777947932618683 0.8647186147186147 0.03981623277182236 0.0735930735930736
164 0.04823889739663094 0.6569264069264069 0.03828483920367535 0.09956709956709957
166 0.11638591117917305 0.6504329004329005 0.036753445635528334 0.11471861471861472
157 0.72052067381317 0.6856060606060606 0.04134762633996937 0.10930735930735931
125 0.7802450229709036 0.6942640692640693 0.04134762633996937 0.12878787878787878
