12 0.14393939393939395 0.13428571428571429 0.01717171717171717 0.04857142857142857
12 0.7853535353535354 0.13357142857142856 0.01717171717171717 0.047142857142857146
12 0.5691919191919191 0.13357142857142856 0.01717171717171717 0.045714285714285714
12 0.14343434343434344 0.2717857142857143 0.01818181818181818 0.04928571428571429
12 0.7858585858585858 0.27214285714285713 0.0202020202020202 0.04857142857142857
12 0.5691919191919191 0.2717857142857143 0.01717171717171717 0.04642857142857143
4 0.2787878787878788 0.13285714285714287 0.13333333333333333 0.07285714285714286
4 0.2792929292929293 0.2710714285714286 0.12626262626262627 0.07214285714285715
37 0.17929292929292928 0.14107142857142857 0.051515151515151514 0.06642857142857143
102 0.3934343434343434 0.12785714285714286 0.025252525252525252 0.06142857142857143
102 0.4398989898989899 0.12785714285714286 0.025252525252525252 0.06142857142857143
102 0.4858585858585859 0.1275 0.024242424242424242 0.062142857142857146
102 0.5328282828282829 0.12785714285714286 0.025252525252525252 0.06142857142857143
102 0.6101010101010101 0.12785714285714286 0.024242424242424242 0.06142857142857143
102 0.656060606060606 0.1275 0.025252525252525252 0.060714285714285714
102 0.7025252525252526 0.12714285714285714 0.025252525252525252 0.06142857142857143
102 0.748989898989899 0.1275 0.025252525252525252 0.060714285714285714
170 0.8257575757575758 0.12464285714285714 0.029292929292929294 0.07071428571428572
169 0.8555555555555555 0.12785714285714286 0.024242424242424242 0.06285714285714286
168 0.8863636363636364 0.13071428571428573 0.025252525252525252 0.05714285714285714
167 0.9151515151515152 0.13392857142857142 0.030303030303030304 0.05071428571428571
166 0.9484848484848485 0.14107142857142857 0.024242424242424242 0.065
165 0.9792929292929293 0.1432142857142857 0.025252525252525252 0.07071428571428572
27 0.17929292929292928 0.27285714285714285 0.051515151515151514 0.05142857142857143
55 0.396969696969697 0.26285714285714284 0.03838383838383838 0.07
55 0.6136363636363636 0.26321428571428573 0.03737373737373737 0.06928571428571428
17 0.803030303030303 0.2717857142857143 0.01818181818181818 0.03785714285714286
134 0.8252525252525252 0.2782142857142857 0.024242424242424242 0.06357142857142857
136 0.8873737373737374 0.2782142857142857 0.025252525252525252 0.065
133 0.9484848484848485 0.2775 0.026262626262626262 0.06357142857142857
