12 0.28254211332312407 0.09145021645021645 0.01990811638591118 0.07034632034632035
12 0.6607963246554365 0.09090909090909091 0.026033690658499236 0.06926406926406926
12 0.022970903522205207 0.7711038961038961 0.02450229709035222 0.07251082251082251
12 0.4104134762633997 0.7705627705627706 0.02450229709035222 0.07142857142857142
12 0.7549770290964778 0.7711038961038961 0.021439509954058193 0.06818181818181818
132 0.32695252679938747 0.08928571428571429 0.04747320061255743 0.08116883116883117
133 0.3782542113323124 0.08874458874458875 0.036753445635528334 0.08441558441558442
104 0.43568147013782543 0.10064935064935066 0.03828483920367535 0.09307359307359307
103 0.5153139356814701 0.10443722943722944 0.03828483920367535 0.09848484848484848
102 0.5941807044410413 0.08333333333333333 0.036753445635528334 0.08874458874458875
102 0.7021439509954058 0.08387445887445888 0.03828483920367535 0.08982683982683982
132 0.7833078101071976 0.09145021645021645 0.0444104134762634 0.07467532467532467
130 0.8300153139356815 0.09740259740259741 0.03981623277182236 0.08658008658008658
131 0.8874425727411945 0.09253246753246754 0.04134762633996937 0.07900432900432901
101 0.9647779479326187 0.08766233766233766 0.042879019908116385 0.08441558441558442
48 0.06814701378254212 0.7711038961038961 0.0444104134762634 0.07900432900432901
47 0.45941807044410415 0.7711038961038961 0.05206738131699847 0.07683982683982683
49 0.8024502297090352 0.7721861471861472 0.05206738131699847 0.07900432900432901
