12 0.8560490045941808 0.18019480519480519 0.02450229709035222 0.07251082251082251
12 0.8568147013782542 0.5146103896103896 0.026033690658499236 0.07251082251082251
12 0.8568147013782542 0.8501082251082251 0.022970903522205207 0.07251082251082251
139 0.2503828483920368 0.17316017316017315 0.04134762633996937 0.09523809523809523
21 0.5597243491577336 0.14556277056277056 0.04134762633996937 0.03787878787878788
137 0.09418070444104135 0.5162337662337663 0.0444104134762634 0.07575757575757576
21 0.1883614088820827 0.47835497835497837 0.03981623277182236 0.0367965367965368
137 0.2894333843797856 0.5162337662337663 0.045941807044410414 0.07792207792207792
21 0.38284839203675347 0.47835497835497837 0.036753445635528334 0.0367965367965368
137 0.4839203675344564 0.5162337662337663 0.045941807044410414 0.07792207792207792
21 0.5773353751914242 0.47835497835497837 0.036753445635528334 0.0367965367965368
137 0.6784073506891272 0.5156926406926406 0.045941807044410414 0.07683982683982683
21 0.7725880551301685 0.4788961038961039 0.03828483920367535 0.03787878787878788
96 0.02526799387442573 0.8674242424242424 0.04134762633996937 0.11147186147186147
97 0.14777947932618685 0.8625541125541125 0.0444104134762634 0.1038961038961039
97 0.27182235834609497 0.8625541125541125 0.0444104134762634 0.1038961038961039
102 0.40275650842266464 0.8409090909090909 0.03981623277182236 0.09090909090909091
73 0.5597243491577336 0.8446969696969697 0.0444104134762634 0.0854978354978355
71 0.7105666156202144 0.8538961038961039 0.042879019908116385 0.08658008658008658
