12 0.032924961715160794 0.17316017316017315 0.022970903522205207 0.07142857142857142
12 0.8568147013782542 0.17261904761904762 0.022970903522205207 0.07034632034632035
12 0.03215926493108729 0.40313852813852813 0.021439509954058193 0.07251082251082251
12 0.8568147013782542 0.40476190476190477 0.022970903522205207 0.0735930735930736
12 0.03215926493108729 0.6352813852813853 0.02450229709035222 0.07575757575757576
12 0.48162327718223585 0.6347402597402597 0.022970903522205207 0.07251082251082251
12 0.8560490045941808 0.6352813852813853 0.02450229709035222 0.07142857142857142
12 0.03215926493108729 0.8344155844155844 0.02450229709035222 0.0735930735930736
12 0.48162327718223585 0.8344155844155844 0.022970903522205207 0.0735930735930736
12 0.8552833078101072 0.83495670995671 0.022970903522205207 0.07034632034632035
12 0.4831546707503829 0.4036796536796537 0.026033690658499236 0.0735930735930736
12 0.4831546707503829 0.17207792207792208 0.01990811638591118 0.0735930735930736
76 0.07350689127105667 0.1812770562770563 0.036753445635528334 0.09199134199134198
104 0.2725880551301685 0.1812770562770563 0.03981623277182236 0.08982683982683982
134 0.38131699846860645 0.18506493506493507 0.036753445635528334 0.09956709956709957
135 0.4318529862174579 0.18344155844155843 0.045941807044410414 0.09632034632034632
105 0.5206738131699847 0.1774891774891775 0.036753445635528334 0.08441558441558442
135 0.5987748851454824 0.17694805194805194 0.036753445635528334 0.0854978354978355
136 0.6516079632465543 0.17532467532467533 0.0444104134762634 0.08225108225108226
107 0.7151607963246555 0.1682900432900433 0.036753445635528334 0.0854978354978355
103 0.7894333843797856 0.1856060606060606 0.03522205206738132 0.09848484848484848
74 0.07580398162327719 0.39556277056277056 0.03828483920367535 0.08982683982683982
102 0.273353751914242 0.39664502164502163 0.03828483920367535 0.08982683982683982
132 0.3859111791730475 0.4015151515151515 0.045941807044410414 0.08008658008658008
133 0.43797856049004597 0.4004329004329004 0.036753445635528334 0.08441558441558442
103 0.5229709035222052 0.4155844155844156 0.03828483920367535 0.09740259740259741
132 0.6049004594180705 0.39880952380952384 0.04900459418070444 0.08333333333333333
134 0.6577335375191424 0.395021645021645 0.03522205206738132 0.09523809523809523
105 0.7151607963246555 0.4090909090909091 0.036753445635528334 0.08225108225108226
101 0.7894333843797856 0.3998917748917749 0.03828483920367535 0.0854978354978355
99 0.07580398162327719 0.6390692640692641 0.03828483920367535 0.08766233766233766
132 0.16309341500765698 0.6320346320346321 0.04747320061255743 0.08008658008658008
133 0.21362940275650844 0.6309523809523809 0.03522205206738132 0.08441558441558442
135 0.27105666156202146 0.637987012987013 0.036753445635528334 0.0854978354978355
136 0.3231240428790199 0.6374458874458875 0.045941807044410414 0.08008658008658008
106 0.38208269525267996 0.6336580086580087 0.03828483920367535 0.07467532467532467
18 0.6684532924961716 0.6212121212121212 0.0444104134762634 0.017316017316017316
18 0.2557427258805513 0.8208874458874459 0.045941807044410414 0.0183982683982684
18 0.669218989280245 0.8214285714285714 0.045941807044410414 0.017316017316017316
