12 0.7281776416539051 0.0633116883116883 0.022970903522205207 0.07034632034632035
12 0.9885145482388974 0.06385281385281386 0.022970903522205207 0.07142857142857142
12 0.14548238897396631 0.06547619047619048 0.018376722817764167 0.06601731601731602
12 0.14624808575803983 0.4366883116883117 0.022970903522205207 0.07251082251082251
12 0.942572741194487 0.6163419913419913 0.022970903522205207 0.07034632034632035
12 0.14548238897396631 0.6168831168831169 0.021439509954058193 0.06926406926406926
12 0.9418070444104135 0.4366883116883117 0.02450229709035222 0.07467532467532467
27 0.20673813169984687 0.06601731601731602 0.09494640122511486 0.08874458874458875
15 0.3759571209800919 0.06818181818181818 0.03215926493108729 0.06926406926406926
15 0.3774885145482389 0.137987012987013 0.03215926493108729 0.06601731601731602
27 0.20597243491577336 0.43777056277056275 0.09647779479326188 0.08766233766233766
15 0.277947932618683 0.4172077922077922 0.03522205206738132 0.07900432900432901
21 0.3683001531393568 0.400974025974026 0.03828483920367535 0.03787878787878788
164 0.545176110260337 0.4485930735930736 0.036753445635528334 0.09632034632034632
165 0.5987748851454824 0.44696969696969696 0.04900459418070444 0.09523809523809523
16 0.7151607963246555 0.3852813852813853 0.021439509954058193 0.04112554112554113
136 0.7856049004594181 0.44101731601731603 0.03981623277182236 0.0854978354978355
21 0.8675344563552834 0.400974025974026 0.03828483920367535 0.03787878787878788
21 0.9793261868300154 0.4015151515151515 0.03522205206738132 0.0367965367965368
27 0.20597243491577336 0.6185064935064936 0.09341500765696785 0.08766233766233766
21 0.5428790199081164 0.5822510822510822 0.03828483920367535 0.0367965367965368
21 0.7825421133231241 0.5817099567099567 0.03981623277182236 0.03787878787878788
15 0.2787136294027565 0.9653679653679653 0.033690658499234305 0.06926406926406926
