12 0.15696784073506892 0.21699134199134198 0.026033690658499236 0.07034632034632035
12 0.9218989280245024 0.21645021645021645 0.02450229709035222 0.06926406926406926
12 0.15773353751914243 0.3906926406926407 0.02450229709035222 0.06926406926406926
12 0.9211332312404288 0.3906926406926407 0.022970903522205207 0.06926406926406926
12 0.15696784073506892 0.6028138528138528 0.026033690658499236 0.06926406926406926
12 0.9218989280245024 0.6044372294372294 0.02450229709035222 0.07034632034632035
12 0.9211332312404288 0.7878787878787878 0.022970903522205207 0.06926406926406926
12 0.15696784073506892 0.7884199134199135 0.022970903522205207 0.06818181818181818
18 0.5390505359877489 0.18614718614718614 0.04900459418070444 0.01948051948051948
18 0.5390505359877489 0.37716450216450215 0.045941807044410414 0.020562770562770564
108 0.21516079632465546 0.5946969696969697 0.03828483920367535 0.09415584415584416
106 0.39203675344563554 0.6028138528138528 0.03981623277182236 0.07575757575757576
104 0.5689127105666156 0.6125541125541125 0.04134762633996937 0.09523809523809523
106 0.7580398162327718 0.6038961038961039 0.03981623277182236 0.07575757575757576
136 0.9785604900459418 0.6066017316017316 0.03981623277182236 0.08116883116883117
18 0.5390505359877489 0.7570346320346321 0.04900459418070444 0.020562770562770564
18 0.5382848392036753 0.9420995670995671 0.04747320061255743 0.020562770562770564
