12 0.9640122511485452 0.5016233766233766 0.022970903522205207 0.07034632034632035
12 0.06891271056661562 0.5021645021645021 0.021439509954058193 0.0670995670995671
12 0.07044410413476264 0.6883116883116883 0.021439509954058193 0.07142857142857142
12 0.9632465543644717 0.6888528138528138 0.02450229709035222 0.07034632034632035
21 0.07963246554364473 0.11634199134199134 0.036753445635528334 0.03571428571428571
131 0.2503828483920368 0.11634199134199134 0.05053598774885146 0.07900432900432901
21 0.41347626339969373 0.11580086580086581 0.033690658499234305 0.03463203463203463
134 0.611791730474732 0.12932900432900432 0.03215926493108729 0.09632034632034632
21 0.7641653905053599 0.11580086580086581 0.033690658499234305 0.03463203463203463
134 0.9211332312404288 0.12878787878787878 0.03215926493108729 0.09740259740259741
141 0.11255742725880552 0.48593073593073594 0.03522205206738132 0.11688311688311688
21 0.22052067381317 0.5027056277056277 0.030627871362940276 0.03571428571428571
141 0.329249617151608 0.48538961038961037 0.036753445635528334 0.11796536796536797
21 0.43568147013782543 0.5027056277056277 0.03215926493108729 0.03571428571428571
140 0.5436447166921899 0.4908008658008658 0.036753445635528334 0.10281385281385282
21 0.6523736600306279 0.5021645021645021 0.030627871362940276 0.03463203463203463
140 0.7595712098009189 0.4908008658008658 0.036753445635528334 0.10281385281385282
21 0.8675344563552834 0.5027056277056277 0.03215926493108729 0.03571428571428571
169 0.02526799387442573 0.6807359307359307 0.04134762633996937 0.09740259740259741
167 0.110260336906585 0.689935064935065 0.030627871362940276 0.08116883116883117
168 0.164624808575804 0.6856060606060606 0.03215926493108729 0.08766233766233766
167 0.21822358346094947 0.6893939393939394 0.03215926493108729 0.08008658008658008
170 0.27488514548238896 0.6774891774891775 0.05053598774885146 0.09956709956709957
167 0.32618683001531396 0.6904761904761905 0.030627871362940276 0.08225108225108226
168 0.38055130168453294 0.6856060606060606 0.03215926493108729 0.08766233766233766
167 0.4341500765696784 0.689935064935065 0.03215926493108729 0.08333333333333333
170 0.4900459418070444 0.6774891774891775 0.045941807044410414 0.1038961038961039
166 0.5436447166921899 0.6915584415584416 0.030627871362940276 0.08441558441558442
167 0.5949464012251149 0.6904761904761905 0.03215926493108729 0.08441558441558442
166 0.6500765696784073 0.691017316017316 0.03215926493108729 0.08116883116883117
169 0.7036753445635529 0.6829004329004329 0.04134762633996937 0.09523809523809523
166 0.7588055130168454 0.6915584415584416 0.03215926493108729 0.08225108225108226
167 0.8101071975497703 0.691017316017316 0.030627871362940276 0.08333333333333333
166 0.8660030627871363 0.6904761904761905 0.03215926493108729 0.08008658008658008
169 0.9196018376722818 0.6829004329004329 0.04134762633996937 0.09523809523809523
