12 0.8560490045941808 0.14502164502164502 0.02450229709035222 0.0735930735930736
12 0.08499234303215927 0.14556277056277056 0.01990811638591118 0.06818181818181818
12 0.8560490045941808 0.39015151515151514 0.02450229709035222 0.07034632034632035
12 0.08499234303215927 0.39231601731601734 0.022970903522205207 0.06818181818181818
12 0.8568147013782542 0.637987012987013 0.022970903522205207 0.07251082251082251
12 0.08575803981623277 0.6385281385281385 0.021439509954058193 0.06926406926406926
12 0.4732006125574273 0.1444805194805195 0.030627871362940276 0.07467532467532467
12 0.4724349157733538 0.38906926406926406 0.022970903522205207 0.07251082251082251
12 0.47166921898928027 0.6369047619047619 0.021439509954058193 0.07467532467532467
21 0.2327718223583461 0.14556277056277056 0.033690658499234305 0.03571428571428571
130 0.33078101071975496 0.14935064935064934 0.04900459418070444 0.08441558441558442
21 0.40505359877488517 0.14502164502164502 0.03828483920367535 0.0367965367965368
21 0.6194486983154671 0.14556277056277056 0.03522205206738132 0.03571428571428571
130 0.7151607963246555 0.14935064935064934 0.04900459418070444 0.08441558441558442
21 0.7894333843797856 0.1461038961038961 0.03522205206738132 0.0367965367965368
21 0.13782542113323124 0.3912337662337662 0.036753445635528334 0.03571428571428571
21 0.3223583460949464 0.39231601731601734 0.03828483920367535 0.03571428571428571
21 0.5229709035222052 0.3912337662337662 0.03522205206738132 0.03571428571428571
21 0.7090352220520674 0.3912337662337662 0.036753445635528334 0.03571428571428571
21 0.021439509954058193 0.6390692640692641 0.033690658499234305 0.031385281385281384
21 0.2320061255742726 0.637987012987013 0.03522205206738132 0.03571428571428571
130 0.33078101071975496 0.6428571428571429 0.04900459418070444 0.08441558441558442
21 0.40505359877488517 0.6385281385281385 0.03828483920367535 0.0367965367965368
21 0.6194486983154671 0.637987012987013 0.03522205206738132 0.03571428571428571
130 0.7151607963246555 0.6423160173160173 0.04900459418070444 0.0854978354978355
21 0.7894333843797856 0.6385281385281385 0.03522205206738132 0.0367965367965368
21 0.016845329249617153 0.14393939393939395 0.030627871362940276 0.0367965367965368
126 0.1439509954058193 0.16666666666666666 0.04900459418070444 0.11904761904761904
126 0.5283307810107197 0.16558441558441558 0.04900459418070444 0.11904761904761904
126 0.1424196018376723 0.6590909090909091 0.04900459418070444 0.11904761904761904
126 0.5283307810107197 0.6590909090909091 0.04900459418070444 0.11904761904761904
