12 0.7656967840735069 0.1856060606060606 0.02756508422664625 0.07251082251082251
12 0.1990811638591118 0.18668831168831168 0.02450229709035222 0.07034632034632035
12 0.1975497702909648 0.47564935064935066 0.021439509954058193 0.07034632034632035
12 0.7649310872894334 0.47619047619047616 0.022970903522205207 0.06926406926406926
12 0.6018376722817764 0.849025974025974 0.021439509954058193 0.07034632034632035
14 0.39356814701378257 0.22943722943722944 0.021439509954058193 0.017316017316017316
14 0.39356814701378257 0.2483766233766234 0.02756508422664625 0.016233766233766232
14 0.39356814701378257 0.26515151515151514 0.02756508422664625 0.017316017316017316
129 0.09647779479326188 0.19534632034632035 0.042879019908116385 0.09415584415584416
20 0.24042879019908117 0.27435064935064934 0.036753445635528334 0.04004329004329004
134 0.09647779479326188 0.45346320346320346 0.03981623277182236 0.12121212121212122
164 0.3506891271056662 0.4875541125541126 0.036753445635528334 0.10064935064935066
165 0.41500765696784075 0.48593073593073594 0.05206738131699847 0.09307359307359307
167 0.5 0.48484848484848486 0.03828483920367535 0.10173160173160173
165 0.5666156202143952 0.48917748917748916 0.03981623277182236 0.11255411255411256
164 0.6401225114854517 0.49512987012987014 0.03981623277182236 0.11796536796536797
162 0.7013782542113324 0.4962121212121212 0.045941807044410414 0.12012987012987013
167 0.03598774885145482 0.8625541125541125 0.02909647779479326 0.10173160173160173
165 0.10872894333843798 0.8614718614718615 0.03981623277182236 0.1038961038961039
169 0.5505359877488515 0.8409090909090909 0.0444104134762634 0.09740259740259741
16 0.6745788667687596 0.8051948051948052 0.01990811638591118 0.0367965367965368
15 0.7488514548238898 0.8582251082251082 0.033690658499234305 0.07142857142857142
16 0.8828483920367535 0.795995670995671 0.022970903522205207 0.044372294372294376
17 0.9502297090352221 0.8133116883116883 0.01990811638591118 0.05735930735930736
99 0.24578866768759572 0.1893939393939394 0.03828483920367535 0.08225108225108226
160 0.8101071975497703 0.5140692640692641 0.03981623277182236 0.15151515151515152
158 0.8759571209800919 0.5173160173160173 0.045941807044410414 0.16017316017316016
157 0.9464012251148546 0.5227272727272727 0.045941807044410414 0.170995670995671
