12 0.9540581929555896 0.09090909090909091 0.021439509954058193 0.07142857142857142
12 0.1447166921898928 0.09145021645021645 0.022970903522205207 0.07034632034632035
12 0.6094946401225115 0.09307359307359307 0.021439509954058193 0.0670995670995671
12 0.14548238897396631 0.7711038961038961 0.021439509954058193 0.07467532467532467
12 0.6546707503828484 0.7711038961038961 0.022970903522205207 0.07034632034632035
27 0.1983154670750383 0.09199134199134198 0.0781010719754977 0.07792207792207792
100 0.30857580398162326 0.09253246753246754 0.04134762633996937 0.07683982683982683
101 0.3859111791730475 0.08766233766233766 0.03981623277182236 0.08441558441558442
102 0.4632465543644717 0.08279220779220779 0.03828483920367535 0.09199134199134198
100 0.5413476263399694 0.09253246753246754 0.03828483920367535 0.07683982683982683
101 0.6508422664624809 0.08766233766233766 0.03981623277182236 0.08441558441558442
100 0.7266462480857581 0.09199134199134198 0.04134762633996937 0.07792207792207792
97 0.8001531393568148 0.10551948051948051 0.04747320061255743 0.10497835497835498
100 0.8828483920367535 0.09145021645021645 0.04134762633996937 0.07683982683982683
26 0.20137825421133232 0.7667748917748918 0.07503828483920368 0.13744588744588745
50 0.31316998468606433 0.770021645021645 0.04747320061255743 0.07683982683982683
49 0.6998468606431854 0.7705627705627706 0.05206738131699847 0.07792207792207792
