12 0.2120980091883614 0.17532467532467533 0.026033690658499236 0.06926406926406926
12 0.8552833078101072 0.17586580086580086 0.026033690658499236 0.06818181818181818
12 0.2105666156202144 0.3652597402597403 0.026033690658499236 0.07034632034632035
12 0.8552833078101072 0.36634199134199136 0.026033690658499236 0.07034632034632035
12 0.2105666156202144 0.5568181818181818 0.026033690658499236 0.07251082251082251
12 0.8552833078101072 0.5573593073593074 0.026033690658499236 0.06926406926406926
12 0.2105666156202144 0.7456709956709957 0.022970903522205207 0.07142857142857142
12 0.8552833078101072 0.7467532467532467 0.022970903522205207 0.07142857142857142
18 0.5336906584992344 0.1617965367965368 0.0444104134762634 0.0183982683982684
18 0.5336906584992344 0.3528138528138528 0.04747320061255743 0.017316017316017316
18 0.5336906584992344 0.5432900432900433 0.04747320061255743 0.017316017316017316
18 0.5336906584992344 0.7332251082251082 0.04747320061255743 0.0183982683982684
