11 0.8465346534653465 0.46634615384615385 0.0297029702970297 0.05856643356643357
12 0.08787128712871287 0.46678321678321677 0.019801980198019802 0.055944055944055944
12 0.5637376237623762 0.46678321678321677 0.02103960396039604 0.055944055944055944
14 0.6571782178217822 0.5865384615384616 0.01485148514851485 0.01048951048951049
14 0.6577970297029703 0.6005244755244755 0.01608910891089109 0.01048951048951049
11 0.8465346534653465 0.6359265734265734 0.034653465346534656 0.06031468531468531
12 0.5637376237623762 0.6376748251748252 0.023514851485148515 0.056818181818181816
14 0.6584158415841584 0.6153846153846154 0.017326732673267328 0.012237762237762238
12 0.08972772277227722 0.6394230769230769 0.023514851485148515 0.056818181818181816
14 0.3261138613861386 0.6302447552447552 0.01608910891089109 0.012237762237762238
14 0.6577970297029703 0.6302447552447552 0.018564356435643563 0.012237762237762238
11 0.8459158415841584 0.7884615384615384 0.03341584158415842 0.05944055944055944
12 0.08787128712871287 0.7897727272727273 0.022277227722772276 0.05856643356643357
12 0.5637376237623762 0.7897727272727273 0.02103960396039604 0.056818181818181816
14 0.6571782178217822 0.7967657342657343 0.01485148514851485 0.013111888111888112
14 0.6584158415841584 0.8548951048951049 0.01485148514851485 0.01048951048951049
14 0.3261138613861386 0.5856643356643356 0.01608910891089109 0.006993006993006993
18 0.3254950495049505 0.4562937062937063 0.04455445544554455 0.017482517482517484
18 0.7011138613861386 0.4571678321678322 0.04826732673267327 0.019230769230769232
