2 0.2725880551301685 0.05140692640692641 0.04900459418070444 0.07467532467532467
12 0.14318529862174578 0.06872294372294373 0.022970903522205207 0.07034632034632035
12 0.1439509954058193 0.2343073593073593 0.021439509954058193 0.07034632034632035
12 0.1447166921898928 0.3971861471861472 0.022970903522205207 0.07142857142857142
12 0.14318529862174578 0.6542207792207793 0.022970903522205207 0.07034632034632035
12 0.1447166921898928 0.8225108225108225 0.01990811638591118 0.08441558441558442
2 0.273353751914242 0.22510822510822512 0.0444104134762634 0.07575757575757576
2 0.27565084226646247 0.3912337662337662 0.04900459418070444 0.07467532467532467
2 0.2741194486983155 0.6287878787878788 0.04900459418070444 0.0735930735930736
2 0.273353751914242 0.7922077922077922 0.04747320061255743 0.0735930735930736
28 0.19601837672281777 0.06818181818181818 0.07963246554364473 0.07792207792207792
18 0.9655436447166922 0.05519480519480519 0.053598774885145486 0.021645021645021644
27 0.19448698315467075 0.2326839826839827 0.0765696784073507 0.07792207792207792
18 0.9655436447166922 0.22023809523809523 0.053598774885145486 0.022727272727272728
37 0.19448698315467075 0.4069264069264069 0.07350689127105667 0.09956709956709957
18 0.9655436447166922 0.3847402597402597 0.053598774885145486 0.022727272727272728
26 0.19372128637059724 0.652056277056277 0.06891271056661562 0.1331168831168831
18 0.9594180704441042 0.6401515151515151 0.056661562021439515 0.022727272727272728
26 0.19295558958652376 0.816017316017316 0.07044410413476264 0.1341991341991342
18 0.9594180704441042 0.8041125541125541 0.053598774885145486 0.021645021645021644
