11 0.8438177874186551 0.12078220858895705 0.03253796095444685 0.054447852760736194
11 0.8421908893709328 0.3531441717791411 0.03579175704989154 0.05291411042944785
11 0.841648590021692 0.5322085889570553 0.03470715835140998 0.05368098159509203
129 0.03633405639913232 0.1276840490797546 0.03579175704989154 0.0682515337423313
129 0.2017353579175705 0.12615030674846625 0.026030368763557486 0.0651840490797546
98 0.3698481561822126 0.12691717791411045 0.02819956616052061 0.06671779141104295
20 0.6068329718004338 0.12154907975460123 0.0227765726681128 0.040644171779141106
132 0.03796095444685466 0.35199386503067487 0.03470715835140998 0.05674846625766871
132 0.2022776572668113 0.35199386503067487 0.027114967462039046 0.05828220858895706
101 0.3703904555314534 0.35046012269938653 0.027114967462039046 0.06134969325153374
20 0.6068329718004338 0.35391104294478526 0.020607375271149676 0.040644171779141106
130 0.037418655097613884 0.536042944785276 0.03579175704989154 0.06134969325153374
130 0.20281995661605207 0.536042944785276 0.026030368763557486 0.0598159509202454
99 0.3698481561822126 0.536042944785276 0.02819956616052061 0.06134969325153374
20 0.6068329718004338 0.5333588957055215 0.0227765726681128 0.040644171779141106
