12 0.8560490045941808 0.329004329004329 0.021439509954058193 0.07142857142857142
12 0.18453292496171517 0.32792207792207795 0.022970903522205207 0.0735930735930736
12 0.8560490045941808 0.5454545454545454 0.02450229709035222 0.07142857142857142
12 0.18453292496171517 0.545995670995671 0.026033690658499236 0.07034632034632035
12 0.18453292496171517 0.737012987012987 0.026033690658499236 0.07142857142857142
12 0.8560490045941808 0.7375541125541125 0.02450229709035222 0.07034632034632035
136 0.0444104134762634 0.3133116883116883 0.042879019908116385 0.10930735930735931
136 0.11944869831546708 0.3079004329004329 0.036753445635528334 0.12229437229437229
136 0.24885145482388976 0.3327922077922078 0.03828483920367535 0.0854978354978355
105 0.32618683001531396 0.3327922077922078 0.036753445635528334 0.08333333333333333
130 0.49157733537519144 0.3338744588744589 0.05819295558958652 0.0854978354978355
136 0.5620214395099541 0.3333333333333333 0.036753445635528334 0.08658008658008658
135 0.6393568147013783 0.336038961038961 0.03828483920367535 0.08982683982683982
134 0.714395099540582 0.33766233766233766 0.03828483920367535 0.09523809523809523
133 0.7863705972434916 0.3398268398268398 0.05053598774885146 0.09956709956709957
17 0.21745788667687596 0.625 0.02450229709035222 0.05952380952380952
128 0.04134762633996937 0.7505411255411255 0.045941807044410414 0.10281385281385282
128 0.11944869831546708 0.7505411255411255 0.045941807044410414 0.10281385281385282
128 0.2549770290964778 0.7510822510822511 0.056661562021439515 0.1038961038961039
128 0.32695252679938747 0.7510822510822511 0.0444104134762634 0.1038961038961039
128 0.40428790199081166 0.75 0.045941807044410414 0.1038961038961039
128 0.48238897396630936 0.7510822510822511 0.045941807044410414 0.1038961038961039
128 0.5666156202143952 0.75 0.0551301684532925 0.1038961038961039
128 0.6393568147013783 0.7505411255411255 0.0444104134762634 0.10281385281385282
128 0.715926493108729 0.7505411255411255 0.0444104134762634 0.10497835497835498
128 0.7924961715160797 0.75 0.0444104134762634 0.1038961038961039
