12 0.1442516268980477 0.1660276073619632 0.019522776572668113 0.05291411042944785
12 0.14370932754880694 0.3450920245398773 0.020607375271149676 0.052147239263803685
12 0.1447939262472885 0.5260736196319018 0.020607375271149676 0.05521472392638037
12 0.14316702819956617 0.7772239263803681 0.01735357917570499 0.05138036809815951
26 0.17841648590021691 0.16679447852760737 0.04880694143167028 0.0897239263803681
16 0.22559652928416488 0.1579754601226994 0.021691973969631236 0.03680981595092025
20 0.2868763557483731 0.16526073619631904 0.0227765726681128 0.040644171779141106
111 0.648590021691974 0.15030674846625766 0.030368763557483733 0.08588957055214724
110 0.9804772234273319 0.15299079754601227 0.030368763557483733 0.08052147239263804
26 0.1789587852494577 0.34662576687116564 0.04772234273318872 0.08895705521472393
16 0.22559652928416488 0.3370398773006135 0.019522776572668113 0.036042944785276074
20 0.28633405639913234 0.3450920245398773 0.021691973969631236 0.04141104294478528
111 0.6491323210412148 0.33013803680981596 0.031453362255965296 0.08665644171779141
110 0.9804772234273319 0.33320552147239263 0.030368763557483733 0.08052147239263804
26 0.1789587852494577 0.5260736196319018 0.049891540130151846 0.08895705521472393
16 0.22559652928416488 0.5168711656441718 0.019522776572668113 0.0352760736196319
20 0.2868763557483731 0.5249233128834356 0.0227765726681128 0.040644171779141106
112 0.6480477223427332 0.5065184049079755 0.02928416485900217 0.09585889570552147
111 0.9799349240780911 0.5092024539877301 0.033622559652928416 0.08742331288343559
26 0.17950108459869848 0.7772239263803681 0.04880694143167028 0.0897239263803681
16 0.22559652928416488 0.7680214723926381 0.019522776572668113 0.036042944785276074
20 0.2868763557483731 0.7760736196319019 0.0227765726681128 0.04141104294478528
17 0.6236442516268981 0.7315950920245399 0.019522776572668113 0.03834355828220859
110 0.6480477223427332 0.7641871165644172 0.02928416485900217 0.08052147239263804
109 0.9804772234273319 0.7664877300613497 0.03253796095444685 0.07438650306748466
