14 0.12480857580398162 0.4042207792207792 0.01990811638591118 0.016233766233766232
12 0.7848392036753445 0.43073593073593075 0.01990811638591118 0.06926406926406926
14 0.49387442572741197 0.6829004329004329 0.01990811638591118 0.012987012987012988
12 0.7848392036753445 0.9172077922077922 0.01990811638591118 0.07251082251082251
14 0.7366003062787136 0.4226190476190476 0.021439509954058193 0.016233766233766232
106 0.09035222052067382 0.43127705627705626 0.036753445635528334 0.07683982683982683
21 0.1875957120980092 0.43344155844155846 0.03522205206738132 0.03787878787878788
136 0.2427258805513017 0.43506493506493504 0.04134762633996937 0.08441558441558442
106 0.3062787136294028 0.43073593073593075 0.03981623277182236 0.07575757575757576
140 0.3958652373660031 0.4172077922077922 0.0444104134762634 0.10281385281385282
108 0.45788667687595713 0.420995670995671 0.036753445635528334 0.09523809523809523
137 0.5336906584992344 0.43073593073593075 0.03828483920367535 0.07575757575757576
77 0.5987748851454824 0.43398268398268397 0.03981623277182236 0.08225108225108226
20 0.7013782542113324 0.4291125541125541 0.02756508422664625 0.05952380952380952
48 0.09800918836140889 0.6737012987012987 0.042879019908116385 0.07900432900432901
102 0.46018376722817766 0.66504329004329 0.03828483920367535 0.09199134199134198
78 0.5987748851454824 0.6731601731601732 0.03981623277182236 0.07575757575757576
