12 0.8736600306278715 0.18506493506493507 0.01990811638591118 0.0735930735930736
14 0.9563552833078102 0.19264069264069264 0.01990811638591118 0.015151515151515152
14 0.9073506891271057 0.8257575757575758 0.022970903522205207 0.017316017316017316
14 0.6960183767228177 0.8430735930735931 0.022970903522205207 0.017316017316017316
6 0.2840735068912711 0.16883116883116883 0.06278713629402757 0.10606060606060606
14 0.7626339969372129 0.22835497835497837 0.021439509954058193 0.015151515151515152
6 0.28177641653905056 0.5043290043290043 0.06125574272588055 0.1038961038961039
6 0.2833078101071976 0.8382034632034632 0.06125574272588055 0.09632034632034632
28 0.20137825421133232 0.18235930735930736 0.08116385911179173 0.10064935064935066
100 0.389739663093415 0.18452380952380953 0.0444104134762634 0.07683982683982683
99 0.501531393568147 0.18885281385281386 0.04134762633996937 0.0854978354978355
98 0.6125574272588056 0.1937229437229437 0.042879019908116385 0.09523809523809523
128 0.7266462480857581 0.19642857142857142 0.05972434915773354 0.10281385281385282
159 0.82312404287902 0.19264069264069264 0.04134762633996937 0.09523809523809523
73 0.9165390505359878 0.17965367965367965 0.0444104134762634 0.08658008658008658
28 0.2006125574272588 0.5167748917748918 0.07963246554364473 0.10064935064935066
21 0.38667687595712097 0.48214285714285715 0.03828483920367535 0.03787878787878788
47 0.3981623277182236 0.5183982683982684 0.04900459418070444 0.08008658008658008
22 0.548238897396631 0.48863636363636365 0.03981623277182236 0.048701298701298704
162 0.6592649310872895 0.5140692640692641 0.06278713629402757 0.08225108225108226
135 0.7572741194486984 0.5070346320346321 0.053598774885145486 0.10064935064935066
162 0.9464012251148546 0.5156926406926406 0.03981623277182236 0.08116883116883117
28 0.20137825421133232 0.8517316017316018 0.08116385911179173 0.10173160173160173
21 0.3874425727411945 0.816017316017316 0.03981623277182236 0.0367965367965368
22 0.4992343032159265 0.823051948051948 0.042879019908116385 0.048701298701298704
162 0.5880551301684533 0.8484848484848485 0.06125574272588055 0.08441558441558442
135 0.6623277182235835 0.8414502164502164 0.053598774885145486 0.10064935064935066
162 0.7879019908116386 0.8495670995670995 0.04134762633996937 0.08441558441558442
136 0.8751914241960184 0.8327922077922078 0.053598774885145486 0.11796536796536797
47 0.3958652373660031 0.8522727272727273 0.0444104134762634 0.07683982683982683
