12 0.35987748851454826 0.3133116883116883 0.021439509954058193 0.07034632034632035
12 0.35987748851454826 0.5005411255411255 0.018376722817764167 0.07034632034632035
12 0.14548238897396631 0.7640692640692641 0.021439509954058193 0.07142857142857142
12 0.14624808575803983 0.9420995670995671 0.01990811638591118 0.07034632034632035
7 0.5038284839203676 0.2916666666666667 0.0765696784073507 0.08333333333333333
7 0.5022970903522206 0.5005411255411255 0.07350689127105667 0.0854978354978355
7 0.2901990811638591 0.7462121212121212 0.07503828483920368 0.08116883116883117
7 0.29096477794793263 0.9415584415584416 0.0765696784073507 0.08441558441558442
26 0.41500765696784075 0.30898268398268397 0.07350689127105667 0.13744588744588745
27 0.4127105666156202 0.5021645021645021 0.0781010719754977 0.07792207792207792
26 0.9701378254211332 0.5032467532467533 0.056661562021439515 0.11255411255411256
26 0.1998468606431853 0.7597402597402597 0.07197549770290965 0.13636363636363635
27 0.1983154670750383 0.9448051948051948 0.0781010719754977 0.07792207792207792
26 0.7381316998468607 0.9448051948051948 0.0551301684532925 0.11038961038961038
