12 0.8560490045941808 0.1737012987012987 0.02450229709035222 0.06818181818181818
12 0.8560490045941808 0.33766233766233766 0.02450229709035222 0.06926406926406926
12 0.8560490045941808 0.5324675324675324 0.02450229709035222 0.07142857142857142
14 0.4724349157733538 0.5762987012987013 0.01990811638591118 0.01406926406926407
12 0.8560490045941808 0.7007575757575758 0.02450229709035222 0.06818181818181818
12 0.8560490045941808 0.9036796536796536 0.02450229709035222 0.07142857142857142
18 0.24732006125574274 0.16071428571428573 0.053598774885145486 0.020562770562770564
18 0.24655436447166923 0.32521645021645024 0.05206738131699847 0.020562770562770564
132 0.1339969372128637 0.5281385281385281 0.056661562021439515 0.08441558441558442
131 0.2901990811638591 0.533008658008658 0.06278713629402757 0.07683982683982683
98 0.4387442572741195 0.5411255411255411 0.04134762633996937 0.09523809523809523
129 0.2840735068912711 0.7094155844155844 0.05053598774885146 0.09415584415584416
132 0.439509954058193 0.6991341991341992 0.03981623277182236 0.08008658008658008
103 0.5964777947932619 0.7126623376623377 0.03828483920367535 0.09848484848484848
169 0.7029096477794794 0.8961038961038961 0.036753445635528334 0.09740259740259741
170 0.7940275650842267 0.8923160173160173 0.053598774885145486 0.10281385281385282
