12 0.71484375 0.5319018404907976 0.019965277777777776 0.04171779141104295
12 0.22309027777777776 0.5322085889570553 0.01909722222222222 0.04110429447852761
12 0.22178819444444442 0.6331288343558282 0.019965277777777776 0.04171779141104295
12 0.7144097222222222 0.6331288343558282 0.01909722222222222 0.04171779141104295
12 0.2222222222222222 0.7579754601226995 0.017361111111111112 0.04233128834355829
12 0.71484375 0.7579754601226995 0.016493055555555556 0.04110429447852761
12 0.22265625 0.8687116564417179 0.018229166666666664 0.04171779141104295
12 0.7152777777777778 0.8687116564417179 0.01909722222222222 0.04171779141104295
18 0.6006944444444444 0.04570552147239264 0.03125 0.011656441717791411
15 0.020833333333333332 0.19785276073619634 0.01909722222222222 0.04233128834355829
16 0.13324652777777776 0.17822085889570552 0.014756944444444444 0.03496932515337423
17 0.18359375 0.1843558282208589 0.013020833333333332 0.04601226993865031
15 0.23350694444444442 0.18282208588957055 0.017361111111111112 0.04171779141104295
15 0.3172743055555555 0.17822085889570552 0.018229166666666664 0.04233128834355829
216 0.3997395833333333 0.14846625766871166 0.019965277777777776 0.09325153374233129
15 0.4309895833333333 0.16748466257668712 0.018229166666666664 0.04171779141104295
216 0.453125 0.14877300613496933 0.020833333333333332 0.0950920245398773
15 0.5147569444444444 0.1638036809815951 0.01909722222222222 0.04171779141104295
219 0.5980902777777778 0.18251533742331288 0.020833333333333332 0.07177914110429448
15 0.6280381944444444 0.15184049079754602 0.018229166666666664 0.04355828220858896
15 0.7105034722222222 0.146319018404908 0.019965277777777776 0.04355828220858896
15 0.7942708333333333 0.1414110429447853 0.01909722222222222 0.04355828220858896
15 0.9088541666666666 0.13128834355828223 0.017361111111111112 0.044171779141104296
15 0.9913194444444444 0.12638036809815953 0.017361111111111112 0.04294478527607362
18 0.5286458333333333 0.2815950920245399 0.03645833333333333 0.013496932515337423
166 0.034722222222222224 0.5371165644171779 0.027777777777777776 0.05582822085889571
102 0.07465277777777778 0.5273006134969326 0.022569444444444444 0.052147239263803685
22 0.2456597222222222 0.5355828220858896 0.020833333333333332 0.02822085889570552
15 0.39713541666666663 0.5104294478527608 0.019965277777777776 0.044171779141104296
169 0.47699652777777773 0.5322085889570553 0.021701388888888888 0.06564417177914111
17 0.5013020833333333 0.5113496932515338 0.014756944444444444 0.047239263803680986
168 0.5217013888888888 0.5349693251533743 0.020833333333333332 0.0588957055214724
169 0.5516493055555556 0.5328220858895706 0.030381944444444444 0.06441717791411043
109 0.5941840277777778 0.5245398773006136 0.02517361111111111 0.0588957055214724
18 0.98828125 0.5239263803680982 0.0234375 0.012269938650306749
18 0.4639756944444444 0.6260736196319019 0.035590277777777776 0.012883435582822086
18 0.9878472222222222 0.6257668711656442 0.024305555555555552 0.012269938650306749
168 0.10590277777777778 0.7619631901840491 0.01909722222222222 0.060122699386503074
16 0.12890625 0.7377300613496933 0.016493055555555556 0.03742331288343558
167 0.15104166666666666 0.7647239263803681 0.020833333333333332 0.05582822085889571
15 0.1753472222222222 0.751840490797546 0.01909722222222222 0.04233128834355829
165 0.1953125 0.7641104294478528 0.026041666666666664 0.05582822085889571
163 0.4782986111111111 0.748159509202454 0.022569444444444444 0.06319018404907976
170 0.6297743055555555 0.7512269938650307 0.021701388888888888 0.05950920245398773
168 0.6592881944444444 0.7567484662576688 0.019965277777777776 0.04846625766871166
166 0.6905381944444444 0.7582822085889571 0.02517361111111111 0.04294478527607362
169 0.7387152777777778 0.7536809815950921 0.020833333333333332 0.05337423312883436
169 0.7738715277777778 0.7533742331288344 0.0234375 0.05276073619631902
169 0.8072916666666666 0.7533742331288344 0.022569444444444444 0.05276073619631902
169 0.8394097222222222 0.7536809815950921 0.026041666666666664 0.05337423312883436
169 0.875 0.7533742331288344 0.022569444444444444 0.05276073619631902
169 0.9092881944444444 0.7533742331288344 0.021701388888888888 0.05276073619631902
169 0.9422743055555555 0.7533742331288344 0.021701388888888888 0.05276073619631902
169 0.97265625 0.7533742331288344 0.02690972222222222 0.053987730061349694
18 0.4639756944444444 0.8616564417177914 0.035590277777777776 0.012883435582822086
18 0.98828125 0.8607361963190184 0.0234375 0.012269938650306749
210 0.04513888888888889 0.15552147239263805 0.024305555555555552 0.09631901840490797
211 0.0759548611111111 0.15337423312883436 0.0234375 0.09202453987730062
212 0.10633680555555555 0.15153374233128836 0.0234375 0.08834355828220859
213 0.15625 0.15092024539877302 0.022569444444444444 0.08957055214723927
213 0.20529513888888887 0.15000000000000002 0.0234375 0.09018404907975461
213 0.2582465277777778 0.14969325153374233 0.021701388888888888 0.09079754601226994
214 0.2886284722222222 0.14969325153374233 0.0234375 0.09079754601226994
214 0.3415798611111111 0.14877300613496933 0.0234375 0.09141104294478528
215 0.3723958333333333 0.14846625766871166 0.024305555555555552 0.09325153374233129
217 0.4852430555555555 0.148159509202454 0.020833333333333332 0.0950920245398773
217 0.5381944444444444 0.14785276073619633 0.022569444444444444 0.09570552147239264
218 0.5685763888888888 0.147239263803681 0.020833333333333332 0.09570552147239264
219 0.6519097222222222 0.18251533742331288 0.020833333333333332 0.07177914110429448
220 0.681423611111111 0.17975460122699388 0.020833333333333332 0.07484662576687116
220 0.7335069444444444 0.17975460122699388 0.020833333333333332 0.07484662576687116
221 0.7651909722222222 0.17730061349693252 0.028645833333333332 0.07975460122699388
221 0.818142361111111 0.17730061349693252 0.028645833333333332 0.07975460122699388
222 0.8485243055555555 0.17453987730061352 0.028645833333333332 0.08527607361963191
223 0.8793402777777777 0.17177914110429449 0.03125 0.09079754601226994
223 0.9322916666666666 0.17177914110429449 0.03125 0.09079754601226994
224 0.962673611111111 0.16901840490797548 0.029513888888888888 0.0950920245398773
