12 0.8560490045941808 0.1737012987012987 0.02450229709035222 0.07034632034632035
12 0.3996937212863706 0.1747835497835498 0.02450229709035222 0.07034632034632035
12 0.3981623277182236 0.38257575757575757 0.02756508422664625 0.07251082251082251
12 0.8560490045941808 0.38311688311688313 0.02450229709035222 0.06926406926406926
12 0.3981623277182236 0.5887445887445888 0.02756508422664625 0.07142857142857142
12 0.8552833078101072 0.5892857142857143 0.026033690658499236 0.06818181818181818
12 0.8568147013782542 0.7992424242424242 0.026033690658499236 0.07683982683982683
12 0.3981623277182236 0.7976190476190477 0.02450229709035222 0.06926406926406926
136 0.020673813169984685 0.17586580086580086 0.03828483920367535 0.07900432900432901
136 0.0880551301684533 0.17694805194805194 0.03828483920367535 0.08116883116883117
136 0.1424196018376723 0.1764069264069264 0.03981623277182236 0.08008658008658008
138 0.20444104134762633 0.17261904761904762 0.05053598774885146 0.08982683982683982
107 0.2626339969372129 0.17045454545454544 0.03828483920367535 0.0854978354978355
107 0.33767228177641656 0.170995670995671 0.03828483920367535 0.08441558441558442
51 0.47090352220520676 0.1747835497835498 0.053598774885145486 0.07900432900432901
133 0.028330781010719758 0.3712121212121212 0.04747320061255743 0.1038961038961039
134 0.09035222052067382 0.3712121212121212 0.03981623277182236 0.09956709956709957
133 0.14624808575803983 0.3722943722943723 0.04134762633996937 0.09956709956709957
131 0.21362940275650844 0.3722943722943723 0.04134762633996937 0.09740259740259741
98 0.26416539050535986 0.3912337662337662 0.04134762633996937 0.09632034632034632
98 0.33843797856049007 0.3906926406926407 0.042879019908116385 0.09740259740259741
101 0.4640122511485452 0.3777056277056277 0.042879019908116385 0.08658008658008658
132 0.5444104134762634 0.3787878787878788 0.05053598774885146 0.08008658008658008
133 0.5957120980091883 0.3777056277056277 0.03981623277182236 0.08441558441558442
134 0.655436447166922 0.3722943722943723 0.05206738131699847 0.09523809523809523
132 0.7036753445635529 0.3722943722943723 0.04134762633996937 0.09740259740259741
134 0.7626339969372129 0.3712121212121212 0.042879019908116385 0.09956709956709957
135 0.8169984686064319 0.36904761904761907 0.03828483920367535 0.10173160173160173
137 0.019142419601837674 0.5936147186147186 0.03522205206738132 0.08333333333333333
17 0.0551301684532925 0.5827922077922078 0.02450229709035222 0.05735930735930736
135 0.0880551301684533 0.5979437229437229 0.03522205206738132 0.09199134199134198
134 0.1416539050535988 0.6011904761904762 0.03828483920367535 0.10064935064935066
17 0.1784073506891271 0.6076839826839827 0.026033690658499236 0.05735930735930736
132 0.2090352220520674 0.6044372294372294 0.04747320061255743 0.10497835497835498
99 0.26416539050535986 0.5941558441558441 0.0444104134762634 0.08658008658008658
99 0.3392036753445636 0.5941558441558441 0.04134762633996937 0.08658008658008658
17 0.4280245022970904 0.5822510822510822 0.02909647779479326 0.05844155844155844
50 0.47090352220520676 0.5909090909090909 0.053598774885145486 0.07792207792207792
130 0.02756508422664625 0.803030303030303 0.045941807044410414 0.08658008658008658
131 0.08958652373660031 0.7976190476190477 0.04134762633996937 0.07792207792207792
130 0.14318529862174578 0.8024891774891775 0.04134762633996937 0.08766233766233766
17 0.1784073506891271 0.8528138528138528 0.026033690658499236 0.05844155844155844
128 0.21362940275650844 0.8106060606060606 0.0444104134762634 0.1038961038961039
126 0.26416539050535986 0.8187229437229437 0.04747320061255743 0.12229437229437229
95 0.33843797856049007 0.8187229437229437 0.04900459418070444 0.12229437229437229
98 0.4632465543644717 0.8068181818181818 0.0444104134762634 0.09632034632034632
129 0.546707503828484 0.8051948051948052 0.05206738131699847 0.09307359307359307
130 0.5972434915773354 0.8014069264069265 0.03981623277182236 0.0854978354978355
131 0.655436447166922 0.7981601731601732 0.04900459418070444 0.08116883116883117
129 0.7021439509954058 0.8051948051948052 0.04134762633996937 0.09740259740259741
131 0.7633996937212864 0.7976190476190477 0.04134762633996937 0.08441558441558442
132 0.8162327718223584 0.7938311688311688 0.03981623277182236 0.08333333333333333
