12 0.3981623277182236 0.04112554112554113 0.02450229709035222 0.08008658008658008
11 0.8430321592649311 0.041666666666666664 0.03828483920367535 0.08116883116883117
12 0.3973966309341501 0.3241341991341991 0.026033690658499236 0.06818181818181818
12 0.3981623277182236 0.6147186147186147 0.02450229709035222 0.07142857142857142
11 0.8430321592649311 0.6158008658008658 0.04134762633996937 0.07142857142857142
11 0.8422664624808576 0.3246753246753247 0.045941807044410414 0.0735930735930736
138 0.19065849923430322 0.04274891774891775 0.03828483920367535 0.08333333333333333
136 0.2656967840735069 0.04924242424242424 0.03828483920367535 0.08766233766233766
133 0.332312404287902 0.05303030303030303 0.05206738131699847 0.09740259740259741
19 0.6837672281776417 0.041666666666666664 0.053598774885145486 0.022727272727272728
20 0.2626339969372129 0.32142857142857145 0.03828483920367535 0.05844155844155844
19 0.6837672281776417 0.3208874458874459 0.053598774885145486 0.022727272727272728
19 0.6830015313935682 0.6114718614718615 0.0551301684532925 0.021645021645021644
