12 0.30857580398162326 0.16017316017316016 0.022970903522205207 0.0735930735930736
12 0.9640122511485452 0.15963203463203463 0.022970903522205207 0.07034632034632035
14 0.6653905053598775 0.9117965367965368 0.022970903522205207 0.016233766233766232
14 0.21745788667687596 0.22294372294372294 0.021439509954058193 0.017316017316017316
14 0.5022970903522206 0.23971861471861472 0.018376722817764167 0.01406926406926407
126 0.18223583460949463 0.1985930735930736 0.045941807044410414 0.15692640692640691
40 0.4617151607963247 0.18993506493506493 0.05972434915773354 0.13744588744588745
18 0.6753445635528331 0.1277056277056277 0.04900459418070444 0.021645021645021644
108 0.05206738131699847 0.9112554112554112 0.033690658499234305 0.09523809523809523
137 0.1439509954058193 0.9204545454545454 0.03981623277182236 0.07683982683982683
105 0.34686064318529863 0.9247835497835498 0.03828483920367535 0.0854978354978355
135 0.442572741194487 0.9285714285714286 0.03981623277182236 0.09307359307359307
74 0.5130168453292496 0.9112554112554112 0.03981623277182236 0.09523809523809523
20 0.6324655436447167 0.9161255411255411 0.030627871362940276 0.05735930735930736
104 0.7771822358346095 0.9296536796536796 0.03828483920367535 0.09523809523809523
136 0.8759571209800919 0.9247835497835498 0.042879019908116385 0.0854978354978355
124 0.9127105666156202 0.2104978354978355 0.04900459418070444 0.17857142857142858
