12 0.4326186830015314 0.04599567099567099 0.022970903522205207 0.07034632034632035
14 0.5497702909647779 0.021103896103896104 0.018376722817764167 0.011904761904761904
14 0.5490045941807045 0.037337662337662336 0.016845329249617153 0.011904761904761904
14 0.5497702909647779 0.1553030303030303 0.015313935681470138 0.00974025974025974
14 0.5497702909647779 0.17261904761904762 0.015313935681470138 0.011904761904761904
12 0.4318529862174579 0.23484848484848486 0.021439509954058193 0.07142857142857142
14 0.5490045941807045 0.20725108225108224 0.016845329249617153 0.011904761904761904
14 0.5497702909647779 0.2981601731601732 0.015313935681470138 0.011904761904761904
12 0.496937212863706 0.5876623376623377 0.026033690658499236 0.07142857142857142
12 0.496937212863706 0.7922077922077922 0.026033690658499236 0.07142857142857142
14 0.7649310872894334 0.8376623376623377 0.01990811638591118 0.015151515151515152
14 0.5490045941807045 0.13906926406926406 0.022970903522205207 0.01406926406926407
0 0.611791730474732 0.5676406926406926 0.08422664624808576 0.0854978354978355
0 0.6140888208269526 0.788961038961039 0.0888208269525268 0.08008658008658008
130 0.13705972434915775 0.591991341991342 0.05053598774885146 0.08658008658008658
160 0.3001531393568147 0.591991341991342 0.04900459418070444 0.08658008658008658
17 0.37136294027565087 0.6412337662337663 0.026033690658499236 0.050865800865800864
158 0.4058192955589587 0.6006493506493507 0.03981623277182236 0.1038961038961039
20 0.7289433384379785 0.5162337662337663 0.030627871362940276 0.05627705627705628
101 0.12863705972434916 0.8095238095238095 0.03981623277182236 0.11255411255411256
17 0.5321592649310873 0.8284632034632035 0.022970903522205207 0.050865800865800864
132 0.7396630934150077 0.7738095238095238 0.05206738131699847 0.11038961038961038
17 0.5520673813169985 0.8057359307359307 0.022970903522205207 0.050865800865800864
17 0.5321592649310873 0.6076839826839827 0.022970903522205207 0.050865800865800864
17 0.5497702909647779 0.577922077922078 0.021439509954058193 0.045454545454545456
