12 0.01485148514851485 0.08828671328671328 0.024752475247524754 0.05944055944055944
12 0.4077970297029703 0.08784965034965035 0.023514851485148515 0.05856643356643357
12 0.8570544554455446 0.08784965034965035 0.023514851485148515 0.05856643356643357
12 0.01485148514851485 0.24082167832167833 0.022277227722772276 0.06031468531468531
12 0.4077970297029703 0.24082167832167833 0.023514851485148515 0.06031468531468531
12 0.8564356435643564 0.24082167832167833 0.022277227722772276 0.05856643356643357
12 0.8564356435643564 0.6844405594405595 0.022277227722772276 0.057692307692307696
12 0.4214108910891089 0.6844405594405595 0.02103960396039604 0.055944055944055944
12 0.8564356435643564 0.854458041958042 0.022277227722772276 0.05856643356643357
12 0.422029702970297 0.8557692307692307 0.022277227722772276 0.05944055944055944
14 0.0594059405940594 0.9584790209790209 0.017326732673267328 0.011363636363636364
141 0.18316831683168316 0.06075174825174825 0.039603960396039604 0.11975524475524475
168 0.5297029702970297 0.0895979020979021 0.0297029702970297 0.0777972027972028
165 0.5971534653465347 0.09003496503496504 0.03341584158415842 0.06643356643356643
168 0.6683168316831684 0.08435314685314685 0.04455445544554455 0.0673076923076923
140 0.7493811881188119 0.07736013986013986 0.04331683168316832 0.08304195804195805
143 0.5971534653465347 0.23164335664335664 0.03589108910891089 0.12937062937062938
142 0.7475247524752475 0.22333916083916083 0.05198019801980198 0.10052447552447552
18 0.20544554455445546 0.673951048951049 0.04455445544554455 0.017482517482517484
18 0.6392326732673267 0.673951048951049 0.04579207920792079 0.017482517482517484
171 0.035272277227722776 0.8417832167832168 0.03589108910891089 0.09265734265734266
168 0.09653465346534654 0.8518356643356644 0.03217821782178218 0.07080419580419581
166 0.15903465346534654 0.8553321678321678 0.03094059405940594 0.06381118881118882
168 0.23205445544554457 0.8522727272727273 0.03094059405940594 0.06993006993006994
171 0.3056930693069307 0.8413461538461539 0.034653465346534656 0.09178321678321678
168 0.3613861386138614 0.8522727272727273 0.04455445544554455 0.06993006993006994
172 0.4659653465346535 0.8448426573426573 0.03589108910891089 0.11625874125874126
168 0.5272277227722773 0.861451048951049 0.03217821782178218 0.08828671328671328
163 0.5897277227722773 0.8662587412587412 0.03341584158415842 0.08391608391608392
168 0.6540841584158416 0.8640734265734266 0.04579207920792079 0.09353146853146853
170 0.8007425742574258 0.8452797202797203 0.039603960396039604 0.08391608391608392
