12 0.15037128712871287 0.15122377622377622 0.02103960396039604 0.057692307692307696
12 0.5866336633663366 0.15122377622377622 0.022277227722772276 0.057692307692307696
12 0.14913366336633663 0.32211538461538464 0.023514851485148515 0.05856643356643357
12 0.5878712871287128 0.3243006993006993 0.022277227722772276 0.055944055944055944
12 0.14975247524752475 0.4742132867132867 0.024752475247524754 0.06031468531468531
12 0.5872524752475248 0.4742132867132867 0.023514851485148515 0.06031468531468531
12 0.6212871287128713 0.9173951048951049 0.022277227722772276 0.05856643356643357
12 0.17574257425742573 0.9178321678321678 0.019801980198019802 0.057692307692307696
135 0.027227722772277228 0.1569055944055944 0.03217821782178218 0.07604895104895106
134 0.20482673267326734 0.13986013986013987 0.04331683168316832 0.08041958041958042
133 0.32982673267326734 0.14291958041958042 0.03094059405940594 0.0777972027972028
132 0.47153465346534656 0.14772727272727273 0.04702970297029703 0.06818181818181818
133 0.6423267326732673 0.1437937062937063 0.04702970297029703 0.07604895104895106
100 0.7667079207920792 0.15166083916083917 0.03341584158415842 0.06381118881118882
138 0.02599009900990099 0.47071678321678323 0.03217821782178218 0.06905594405594405
139 0.1974009900990099 0.46722027972027974 0.028465346534653466 0.07604895104895106
136 0.3292079207920792 0.47377622377622375 0.0297029702970297 0.06293706293706294
137 0.45792079207920794 0.4742132867132867 0.039603960396039604 0.062062937062937064
135 0.6324257425742574 0.48382867132867136 0.03217821782178218 0.08129370629370629
136 0.7654702970297029 0.48951048951048953 0.03094059405940594 0.09615384615384616
129 0.8929455445544554 0.49475524475524474 0.04084158415841584 0.10664335664335664
18 0.39851485148514854 0.9073426573426573 0.04455445544554455 0.017482517482517484
18 0.817450495049505 0.9073426573426573 0.04331683168316832 0.017482517482517484
