12 0.14548238897396631 0.17424242424242425 0.021439509954058193 0.07142857142857142
12 0.14548238897396631 0.47023809523809523 0.021439509954058193 0.07251082251082251
12 0.1447166921898928 0.7651515151515151 0.022970903522205207 0.07142857142857142
33 0.2006125574272588 0.1920995670995671 0.0765696784073507 0.11363636363636363
15 0.26952526799387444 0.18344155844155843 0.036753445635528334 0.05735930735930736
36 0.1975497702909648 0.4577922077922078 0.07963246554364473 0.09956709956709957
15 0.2679938744257274 0.45346320346320346 0.042879019908116385 0.06277056277056277
209 0.34839203675344566 0.48268398268398266 0.056661562021439515 0.1038961038961039
207 0.46937212863705974 0.4902597402597403 0.04747320061255743 0.12337662337662338
24 0.6960183767228177 0.4816017316017316 0.05053598774885146 0.08874458874458875
35 0.19601837672281777 0.7532467532467533 0.07963246554364473 0.09956709956709957
15 0.26952526799387444 0.7472943722943723 0.036753445635528334 0.05952380952380952
214 0.34762633996937214 0.7472943722943723 0.045941807044410414 0.11363636363636363
212 0.47090352220520676 0.7510822510822511 0.04134762633996937 0.10606060606060606
24 0.6960183767228177 0.7754329004329005 0.053598774885145486 0.08766233766233766
212 0.7978560490045942 0.7472943722943723 0.0551301684532925 0.11796536796536797
214 0.9173047473200613 0.7413419913419913 0.036753445635528334 0.1277056277056277
211 0.5972434915773354 0.7586580086580087 0.03981623277182236 0.10173160173160173
206 0.9173047473200613 0.49567099567099565 0.042879019908116385 0.12987012987012986
204 0.7947932618683002 0.5070346320346321 0.05819295558958652 0.14826839826839827
