12 0.24732006125574274 0.06439393939393939 0.026033690658499236 0.07034632034632035
12 0.8560490045941808 0.0670995670995671 0.02450229709035222 0.07142857142857142
12 0.8560490045941808 0.4642857142857143 0.02450229709035222 0.07142857142857142
12 0.19601837672281777 0.4648268398268398 0.02450229709035222 0.07034632034632035
12 0.8568147013782542 0.6542207792207793 0.022970903522205207 0.07467532467532467
12 0.19525267993874426 0.6536796536796536 0.022970903522205207 0.07142857142857142
12 0.8560490045941808 0.8306277056277056 0.02450229709035222 0.07683982683982683
12 0.1975497702909648 0.8295454545454546 0.02756508422664625 0.07467532467532467
103 0.11332312404287903 0.07900432900432901 0.033690658499234305 0.10173160173160173
103 0.2955589586523737 0.07792207792207792 0.033690658499234305 0.09956709956709957
133 0.44869831546707506 0.0633116883116883 0.042879019908116385 0.0854978354978355
132 0.5153139356814701 0.06547619047619048 0.03215926493108729 0.08116883116883117
133 0.5911179173047474 0.057900432900432904 0.042879019908116385 0.09632034632034632
134 0.658499234303216 0.055735930735930736 0.033690658499234305 0.09848484848484848
104 0.7281776416539051 0.07413419913419914 0.03522205206738132 0.09415584415584416
139 0.06278713629402757 0.45725108225108224 0.030627871362940276 0.09415584415584416
140 0.13169984686064318 0.45346320346320346 0.045941807044410414 0.1038961038961039
15 0.2304747320061256 0.44642857142857145 0.02909647779479326 0.048701298701298704
105 0.26416539050535986 0.46915584415584416 0.02909647779479326 0.08333333333333333
141 0.42725880551301687 0.4475108225108225 0.036753445635528334 0.11580086580086581
104 0.5689127105666156 0.4751082251082251 0.03522205206738132 0.09523809523809523
109 0.7166921898928025 0.45346320346320346 0.033690658499234305 0.1038961038961039
103 0.06355283307810107 0.6661255411255411 0.03215926493108729 0.09848484848484848
133 0.26339969372128635 0.66504329004329 0.033690658499234305 0.09848484848484848
134 0.33767228177641656 0.6628787878787878 0.03522205206738132 0.09415584415584416
15 0.3943338437978561 0.6461038961038961 0.03215926493108729 0.05194805194805195
135 0.42725880551301687 0.6590909090909091 0.033690658499234305 0.08874458874458875
136 0.495405819295559 0.6585497835497836 0.0444104134762634 0.0854978354978355
132 0.5742725880551302 0.6498917748917749 0.042879019908116385 0.0854978354978355
133 0.6431852986217458 0.6482683982683982 0.033690658499234305 0.08874458874458875
134 0.718989280245023 0.6455627705627706 0.03522205206738132 0.09415584415584416
135 0.7901990811638592 0.6428571428571429 0.033690658499234305 0.09956709956709957
106 0.06431852986217458 0.8306277056277056 0.033690658499234305 0.07683982683982683
106 0.26416539050535986 0.8295454545454546 0.03215926493108729 0.07467532467532467
77 0.4318529862174579 0.8344155844155844 0.03981623277182236 0.08225108225108226
104 0.715926493108729 0.8392857142857143 0.03215926493108729 0.09415584415584416
