12 0.7863705972434916 0.14339826839826839 0.022970903522205207 0.07467532467532467
14 0.40275650842266464 0.3241341991341991 0.018376722817764167 0.01406926406926407
6 0.27565084226646247 0.38365800865800864 0.0551301684532925 0.08333333333333333
12 0.7641653905053599 0.3874458874458874 0.02450229709035222 0.07142857142857142
14 0.8483920367534457 0.3587662337662338 0.018376722817764167 0.01406926406926407
14 0.40352220520673815 0.691017316017316 0.016845329249617153 0.01406926406926407
6 0.27488514548238896 0.14393939393939395 0.053598774885145486 0.08441558441558442
34 0.19372128637059724 0.13528138528138528 0.07197549770290965 0.09090909090909091
21 0.3744257274119449 0.14502164502164502 0.03215926493108729 0.0367965367965368
17 0.3981623277182236 0.09848484848484848 0.02450229709035222 0.05411255411255411
108 0.4295558958652374 0.13528138528138528 0.03215926493108729 0.09307359307359307
138 0.5022970903522206 0.14123376623376624 0.033690658499234305 0.0854978354978355
15 0.5428790199081164 0.11796536796536797 0.02909647779479326 0.05194805194805195
137 0.5765696784073507 0.14393939393939395 0.03215926493108729 0.07575757575757576
138 0.6255742725880552 0.14015151515151514 0.03215926493108729 0.08333333333333333
138 0.7503828483920368 0.14015151515151514 0.042879019908116385 0.0854978354978355
15 0.8154670750382849 0.11742424242424243 0.02909647779479326 0.050865800865800864
137 0.8491577335375192 0.1444805194805195 0.02909647779479326 0.07467532467532467
138 0.8981623277182236 0.14015151515151514 0.03215926493108729 0.0854978354978355
139 0.947166921898928 0.13582251082251082 0.03215926493108729 0.09415584415584416
34 0.19448698315467075 0.37716450216450215 0.07044410413476264 0.09415584415584416
110 0.3736600306278714 0.3685064935064935 0.036753445635528334 0.11147186147186147
140 0.49310872894333846 0.37337662337662336 0.036753445635528334 0.10173160173160173
140 0.5535987748851455 0.3739177489177489 0.03828483920367535 0.10497835497835498
108 0.613323124042879 0.3782467532467532 0.03215926493108729 0.09415584415584416
138 0.7105666156202144 0.38311688311688313 0.033690658499234305 0.08441558441558442
78 0.8108728943338438 0.38636363636363635 0.0444104134762634 0.07575757575757576
20 0.9678407350689128 0.3782467532467532 0.030627871362940276 0.050865800865800864
27 0.19218989280245025 0.6293290043290043 0.07197549770290965 0.07683982683982683
96 0.3736600306278714 0.6466450216450217 0.03981623277182236 0.11580086580086581
156 0.5321592649310873 0.6515151515151515 0.04747320061255743 0.12121212121212122
157 0.5788667687595712 0.6471861471861472 0.036753445635528334 0.11255411255411256
159 0.6416539050535988 0.6347402597402597 0.045941807044410414 0.09848484848484848
161 0.6929555895865238 0.6228354978354979 0.03522205206738132 0.08982683982683982
163 0.7503828483920368 0.6174242424242424 0.033690658499234305 0.10064935064935066
164 0.8016845329249618 0.6147186147186147 0.03215926493108729 0.10606060606060606
166 0.8529862174578867 0.6309523809523809 0.033690658499234305 0.08008658008658008
168 0.9096477794793262 0.6255411255411255 0.033690658499234305 0.08441558441558442
170 0.9693721286370598 0.6152597402597403 0.036753445635528334 0.10064935064935066
139 0.7036753445635529 0.13582251082251082 0.02909647779479326 0.09632034632034632
