12 0.14624808575803983 0.4199134199134199 0.01990811638591118 0.0735930735930736
14 0.4448698315467075 0.3939393939393939 0.022970903522205207 0.015151515151515152
14 0.445635528330781 0.42803030303030304 0.021439509954058193 0.016233766233766232
12 0.14624808575803983 0.5979437229437229 0.01990811638591118 0.07034632034632035
7 0.2901990811638591 0.400974025974026 0.07197549770290965 0.08333333333333333
7 0.2886676875957121 0.599025974025974 0.06891271056661562 0.08333333333333333
26 0.1983154670750383 0.4161255411255411 0.07197549770290965 0.13744588744588745
16 0.3728943338437979 0.39231601731601734 0.02909647779479326 0.050865800865800864
27 0.19678407350689128 0.599025974025974 0.0781010719754977 0.07683982683982683
168 0.4096477794793262 0.5979437229437229 0.03828483920367535 0.08982683982683982
165 0.5107197549770292 0.6044372294372294 0.03828483920367535 0.08766233766233766
166 0.6179173047473201 0.6060606060606061 0.03828483920367535 0.09307359307359307
16 0.6868300153139357 0.5892857142857143 0.02909647779479326 0.050865800865800864
164 0.72052067381317 0.6082251082251082 0.04747320061255743 0.09523809523809523
104 0.8330781010719756 0.6082251082251082 0.036753445635528334 0.09523809523809523
