12 0.8560490045941808 0.29653679653679654 0.02450229709035222 0.07142857142857142
12 0.8560490045941808 0.4496753246753247 0.02450229709035222 0.07034632034632035
12 0.8560490045941808 0.637987012987013 0.02450229709035222 0.07034632034632035
12 0.8560490045941808 0.7922077922077922 0.02450229709035222 0.07142857142857142
12 0.8560490045941808 0.9707792207792207 0.02450229709035222 0.05627705627705628
172 0.06431852986217458 0.27380952380952384 0.045941807044410414 0.12121212121212122
169 0.12480857580398162 0.28733766233766234 0.03828483920367535 0.09632034632034632
167 0.1883614088820827 0.29545454545454547 0.03981623277182236 0.08008658008658008
169 0.25803981623277183 0.28679653679653677 0.05053598774885146 0.09523809523809523
20 0.19295558958652376 0.5995670995670995 0.033690658499234305 0.05411255411255411
20 0.19372128637059724 0.7532467532467533 0.03215926493108729 0.05411255411255411
