2 0.25 0.06818181818181818 0.04207920792079208 0.06118881118881119
12 0.7357673267326733 0.08784965034965035 0.02599009900990099 0.05856643356643357
12 0.14603960396039603 0.08916083916083917 0.019801980198019802 0.05944055944055944
14 0.36076732673267325 0.20498251748251747 0.01608910891089109 0.011363636363636364
2 0.25123762376237624 0.23645104895104896 0.04207920792079208 0.062062937062937064
12 0.7345297029702971 0.2403846153846154 0.023514851485148515 0.05944055944055944
12 0.14603960396039603 0.24125874125874125 0.017326732673267328 0.05944055944055944
2 0.25 0.6800699300699301 0.039603960396039604 0.06293706293706294
12 0.14418316831683167 0.6853146853146853 0.02103960396039604 0.05944055944055944
12 0.7004950495049505 0.6848776223776224 0.022277227722772276 0.056818181818181816
2 0.25 0.8343531468531469 0.039603960396039604 0.06381118881118882
12 0.14603960396039603 0.8553321678321678 0.019801980198019802 0.06031468531468531
12 0.7004950495049505 0.8548951048951049 0.024752475247524754 0.05944055944055944
14 0.7691831683168316 0.9584790209790209 0.018564356435643563 0.01486013986013986
14 0.359529702970297 0.9584790209790209 0.01608910891089109 0.011363636363636364
26 0.18502475247524752 0.08697552447552448 0.055693069306930694 0.10926573426573427
161 0.400990099009901 0.1097027972027972 0.03217821782178218 0.10576923076923077
159 0.47153465346534656 0.1097027972027972 0.03217821782178218 0.10576923076923077
161 0.5439356435643564 0.10795454545454546 0.038366336633663366 0.10402097902097902
138 0.7797029702970297 0.08479020979020979 0.03217821782178218 0.06993006993006994
167 0.8991336633663366 0.08828671328671328 0.03341584158415842 0.06468531468531469
166 0.9721534653465347 0.08828671328671328 0.03094059405940594 0.06293706293706294
27 0.1844059405940594 0.24082167832167833 0.0594059405940594 0.06381118881118882
108 0.33353960396039606 0.23339160839160839 0.03094059405940594 0.07517482517482517
141 0.7797029702970297 0.22727272727272727 0.03712871287128713 0.09265734265734266
140 0.8991336633663366 0.23033216783216784 0.038366336633663366 0.08479020979020979
27 0.18316831683168316 0.6844405594405595 0.06188118811881188 0.06293706293706294
18 0.4832920792079208 0.673951048951049 0.04331683168316832 0.017482517482517484
18 0.9146039603960396 0.673951048951049 0.04455445544554455 0.017482517482517484
26 0.18502475247524752 0.8531468531468531 0.055693069306930694 0.10839160839160839
171 0.3347772277227723 0.8417832167832168 0.03341584158415842 0.09090909090909091
168 0.3966584158415842 0.8522727272727273 0.03094059405940594 0.06993006993006994
166 0.4591584158415842 0.8553321678321678 0.03217821782178218 0.06381118881118882
168 0.5241336633663366 0.8518356643356644 0.04331683168316832 0.06905594405594405
141 0.5965346534653465 0.8409090909090909 0.04702970297029703 0.09265734265734266
172 0.745049504950495 0.8448426573426573 0.03712871287128713 0.11276223776223776
168 0.8056930693069307 0.8597027972027972 0.03217821782178218 0.08479020979020979
163 0.8675742574257426 0.8623251748251748 0.03217821782178218 0.0777972027972028
168 0.9405940594059407 0.8597027972027972 0.03217821782178218 0.08479020979020979
