12 0.14624808575803983 0.354978354978355 0.022970903522205207 0.07575757575757576
12 0.14548238897396631 0.6493506493506493 0.021439509954058193 0.07142857142857142
12 0.1447166921898928 0.9464285714285714 0.022970903522205207 0.07683982683982683
103 0.33078101071975496 0.08441558441558442 0.030627871362940276 0.0735930735930736
35 0.19601837672281777 0.34415584415584416 0.07350689127105667 0.09523809523809523
15 0.2626339969372129 0.3371212121212121 0.03828483920367535 0.05519480519480519
160 0.33614088820826954 0.33116883116883117 0.05053598774885146 0.13852813852813853
135 0.5842266462480857 0.32846320346320346 0.03215926493108729 0.1331168831168831
38 0.19448698315467075 0.6596320346320347 0.07350689127105667 0.09632034632034632
15 0.2618683001531394 0.6325757575757576 0.03981623277182236 0.05519480519480519
23 0.5007656967840736 0.6482683982683982 0.033690658499234305 0.06493506493506493
22 0.5849923430321593 0.6574675324675324 0.033690658499234305 0.050865800865800864
21 0.9226646248085758 0.6488095238095238 0.03522205206738132 0.03571428571428571
15 0.2626339969372129 0.954004329004329 0.03522205206738132 0.05303030303030303
23 0.5 0.9437229437229437 0.03522205206738132 0.06493506493506493
21 0.9211332312404288 0.9458874458874459 0.03828483920367535 0.03896103896103896
211 0.9203675344563553 0.33170995670995673 0.030627871362940276 0.1396103896103896
24 0.43644716692189894 0.6563852813852814 0.033690658499234305 0.08116883116883117
24 0.43644716692189894 0.9518398268398268 0.033690658499234305 0.08116883116883117
24 0.6860643185298622 0.9507575757575758 0.033690658499234305 0.08116883116883117
24 0.8560490045941808 0.9518398268398268 0.033690658499234305 0.08116883116883117
25 0.3889739663093415 0.6471861471861472 0.03981623277182236 0.09740259740259741
25 0.3874425727411945 0.9415584415584416 0.03981623277182236 0.09740259740259741
25 0.6416539050535988 0.9404761904761905 0.03981623277182236 0.09740259740259741
25 0.8101071975497703 0.9437229437229437 0.03981623277182236 0.09740259740259741
241 0.3445635528330781 0.6271645021645021 0.05206738131699847 0.11796536796536797
241 0.3415007656967841 0.9226190476190477 0.05206738131699847 0.11796536796536797
239 0.5911179173047474 0.939935064935065 0.05206738131699847 0.11796536796536797
