12 0.5130168453292496 0.4485930735930736 0.02450229709035222 0.07251082251082251
12 0.8568147013782542 0.4512987012987013 0.022970903522205207 0.07142857142857142
12 0.07886676875957122 0.6661255411255411 0.022970903522205207 0.07251082251082251
12 0.8568147013782542 0.6666666666666666 0.022970903522205207 0.0735930735930736
12 0.46018376722817766 0.6726190476190477 0.022970903522205207 0.06168831168831169
12 0.46018376722817766 0.8225108225108225 0.026033690658499236 0.0670995670995671
12 0.07886676875957122 0.8257575757575758 0.026033690658499236 0.07142857142857142
12 0.8568147013782542 0.8273809523809523 0.022970903522205207 0.07251082251082251
12 0.21669218989280245 0.2895021645021645 0.02909647779479326 0.07467532467532467
12 0.21592649310872894 0.45075757575757575 0.02756508422664625 0.07251082251082251
12 0.5130168453292496 0.2905844155844156 0.02756508422664625 0.07251082251082251
12 0.8545176110260337 0.2895021645021645 0.02450229709035222 0.07251082251082251
135 0.036753445635528334 0.2976190476190476 0.03981623277182236 0.09307359307359307
135 0.16998468606431855 0.2987012987012987 0.03981623277182236 0.09523809523809523
135 0.33537519142419603 0.2987012987012987 0.03981623277182236 0.09523809523809523
135 0.46937212863705974 0.29924242424242425 0.04134762633996937 0.09415584415584416
137 0.5551301684532925 0.2911255411255411 0.03522205206738132 0.07575757575757576
17 0.5926493108728944 0.26406926406926406 0.02756508422664625 0.08225108225108226
137 0.6225114854517612 0.29004329004329005 0.0444104134762634 0.07575757575757576
135 0.6791730474732006 0.29924242424242425 0.04134762633996937 0.09415584415584416
135 0.8124042879019908 0.2976190476190476 0.03828483920367535 0.09307359307359307
16 0.4862174578866769 0.6109307359307359 0.02909647779479326 0.06601731601731602
139 0.5252679938744258 0.6585497835497836 0.036753445635528334 0.09415584415584416
138 0.5773353751914242 0.6617965367965368 0.04900459418070444 0.0854978354978355
137 0.6416539050535988 0.6715367965367965 0.036753445635528334 0.0854978354978355
135 0.6929555895865238 0.6758658008658008 0.04747320061255743 0.09632034632034632
21 0.7549770290964778 0.6661255411255411 0.03981623277182236 0.03787878787878788
21 0.8093415007656968 0.6655844155844156 0.03828483920367535 0.0367965367965368
16 0.23660030627871365 0.9772727272727273 0.02909647779479326 0.045454545454545456
