13 0.8506891271056662 0.17261904761904762 0.03215926493108729 0.07251082251082251
13 0.8499234303215927 0.5665584415584416 0.033690658499234305 0.07467532467532467
19 0.0880551301684533 0.17045454545454544 0.05053598774885146 0.020562770562770564
21 0.34839203675344566 0.17532467532467533 0.03522205206738132 0.0367965367965368
133 0.4180704441041348 0.1645021645021645 0.04900459418070444 0.09523809523809523
133 0.4762633996937213 0.1645021645021645 0.03981623277182236 0.09523809523809523
21 0.5382848392036753 0.17424242424242425 0.03522205206738132 0.0367965367965368
21 0.601071975497703 0.17424242424242425 0.03522205206738132 0.0367965367965368
133 0.6715160796324656 0.16504329004329005 0.04747320061255743 0.09415584415584416
133 0.7297090352220521 0.1645021645021645 0.03828483920367535 0.09523809523809523
21 0.7932618683001532 0.1747835497835498 0.036753445635528334 0.03787878787878788
135 0.020673813169984685 0.38257575757575757 0.03828483920367535 0.09199134199134198
105 0.08499234303215927 0.3782467532467532 0.03828483920367535 0.0854978354978355
104 0.18070444104134764 0.38365800865800864 0.03981623277182236 0.09415584415584416
136 0.34839203675344566 0.3782467532467532 0.04134762633996937 0.08333333333333333
21 0.4127105666156202 0.37554112554112556 0.03522205206738132 0.0367965367965368
21 0.4747320061255743 0.375 0.033690658499234305 0.03571428571428571
135 0.5382848392036753 0.38257575757575757 0.03828483920367535 0.09199134199134198
136 0.6018376722817764 0.3782467532467532 0.03981623277182236 0.08333333333333333
21 0.666156202143951 0.375 0.033690658499234305 0.03787878787878788
21 0.7281776416539051 0.37554112554112556 0.03522205206738132 0.0367965367965368
135 0.7917304747320062 0.38257575757575757 0.03981623277182236 0.09415584415584416
19 0.0888208269525268 0.566017316017316 0.04900459418070444 0.021645021645021644
108 0.34762633996937214 0.5606060606060606 0.03981623277182236 0.09523809523809523
141 0.4747320061255743 0.5508658008658008 0.042879019908116385 0.11471861471861472
107 0.5382848392036753 0.564935064935065 0.03828483920367535 0.08658008658008658
141 0.664624808575804 0.5514069264069265 0.042879019908116385 0.11580086580086581
137 0.7917304747320062 0.5698051948051948 0.03981623277182236 0.07683982683982683
19 0.0880551301684533 0.7613636363636364 0.053598774885145486 0.022727272727272728
101 0.3514548238897397 0.7608225108225108 0.03828483920367535 0.08658008658008658
20 0.46937212863705974 0.7608225108225108 0.03215926493108729 0.05844155844155844
20 0.5964777947932619 0.7608225108225108 0.03215926493108729 0.05844155844155844
129 0.7335375191424196 0.7727272727272727 0.04900459418070444 0.09523809523809523
129 0.7932618683001532 0.7732683982683982 0.03981623277182236 0.09632034632034632
