12 0.82312404287902 0.1737012987012987 0.022970903522205207 0.07034632034632035
12 0.14548238897396631 0.17424242424242425 0.021439509954058193 0.06926406926406926
12 0.14624808575803983 0.36417748917748916 0.022970903522205207 0.07034632034632035
12 0.8238897396630934 0.3647186147186147 0.02756508422664625 0.06926406926406926
12 0.8223583460949464 0.5384199134199135 0.02756508422664625 0.07034632034632035
12 0.14624808575803983 0.5395021645021645 0.022970903522205207 0.07034632034632035
12 0.14548238897396631 0.9372294372294372 0.021439509954058193 0.06926406926406926
12 0.9272588055130169 0.9458874458874459 0.01990811638591118 0.05627705627705628
27 0.18989280245022971 0.1737012987012987 0.07963246554364473 0.07900432900432901
15 0.2626339969372129 0.15800865800865802 0.03522205206738132 0.05411255411255411
18 0.5474732006125574 0.16071428571428573 0.05053598774885146 0.020562770562770564
19 0.8721286370597244 0.170995670995671 0.05053598774885146 0.021645021645021644
26 0.19678407350689128 0.3647186147186147 0.07197549770290965 0.11255411255411256
15 0.26339969372128635 0.32846320346320346 0.02756508422664625 0.048701298701298704
17 0.31929555895865236 0.3273809523809524 0.026033690658499236 0.05303030303030303
107 0.3545176110260337 0.3593073593073593 0.03522205206738132 0.08658008658008658
78 0.48085758039816234 0.36363636363636365 0.042879019908116385 0.07575757575757576
105 0.72052067381317 0.36742424242424243 0.03215926493108729 0.0854978354978355
105 0.8644716692189893 0.36688311688311687 0.03215926493108729 0.08441558441558442
135 0.9532924961715161 0.37337662337662336 0.03215926493108729 0.09523809523809523
27 0.19218989280245025 0.538961038961039 0.07197549770290965 0.07792207792207792
15 0.2626339969372129 0.5216450216450217 0.03215926493108729 0.049783549783549784
126 0.35834609494640124 0.558982683982684 0.04900459418070444 0.12229437229437229
133 0.4196018376722818 0.5340909090909091 0.033690658499234305 0.08766233766233766
134 0.48009188361408883 0.5292207792207793 0.03522205206738132 0.09740259740259741
135 0.5344563552833078 0.5254329004329005 0.033690658499234305 0.10714285714285714
17 0.5742725880551302 0.5205627705627706 0.02450229709035222 0.05194805194805195
136 0.6056661562021439 0.5454545454545454 0.03215926493108729 0.08658008658008658
135 0.6638591117917305 0.5427489177489178 0.03215926493108729 0.08333333333333333
136 0.72052067381317 0.5422077922077922 0.03215926493108729 0.08225108225108226
137 0.7733537519142419 0.5411255411255411 0.042879019908116385 0.08008658008658008
107 0.8652373660030628 0.5351731601731602 0.033690658499234305 0.08333333333333333
104 0.9540581929555896 0.5487012987012987 0.033690658499234305 0.09523809523809523
27 0.19142419601837674 0.9388528138528138 0.07350689127105667 0.07683982683982683
15 0.26416539050535986 0.920995670995671 0.03522205206738132 0.05194805194805195
107 0.3499234303215927 0.933982683982684 0.03522205206738132 0.08441558441558442
103 0.4992343032159265 0.9507575757575758 0.033690658499234305 0.09848484848484848
103 0.6493108728943339 0.9502164502164502 0.033690658499234305 0.09956709956709957
17 0.7664624808575804 0.9193722943722944 0.026033690658499236 0.05303030303030303
105 0.7978560490045942 0.9437229437229437 0.030627871362940276 0.08658008658008658
105 0.9762633996937213 0.9415584415584416 0.03522205206738132 0.08441558441558442
