12 0.8560490045941808 0.20292207792207792 0.02450229709035222 0.07034632034632035
12 0.8568147013782542 0.3977272727272727 0.022970903522205207 0.07251082251082251
12 0.8568147013782542 0.5925324675324676 0.01990811638591118 0.07467532467532467
12 0.8560490045941808 0.7878787878787878 0.021439509954058193 0.0735930735930736
21 0.29326186830015316 0.20454545454545456 0.03828483920367535 0.03896103896103896
102 0.3667687595712098 0.19480519480519481 0.03828483920367535 0.09090909090909091
21 0.5076569678407351 0.20454545454545456 0.03522205206738132 0.0367965367965368
19 0.5849923430321593 0.19913419913419914 0.045941807044410414 0.01948051948051948
104 0.06278713629402757 0.4069264069264069 0.03981623277182236 0.09523809523809523
136 0.29249617151607965 0.400974025974026 0.03981623277182236 0.08333333333333333
21 0.3660030627871363 0.39826839826839827 0.033690658499234305 0.0367965367965368
21 0.43644716692189894 0.39826839826839827 0.033690658499234305 0.0367965367965368
135 0.5068912710566615 0.4053030303030303 0.03981623277182236 0.09199134199134198
141 0.5857580398162328 0.3782467532467532 0.04134762633996937 0.11363636363636363
141 0.6577335375191424 0.37932900432900435 0.0444104134762634 0.11363636363636363
141 0.7281776416539051 0.37932900432900435 0.0444104134762634 0.11363636363636363
140 0.7955589586523737 0.3847402597402597 0.053598774885145486 0.10281385281385282
138 0.06202143950995406 0.5887445887445888 0.03828483920367535 0.08658008658008658
17 0.11332312404287903 0.5557359307359307 0.02450229709035222 0.05735930735930736
138 0.14088820826952528 0.5887445887445888 0.045941807044410414 0.08658008658008658
136 0.29173047473200614 0.5946969696969697 0.03828483920367535 0.08116883116883117
141 0.35834609494640124 0.5741341991341992 0.0551301684532925 0.11363636363636363
21 0.43721286370597245 0.5930735930735931 0.03522205206738132 0.0367965367965368
133 0.5183767228177641 0.5844155844155844 0.05972434915773354 0.09307359307359307
134 0.5842266462480857 0.6022727272727273 0.03828483920367535 0.09632034632034632
135 0.655436447166922 0.599025974025974 0.03981623277182236 0.09199134199134198
136 0.7266462480857581 0.5974025974025974 0.03828483920367535 0.08658008658008658
137 0.7932618683001532 0.5941558441558441 0.04900459418070444 0.08225108225108226
17 0.02909647779479326 0.8138528138528138 0.02756508422664625 0.05844155844155844
100 0.06584992343032159 0.7873376623376623 0.036753445635528334 0.07683982683982683
101 0.2947932618683002 0.7835497835497836 0.04134762633996937 0.08658008658008658
20 0.4310872894333844 0.7840909090909091 0.03215926493108729 0.05952380952380952
20 0.5788667687595712 0.7840909090909091 0.033690658499234305 0.05952380952380952
128 0.7320061255742726 0.8003246753246753 0.0551301684532925 0.10281385281385282
128 0.7993874425727412 0.8003246753246753 0.045941807044410414 0.10281385281385282
