12 0.7233910891089109 0.46634615384615385 0.023514851485148515 0.05856643356643357
12 0.14418316831683167 0.46722027972027974 0.02103960396039604 0.05856643356643357
2 0.2506188118811881 0.6158216783216783 0.04331683168316832 0.062062937062937064
12 0.14603960396039603 0.6381118881118881 0.019801980198019802 0.06118881118881119
12 0.7233910891089109 0.6376748251748252 0.023514851485148515 0.05856643356643357
2 0.25123762376237624 0.7854020979020979 0.04207920792079208 0.06381118881118882
12 0.7227722772277227 0.7888986013986014 0.022277227722772276 0.05856643356643357
12 0.14665841584158415 0.7902097902097902 0.018564356435643563 0.05944055944055944
2 0.25123762376237624 0.4611013986013986 0.04207920792079208 0.05856643356643357
2 0.24938118811881188 0.0236013986013986 0.04084158415841584 0.045454545454545456
27 0.18502475247524752 0.46722027972027974 0.06064356435643564 0.06381118881118882
18 0.49566831683168316 0.4554195804195804 0.04331683168316832 0.017482517482517484
18 0.9647277227722773 0.4562937062937063 0.04331683168316832 0.017482517482517484
26 0.18626237623762376 0.6354895104895105 0.05816831683168317 0.11188811188811189
139 0.3341584158415842 0.6298076923076923 0.034653465346534656 0.07604895104895106
107 0.46782178217821785 0.6346153846153846 0.03217821782178218 0.06993006993006994
168 0.843440594059406 0.6420454545454546 0.03094059405940594 0.08479020979020979
27 0.18502475247524752 0.7884615384615384 0.06064356435643564 0.06118881118881119
133 0.33910891089108913 0.7770979020979021 0.04455445544554455 0.08741258741258741
136 0.46782178217821785 0.777534965034965 0.034653465346534656 0.08828671328671328
129 0.5983910891089109 0.784527972027972 0.038366336633663366 0.10227272727272728
101 0.7704207920792079 0.7867132867132867 0.03341584158415842 0.06993006993006994
