12 0.5826952526799387 0.1266233766233766 0.026033690658499236 0.06926406926406926
12 0.5826952526799387 0.3024891774891775 0.022970903522205207 0.07034632034632035
12 0.546707503828484 0.7012987012987013 0.02450229709035222 0.06926406926406926
12 0.5474732006125574 0.8906926406926406 0.026033690658499236 0.07142857142857142
101 0.12633996937212863 0.12229437229437229 0.03522205206738132 0.08658008658008658
101 0.2879019908116386 0.12121212121212122 0.033690658499234305 0.08658008658008658
103 0.44869831546707506 0.1396103896103896 0.033690658499234305 0.1038961038961039
76 0.6355283307810108 0.13528138528138528 0.03981623277182236 0.09307359307359307
20 0.939509954058193 0.11904761904761904 0.03215926493108729 0.05194805194805195
134 0.04977029096477795 0.31222943722943725 0.03215926493108729 0.09415584415584416
135 0.12327718223583461 0.31006493506493504 0.03215926493108729 0.08982683982683982
17 0.17993874425727413 0.2846320346320346 0.026033690658499236 0.05194805194805195
136 0.2082695252679939 0.30844155844155846 0.045941807044410414 0.08441558441558442
137 0.28637059724349156 0.30357142857142855 0.033690658499234305 0.07683982683982683
138 0.3736600306278714 0.30194805194805197 0.033690658499234305 0.08874458874458875
137 0.44793261868300155 0.30627705627705626 0.03215926493108729 0.08225108225108226
136 0.5168453292496171 0.3068181818181818 0.0444104134762634 0.0854978354978355
135 0.6309341500765697 0.3133116883116883 0.033690658499234305 0.09632034632034632
17 0.6868300153139357 0.2840909090909091 0.026033690658499236 0.05303030303030303
136 0.718989280245023 0.31493506493506496 0.03215926493108729 0.09956709956709957
135 0.7924961715160797 0.31493506493506496 0.03215926493108729 0.10173160173160173
134 0.8629402756508423 0.31655844155844154 0.04134762633996937 0.10281385281385282
133 0.9464012251148546 0.29978354978354976 0.042879019908116385 0.08441558441558442
136 0.05742725880551302 0.7034632034632035 0.03215926493108729 0.08008658008658008
137 0.12863705972434916 0.7023809523809523 0.033690658499234305 0.07792207792207792
138 0.19295558958652376 0.698051948051948 0.045941807044410414 0.08658008658008658
139 0.2725880551301685 0.6937229437229437 0.033690658499234305 0.09307359307359307
140 0.3430321592649311 0.6893939393939394 0.036753445635528334 0.10173160173160173
141 0.41500765696784075 0.6845238095238095 0.036753445635528334 0.11147186147186147
142 0.4831546707503829 0.6791125541125541 0.04747320061255743 0.12229437229437229
141 0.5957120980091883 0.6845238095238095 0.036753445635528334 0.11147186147186147
34 0.6546707503828484 0.6964285714285714 0.05972434915773354 0.0854978354978355
140 0.7320061255742726 0.6888528138528138 0.036753445635528334 0.10281385281385282
139 0.8292496171516079 0.6931818181818182 0.03215926493108729 0.09415584415584416
138 0.8935681470137826 0.6985930735930735 0.04747320061255743 0.0854978354978355
137 0.9709035222052068 0.704004329004329 0.030627871362940276 0.08116883116883117
130 0.1339969372128637 0.895021645021645 0.0444104134762634 0.08658008658008658
131 0.20137825421133232 0.8912337662337663 0.03522205206738132 0.07900432900432901
132 0.277947932618683 0.8869047619047619 0.04134762633996937 0.0854978354978355
133 0.3437978560490046 0.8847402597402597 0.03522205206738132 0.08982683982683982
134 0.4180704441041348 0.8820346320346321 0.036753445635528334 0.09307359307359307
135 0.4877488514548239 0.8804112554112554 0.03522205206738132 0.09848484848484848
136 0.5941807044410413 0.8917748917748918 0.033690658499234305 0.08225108225108226
137 0.7320061255742726 0.8933982683982684 0.033690658499234305 0.08333333333333333
136 0.8284839203675345 0.8933982683982684 0.030627871362940276 0.0854978354978355
135 0.8935681470137826 0.8939393939393939 0.0444104134762634 0.08441558441558442
134 0.9762633996937213 0.8809523809523809 0.04134762633996937 0.09740259740259741
