13 0.1753445635528331 0.14502164502164502 0.02909647779479326 0.0735930735930736
12 0.7312404287901991 0.14556277056277056 0.022970903522205207 0.07251082251082251
13 0.1768759571209801 0.3912337662337662 0.03215926493108729 0.07467532467532467
12 0.7304747320061256 0.3912337662337662 0.02450229709035222 0.07467532467532467
13 0.1753445635528331 0.6374458874458875 0.02909647779479326 0.0735930735930736
12 0.7304747320061256 0.637987012987013 0.021439509954058193 0.07251082251082251
17 0.21898928024502298 0.1266233766233766 0.02756508422664625 0.05411255411255411
126 0.4287901990811639 0.16774891774891776 0.05206738131699847 0.11904761904761904
21 0.5053598774885145 0.14502164502164502 0.036753445635528334 0.0367965367965368
130 0.5903522205206738 0.14935064935064934 0.05053598774885146 0.08441558441558442
21 0.664624808575804 0.14556277056277056 0.03981623277182236 0.03571428571428571
126 0.7840735068912711 0.16612554112554112 0.04900459418070444 0.11796536796536797
21 0.8606431852986218 0.14556277056277056 0.036753445635528334 0.03571428571428571
130 0.944104134762634 0.14935064935064934 0.04747320061255743 0.08441558441558442
22 0.03751914241960184 0.39935064935064934 0.03215926493108729 0.047619047619047616
17 0.21898928024502298 0.354978354978355 0.02756508422664625 0.05411255411255411
21 0.4241960183767228 0.39231601731601734 0.036753445635528334 0.03571428571428571
21 0.5819295558958653 0.3912337662337662 0.036753445635528334 0.03571428571428571
21 0.77947932618683 0.3917748917748918 0.036753445635528334 0.03463203463203463
21 0.937978560490046 0.3917748917748918 0.03828483920367535 0.0367965367965368
17 0.21898928024502298 0.6195887445887446 0.02756508422664625 0.05303030303030303
21 0.5045941807044411 0.6385281385281385 0.03828483920367535 0.0367965367965368
130 0.5903522205206738 0.6423160173160173 0.05053598774885146 0.0854978354978355
21 0.664624808575804 0.6385281385281385 0.03981623277182236 0.0367965367965368
126 0.7840735068912711 0.6585497835497836 0.04900459418070444 0.11796536796536797
21 0.8606431852986218 0.637987012987013 0.036753445635528334 0.03571428571428571
130 0.9433384379785605 0.6423160173160173 0.045941807044410414 0.0854978354978355
