12 0.3073270013568521 0.15211132437619962 0.025780189959294434 0.06429942418426103
12 0.8541383989145183 0.15163147792706333 0.023066485753052916 0.061420345489443376
14 0.7829036635006784 0.1276391554702495 0.018995929443690635 0.011516314779270634
14 0.7829036635006784 0.14443378119001918 0.018995929443690635 0.012476007677543186
12 0.3073270013568521 0.30326295585412666 0.023066485753052916 0.06525911708253358
12 0.8541383989145183 0.30374280230326295 0.023066485753052916 0.06238003838771593
14 0.7835820895522387 0.3109404990403071 0.017639077340569877 0.011516314779270634
14 0.7835820895522387 0.3742802303262956 0.014925373134328356 0.011516314779270634
14 0.389416553595658 0.5897312859884837 0.018995929443690635 0.01439539347408829
14 0.6160108548168249 0.6041266794625719 0.013568521031207597 0.012476007677543186
14 0.389416553595658 0.8195777351247601 0.016282225237449117 0.013435700575815739
14 0.6166892808683853 0.8349328214971209 0.014925373134328356 0.011516314779270634
99 0.5854816824966078 0.30710172744721687 0.028493894165535955 0.07677543186180422
160 0.7103120759837177 0.30374280230326295 0.04748982360922659 0.08157389635316699
27 0.019674355495251015 0.5964491362763915 0.036635006784260515 0.06813819577735125
169 0.07530529172320216 0.5897312859884837 0.028493894165535955 0.0854126679462572
167 0.13229308005427406 0.5978886756238003 0.028493894165535955 0.07293666026871401
168 0.18995929443690637 0.5954894433781189 0.029850746268656712 0.07773512476007677
170 0.25373134328358204 0.586852207293666 0.032564450474898234 0.09309021113243762
165 0.30122116689280864 0.5993282149712091 0.035278154681139755 0.07197696737044146
19 0.3683853459972863 0.5609404990403071 0.03934871099050203 0.018234165067178502
165 0.46675712347354137 0.6065259117082533 0.04613297150610583 0.08445297504798464
164 0.5434192672998642 0.5830134357005758 0.04748982360922659 0.09309021113243762
133 0.5915875169606513 0.5849328214971209 0.027137042062415195 0.0892514395393474
26 0.6587516960651288 0.6036468330134357 0.05020352781546811 0.08061420345489444
15 0.773405698778833 0.5662188099808061 0.027137042062415195 0.046065259117082535
161 0.0841248303934871 0.763915547024952 0.04613297150610583 0.06717850287907869
160 0.1377204884667571 0.7682341650671785 0.03934871099050203 0.07581573896353166
161 0.19063772048846675 0.7643953934740882 0.031207598371777473 0.07005758157389635
163 0.25508819538670285 0.7634357005758157 0.029850746268656712 0.06813819577735125
158 0.30597014925373134 0.7749520153550864 0.031207598371777473 0.0911708253358925
127 0.36702849389416553 0.7797504798464491 0.04206241519674355 0.09884836852207293
158 0.47557666214382627 0.7759117082533589 0.033921302578018994 0.0911708253358925
157 0.5413839891451832 0.7787907869481766 0.04341926729986431 0.09884836852207293
156 0.5909090909090908 0.783109404990403 0.036635006784260515 0.10940499040307101
26 0.6587516960651288 0.7706333973128598 0.05020352781546811 0.08061420345489444
15 0.7720488466757123 0.732725527831094 0.027137042062415195 0.04510556621880998
134 0.36227951153324284 0.609404990403071 0.024423337856173677 0.08829174664107485
