12 0.2079207920792079 0.46678321678321677 0.022277227722772276 0.057692307692307696
12 0.6398514851485149 0.46722027972027974 0.022277227722772276 0.05856643356643357
14 0.7141089108910891 0.5721153846153846 0.01485148514851485 0.011363636363636364
14 0.7153465346534653 0.5865384615384616 0.017326732673267328 0.012237762237762238
14 0.7147277227722773 0.6013986013986014 0.01608910891089109 0.012237762237762238
12 0.20915841584158415 0.6376748251748252 0.022277227722772276 0.05856643356643357
12 0.6417079207920792 0.6381118881118881 0.02599009900990099 0.05944055944055944
12 0.6410891089108911 0.7897727272727273 0.024752475247524754 0.05856643356643357
12 0.20915841584158415 0.7897727272727273 0.022277227722772276 0.056818181818181816
18 0.4238861386138614 0.45585664335664333 0.04331683168316832 0.016608391608391608
18 0.8638613861386139 0.4562937062937063 0.04455445544554455 0.017482517482517484
139 0.25495049504950495 0.6311188811188811 0.03217821782178218 0.07692307692307693
107 0.3879950495049505 0.6341783216783217 0.03094059405940594 0.07080419580419581
138 0.6881188118811882 0.6346153846153846 0.03217821782178218 0.06818181818181818
