12 0.1447166921898928 0.0762987012987013 0.01990811638591118 0.07467532467532467
12 0.1447166921898928 0.26406926406926406 0.022970903522205207 0.0735930735930736
12 0.1439509954058193 0.6498917748917749 0.021439509954058193 0.07467532467532467
12 0.1447166921898928 0.8371212121212122 0.01990811638591118 0.07467532467532467
27 0.19525267993874426 0.07738095238095238 0.07197549770290965 0.07683982683982683
139 0.3009188361408882 0.06818181818181818 0.03215926493108729 0.09307359307359307
21 0.4617151607963247 0.07683982683982683 0.03522205206738132 0.0367965367965368
139 0.6056661562021439 0.06872294372294373 0.03215926493108729 0.09415584415584416
21 0.7649310872894334 0.0762987012987013 0.03522205206738132 0.03571428571428571
138 0.9088820826952527 0.07251082251082251 0.03522205206738132 0.08441558441558442
34 0.19448698315467075 0.2537878787878788 0.07350689127105667 0.09199134199134198
168 0.3016845329249617 0.2591991341991342 0.033690658499234305 0.0854978354978355
167 0.3759571209800919 0.2624458874458874 0.03215926493108729 0.08116883116883117
170 0.46018376722817766 0.25054112554112556 0.03828483920367535 0.10281385281385282
167 0.5237366003062788 0.26406926406926406 0.042879019908116385 0.08008658008658008
168 0.6049004594180705 0.2597402597402597 0.033690658499234305 0.08658008658008658
167 0.6799387442572742 0.2624458874458874 0.033690658499234305 0.08116883116883117
170 0.7641653905053599 0.25054112554112556 0.03981623277182236 0.10281385281385282
167 0.827718223583461 0.26406926406926406 0.04134762633996937 0.08008658008658008
167 0.9088820826952527 0.26515151515151514 0.03215926493108729 0.08441558441558442
166 0.9839203675344564 0.26515151515151514 0.03215926493108729 0.08225108225108226
27 0.19525267993874426 0.6504329004329005 0.07503828483920368 0.07792207792207792
168 0.30245022970903523 0.6461038961038961 0.03522205206738132 0.08441558441558442
171 0.35911179173047475 0.6314935064935064 0.03828483920367535 0.11147186147186147
168 0.40428790199081166 0.6455627705627706 0.033690658499234305 0.0854978354978355
173 0.45941807044410415 0.6228354978354979 0.042879019908116385 0.12878787878787878
168 0.5068912710566615 0.6455627705627706 0.033690658499234305 0.0854978354978355
171 0.5643185298621746 0.6314935064935064 0.03828483920367535 0.11147186147186147
168 0.6094946401225115 0.6455627705627706 0.033690658499234305 0.0854978354978355
173 0.664624808575804 0.6228354978354979 0.042879019908116385 0.12878787878787878
168 0.7120980091883614 0.6455627705627706 0.033690658499234305 0.0854978354978355
170 0.771822358346095 0.6369047619047619 0.03981623277182236 0.10281385281385282
168 0.8147013782542114 0.6461038961038961 0.033690658499234305 0.08441558441558442
172 0.8690658499234304 0.6287878787878788 0.04747320061255743 0.12121212121212122
168 0.9173047473200613 0.6461038961038961 0.033690658499234305 0.08441558441558442
170 0.9777947932618684 0.6374458874458875 0.04134762633996937 0.10173160173160173
27 0.19448698315467075 0.836038961038961 0.07350689127105667 0.07683982683982683
134 0.3009188361408882 0.849025974025974 0.03215926493108729 0.10064935064935066
21 0.4058192955589587 0.8365800865800865 0.033690658499234305 0.0367965367965368
134 0.5061255742725881 0.849025974025974 0.03215926493108729 0.10064935064935066
21 0.608728943338438 0.8354978354978355 0.03215926493108729 0.03463203463203463
133 0.722052067381317 0.827922077922078 0.05053598774885146 0.09307359307359307
21 0.8147013782542114 0.836038961038961 0.030627871362940276 0.03571428571428571
133 0.9272588055130169 0.827922077922078 0.05053598774885146 0.09307359307359307
