12 0.27213541666666663 0.17208588957055215 0.021701388888888888 0.04110429447852761
14 0.6050347222222222 0.15736196319018406 0.013888888888888888 0.010429447852760737
12 0.2717013888888889 0.2901840490797546 0.01909722222222222 0.04294478527607362
14 0.08680555555555555 0.28588957055214725 0.013888888888888888 0.011042944785276074
12 0.2717013888888889 0.4150306748466258 0.020833333333333332 0.04233128834355829
14 0.171875 0.4110429447852761 0.013888888888888888 0.0098159509202454
12 0.2717013888888889 0.5165644171779141 0.01909722222222222 0.04294478527607362
14 0.08897569444444443 0.5217791411042945 0.013020833333333332 0.011656441717791411
132 0.012152777777777776 0.16809815950920245 0.022569444444444444 0.053987730061349694
133 0.10807291666666666 0.16901840490797548 0.02517361111111111 0.05092024539877301
130 0.19140625 0.17300613496932515 0.02517361111111111 0.053987730061349694
136 0.3038194444444444 0.17423312883435585 0.022569444444444444 0.04785276073619632
135 0.38888888888888884 0.17423312883435585 0.022569444444444444 0.04785276073619632
136 0.47135416666666663 0.17453987730061352 0.029513888888888888 0.04846625766871166
106 0.58203125 0.17239263803680982 0.0234375 0.044171779141104296
106 0.8654513888888888 0.17239263803680982 0.024305555555555552 0.044171779141104296
135 0.06467013888888888 0.298159509202454 0.0234375 0.060122699386503074
135 0.1853298611111111 0.2978527607361963 0.03211805555555555 0.05828220858895706
132 0.390625 0.2883435582822086 0.022569444444444444 0.049079754601226995
163 0.4796006944444444 0.2898773006134969 0.028645833333333332 0.04601226993865031
162 0.5295138888888888 0.2901840490797546 0.024305555555555552 0.04539877300613497
161 0.58203125 0.2901840490797546 0.0234375 0.04539877300613497
162 0.6358506944444444 0.2904907975460123 0.0234375 0.04355828220858896
71 0.685329861111111 0.29294478527607365 0.0234375 0.049693251533742336
165 0.011284722222222222 0.4226993865030675 0.020833333333333332 0.05766871165644172
134 0.06380208333333333 0.42361963190184054 0.021701388888888888 0.05950920245398773
134 0.14279513888888887 0.42361963190184054 0.03211805555555555 0.06073619631901841
136 0.3042534722222222 0.41748466257668715 0.021701388888888888 0.047239263803680986
134 0.38888888888888884 0.4187116564417178 0.022569444444444444 0.049693251533742336
135 0.4756944444444444 0.4199386503067485 0.022569444444444444 0.052147239263803685
133 0.5772569444444444 0.4205521472392638 0.03125 0.054601226993865035
140 0.6840277777777778 0.40858895705521475 0.026041666666666664 0.0588957055214724
170 0.763454861111111 0.40858895705521475 0.033854166666666664 0.060122699386503074
109 0.8224826388888888 0.4088957055214724 0.02517361111111111 0.05950920245398773
161 0.013020833333333332 0.5168711656441718 0.022569444444444444 0.04601226993865031
132 0.06553819444444445 0.5165644171779141 0.021701388888888888 0.04785276073619632
132 0.19140625 0.5153374233128835 0.021701388888888888 0.049079754601226995
132 0.390625 0.5131901840490798 0.020833333333333332 0.052147239263803685
131 0.8641493055555555 0.5101226993865031 0.02690972222222222 0.05950920245398773
135 0.954861111111111 0.5095092024539878 0.022569444444444444 0.05828220858895706
72 0.15842013888888887 0.8628834355828221 0.02517361111111111 0.04478527607361964
113 0.15885416666666666 0.742638036809816 0.03125 0.07791411042944786
