12 0.016845329249617153 0.20562770562770563 0.021439509954058193 0.07142857142857142
14 0.33767228177641656 0.17803030303030304 0.01990811638591118 0.016233766233766232
12 0.8560490045941808 0.2050865800865801 0.02450229709035222 0.07034632034632035
12 0.8560490045941808 0.4166666666666667 0.02450229709035222 0.07142857142857142
12 0.01761102603369066 0.41774891774891776 0.022970903522205207 0.07142857142857142
12 0.016845329249617153 0.7045454545454546 0.021439509954058193 0.07142857142857142
12 0.8552833078101072 0.704004329004329 0.026033690658499236 0.07034632034632035
14 0.33690658499234305 0.12391774891774891 0.018376722817764167 0.0183982683982684
20 0.2947932618683002 0.7012987012987013 0.03215926493108729 0.05844155844155844
20 0.6799387442572742 0.7007575757575758 0.036753445635528334 0.05952380952380952
