12 0.1447166921898928 0.22673160173160173 0.022970903522205207 0.07467532467532467
12 0.9249617151607964 0.22564935064935066 0.02450229709035222 0.07251082251082251
14 0.45865237366003064 0.3760822510822511 0.01990811638591118 0.01406926406926407
12 0.9241960183767228 0.4199134199134199 0.026033690658499236 0.0735930735930736
12 0.14548238897396631 0.4231601731601732 0.02450229709035222 0.07575757575757576
12 0.1447166921898928 0.6163419913419913 0.022970903522205207 0.07467532467532467
12 0.9241960183767228 0.6158008658008658 0.022970903522205207 0.07142857142857142
12 0.9241960183767228 0.8106060606060606 0.026033690658499236 0.07575757575757576
7 0.2894333843797856 0.2077922077922078 0.07350689127105667 0.08441558441558442
0 0.3009188361408882 0.41883116883116883 0.09647779479326188 0.08441558441558442
0 0.3016845329249617 0.6168831168831169 0.09494640122511486 0.08441558441558442
0 0.3001531393568147 0.8079004329004329 0.09494640122511486 0.08333333333333333
26 0.1998468606431853 0.22186147186147187 0.07197549770290965 0.13636363636363635
19 0.4218989280245023 0.2224025974025974 0.04747320061255743 0.020562770562770564
135 0.6163859111791731 0.2353896103896104 0.03828483920367535 0.09415584415584416
136 0.6707503828483921 0.2326839826839827 0.036753445635528334 0.08874458874458875
137 0.7212863705972435 0.22997835497835498 0.045941807044410414 0.08333333333333333
135 0.774885145482389 0.2353896103896104 0.036753445635528334 0.09415584415584416
136 0.8292496171516079 0.23322510822510822 0.03522205206738132 0.08982683982683982
137 0.880551301684533 0.22997835497835498 0.042879019908116385 0.08333333333333333
138 0.9701378254211332 0.2224025974025974 0.03828483920367535 0.0854978354978355
27 0.19678407350689128 0.420995670995671 0.0781010719754977 0.07792207792207792
79 0.4218989280245023 0.4172077922077922 0.03828483920367535 0.08766233766233766
20 0.7710566615620215 0.41774891774891776 0.03215926493108729 0.05844155844155844
19 0.9709035222052068 0.4161255411255411 0.045941807044410414 0.0183982683982684
27 0.19678407350689128 0.6158008658008658 0.0781010719754977 0.07792207792207792
77 0.4218989280245023 0.6195887445887446 0.03828483920367535 0.08333333333333333
141 0.6171516079632465 0.5957792207792207 0.03981623277182236 0.11363636363636363
142 0.6730474732006125 0.5925324675324676 0.04134762633996937 0.12229437229437229
143 0.7228177641653906 0.5887445887445888 0.045941807044410414 0.13203463203463203
141 0.776416539050536 0.5968614718614719 0.03981623277182236 0.11147186147186147
142 0.832312404287902 0.591991341991342 0.04134762633996937 0.12121212121212122
143 0.8828483920367535 0.5882034632034632 0.0444104134762634 0.12878787878787878
27 0.19678407350689128 0.808982683982684 0.0781010719754977 0.07683982683982683
100 0.4218989280245023 0.810064935064935 0.04134762633996937 0.07683982683982683
20 0.5168453292496171 0.8073593073593074 0.03215926493108729 0.05844155844155844
96 0.6171516079632465 0.8273809523809523 0.042879019908116385 0.11363636363636363
17 0.7419601837672282 0.8722943722943723 0.026033690658499236 0.05627705627705628
96 0.7771822358346095 0.8273809523809523 0.04134762633996937 0.11363636363636363
97 0.9686064318529862 0.821969696969697 0.0444104134762634 0.10281385281385282
144 0.9739663093415009 0.5844155844155844 0.05206738131699847 0.1406926406926407
