12 0.08499234303215927 0.15963203463203463 0.022970903522205207 0.07251082251082251
12 0.46937212863705974 0.15963203463203463 0.022970903522205207 0.07251082251082251
12 0.8560490045941808 0.1590909090909091 0.02450229709035222 0.07142857142857142
12 0.8568147013782542 0.40584415584415584 0.022970903522205207 0.0735930735930736
12 0.08422664624808576 0.40584415584415584 0.02450229709035222 0.07142857142857142
12 0.08575803981623277 0.652056277056277 0.02450229709035222 0.07034632034632035
12 0.8568147013782542 0.6531385281385281 0.022970903522205207 0.07251082251082251
12 0.47166921898928027 0.6515151515151515 0.02450229709035222 0.0670995670995671
12 0.8568147013782542 0.8993506493506493 0.022970903522205207 0.0735930735930736
12 0.08499234303215927 0.8982683982683982 0.022970903522205207 0.0670995670995671
70 0.14318529862174578 0.16774891774891776 0.0444104134762634 0.09523809523809523
70 0.5290964777947933 0.16774891774891776 0.0444104134762634 0.09523809523809523
21 0.018376722817764167 0.4069264069264069 0.033690658499234305 0.0367965367965368
133 0.13552833078101073 0.4155844155844156 0.03215926493108729 0.09523809523809523
134 0.19601837672281777 0.4128787878787879 0.030627871362940276 0.08982683982683982
135 0.25880551301684535 0.4101731601731602 0.03981623277182236 0.08441558441558442
102 0.3208269525267994 0.3977272727272727 0.03522205206738132 0.09199134199134198
133 0.5199081163859112 0.4161255411255411 0.03215926493108729 0.09415584415584416
134 0.5811638591117918 0.4128787878787879 0.03215926493108729 0.08982683982683982
135 0.6439509954058193 0.4101731601731602 0.03828483920367535 0.08441558441558442
102 0.7067381316998469 0.3977272727272727 0.03522205206738132 0.09415584415584416
74 0.1424196018376723 0.6439393939393939 0.042879019908116385 0.09307359307359307
74 0.5290964777947933 0.6433982683982684 0.04134762633996937 0.09415584415584416
133 0.13476263399693722 0.9090909090909091 0.033690658499234305 0.09523809523809523
134 0.19601837672281777 0.9053030303030303 0.033690658499234305 0.08982683982683982
135 0.25803981623277183 0.9031385281385281 0.03828483920367535 0.0854978354978355
102 0.3208269525267994 0.8896103896103896 0.03522205206738132 0.09307359307359307
133 0.5206738131699847 0.9090909090909091 0.030627871362940276 0.09523809523809523
134 0.5819295558958653 0.9053030303030303 0.033690658499234305 0.08982683982683982
135 0.6439509954058193 0.9031385281385281 0.03828483920367535 0.0854978354978355
102 0.7075038284839203 0.8896103896103896 0.036753445635528334 0.09523809523809523
