12 0.03139356814701379 0.3555194805194805 0.01990811638591118 0.07467532467532467
12 0.8568147013782542 0.3555194805194805 0.022970903522205207 0.07467532467532467
12 0.8560490045941808 0.5416666666666666 0.02450229709035222 0.07251082251082251
12 0.03215926493108729 0.5449134199134199 0.021439509954058193 0.06818181818181818
12 0.8568147013782542 0.9291125541125541 0.022970903522205207 0.07251082251082251
168 0.07120980091883615 0.3522727272727273 0.03522205206738132 0.0854978354978355
170 0.1309341500765697 0.3430735930735931 0.03828483920367535 0.10173160173160173
169 0.17993874425727413 0.3474025974025974 0.03215926493108729 0.09523809523809523
168 0.22664624808575806 0.3522727272727273 0.042879019908116385 0.0854978354978355
172 0.2886676875957121 0.3344155844155844 0.03828483920367535 0.12121212121212122
170 0.33537519142419603 0.3430735930735931 0.036753445635528334 0.10173160173160173
169 0.3843797856049005 0.3474025974025974 0.030627871362940276 0.09523809523809523
168 0.4318529862174579 0.35173160173160173 0.042879019908116385 0.08441558441558442
135 0.48238897396630936 0.35984848484848486 0.033690658499234305 0.08333333333333333
143 0.5551301684532925 0.3300865800865801 0.053598774885145486 0.12987012987012986
172 0.6401225114854517 0.3344155844155844 0.036753445635528334 0.11904761904761904
173 0.6814701378254212 0.3300865800865801 0.036753445635528334 0.1277056277056277
172 0.7258805513016846 0.33495670995670995 0.036753445635528334 0.11796536796536797
171 0.768759571209801 0.3398268398268398 0.036753445635528334 0.11038961038961038
170 0.8200612557427259 0.3425324675324675 0.0444104134762634 0.10281385281385282
131 0.08116385911179173 0.5422077922077922 0.05206738131699847 0.07575757575757576
21 0.18223583460949463 0.5427489177489178 0.036753445635528334 0.03571428571428571
131 0.2993874425727412 0.5432900432900433 0.053598774885145486 0.07792207792207792
21 0.388208269525268 0.5427489177489178 0.03522205206738132 0.03571428571428571
128 0.4892802450229709 0.5551948051948052 0.056661562021439515 0.10173160173160173
20 0.5597243491577336 0.5346320346320347 0.02909647779479326 0.049783549783549784
128 0.774885145482389 0.5551948051948052 0.05206738131699847 0.10173160173160173
171 0.06049004594180705 0.9215367965367965 0.03522205206738132 0.13095238095238096
172 0.13476263399693722 0.9172077922077922 0.05206738131699847 0.1396103896103896
173 0.22434915773353753 0.9036796536796536 0.03828483920367535 0.12987012987012986
171 0.2986217457886677 0.9117965367965368 0.036753445635528334 0.11363636363636363
169 0.3721286370597244 0.9204545454545454 0.030627871362940276 0.09415584415584416
168 0.4502297090352221 0.9247835497835498 0.042879019908116385 0.08333333333333333
167 0.5375191424196019 0.9285714285714286 0.033690658499234305 0.08008658008658008
173 0.6263399693721287 0.9031385281385281 0.036753445635528334 0.12878787878787878
172 0.7098009188361409 0.9074675324675324 0.03828483920367535 0.12012987012987013
171 0.7848392036753445 0.9128787878787878 0.0444104134762634 0.11363636363636363
