12 0.94104134762634 0.06655844155844155 0.026033690658499236 0.07034632034632035
12 0.14624808575803983 0.06764069264069264 0.01990811638591118 0.06818181818181818
12 0.1439509954058193 0.46320346320346323 0.021439509954058193 0.06926406926406926
12 0.9287901990811639 0.4642857142857143 0.026033690658499236 0.07142857142857142
12 0.14624808575803983 0.6542207792207793 0.022970903522205207 0.07467532467532467
12 0.9310872894333844 0.6542207792207793 0.02450229709035222 0.07251082251082251
12 0.14548238897396631 0.8300865800865801 0.021439509954058193 0.07575757575757576
12 0.9295558958652375 0.8295454545454546 0.02450229709035222 0.07251082251082251
27 0.19372128637059724 0.06764069264069264 0.07197549770290965 0.07900432900432901
15 0.26339969372128635 0.049783549783549784 0.033690658499234305 0.05194805194805195
96 0.3514548238897397 0.08333333333333333 0.04134762633996937 0.11255411255411256
101 0.4946401225114855 0.06277056277056277 0.033690658499234305 0.08658008658008658
95 0.6477794793261868 0.08712121212121213 0.03981623277182236 0.12229437229437229
102 0.7917304747320062 0.057900432900432904 0.033690658499234305 0.09415584415584416
34 0.19448698315467075 0.45616883116883117 0.07044410413476264 0.09632034632034632
15 0.2626339969372129 0.4837662337662338 0.02909647779479326 0.049783549783549784
141 0.3522205206738132 0.44642857142857145 0.036753445635528334 0.11363636363636363
140 0.4241960183767228 0.4523809523809524 0.036753445635528334 0.10173160173160173
139 0.496937212863706 0.4577922077922078 0.03215926493108729 0.09307359307359307
140 0.5666156202143952 0.45292207792207795 0.045941807044410414 0.10281385281385282
141 0.6454823889739664 0.44805194805194803 0.03522205206738132 0.11255411255411256
140 0.718989280245023 0.45292207792207795 0.03522205206738132 0.10281385281385282
139 0.7924961715160797 0.45725108225108224 0.03215926493108729 0.09415584415584416
138 0.8568147013782542 0.4615800865800866 0.0444104134762634 0.0854978354978355
139 0.9777947932618684 0.45670995670995673 0.03522205206738132 0.09307359307359307
26 0.19525267993874426 0.6558441558441559 0.06891271056661562 0.11255411255411256
15 0.26339969372128635 0.6168831168831169 0.030627871362940276 0.049783549783549784
131 0.35758039816232773 0.6547619047619048 0.0444104134762634 0.07792207792207792
130 0.42572741194486985 0.6574675324675324 0.036753445635528334 0.0854978354978355
129 0.4977029096477795 0.6612554112554112 0.036753445635528334 0.09523809523809523
130 0.5727411944869831 0.658008658008658 0.036753445635528334 0.08658008658008658
131 0.6500765696784073 0.652056277056277 0.0444104134762634 0.08333333333333333
132 0.72052067381317 0.652056277056277 0.03522205206738132 0.08116883116883117
133 0.7932618683001532 0.652056277056277 0.033690658499234305 0.08116883116883117
131 0.8637059724349158 0.6525974025974026 0.033690658499234305 0.08225108225108226
105 0.9777947932618684 0.658008658008658 0.03522205206738132 0.08441558441558442
27 0.19295558958652376 0.8311688311688312 0.07350689127105667 0.07792207792207792
15 0.2626339969372129 0.8133116883116883 0.03215926493108729 0.05303030303030303
104 0.3499234303215927 0.8382034632034632 0.03215926493108729 0.09415584415584416
100 0.4992343032159265 0.8300865800865801 0.033690658499234305 0.07575757575757576
100 0.6454823889739664 0.8300865800865801 0.03522205206738132 0.07575757575757576
133 0.7986217457886677 0.8268398268398268 0.04134762633996937 0.08441558441558442
132 0.8683001531393568 0.8284632034632035 0.033690658499234305 0.08116883116883117
102 0.9785604900459418 0.8203463203463204 0.033690658499234305 0.09307359307359307
