12 0.1439509954058193 0.1737012987012987 0.021439509954058193 0.07251082251082251
12 0.6094946401225115 0.1737012987012987 0.02756508422664625 0.07251082251082251
12 0.9555895865237366 0.1737012987012987 0.02450229709035222 0.07251082251082251
12 0.1439509954058193 0.4042207792207792 0.02450229709035222 0.07467532467532467
12 0.9548238897396631 0.4036796536796537 0.026033690658499236 0.0735930735930736
12 0.6094946401225115 0.40313852813852813 0.02450229709035222 0.07034632034632035
12 0.14548238897396631 0.6363636363636364 0.021439509954058193 0.07792207792207792
12 0.608728943338438 0.6352813852813853 0.022970903522205207 0.0735930735930736
12 0.9548238897396631 0.6347402597402597 0.022970903522205207 0.07251082251082251
12 0.1447166921898928 0.8344155844155844 0.01990811638591118 0.0735930735930736
12 0.608728943338438 0.8344155844155844 0.022970903522205207 0.0735930735930736
12 0.9540581929555896 0.8344155844155844 0.02450229709035222 0.0735930735930736
26 0.2006125574272588 0.17045454545454544 0.07350689127105667 0.1396103896103896
106 0.3070444104134763 0.1737012987012987 0.03828483920367535 0.07683982683982683
76 0.3859111791730475 0.18235930735930736 0.03981623277182236 0.09199134199134198
104 0.5398162327718223 0.18181818181818182 0.03828483920367535 0.09307359307359307
105 0.6477794793261868 0.17803030303030304 0.036753445635528334 0.0854978354978355
103 0.7274119448698316 0.18452380952380953 0.03981623277182236 0.09848484848484848
74 0.8016845329249618 0.1645021645021645 0.0444104134762634 0.09523809523809523
26 0.20137825421133232 0.4025974025974026 0.0781010719754977 0.14285714285714285
104 0.3070444104134763 0.4128787878787879 0.03522205206738132 0.09415584415584416
102 0.38667687595712097 0.395021645021645 0.03828483920367535 0.09090909090909091
99 0.4624808575803982 0.4096320346320346 0.03981623277182236 0.08766233766233766
102 0.5421133231240429 0.3944805194805195 0.03981623277182236 0.09199134199134198
103 0.6493108728943339 0.4155844155844156 0.03981623277182236 0.09956709956709957
101 0.7266462480857581 0.39935064935064934 0.04134762633996937 0.08658008658008658
99 0.8001531393568148 0.4090909090909091 0.04134762633996937 0.08874458874458875
100 0.8813169984686064 0.40313852813852813 0.04134762633996937 0.07683982683982683
26 0.20137825421133232 0.6304112554112554 0.0781010719754977 0.1396103896103896
97 0.30857580398162326 0.6482683982683982 0.0444104134762634 0.1038961038961039
100 0.385145482388974 0.6347402597402597 0.04134762633996937 0.07683982683982683
99 0.4624808575803982 0.6401515151515151 0.03981623277182236 0.08766233766233766
100 0.5413476263399694 0.6336580086580087 0.04134762633996937 0.07683982683982683
18 0.781010719754977 0.6217532467532467 0.045941807044410414 0.0183982683982684
27 0.1975497702909648 0.8327922077922078 0.07963246554364473 0.07467532467532467
18 0.4234303215926493 0.8208874458874459 0.04747320061255743 0.020562770562770564
18 0.7802450229709036 0.8208874458874459 0.0444104134762634 0.0183982683982684
