12 0.1439509954058193 0.17316017316017315 0.02450229709035222 0.0735930735930736
12 0.1439509954058193 0.4686147186147186 0.021439509954058193 0.07575757575757576
12 0.1447166921898928 0.7640692640692641 0.01990811638591118 0.07142857142857142
33 0.19295558958652376 0.19101731601731603 0.07350689127105667 0.11363636363636363
15 0.26339969372128635 0.1829004329004329 0.030627871362940276 0.05411255411255411
27 0.19295558958652376 0.46915584415584416 0.07350689127105667 0.07683982683982683
15 0.2626339969372129 0.4523809523809524 0.03522205206738132 0.05411255411255411
57 0.3437978560490046 0.4485930735930736 0.05972434915773354 0.12229437229437229
35 0.19448698315467075 0.7537878787878788 0.07350689127105667 0.10064935064935066
15 0.2626339969372129 0.7478354978354979 0.03828483920367535 0.05411255411255411
23 0.5 0.7635281385281385 0.03522205206738132 0.06601731601731602
22 0.5849923430321593 0.7716450216450217 0.033690658499234305 0.049783549783549784
24 0.43568147013782543 0.7689393939393939 0.03522205206738132 0.08116883116883117
25 0.38667687595712097 0.7619047619047619 0.03522205206738132 0.09523809523809523
25 0.9777947932618684 0.7624458874458875 0.03522205206738132 0.09848484848484848
240 0.9318529862174579 0.7505411255411255 0.05053598774885146 0.12012987012987013
252 0.3300153139356815 0.7418831168831169 0.03828483920367535 0.12012987012987013
