12 0.14330637915543576 0.017777777777777778 0.015274034141958671 0.03428571428571429
12 0.8014375561545374 0.017777777777777778 0.017969451931716084 0.03428571428571429
12 0.14375561545372867 0.1349206349206349 0.014375561545372867 0.04253968253968254
12 0.8009883198562444 0.1346031746031746 0.017070979335130278 0.0419047619047619
14 0.3423180592991914 0.16031746031746033 0.01078167115902965 0.006984126984126984
12 0.14375561545372867 0.25523809523809526 0.014375561545372867 0.04317460317460317
12 0.8014375561545374 0.25523809523809526 0.017969451931716084 0.0419047619047619
14 0.3432165318957772 0.23936507936507936 0.01078167115902965 0.008888888888888889
12 0.14375561545372867 0.37587301587301586 0.014375561545372867 0.04317460317460317
12 0.8009883198562444 0.3761904761904762 0.017070979335130278 0.04253968253968254
14 0.3427672955974843 0.40190476190476193 0.009883198562443846 0.007619047619047619
14 0.3423180592991914 0.46 0.008984725965858042 0.006984126984126984
12 0.14375561545372867 0.49682539682539684 0.014375561545372867 0.04253968253968254
12 0.8018867924528302 0.4965079365079365 0.017070979335130278 0.0419047619047619
14 0.3423180592991914 0.5806349206349206 0.01078167115902965 0.008253968253968253
12 0.14375561545372867 0.6177777777777778 0.014375561545372867 0.04317460317460317
12 0.8018867924528302 0.6174603174603175 0.017070979335130278 0.04253968253968254
12 0.8014375561545374 0.7380952380952381 0.017969451931716084 0.04253968253968254
12 0.14285714285714288 0.7387301587301587 0.016172506738544475 0.04253968253968254
14 0.3423180592991914 0.7958730158730158 0.01078167115902965 0.006984126984126984
14 0.5831087151841869 0.7961904761904762 0.01078167115902965 0.007619047619047619
14 0.8472596585804133 0.8066666666666666 0.01078167115902965 0.008253968253968253
12 0.14375561545372867 0.8673015873015874 0.014375561545372867 0.04317460317460317
12 0.8009883198562444 0.8673015873015874 0.017070979335130278 0.0419047619047619
12 0.14465408805031446 0.9768253968253968 0.012578616352201259 0.04380952380952381
12 0.8005390835579516 0.9761904761904762 0.019766397124887692 0.04253968253968254
26 0.17475292003593892 0.1346031746031746 0.04043126684636119 0.07492063492063492
26 0.1729559748427673 0.25587301587301586 0.03863432165318958 0.07238095238095238
26 0.17430368373764601 0.3765079365079365 0.03773584905660378 0.07873015873015873
26 0.1734052111410602 0.4984126984126984 0.03773584905660378 0.07365079365079365
26 0.1738544474393531 0.6190476190476191 0.04043126684636119 0.07492063492063492
26 0.1729559748427673 0.8676190476190476 0.03683737646001797 0.07301587301587302
27 0.1729559748427673 0.7320634920634921 0.04402515723270441 0.036825396825396824
27 0.1729559748427673 0.9726984126984127 0.04402515723270441 0.0380952380952381
18 0.5440251572327044 0.9698412698412698 0.027852650494159928 0.013333333333333332
160 0.5700808625336927 0.8593650793650793 0.03504043126684636 0.07174603174603175
162 0.610512129380054 0.8565079365079366 0.02425876010781671 0.06603174603174602
79 0.8301886792452831 0.6152380952380953 0.02336028751123091 0.05206349206349206
79 0.8292902066486972 0.4946031746031746 0.02336028751123091 0.049523809523809526
68 0.8283917340521114 0.38634920634920633 0.026954177897574125 0.06666666666666667
68 0.8292902066486972 0.14412698412698413 0.025157232704402517 0.06603174603174602
75 0.8292902066486972 0.2619047619047619 0.02336028751123091 0.057777777777777775
98 0.3247978436657682 0.1384126984126984 0.022461814914645106 0.058412698412698416
105 0.3252470799640611 0.2571428571428571 0.0215633423180593 0.05206349206349206
98 0.3243486073674753 0.3796825396825397 0.025157232704402517 0.05714285714285714
109 0.3247978436657682 0.4882539682539683 0.027852650494159928 0.06095238095238095
109 0.3243486073674753 0.6088888888888889 0.025157232704402517 0.06095238095238095
128 0.5691823899371069 0.1419047619047619 0.03504043126684636 0.061587301587301586
135 0.5651392632524709 0.2606349206349206 0.0215633423180593 0.057777777777777775
128 0.5673854447439354 0.3834920634920635 0.03683737646001797 0.06095238095238095
139 0.5651392632524709 0.4911111111111111 0.0215633423180593 0.05523809523809524
139 0.5651392632524709 0.6126984126984127 0.02336028751123091 0.05587301587301587
159 0.6540880503144655 0.14 0.030548068283917342 0.05650793650793651
160 0.6936208445642408 0.13682539682539682 0.0215633423180593 0.05015873015873016
159 0.7318059299191375 0.13873015873015873 0.02425876010781671 0.05650793650793651
158 0.7695417789757413 0.14285714285714285 0.02425876010781671 0.06222222222222222
166 0.651392632524708 0.2606349206349206 0.019766397124887692 0.057777777777777775
167 0.6922731356693621 0.2596825396825397 0.020664869721473494 0.05714285714285714
166 0.7318059299191375 0.26 0.022461814914645106 0.05523809523809524
165 0.7686433063791555 0.2606349206349206 0.02964959568733154 0.05650793650793651
159 0.6554357592093442 0.38095238095238093 0.031446540880503145 0.054603174603174605
160 0.6931716082659479 0.37873015873015875 0.02425876010781671 0.05142857142857143
159 0.7318059299191375 0.38031746031746033 0.022461814914645106 0.05714285714285714
158 0.7695417789757413 0.3834920634920635 0.026055705300988323 0.06222222222222222
170 0.651392632524708 0.4888888888888889 0.025157232704402517 0.06222222222222222
171 0.6922731356693621 0.48634920634920636 0.02425876010781671 0.06603174603174602
170 0.7318059299191375 0.4892063492063492 0.026055705300988323 0.06031746031746032
169 0.7672955974842768 0.49174603174603176 0.02336028751123091 0.05650793650793651
170 0.6509433962264152 0.6098412698412699 0.026055705300988323 0.061587301587301586
171 0.6936208445642408 0.606984126984127 0.026954177897574125 0.06603174603174602
170 0.7322551662174304 0.6107936507936508 0.030548068283917342 0.06095238095238095
169 0.7668463611859838 0.6123809523809524 0.02425876010781671 0.05523809523809524
160 0.32973944294699015 0.8593650793650793 0.03593890386343217 0.07047619047619047
162 0.36882300089847264 0.8561904761904762 0.02425876010781671 0.0653968253968254
165 0.41284815813117703 0.8565079365079366 0.022461814914645106 0.0673015873015873
167 0.45462713387241693 0.8561904761904762 0.0215633423180593 0.06666666666666667
165 0.4901168014375562 0.8558730158730159 0.02425876010781671 0.06603174603174602
162 0.5269541778975741 0.8561904761904762 0.02425876010781671 0.06666666666666667
165 0.6522911051212938 0.8571428571428571 0.02336028751123091 0.0673015873015873
167 0.6927223719676551 0.8558730158730159 0.02336028751123091 0.0673015873015873
165 0.7318059299191375 0.8568253968253968 0.022461814914645106 0.06666666666666667
162 0.7695417789757413 0.8561904761904762 0.022461814914645106 0.06666666666666667
159 0.8342318059299192 0.8631746031746032 0.031446540880503145 0.07301587301587302
161 0.8733153638814016 0.8580952380952381 0.025157232704402517 0.06412698412698413
163 0.917340521114106 0.8584126984126984 0.02336028751123091 0.06349206349206349
166 0.9595687331536389 0.8587301587301587 0.02336028751123091 0.06412698412698413
63 0.8297394429469902 0.7666666666666667 0.027852650494159928 0.10222222222222223
91 0.5655884995507637 0.7609523809523809 0.02964959568733154 0.09206349206349207
91 0.3243486073674753 0.7584126984126984 0.028751123090745734 0.08698412698412698
