12 0.0876736111111111 0.1245398773006135 0.015625 0.04171779141104295
12 0.85546875 0.12515337423312883 0.016493055555555556 0.04171779141104295
12 0.85546875 0.36840490797546016 0.016493055555555556 0.04110429447852761
12 0.2026909722222222 0.3687116564417178 0.016493055555555556 0.04049079754601227
12 0.2026909722222222 0.4699386503067485 0.016493055555555556 0.04171779141104295
12 0.8546006944444444 0.4699386503067485 0.018229166666666664 0.04171779141104295
14 0.11067708333333333 0.4650306748466258 0.014756944444444444 0.0098159509202454
12 0.2026909722222222 0.5947852760736196 0.016493055555555556 0.04110429447852761
12 0.8559027777777777 0.5950920245398773 0.015625 0.04171779141104295
12 0.20225694444444442 0.7036809815950921 0.015625 0.04294478527607362
12 0.85546875 0.7039877300613497 0.016493055555555556 0.04233128834355829
12 0.85546875 0.9469325153374234 0.016493055555555556 0.04110429447852761
133 0.7643229166666666 0.020245398773006136 0.033854166666666664 0.0392638036809816
216 0.00954861111111111 0.13803680981595093 0.017361111111111112 0.07116564417177915
215 0.03645833333333333 0.13895705521472393 0.020833333333333332 0.07055214723926381
216 0.06206597222222222 0.13895705521472393 0.02690972222222222 0.07177914110429448
164 0.1306423611111111 0.11809815950920247 0.030381944444444444 0.057055214723926384
163 0.17404513888888887 0.1187116564417178 0.02517361111111111 0.057055214723926384
164 0.2204861111111111 0.1187116564417178 0.024305555555555552 0.057055214723926384
163 0.2647569444444444 0.1187116564417178 0.024305555555555552 0.057055214723926384
164 0.3142361111111111 0.11809815950920247 0.029513888888888888 0.057055214723926384
163 0.3572048611111111 0.1187116564417178 0.02517361111111111 0.057055214723926384
164 0.4036458333333333 0.1187116564417178 0.024305555555555552 0.057055214723926384
163 0.44791666666666663 0.1187116564417178 0.024305555555555552 0.057055214723926384
163 0.4978298611111111 0.11901840490797547 0.030381944444444444 0.05521472392638037
162 0.540798611111111 0.1196319018404908 0.024305555555555552 0.05521472392638037
163 0.5863715277777778 0.1196319018404908 0.02517361111111111 0.05521472392638037
162 0.6319444444444444 0.1196319018404908 0.024305555555555552 0.05521472392638037
163 0.6809895833333333 0.11901840490797547 0.030381944444444444 0.053987730061349694
162 0.7239583333333333 0.1196319018404908 0.024305555555555552 0.05521472392638037
163 0.76953125 0.1196319018404908 0.02517361111111111 0.05521472392638037
162 0.8159722222222222 0.11993865030674847 0.024305555555555552 0.05582822085889571
134 0.234375 0.3628834355828221 0.027777777777777776 0.054601226993865035
15 0.2864583333333333 0.37392638036809817 0.01909722222222222 0.04233128834355829
133 0.31119791666666663 0.36441717791411044 0.0234375 0.05276073619631902
17 0.3667534722222222 0.37392638036809817 0.016493055555555556 0.04846625766871166
133 0.38888888888888884 0.3656441717791411 0.022569444444444444 0.05030674846625767
15 0.44357638888888884 0.37914110429447856 0.01909722222222222 0.0392638036809816
132 0.4678819444444444 0.36595092024539877 0.022569444444444444 0.04846625766871166
17 0.5256076388888888 0.3785276073619632 0.016493055555555556 0.04785276073619632
132 0.55078125 0.3680981595092025 0.02690972222222222 0.04294478527607362
15 0.6028645833333333 0.38374233128834356 0.019965277777777776 0.04110429447852761
131 0.626736111111111 0.36840490797546016 0.022569444444444444 0.04478527607361964
17 0.6848958333333333 0.38374233128834356 0.015625 0.04601226993865031
131 0.7061631944444444 0.36840490797546016 0.021701388888888888 0.04478527607361964
130 0.7847222222222222 0.3708588957055215 0.026041666666666664 0.049693251533742336
163 0.053385416666666664 0.4641104294478528 0.035590277777777776 0.054601226993865035
134 0.08810763888888888 0.46288343558282213 0.021701388888888888 0.05828220858895706
112 0.04774305555555555 0.5803680981595092 0.024305555555555552 0.0736196319018405
170 0.23133680555555555 0.5883435582822086 0.02690972222222222 0.060122699386503074
166 0.2677951388888889 0.5969325153374233 0.021701388888888888 0.049079754601226995
168 0.3094618055555555 0.597239263803681 0.0234375 0.05828220858895706
164 0.34418402777777773 0.6009202453987731 0.02690972222222222 0.057055214723926384
166 0.3914930555555555 0.582515337423313 0.029513888888888888 0.06809815950920246
162 0.4266493055555555 0.5840490797546013 0.0234375 0.0638036809815951
164 0.4678819444444444 0.5865030674846626 0.024305555555555552 0.060122699386503074
160 0.5052083333333333 0.5914110429447853 0.024305555555555552 0.06134969325153375
162 0.5490451388888888 0.5947852760736196 0.02690972222222222 0.04478527607361964
158 0.5828993055555555 0.6024539877300614 0.02517361111111111 0.060122699386503074
160 0.626736111111111 0.597239263803681 0.024305555555555552 0.049693251533742336
156 0.661892361111111 0.6079754601226994 0.028645833333333332 0.07116564417177915
158 0.7074652777777778 0.6021472392638038 0.027777777777777776 0.05950920245398773
154 0.7413194444444444 0.6122699386503068 0.029513888888888888 0.08098159509202454
162 0.009982638888888888 0.6981595092024541 0.018229166666666664 0.05521472392638037
163 0.05078125 0.6978527607361964 0.030381944444444444 0.054601226993865035
162 0.0876736111111111 0.6981595092024541 0.024305555555555552 0.05521472392638037
163 0.1271701388888889 0.6978527607361964 0.0234375 0.054601226993865035
162 0.16666666666666666 0.6981595092024541 0.024305555555555552 0.05521472392638037
162 0.23307291666666666 0.7021472392638037 0.028645833333333332 0.04601226993865031
161 0.2690972222222222 0.7024539877300614 0.024305555555555552 0.046625766871165646
162 0.31119791666666663 0.7024539877300614 0.0234375 0.046625766871165646
161 0.34809027777777773 0.7027607361963191 0.024305555555555552 0.047239263803680986
162 0.39105902777777773 0.7027607361963191 0.028645833333333332 0.04601226993865031
161 0.42621527777777773 0.7027607361963191 0.024305555555555552 0.047239263803680986
162 0.46744791666666663 0.7021472392638037 0.0234375 0.04478527607361964
161 0.5052083333333333 0.7027607361963191 0.024305555555555552 0.047239263803680986
161 0.5490451388888888 0.7039877300613497 0.028645833333333332 0.04601226993865031
159 0.5833333333333333 0.7082822085889571 0.022569444444444444 0.054601226993865035
161 0.6263020833333333 0.7027607361963191 0.0234375 0.04478527607361964
158 0.661892361111111 0.7104294478527607 0.02517361111111111 0.0588957055214724
161 0.7083333333333333 0.7036809815950921 0.027777777777777776 0.04539877300613497
157 0.7421875 0.7131901840490797 0.026041666666666664 0.06564417177914111
161 0.78515625 0.7027607361963191 0.0234375 0.04478527607361964
158 0.8211805555555555 0.7101226993865031 0.024305555555555552 0.05950920245398773
156 0.786892361111111 0.6067484662576688 0.02517361111111111 0.0687116564417178
152 0.8229166666666666 0.6171779141104294 0.03125 0.08834355828220859
