12 0.1424196018376723 0.18614718614718614 0.02450229709035222 0.07142857142857142
12 0.383614088820827 0.18668831168831168 0.02909647779479326 0.07251082251082251
12 0.767228177641654 0.19480519480519481 0.02756508422664625 0.08874458874458875
12 0.767228177641654 0.34794372294372294 0.021439509954058193 0.07251082251082251
12 0.1424196018376723 0.3484848484848485 0.02450229709035222 0.07142857142857142
12 0.38131699846860645 0.349025974025974 0.02450229709035222 0.07034632034632035
12 0.1424196018376723 0.54004329004329 0.02756508422664625 0.07142857142857142
12 0.38208269525267996 0.54004329004329 0.02909647779479326 0.07142857142857142
12 0.767228177641654 0.5411255411255411 0.02756508422664625 0.06926406926406926
12 0.1424196018376723 0.7018398268398268 0.02450229709035222 0.07251082251082251
12 0.38131699846860645 0.7023809523809523 0.02450229709035222 0.07142857142857142
12 0.7664624808575804 0.7023809523809523 0.022970903522205207 0.07142857142857142
12 0.1424196018376723 0.8933982683982684 0.02450229709035222 0.07467532467532467
12 0.38131699846860645 0.8928571428571429 0.021439509954058193 0.07142857142857142
12 0.767228177641654 0.8928571428571429 0.02450229709035222 0.07142857142857142
18 0.26033690658499237 0.3371212121212121 0.04900459418070444 0.024891774891774892
18 0.5727411944869831 0.33766233766233766 0.045941807044410414 0.01948051948051948
18 0.5742725880551302 0.6888528138528138 0.042879019908116385 0.020562770562770564
18 0.5673813169984686 0.8782467532467533 0.06584992343032159 0.020562770562770564
18 0.2626339969372129 0.8804112554112554 0.04747320061255743 0.022727272727272728
18 0.26033690658499237 0.6883116883116883 0.042879019908116385 0.01948051948051948
54 0.22052067381317 0.17803030303030304 0.0551301684532925 0.09415584415584416
50 0.8460949464012252 0.5395021645021645 0.05053598774885146 0.07683982683982683
50 0.43721286370597245 0.5405844155844156 0.053598774885145486 0.07900432900432901
50 0.2212863705972435 0.54004329004329 0.05053598774885146 0.0735930735930736
109 0.07350689127105667 0.17316017316017315 0.04900459418070444 0.1038961038961039
104 0.07274119448698316 0.5481601731601732 0.03828483920367535 0.09632034632034632
