14 0.4885145482388974 0.16017316017316016 0.021439509954058193 0.015151515151515152
14 0.8169984686064319 0.16017316017316016 0.022970903522205207 0.015151515151515152
12 0.6799387442572742 0.20454545454545456 0.02450229709035222 0.0735930735930736
14 0.8185298621745789 0.2132034632034632 0.022970903522205207 0.017316017316017316
14 0.4900459418070444 0.21374458874458874 0.02450229709035222 0.016233766233766232
12 0.6807044410413476 0.38311688311688313 0.022970903522205207 0.0735930735930736
14 0.2886676875957121 0.803030303030303 0.01990811638591118 0.012987012987012988
12 0.1539050535987749 0.9772727272727273 0.022970903522205207 0.045454545454545456
191 0.015313935681470138 0.1737012987012987 0.02756508422664625 0.14177489177489178
192 0.0781010719754977 0.1737012987012987 0.036753445635528334 0.13528138528138528
193 0.15237366003062788 0.17316017316017315 0.04747320061255743 0.1341991341991342
192 0.21362940275650844 0.1737012987012987 0.03828483920367535 0.13528138528138528
164 0.26952526799387444 0.21861471861471862 0.0551301684532925 0.10606060606060606
167 0.34839203675344566 0.17261904761904762 0.03828483920367535 0.13744588744588745
17 0.6990811638591118 0.17803030303030304 0.016845329249617153 0.03571428571428571
16 0.4173047473200613 0.3739177489177489 0.02909647779479326 0.050865800865800864
103 0.4548238897396631 0.3944805194805195 0.036753445635528334 0.09848484848484848
22 0.7848392036753445 0.3944805194805195 0.03828483920367535 0.05519480519480519
16 0.8483920367534457 0.37283549783549785 0.030627871362940276 0.05303030303030303
164 0.8950995405819296 0.36742424242424243 0.05053598774885146 0.10714285714285714
16 0.03598774885145482 0.7851731601731602 0.026033690658499236 0.050865800865800864
191 0.07503828483920368 0.8203463203463204 0.036753445635528334 0.09307359307359307
190 0.12021439509954059 0.821969696969697 0.04747320061255743 0.09415584415584416
16 0.21362940275650844 0.7851731601731602 0.026033690658499236 0.050865800865800864
20 0.24655436447166923 0.7543290043290043 0.02756508422664625 0.05627705627705628
77 0.25267993874425726 0.8176406926406926 0.036753445635528334 0.08116883116883117
21 0.5436447166921899 0.7591991341991342 0.036753445635528334 0.03787878787878788
22 0.6301684532924962 0.7689393939393939 0.03828483920367535 0.05303030303030303
168 0.7090352220520674 0.7835497835497836 0.05819295558958652 0.13636363636363635
141 0.7741194486983155 0.7673160173160173 0.053598774885145486 0.170995670995671
170 0.8529862174578867 0.7705627705627706 0.045941807044410414 0.15800865800865802
194 0.9226646248085758 0.7738095238095238 0.04134762633996937 0.15584415584415584
193 0.9693721286370598 0.7754329004329005 0.033690658499234305 0.15043290043290045
16 0.35758039816232773 0.9783549783549783 0.026033690658499236 0.04329004329004329
