12 0.14660493827160492 0.23144104803493448 0.024691358024691357 0.074235807860262
12 0.89429012345679 0.23417030567685587 0.026234567901234566 0.07096069868995633
12 0.14583333333333331 0.4055676855895196 0.026234567901234566 0.07751091703056769
12 0.8950617283950617 0.4044759825327511 0.024691358024691357 0.07314410480349344
12 0.14660493827160492 0.5693231441048034 0.027777777777777776 0.07532751091703056
12 0.89429012345679 0.570414847161572 0.026234567901234566 0.07532751091703056
12 0.14660493827160492 0.7368995633187773 0.024691358024691357 0.07641921397379912
12 0.8950617283950617 0.736353711790393 0.024691358024691357 0.07314410480349344
12 0.14583333333333331 0.9017467248908296 0.026234567901234566 0.07641921397379912
12 0.8935185185185185 0.9022925764192139 0.027777777777777776 0.07096069868995633
26 0.19675925925925924 0.23089519650655022 0.07253086419753085 0.1408296943231441
26 0.19984567901234568 0.4006550218340611 0.07870370370370369 0.13973799126637554
26 0.19984567901234568 0.5682314410480349 0.08179012345679013 0.13864628820960698
26 0.19984567901234568 0.7341703056768558 0.07561728395061729 0.1408296943231441
26 0.19675925925925924 0.8962882096069869 0.07253086419753085 0.13973799126637554
16 0.26543209876543206 0.22489082969432314 0.033950617283950615 0.05021834061135371
16 0.26543209876543206 0.5600436681222707 0.030864197530864196 0.048034934497816595
16 0.2631172839506173 0.7254366812227074 0.032407407407407406 0.05349344978165939
16 0.26157407407407407 0.8913755458515283 0.035493827160493825 0.051310043668122265
18 0.5841049382716049 0.21997816593886463 0.05401234567901234 0.02074235807860262
20 0.47530864197530864 0.40010917030567683 0.033950617283950615 0.06004366812227074
18 0.5833333333333333 0.5573144104803494 0.04938271604938271 0.0185589519650655
20 0.47530864197530864 0.7330786026200873 0.027777777777777776 0.06222707423580786
20 0.724537037037037 0.7308951965065502 0.035493827160493825 0.055676855895196505
20 0.9367283950617283 0.7314410480349345 0.033950617283950615 0.05676855895196506
20 0.7222222222222222 0.8990174672489083 0.030864197530864196 0.06004366812227074
20 0.47453703703703703 0.8984716157205239 0.035493827160493825 0.06331877729257641
16 0.7885802469135802 0.4033842794759825 0.027777777777777776 0.055676855895196505
132 0.728395061728395 0.41866812227074235 0.040123456790123455 0.11026200873362445
133 0.9436728395061728 0.4197598253275109 0.041666666666666664 0.11026200873362445
104 0.35030864197530864 0.38919213973799127 0.040123456790123455 0.10807860262008732
111 0.6033950617283951 0.3799126637554585 0.04938271604938271 0.12008733624454147
98 0.353395061728395 0.7374454148471615 0.043209876543209874 0.07751091703056769
102 0.6057098765432098 0.7281659388646288 0.038580246913580245 0.0982532751091703
93 0.3526234567901234 0.931768558951965 0.05709876543209876 0.13646288209606985
93 0.6041666666666666 0.9301310043668122 0.05092592592592592 0.13973799126637554
96 0.9436728395061728 0.9197598253275109 0.047839506172839504 0.11462882096069868
133 0.8248456790123456 0.41757641921397376 0.05092592592592592 0.10371179039301309
