12 0.042879019908116385 0.2624458874458874 0.02450229709035222 0.07034632034632035
12 0.6814701378254212 0.26406926406926406 0.02450229709035222 0.06926406926406926
12 0.043644716692189896 0.45346320346320346 0.026033690658499236 0.07575757575757576
12 0.6807044410413476 0.45021645021645024 0.026033690658499236 0.0670995670995671
12 0.042879019908116385 0.6428571428571429 0.02450229709035222 0.07575757575757576
12 0.6807044410413476 0.6444805194805194 0.026033690658499236 0.07900432900432901
12 0.042879019908116385 0.8338744588744589 0.02450229709035222 0.07467532467532467
12 0.6822358346094947 0.8338744588744589 0.026033690658499236 0.07467532467532467
14 0.12787136294027565 0.8073593073593074 0.01990811638591118 0.015151515151515152
14 0.37059724349157736 0.8609307359307359 0.015313935681470138 0.016233766233766232
14 0.12940275650842267 0.8966450216450217 0.01990811638591118 0.0183982683982684
14 0.37059724349157736 0.8057359307359307 0.02450229709035222 0.016233766233766232
142 0.17381316998468607 0.24134199134199133 0.0444104134762634 0.12554112554112554
141 0.2442572741194487 0.24404761904761904 0.04747320061255743 0.12012987012987013
108 0.33537519142419603 0.25432900432900435 0.036753445635528334 0.09740259740259741
137 0.4555895865237366 0.2635281385281385 0.03828483920367535 0.07683982683982683
138 0.5336906584992344 0.2591991341991342 0.03828483920367535 0.0854978354978355
139 0.607197549770291 0.2554112554112554 0.05053598774885146 0.09307359307359307
139 0.7304747320061256 0.25487012987012986 0.036753445635528334 0.09199134199134198
142 0.8813169984686064 0.23917748917748918 0.05053598774885146 0.12337662337662338
140 0.9640122511485452 0.24945887445887446 0.0444104134762634 0.10281385281385282
136 0.09264931087289434 0.4577922077922078 0.03828483920367535 0.08658008658008658
134 0.17228177641653905 0.45995670995670995 0.03828483920367535 0.09090909090909091
134 0.24578866768759572 0.4642857142857143 0.04747320061255743 0.09523809523809523
101 0.33767228177641656 0.4496753246753247 0.04134762633996937 0.08333333333333333
130 0.4609494640122512 0.4588744588744589 0.04900459418070444 0.08658008658008658
131 0.5352220520673814 0.45346320346320346 0.04134762633996937 0.07792207792207792
132 0.614854517611026 0.45292207792207795 0.03828483920367535 0.07683982683982683
132 0.7304747320061256 0.47294372294372294 0.036753445635528334 0.11255411255411256
137 0.8108728943338438 0.46645021645021645 0.03828483920367535 0.1038961038961039
135 0.8797856049004594 0.46374458874458874 0.0444104134762634 0.09632034632034632
74 0.9624808575803983 0.4458874458874459 0.04134762633996937 0.08658008658008658
130 0.0987748851454824 0.6482683982683982 0.04747320061255743 0.08658008658008658
129 0.17304747320061256 0.6531385281385281 0.042879019908116385 0.09632034632034632
128 0.2511485451761103 0.6569264069264069 0.045941807044410414 0.10173160173160173
126 0.33614088820826954 0.6666666666666666 0.04747320061255743 0.12337662337662338
124 0.4609494640122512 0.6742424242424242 0.0551301684532925 0.1406926406926407
131 0.8147013782542114 0.6433982683982684 0.03981623277182236 0.07900432900432901
129 0.8859111791730475 0.6525974025974026 0.04134762633996937 0.09523809523809523
133 0.5413476263399694 0.8246753246753247 0.05053598774885146 0.09523809523809523
134 0.6156202143950996 0.8235930735930735 0.036753445635528334 0.09956709956709957
105 0.7304747320061256 0.8365800865800865 0.036753445635528334 0.08225108225108226
21 0.886676875957121 0.83495670995671 0.036753445635528334 0.03787878787878788
143 0.09188361408882083 0.23593073593073594 0.042879019908116385 0.12987012987012986
144 0.8124042879019908 0.23214285714285715 0.0444104134762634 0.13528138528138528
125 0.5375191424196019 0.6699134199134199 0.045941807044410414 0.12987012987012986
126 0.6171516079632465 0.6655844155844156 0.04900459418070444 0.11904761904761904
126 0.7335375191424196 0.66504329004329 0.045941807044410414 0.12012987012987013
67 0.9617151607963247 0.6661255411255411 0.045941807044410414 0.12012987012987013
