11 0.8449494949494949 0.13285714285714287 0.029292929292929294 0.05
12 0.007070707070707071 0.1332142857142857 0.012121212121212121 0.04642857142857143
12 0.11060606060606061 0.13392857142857142 0.01919191919191919 0.047857142857142855
12 0.2196969696969697 0.13357142857142856 0.01919191919191919 0.047142857142857146
12 0.35909090909090907 0.13357142857142856 0.01919191919191919 0.047142857142857146
12 0.6060606060606061 0.13357142857142856 0.0202020202020202 0.047142857142857146
12 0.4984848484848485 0.13392857142857142 0.01919191919191919 0.04642857142857143
12 0.7207070707070707 0.13357142857142856 0.01919191919191919 0.045714285714285714
11 0.843939393939394 0.2714285714285714 0.029292929292929294 0.05
12 0.006060606060606061 0.2717857142857143 0.0101010101010101 0.047857142857142855
12 0.6060606060606061 0.27214285714285713 0.0202020202020202 0.04857142857142857
12 0.11060606060606061 0.2725 0.01717171717171717 0.047857142857142855
12 0.21868686868686868 0.2725 0.01717171717171717 0.047857142857142855
12 0.35808080808080806 0.2725 0.01717171717171717 0.047857142857142855
12 0.49797979797979797 0.2725 0.01818181818181818 0.047857142857142855
12 0.7202020202020202 0.27214285714285713 0.01818181818181818 0.047142857142857146
55 0.04242424242424243 0.125 0.03636363636363636 0.07
55 0.151010101010101 0.12464285714285714 0.03737373737373737 0.07071428571428572
81 0.24696969696969698 0.125 0.031313131313131314 0.07
81 0.30808080808080807 0.12571428571428572 0.03232323232323232 0.07
81 0.38686868686868686 0.125 0.03232323232323232 0.07
81 0.44747474747474747 0.12571428571428572 0.030303030303030304 0.07
48 0.5383838383838384 0.13357142857142856 0.03232323232323232 0.05142857142857143
48 0.6525252525252525 0.13357142857142856 0.03232323232323232 0.05142857142857143
48 0.7671717171717172 0.13392857142857142 0.031313131313131314 0.052142857142857144
17 0.12373737373737374 0.2125 0.01717171717171717 0.03785714285714286
17 0.28383838383838383 0.2125 0.01818181818181818 0.03785714285714286
17 0.42272727272727273 0.2125 0.01919191919191919 0.03785714285714286
40 0.04393939393939394 0.29285714285714287 0.04141414141414142 0.09
93 0.24696969696969698 0.2925 0.03333333333333333 0.09214285714285714
93 0.38636363636363635 0.29285714285714287 0.03333333333333333 0.09285714285714286
44 0.5378787878787878 0.2785714285714286 0.03333333333333333 0.06428571428571428
44 0.6525252525252525 0.2782142857142857 0.03434343434343434 0.065
44 0.7671717171717172 0.2789285714285714 0.03333333333333333 0.065
17 0.01616161616161616 0.33 0.0202020202020202 0.03857142857142857
17 0.2222222222222222 0.33035714285714285 0.01818181818181818 0.039285714285714285
17 0.3616161616161616 0.33035714285714285 0.01818181818181818 0.039285714285714285
59 0.15252525252525254 0.25214285714285717 0.0404040404040404 0.09142857142857143
85 0.3090909090909091 0.2507142857142857 0.03434343434343434 0.09142857142857143
85 0.4505050505050505 0.2517857142857143 0.03434343434343434 0.09071428571428572
