103 0.7442572741194488 0.08495670995670995 0.030627871362940276 0.07251082251082251
23 0.0888208269525268 0.3522727272727273 0.033690658499234305 0.06385281385281386
22 0.17381316998468607 0.3625541125541126 0.03215926493108729 0.049783549783549784
21 0.2741194486983155 0.35335497835497837 0.033690658499234305 0.03571428571428571
20 0.6248085758039816 0.34686147186147187 0.030627871362940276 0.050865800865800864
23 0.442572741194487 0.6482683982683982 0.033690658499234305 0.06493506493506493
22 0.5267993874425727 0.6569264069264069 0.033690658499234305 0.049783549783549784
21 0.6286370597243491 0.6498917748917749 0.03522205206738132 0.03571428571428571
23 0.9050535987748852 0.6482683982683982 0.033690658499234305 0.06277056277056277
22 0.9854517611026035 0.6553030303030303 0.026033690658499236 0.048701298701298704
20 0.27105666156202146 0.9372294372294372 0.030627871362940276 0.05194805194805195
23 0.9050535987748852 0.9437229437229437 0.033690658499234305 0.06493506493506493
22 0.9854517611026035 0.9518398268398268 0.026033690658499236 0.048701298701298704
24 0.026033690658499236 0.36038961038961037 0.036753445635528334 0.08008658008658008
24 0.37978560490045943 0.6558441558441559 0.036753445635528334 0.08008658008658008
24 0.8392036753445636 0.6558441558441559 0.036753445635528334 0.08008658008658008
24 0.8392036753445636 0.9523809523809523 0.036753445635528334 0.08008658008658008
25 0.329249617151608 0.6466450216450217 0.036753445635528334 0.09848484848484848
25 0.7917304747320062 0.6471861471861472 0.036753445635528334 0.09523809523809523
25 0.7917304747320062 0.9420995670995671 0.036753445635528334 0.09848484848484848
237 0.2833078101071976 0.6628787878787878 0.05819295558958652 0.11580086580086581
248 0.7442572741194488 0.6623376623376623 0.033690658499234305 0.11904761904761904
