12 0.1447166921898928 0.15638528138528138 0.01990811638591118 0.07467532467532467
12 0.7105666156202144 0.15584415584415584 0.02756508422664625 0.0735930735930736
12 0.1447166921898928 0.3463203463203463 0.01990811638591118 0.07575757575757576
12 0.7098009188361409 0.3474025974025974 0.022970903522205207 0.06926406926406926
12 0.7105666156202144 0.5086580086580087 0.02450229709035222 0.0735930735930736
12 0.1447166921898928 0.5097402597402597 0.01990811638591118 0.0735930735930736
12 0.14548238897396631 0.6991341991341992 0.021439509954058193 0.07575757575757576
12 0.7105666156202144 0.7002164502164502 0.02450229709035222 0.06926406926406926
12 0.7105666156202144 0.8603896103896104 0.030627871362940276 0.0735930735930736
12 0.1447166921898928 0.8625541125541125 0.01990811638591118 0.0735930735930736
27 0.19678407350689128 0.15638528138528138 0.07503828483920368 0.07683982683982683
27 0.1998468606431853 0.5081168831168831 0.0781010719754977 0.07683982683982683
26 0.19448698315467075 0.3446969696969697 0.07044410413476264 0.1331168831168831
26 0.19372128637059724 0.6985930735930735 0.07197549770290965 0.13528138528138528
27 0.19448698315467075 0.862012987012987 0.07350689127105667 0.07683982683982683
16 0.2626339969372129 0.15963203463203463 0.03215926493108729 0.050865800865800864
16 0.26416539050535986 0.3344155844155844 0.026033690658499236 0.047619047619047616
16 0.2626339969372129 0.5167748917748918 0.02909647779479326 0.046536796536796536
16 0.3231240428790199 0.4615800865800866 0.030627871362940276 0.048701298701298704
16 0.2618683001531394 0.6888528138528138 0.030627871362940276 0.05303030303030303
16 0.2618683001531394 0.8701298701298701 0.030627871362940276 0.045454545454545456
18 0.49157733537519144 0.1423160173160173 0.04900459418070444 0.0183982683982684
18 0.4961715160796325 0.33495670995670995 0.0551301684532925 0.024891774891774892
18 0.9203675344563553 0.14285714285714285 0.045941807044410414 0.023809523809523808
18 0.9234303215926494 0.3333333333333333 0.05206738131699847 0.015151515151515152
18 0.49387442572741197 0.6883116883116883 0.05972434915773354 0.023809523809523808
18 0.9241960183767228 0.6872294372294372 0.06278713629402757 0.021645021645021644
16 0.7419601837672282 0.42478354978354976 0.026033690658499236 0.05303030303030303
16 0.9280245022970904 0.4329004329004329 0.02450229709035222 0.05194805194805195
16 0.7411944869831547 0.8755411255411255 0.02756508422664625 0.047619047619047616
70 0.3629402756508423 0.8712121212121212 0.042879019908116385 0.09523809523809523
71 0.5490045941807045 0.8663419913419913 0.04134762633996937 0.08766233766233766
72 0.7817764165390506 0.862012987012987 0.04747320061255743 0.07467532467532467
73 0.9670750382848392 0.8571428571428571 0.0444104134762634 0.08441558441558442
