12 0.40277777777777773 0.09233128834355829 0.01909722222222222 0.04110429447852761
12 0.8559027777777777 0.09202453987730062 0.017361111111111112 0.04049079754601227
12 0.8550347222222222 0.20153374233128835 0.01909722222222222 0.04233128834355829
12 0.4001736111111111 0.20153374233128835 0.01909722222222222 0.04110429447852761
11 0.8450520833333333 0.45 0.028645833333333332 0.04233128834355829
11 0.8446180555555555 0.5515337423312884 0.029513888888888888 0.04294478527607362
11 0.8450520833333333 0.6769938650306749 0.028645833333333332 0.04233128834355829
11 0.8446180555555555 0.7794478527607362 0.029513888888888888 0.04233128834355829
140 0.016059027777777776 0.09263803680981596 0.02690972222222222 0.07484662576687116
143 0.14539930555555555 0.07668711656441718 0.02517361111111111 0.0736196319018405
173 0.21006944444444442 0.07699386503067485 0.026041666666666664 0.07300613496932516
173 0.24045138888888887 0.07668711656441718 0.029513888888888888 0.0736196319018405
112 0.27604166666666663 0.07730061349693251 0.024305555555555552 0.07484662576687116
164 0.018663194444444444 0.1950920245398773 0.028645833333333332 0.05644171779141104
163 0.048611111111111105 0.1950920245398773 0.024305555555555552 0.05644171779141104
164 0.08159722222222222 0.1950920245398773 0.022569444444444444 0.05644171779141104
163 0.11284722222222221 0.19539877300613498 0.022569444444444444 0.05582822085889571
163 0.1484375 0.19570552147239265 0.029513888888888888 0.053987730061349694
162 0.17881944444444445 0.1960122699386503 0.022569444444444444 0.054601226993865035
163 0.2109375 0.1960122699386503 0.022569444444444444 0.054601226993865035
162 0.24305555555555555 0.19631901840490798 0.022569444444444444 0.05521472392638037
163 0.2786458333333333 0.1960122699386503 0.029513888888888888 0.054601226993865035
162 0.30902777777777773 0.1960122699386503 0.022569444444444444 0.054601226993865035
163 0.3407118055555555 0.1960122699386503 0.0234375 0.054601226993865035
162 0.37369791666666663 0.19631901840490798 0.0234375 0.05521472392638037
18 0.6284722222222222 0.1941717791411043 0.03125 0.012883435582822086
16 0.041666666666666664 0.8049079754601227 0.015625 0.026993865030674847
16 0.11675347222222221 0.8104294478527608 0.016493055555555556 0.02822085889570552
16 0.2183159722222222 0.8202453987730062 0.016493055555555556 0.02822085889570552
16 0.29296875 0.7898773006134969 0.016493055555555556 0.027607361963190184
16 0.3654513888888889 0.795398773006135 0.015625 0.027607361963190184
16 0.4644097222222222 0.8049079754601227 0.015625 0.026993865030674847
16 0.5394965277777778 0.8098159509202455 0.016493055555555556 0.02822085889570552
16 0.6414930555555555 0.8196319018404908 0.015625 0.026993865030674847
131 0.79296875 0.7797546012269939 0.033854166666666664 0.04294478527607362
72 0.69140625 0.7794478527607362 0.021701388888888888 0.04355828220858896
209 0.017795138888888888 0.7766871165644172 0.02690972222222222 0.0785276073619632
209 0.06553819444444445 0.7766871165644172 0.02690972222222222 0.0785276073619632
208 0.09244791666666666 0.7791411042944786 0.028645833333333332 0.0834355828220859
208 0.13932291666666666 0.7791411042944786 0.028645833333333332 0.0834355828220859
207 0.16623263888888887 0.7819018404907976 0.02690972222222222 0.08895705521472393
206 0.19444444444444442 0.7843558282208589 0.029513888888888888 0.09386503067484663
206 0.24045138888888887 0.7843558282208589 0.029513888888888888 0.09386503067484663
212 0.2686631944444444 0.7690184049079755 0.0234375 0.06319018404907976
212 0.3146701388888889 0.7696319018404908 0.0234375 0.06319018404907976
211 0.3420138888888889 0.7714723926380369 0.022569444444444444 0.06809815950920246
211 0.3880208333333333 0.7720858895705522 0.022569444444444444 0.06809815950920246
210 0.4149305555555555 0.7742331288343559 0.022569444444444444 0.07239263803680981
209 0.4409722222222222 0.7766871165644172 0.026041666666666664 0.07975460122699388
209 0.48654513888888884 0.7766871165644172 0.02690972222222222 0.0785276073619632
208 0.5143229166666666 0.7791411042944786 0.028645833333333332 0.0834355828220859
208 0.560329861111111 0.7791411042944786 0.028645833333333332 0.0834355828220859
207 0.58984375 0.7819018404907976 0.02690972222222222 0.08895705521472393
206 0.6171875 0.7843558282208589 0.029513888888888888 0.09386503067484663
206 0.6623263888888888 0.7843558282208589 0.029513888888888888 0.09386503067484663
