12 0.1439509954058193 0.2261904761904762 0.018376722817764167 0.07575757575757576
12 0.1447166921898928 0.4128787878787879 0.01990811638591118 0.07683982683982683
12 0.1439509954058193 0.7932900432900433 0.018376722817764167 0.07792207792207792
12 0.1439509954058193 0.9718614718614719 0.018376722817764167 0.05627705627705628
8 0.3070444104134763 0.19967532467532467 0.11791730474732007 0.09848484848484848
6 0.28024502297090353 0.38906926406926406 0.06431852986217458 0.07900432900432901
6 0.27565084226646247 0.9567099567099567 0.06431852986217458 0.08225108225108226
8 0.3055130168453293 0.7667748917748918 0.12404287901990813 0.08766233766233766
26 0.1975497702909648 0.22294372294372294 0.0765696784073507 0.1341991341991342
31 0.19372128637059724 0.4193722943722944 0.07503828483920368 0.1525974025974026
26 0.19601837672281777 0.7927489177489178 0.07044410413476264 0.13744588744588745
170 0.4287901990811639 0.2132034632034632 0.042879019908116385 0.10173160173160173
139 0.48238897396630936 0.21753246753246752 0.05206738131699847 0.09307359307359307
138 0.5497702909647779 0.2224025974025974 0.03981623277182236 0.0854978354978355
137 0.6316998468606432 0.22673160173160173 0.03828483920367535 0.07683982683982683
136 0.7120980091883614 0.22835497835497837 0.0551301684532925 0.08008658008658008
132 0.6339969372128638 0.3874458874458874 0.042879019908116385 0.12987012987012986
169 0.5612557427258805 0.7857142857142857 0.0444104134762634 0.09740259740259741
168 0.6156202143950996 0.79004329004329 0.04900459418070444 0.08441558441558442
171 0.8545176110260337 0.7765151515151515 0.0551301684532925 0.11147186147186147
142 0.9211332312404288 0.7721861471861472 0.05053598774885146 0.12012987012987013
137 0.8392036753445636 0.22835497835497837 0.03981623277182236 0.08008658008658008
139 0.9318529862174579 0.22186147186147187 0.0444104134762634 0.1038961038961039
134 0.5497702909647779 0.38636363636363635 0.03981623277182236 0.12987012987012986
129 0.8468606431852986 0.40854978354978355 0.06125574272588055 0.11796536796536797
136 0.934915773353752 0.395021645021645 0.0444104134762634 0.10822510822510822
169 0.42649310872894336 0.7857142857142857 0.04134762633996937 0.09307359307359307
168 0.503062787136294 0.7895021645021645 0.0444104134762634 0.0854978354978355
169 0.6784073506891272 0.7846320346320347 0.042879019908116385 0.09523809523809523
168 0.7366003062787136 0.7905844155844156 0.03981623277182236 0.08333333333333333
169 0.7940275650842267 0.7857142857142857 0.04134762633996937 0.09740259740259741
