12 0.9303215926493109 0.16233766233766234 0.026033690658499236 0.07142857142857142
14 0.08728943338437979 0.17207792207792208 0.018376722817764167 0.015151515151515152
14 0.3950995405819296 0.18885281385281386 0.021439509954058193 0.01406926406926407
12 0.1998468606431853 0.4063852813852814 0.022970903522205207 0.07034632034632035
12 0.9310872894333844 0.4069264069264069 0.021439509954058193 0.06926406926406926
14 0.546707503828484 0.4155844155844156 0.021439509954058193 0.015151515151515152
14 0.5474732006125574 0.48593073593073594 0.01990811638591118 0.015151515151515152
12 0.1998468606431853 0.6498917748917749 0.026033690658499236 0.07467532467532467
12 0.9318529862174579 0.6493506493506493 0.022970903522205207 0.07142857142857142
14 0.0888208269525268 0.7121212121212122 0.021439509954058193 0.015151515151515152
14 0.3950995405819296 0.7294372294372294 0.018376722817764167 0.012987012987012988
102 0.05436447166921899 0.15476190476190477 0.03828483920367535 0.09307359307359307
46 0.3545176110260337 0.16396103896103897 0.05053598774885146 0.07900432900432901
131 0.888208269525268 0.1645021645021645 0.06125574272588055 0.07575757575757576
21 0.7151607963246555 0.3712121212121212 0.036753445635528334 0.03896103896103896
21 0.715926493108729 0.44372294372294374 0.04134762633996937 0.03896103896103896
40 0.3545176110260337 0.6801948051948052 0.05972434915773354 0.13744588744588745
18 0.6049004594180705 0.6893939393939394 0.045941807044410414 0.021645021645021644
18 0.6056661562021439 0.6174242424242424 0.04747320061255743 0.020562770562770564
95 0.055895865237366005 0.6883116883116883 0.04747320061255743 0.15367965367965367
124 0.8751914241960184 0.7023809523809523 0.04747320061255743 0.18181818181818182
