12 0.36064318529862177 0.3566017316017316 0.026033690658499236 0.07683982683982683
12 0.3614088820826953 0.5432900432900433 0.02450229709035222 0.07575757575757576
12 0.14318529862174578 0.9291125541125541 0.01990811638591118 0.07467532467532467
27 0.4119448698315467 0.35714285714285715 0.07044410413476264 0.07575757575757576
135 0.5972434915773354 0.3647186147186147 0.033690658499234305 0.09307359307359307
27 0.41347626339969373 0.5427489177489178 0.07350689127105667 0.07683982683982683
21 0.5980091883614089 0.5432900432900433 0.03522205206738132 0.0367965367965368
27 0.19601837672281777 0.9318181818181818 0.07350689127105667 0.07792207792207792
170 0.30245022970903523 0.9166666666666666 0.03522205206738132 0.10173160173160173
169 0.3736600306278714 0.920995670995671 0.04900459418070444 0.09307359307359307
138 0.4555895865237366 0.9253246753246753 0.05053598774885146 0.08658008658008658
21 0.604134762633997 0.9296536796536796 0.03522205206738132 0.0367965367965368
172 0.7396630934150077 0.9074675324675324 0.036753445635528334 0.12012987012987013
173 0.8154670750382849 0.9036796536796536 0.04747320061255743 0.12987012987012986
174 0.9042879019908117 0.8998917748917749 0.03828483920367535 0.13744588744588745
172 0.9800918836140888 0.9090909090909091 0.03981623277182236 0.12121212121212122
