12 0.8483920367534457 0.1958874458874459 0.02450229709035222 0.07575757575757576
12 0.1439509954058193 0.19534632034632035 0.02450229709035222 0.07251082251082251
12 0.1439509954058193 0.4025974025974026 0.02450229709035222 0.0735930735930736
12 0.8476263399693722 0.40205627705627706 0.026033690658499236 0.07034632034632035
12 0.8491577335375192 0.6109307359307359 0.02909647779479326 0.07467532467532467
12 0.1447166921898928 0.6114718614718615 0.022970903522205207 0.0735930735930736
10 0.3208269525267994 0.18019480519480519 0.1424196018376723 0.09199134199134198
10 0.3208269525267994 0.3874458874458874 0.1424196018376723 0.08658008658008658
10 0.3185298621745789 0.612012987012987 0.13782542113323124 0.09199134199134198
102 0.9831546707503829 0.012987012987012988 0.033690658499234305 0.023809523809523808
26 0.19601837672281777 0.1958874458874459 0.07350689127105667 0.13636363636363635
17 0.43568147013782543 0.18831168831168832 0.022970903522205207 0.05844155844155844
104 0.47090352220520676 0.20562770562770563 0.03828483920367535 0.09307359307359307
135 0.5505359877488515 0.20562770562770563 0.03828483920367535 0.09740259740259741
134 0.601071975497703 0.2077922077922078 0.04747320061255743 0.09956709956709957
102 0.664624808575804 0.18614718614718614 0.03981623277182236 0.09090909090909091
17 0.7090352220520674 0.21374458874458874 0.02450229709035222 0.05952380952380952
132 0.7480857580398163 0.19318181818181818 0.04747320061255743 0.07900432900432901
131 0.7993874425727412 0.19534632034632035 0.03981623277182236 0.07900432900432901
17 0.8728943338437979 0.2132034632034632 0.02450229709035222 0.05844155844155844
101 0.9088820826952527 0.1920995670995671 0.04134762633996937 0.08766233766233766
26 0.19525267993874426 0.4025974025974026 0.07197549770290965 0.13636363636363635
48 0.48085758039816234 0.4036796536796537 0.05206738131699847 0.0735930735930736
17 0.8736600306278715 0.45725108225108224 0.026033690658499236 0.05952380952380952
27 0.19295558958652376 0.6114718614718615 0.0765696784073507 0.07575757575757576
53 0.48085758039816234 0.6087662337662337 0.0551301684532925 0.08766233766233766
51 0.9165390505359878 0.6125541125541125 0.053598774885145486 0.07792207792207792
