13 0.2503828483920368 0.36093073593073594 0.03522205206738132 0.07467532467532467
14 0.6730474732006125 0.3538961038961039 0.022970903522205207 0.017316017316017316
13 0.24961715160796324 0.5481601731601732 0.033690658499234305 0.07467532467532467
106 0.0781010719754977 0.362012987012987 0.042879019908116385 0.07683982683982683
135 0.4747320061255743 0.5827922077922078 0.03981623277182236 0.14393939393939395
133 0.6385911179173047 0.5817099567099567 0.03981623277182236 0.14393939393939395
140 0.7641653905053599 0.5670995670995671 0.06738131699846861 0.16883116883116883
104 0.6401225114854517 0.3717532467532468 0.03981623277182236 0.09632034632034632
161 0.32006125574272587 0.36093073593073594 0.0551301684532925 0.08333333333333333
162 0.39356814701378257 0.3582251082251082 0.03981623277182236 0.08658008658008658
163 0.4762633996937213 0.3538961038961039 0.036753445635528334 0.09090909090909091
164 0.5604900459418071 0.35173160173160173 0.036753445635528334 0.09740259740259741
