12 0.19925742574257427 0.46678321678321677 0.022277227722772276 0.057692307692307696
12 0.6342821782178217 0.46722027972027974 0.02103960396039604 0.056818181818181816
14 0.7042079207920792 0.5729895104895105 0.01485148514851485 0.013111888111888112
14 0.7042079207920792 0.5865384615384616 0.017326732673267328 0.012237762237762238
14 0.7042079207920792 0.6013986013986014 0.017326732673267328 0.012237762237762238
12 0.1998762376237624 0.6372377622377622 0.02103960396039604 0.057692307692307696
12 0.635519801980198 0.6372377622377622 0.02103960396039604 0.057692307692307696
12 0.20297029702970298 0.7897727272727273 0.0297029702970297 0.06031468531468531
12 0.6349009900990099 0.7897727272727273 0.022277227722772276 0.05856643356643357
139 0.2469059405940594 0.6311188811188811 0.02599009900990099 0.07342657342657342
107 0.3780940594059406 0.6341783216783217 0.028465346534653466 0.0673076923076923
18 0.41707920792079206 0.45585664335664333 0.04207920792079208 0.01486013986013986
138 0.6850247524752475 0.6372377622377622 0.04579207920792079 0.07167832167832168
18 0.8589108910891089 0.45585664335664333 0.04207920792079208 0.016608391608391608
167 0.8719059405940595 0.6368006993006993 0.04331683168316832 0.062062937062937064
