1 0.19081632653061226 0.16197691197691197 0.05510204081632654 0.056998556998557
12 0.09540816326530613 0.16847041847041846 0.015306122448979593 0.048340548340548344
12 0.7938775510204082 0.16847041847041846 0.0163265306122449 0.048340548340548344
14 0.8602040816326532 0.18614718614718614 0.012244897959183675 0.008658008658008658
27 0.13112244897959185 0.1691919191919192 0.04591836734693878 0.051226551226551224
21 0.26377551020408163 0.16774891774891776 0.01938775510204082 0.023809523809523808
135 0.35102040816326535 0.170995670995671 0.018367346938775512 0.05483405483405483
135 0.6954081632653062 0.17135642135642135 0.023469387755102045 0.05411255411255411
136 0.43673469387755104 0.170995670995671 0.018367346938775512 0.05483405483405483
137 0.5244897959183674 0.16955266955266957 0.018367346938775512 0.05483405483405483
136 0.6081632653061225 0.16883116883116883 0.018367346938775512 0.05483405483405483
100 0.8418367346938777 0.16847041847041846 0.020408163265306124 0.049783549783549784
