14 0.18979591836734697 0.08766233766233766 0.0163265306122449 0.012265512265512266
12 0.06122448979591837 0.1518759018759019 0.014285714285714287 0.046897546897546896
12 0.526530612244898 0.15223665223665223 0.0163265306122449 0.047619047619047616
12 0.7198979591836735 0.15223665223665223 0.017346938775510204 0.047619047619047616
12 0.9025510204081634 0.15223665223665223 0.017346938775510204 0.047619047619047616
14 0.18979591836734697 0.2362914862914863 0.014285714285714287 0.010822510822510822
12 0.7198979591836735 0.3008658008658009 0.017346938775510204 0.047619047619047616
12 0.9025510204081634 0.3008658008658009 0.017346938775510204 0.047619047619047616
12 0.06122448979591837 0.3008658008658009 0.014285714285714287 0.046176046176046176
12 0.526530612244898 0.30122655122655123 0.0163265306122449 0.046897546897546896
14 0.1892857142857143 0.3953823953823954 0.017346938775510204 0.011544011544011544
12 0.7198979591836735 0.4365079365079365 0.017346938775510204 0.047619047619047616
12 0.9025510204081634 0.4365079365079365 0.017346938775510204 0.047619047619047616
12 0.06122448979591837 0.4365079365079365 0.014285714285714287 0.046176046176046176
12 0.526530612244898 0.4365079365079365 0.0163265306122449 0.046176046176046176
14 0.18877551020408165 0.5418470418470418 0.0163265306122449 0.0101010101010101
12 0.5270408163265307 0.5721500721500722 0.017346938775510204 0.047619047619047616
12 0.7198979591836735 0.5721500721500722 0.017346938775510204 0.047619047619047616
12 0.9025510204081634 0.5721500721500722 0.017346938775510204 0.047619047619047616
12 0.06122448979591837 0.5721500721500722 0.014285714285714287 0.046176046176046176
12 0.7198979591836735 0.7077922077922078 0.017346938775510204 0.047619047619047616
12 0.9025510204081634 0.7077922077922078 0.017346938775510204 0.047619047619047616
12 0.061734693877551025 0.7081529581529582 0.015306122448979593 0.046897546897546896
12 0.528061224489796 0.7088744588744589 0.01938775510204082 0.048340548340548344
12 0.06122448979591837 0.8434343434343434 0.014285714285714287 0.047619047619047616
12 0.526530612244898 0.8423520923520923 0.0163265306122449 0.045454545454545456
12 0.7198979591836735 0.8437950937950938 0.017346938775510204 0.048340548340548344
12 0.9025510204081634 0.8434343434343434 0.017346938775510204 0.047619047619047616
14 0.18979591836734697 0.8852813852813853 0.0163265306122449 0.011544011544011544
14 0.1892857142857143 0.8365800865800865 0.01326530612244898 0.012265512265512266
14 0.1903061224489796 0.6893939393939394 0.02142857142857143 0.00937950937950938
14 0.1903061224489796 0.7016594516594516 0.02142857142857143 0.010822510822510822
14 0.18979591836734697 0.7251082251082251 0.0163265306122449 0.0101010101010101
14 0.18979591836734697 0.5310245310245311 0.014285714285714287 0.0101010101010101
174 0.08928571428571429 0.1323953823953824 0.02755102040816327 0.09018759018759019
174 0.1229591836734694 0.13167388167388167 0.0336734693877551 0.09018759018759019
113 0.16173469387755104 0.13203463203463203 0.031632653061224494 0.09090909090909091
174 0.2341836734693878 0.13167388167388167 0.02959183673469388 0.09018759018759019
171 0.26734693877551025 0.13997113997113997 0.02653061224489796 0.07647907647907648
168 0.30306122448979594 0.14935064935064934 0.02653061224489796 0.05627705627705628
169 0.3377551020408164 0.14682539682539683 0.030612244897959186 0.06277056277056277
170 0.3755102040816327 0.14357864357864358 0.028571428571428574 0.06926406926406926
171 0.41224489795918373 0.1406926406926407 0.028571428571428574 0.07503607503607504
172 0.44897959183673475 0.13744588744588745 0.028571428571428574 0.08008658008658008
15 0.4755102040816327 0.09704184704184704 0.022448979591836737 0.05266955266955267
173 0.4984693877551021 0.13455988455988455 0.0336734693877551 0.08585858585858586
19 0.6505102040816327 0.15007215007215008 0.03775510204081633 0.015873015873015872
175 0.08928571428571429 0.27813852813852813 0.02755102040816327 0.09740259740259741
175 0.12346938775510205 0.2774170274170274 0.0326530612244898 0.09740259740259741
114 0.16122448979591839 0.2777777777777778 0.030612244897959186 0.09523809523809523
175 0.2341836734693878 0.2777777777777778 0.02959183673469388 0.09523809523809523
175 0.2678571428571429 0.27813852813852813 0.02959183673469388 0.09595959595959595
175 0.3025510204081633 0.27813852813852813 0.02959183673469388 0.09884559884559885
175 0.33673469387755106 0.2777777777777778 0.0326530612244898 0.09812409812409813
175 0.3755102040816327 0.27813852813852813 0.030612244897959186 0.09595959595959595
175 0.4117346938775511 0.2777777777777778 0.02959183673469388 0.09523809523809523
175 0.44795918367346943 0.2774170274170274 0.030612244897959186 0.09451659451659451
175 0.49897959183673474 0.27705627705627706 0.03469387755102041 0.09523809523809523
86 0.5683673469387756 0.2777777777777778 0.0326530612244898 0.09668109668109669
19 0.65 0.2990620490620491 0.03877551020408164 0.015151515151515152
171 0.08877551020408164 0.424963924963925 0.030612244897959186 0.0735930735930736
171 0.1229591836734694 0.424963924963925 0.0336734693877551 0.07503607503607504
110 0.16224489795918368 0.4253246753246753 0.028571428571428574 0.07431457431457432
171 0.23316326530612247 0.424963924963925 0.02959183673469388 0.07503607503607504
171 0.2678571428571429 0.424963924963925 0.02959183673469388 0.07503607503607504
171 0.3035714285714286 0.424963924963925 0.02959183673469388 0.07503607503607504
171 0.3372448979591837 0.4253246753246753 0.0336734693877551 0.07431457431457432
172 0.3755102040816327 0.4227994227994228 0.028571428571428574 0.0808080808080808
174 0.41224489795918373 0.41738816738816736 0.030612244897959186 0.09163059163059163
173 0.44897959183673475 0.41919191919191917 0.030612244897959186 0.08513708513708514
172 0.4979591836734694 0.4217171717171717 0.036734693877551024 0.08008658008658008
112 0.5683673469387756 0.4199134199134199 0.030612244897959186 0.08658008658008658
19 0.6494897959183674 0.43434343434343436 0.039795918367346944 0.015873015873015872
19 0.6494897959183674 0.5696248196248196 0.03775510204081633 0.013708513708513708
20 0.2295918367346939 0.7085137085137085 0.02448979591836735 0.04184704184704185
19 0.6494897959183674 0.7052669552669553 0.039795918367346944 0.015151515151515152
20 0.22908163265306125 0.8441558441558441 0.023469387755102045 0.0404040404040404
19 0.6489795918367347 0.8416305916305916 0.04081632653061225 0.015151515151515152
85 0.5698979591836735 0.13167388167388167 0.031632653061224494 0.09163059163059163
