7 0.19081632653061226 0.0689033189033189 0.05510204081632654 0.05266955266955267
12 0.09642857142857143 0.06818181818181818 0.01326530612244898 0.048340548340548344
7 0.19081632653061226 0.3055555555555556 0.05306122448979592 0.05411255411255411
12 0.09693877551020409 0.31637806637806637 0.014285714285714287 0.048340548340548344
14 0.28469387755102044 0.29834054834054835 0.012244897959183675 0.00937950937950938
7 0.1903061224489796 0.44372294372294374 0.05408163265306123 0.05339105339105339
12 0.09693877551020409 0.44264069264069267 0.014285714285714287 0.048340548340548344
7 0.19081632653061226 0.6803751803751804 0.05306122448979592 0.05339105339105339
14 0.6448979591836735 0.6605339105339105 0.012244897959183675 0.00937950937950938
12 0.09693877551020409 0.6911976911976911 0.014285714285714287 0.049062049062049064
14 0.7326530612244898 0.6724386724386724 0.014285714285714287 0.0101010101010101
7 0.19081632653061226 0.8272005772005772 0.05306122448979592 0.05266955266955267
12 0.09693877551020409 0.8268398268398268 0.014285714285714287 0.047619047619047616
27 0.12806122448979593 0.06782106782106782 0.047959183673469394 0.05194805194805195
132 0.26479591836734695 0.07972582972582973 0.02142857142857143 0.07431457431457432
128 0.956122448979592 0.08874458874458875 0.02653061224489796 0.09668109668109669
26 0.13010204081632654 0.31601731601731603 0.04591836734693878 0.07503607503607504
106 0.2663265306122449 0.31601731601731603 0.022448979591836737 0.050505050505050504
167 0.4438775510204082 0.31637806637806637 0.020408163265306124 0.051226551226551224
168 0.48163265306122455 0.31385281385281383 0.020408163265306124 0.05627705627705628
167 0.5209183673469389 0.31637806637806637 0.02142857142857143 0.051226551226551224
168 0.5596938775510205 0.31385281385281383 0.02142857142857143 0.05627705627705628
167 0.5994897959183674 0.31673881673881676 0.02142857142857143 0.05194805194805195
168 0.6341836734693879 0.3134920634920635 0.02959183673469388 0.056998556998557
108 0.6770408163265307 0.31096681096681095 0.023469387755102045 0.06349206349206349
137 0.8035714285714286 0.31673881673881676 0.02142857142857143 0.050505050505050504
144 0.8627551020408164 0.2976190476190476 0.025510204081632654 0.09307359307359307
143 0.925 0.2994227994227994 0.023469387755102045 0.08802308802308802
142 0.9811224489795919 0.30194805194805197 0.031632653061224494 0.08152958152958154
16 0.3025510204081633 0.4015151515151515 0.017346938775510204 0.031024531024531024
27 0.1285714285714286 0.44191919191919193 0.04693877551020409 0.051226551226551224
128 0.26581632653061227 0.4660894660894661 0.02755102040816327 0.09812409812409813
135 0.44336734693877555 0.44516594516594515 0.02142857142857143 0.05627705627705628
128 0.6785714285714286 0.465007215007215 0.028571428571428574 0.10028860028860029
135 0.8622448979591838 0.44552669552669555 0.022448979591836737 0.05555555555555555
26 0.12959183673469388 0.6911976911976911 0.04489795918367347 0.07503607503607504
16 0.24081632653061227 0.6381673881673882 0.0163265306122449 0.02958152958152958
142 0.26734693877551025 0.6764069264069265 0.02448979591836735 0.08008658008658008
141 0.32704081632653065 0.68001443001443 0.023469387755102045 0.07287157287157287
16 0.3744897959183674 0.6435786435786436 0.018367346938775512 0.030303030303030304
16 0.3903061224489796 0.6443001443001443 0.01938775510204082 0.030303030303030304
141 0.4112244897959184 0.68001443001443 0.0326530612244898 0.07431457431457432
171 0.4724489795918368 0.6782106782106783 0.02653061224489796 0.0735930735930736
170 0.5096938775510205 0.6818181818181818 0.031632653061224494 0.06782106782106782
170 0.5489795918367347 0.6814574314574314 0.02448979591836735 0.06854256854256854
169 0.5836734693877551 0.685064935064935 0.028571428571428574 0.06277056277056277
169 0.6239795918367348 0.685064935064935 0.02142857142857143 0.06132756132756133
193 0.6678571428571429 0.6875901875901876 0.031632653061224494 0.05483405483405483
78 0.7076530612244899 0.6911976911976911 0.02755102040816327 0.05194805194805195
27 0.1285714285714286 0.8261183261183261 0.04693877551020409 0.05194805194805195
132 0.26479591836734695 0.8383838383838383 0.02142857142857143 0.07503607503607504
128 0.7051020408163265 0.8488455988455988 0.028571428571428574 0.10028860028860029
135 0.8811224489795919 0.8293650793650794 0.02142857142857143 0.05555555555555555
125 0.5418367346938776 0.09704184704184704 0.02653061224489796 0.11038961038961038
125 0.4744897959183674 0.8560606060606061 0.028571428571428574 0.11183261183261184
