14 0.3408163265306123 0.14646464646464646 0.012244897959183675 0.008658008658008658
12 0.06326530612244899 0.1756854256854257 0.018367346938775512 0.048340548340548344
12 0.9025510204081634 0.1756854256854257 0.017346938775510204 0.048340548340548344
12 0.46938775510204084 0.17604617604617603 0.018367346938775512 0.047619047619047616
12 0.06326530612244899 0.3874458874458874 0.0163265306122449 0.047619047619047616
12 0.9025510204081634 0.38816738816738816 0.015306122448979593 0.049062049062049064
12 0.46938775510204084 0.38816738816738816 0.018367346938775512 0.047619047619047616
14 0.34132653061224494 0.37012987012987014 0.01326530612244898 0.0101010101010101
12 0.9025510204081634 0.5995670995670995 0.017346938775510204 0.049062049062049064
12 0.06377551020408163 0.59992784992785 0.017346938775510204 0.048340548340548344
12 0.4688775510204082 0.5995670995670995 0.01938775510204082 0.047619047619047616
107 0.10867346938775511 0.1738816738816739 0.02755102040816327 0.05772005772005772
108 0.19540816326530613 0.16955266955266957 0.025510204081632654 0.06349206349206349
16 0.25765306122448983 0.13203463203463203 0.017346938775510204 0.03318903318903319
170 0.2826530612244898 0.16666666666666666 0.028571428571428574 0.06926406926406926
139 0.31734693877551023 0.1699134199134199 0.030612244897959186 0.06277056277056277
107 0.3928571428571429 0.17352092352092352 0.02653061224489796 0.05844155844155844
138 0.5025510204081634 0.17352092352092352 0.025510204081632654 0.056998556998557
138 0.5535714285714286 0.17352092352092352 0.031632653061224494 0.056998556998557
107 0.6107142857142858 0.17316017316017315 0.025510204081632654 0.05772005772005772
17 0.6755102040816328 0.15873015873015872 0.0163265306122449 0.03463203463203463
137 0.6979591836734694 0.1756854256854257 0.02448979591836735 0.051226551226551224
138 0.751530612244898 0.17352092352092352 0.025510204081632654 0.056998556998557
139 0.8066326530612246 0.17027417027417027 0.025510204081632654 0.06349206349206349
138 0.8566326530612246 0.17316017316017315 0.0336734693877551 0.05772005772005772
104 0.10918367346938776 0.3935786435786436 0.02653061224489796 0.06421356421356421
105 0.1959183673469388 0.39105339105339104 0.02653061224489796 0.05772005772005772
167 0.2821428571428572 0.3885281385281385 0.025510204081632654 0.05266955266955267
136 0.31836734693877555 0.3903318903318903 0.030612244897959186 0.05627705627705628
104 0.3938775510204082 0.3943001443001443 0.02653061224489796 0.06277056277056277
135 0.5035714285714287 0.3943001443001443 0.025510204081632654 0.06421356421356421
135 0.5540816326530613 0.3939393939393939 0.0326530612244898 0.06349206349206349
104 0.6117346938775511 0.3939393939393939 0.025510204081632654 0.06349206349206349
17 0.6760204081632654 0.3878066378066378 0.015306122448979593 0.03391053391053391
134 0.6979591836734694 0.3968253968253968 0.02448979591836735 0.06782106782106782
135 0.7520408163265306 0.39574314574314573 0.02653061224489796 0.0670995670995671
136 0.8056122448979592 0.39466089466089466 0.025510204081632654 0.06637806637806638
135 0.8561224489795919 0.3935786435786436 0.0326530612244898 0.06421356421356421
51 0.11377551020408164 0.6002886002886003 0.0336734693877551 0.05339105339105339
50 0.5076530612244898 0.5995670995670995 0.0336734693877551 0.05194805194805195
