12 0.9025510204081634 0.11580086580086581 0.017346938775510204 0.048340548340548344
12 0.2229591836734694 0.11616161616161616 0.017346938775510204 0.047619047619047616
12 0.5693877551020409 0.11688311688311688 0.018367346938775512 0.046176046176046176
12 0.2229591836734694 0.23412698412698413 0.017346938775510204 0.046897546897546896
12 0.5693877551020409 0.2344877344877345 0.018367346938775512 0.047619047619047616
12 0.9025510204081634 0.2344877344877345 0.017346938775510204 0.047619047619047616
12 0.903061224489796 0.5115440115440115 0.0163265306122449 0.050505050505050504
12 0.4301020408163266 0.5119047619047619 0.017346938775510204 0.048340548340548344
12 0.639795918367347 0.5115440115440115 0.018367346938775512 0.047619047619047616
14 0.04948979591836735 0.4935064935064935 0.011224489795918368 0.0101010101010101
12 0.21836734693877552 0.5122655122655123 0.0163265306122449 0.047619047619047616
14 0.04948979591836735 0.5292207792207793 0.011224489795918368 0.00937950937950938
12 0.639795918367347 0.6295093795093795 0.0163265306122449 0.048340548340548344
12 0.21734693877551023 0.6298701298701299 0.0163265306122449 0.047619047619047616
12 0.4295918367346939 0.6302308802308803 0.0163265306122449 0.048340548340548344
12 0.9025510204081634 0.6302308802308803 0.017346938775510204 0.048340548340548344
12 0.5607142857142857 0.9072871572871573 0.017346938775510204 0.048340548340548344
12 0.9025510204081634 0.9072871572871573 0.017346938775510204 0.048340548340548344
12 0.19183673469387758 0.908008658008658 0.018367346938775512 0.048340548340548344
14 0.6193877551020409 0.8896103896103896 0.014285714285714287 0.0101010101010101
14 0.6193877551020409 0.9253246753246753 0.012244897959183675 0.010822510822510822
16 0.403061224489796 0.11796536796536797 0.018367346938775512 0.031024531024531024
130 0.1489795918367347 0.25 0.028571428571428574 0.08441558441558442
133 0.2622448979591837 0.2417027417027417 0.022448979591836737 0.06637806637806638
140 0.33571428571428574 0.22546897546897546 0.03469387755102041 0.06854256854256854
133 0.426530612244898 0.24134199134199133 0.022448979591836737 0.06565656565656566
140 0.4984693877551021 0.22582972582972582 0.03571428571428572 0.06926406926406926
133 0.6153061224489796 0.22907647907647907 0.0326530612244898 0.06277056277056277
21 0.6831632653061225 0.2344877344877345 0.023469387755102045 0.024531024531024532
20 0.7551020408163266 0.22943722943722944 0.022448979591836737 0.03463203463203463
15 0.008673469387755102 0.5281385281385281 0.015306122448979593 0.03607503607503607
15 0.28010204081632656 0.5295815295815296 0.01938775510204082 0.03463203463203463
15 0.8336734693877552 0.5393217893217893 0.018367346938775512 0.03535353535353535
15 0.8525510204081633 0.5303030303030303 0.017346938775510204 0.03463203463203463
15 0.06326530612244899 0.6179653679653679 0.022448979591836737 0.03535353535353535
131 0.17806122448979594 0.6432178932178932 0.025510204081632654 0.0772005772005772
142 0.30408163265306126 0.6327561327561327 0.02448979591836735 0.11688311688311688
141 0.3474489795918368 0.6309523809523809 0.023469387755102045 0.09884559884559885
140 0.38571428571428573 0.6291486291486291 0.03469387755102041 0.08225108225108226
16 0.536734693877551 0.6020923520923521 0.018367346938775512 0.031024531024531024
21 0.7158163265306123 0.6302308802308803 0.023469387755102045 0.023809523809523808
20 0.7571428571428572 0.6255411255411255 0.022448979591836737 0.03463203463203463
15 0.5020408163265306 0.9011544011544012 0.022448979591836737 0.03607503607503607
165 0.5209183673469389 0.9173881673881674 0.02755102040816327 0.07142857142857142
