12 0.6811224489795918 0.1774891774891775 0.017346938775510204 0.047619047619047616
14 0.7326530612244898 0.19552669552669552 0.014285714285714287 0.0101010101010101
12 0.7724489795918368 0.33874458874458874 0.0163265306122449 0.046897546897546896
14 0.2566326530612245 0.35678210678210676 0.011224489795918368 0.00937950937950938
14 0.6010204081632654 0.36832611832611833 0.012244897959183675 0.00937950937950938
13 0.9750000000000001 0.5010822510822511 0.023469387755102045 0.049783549783549784
12 0.8040816326530613 0.5007215007215007 0.0163265306122449 0.047619047619047616
12 0.6704081632653062 0.6626984126984127 0.0163265306122449 0.048340548340548344
14 0.891326530612245 0.6922799422799423 0.011224489795918368 0.007936507936507936
12 0.6790816326530613 0.8246753246753247 0.017346938775510204 0.047619047619047616
26 0.12908163265306125 0.1782106782106782 0.04591836734693878 0.08513708513708514
19 0.2372448979591837 0.15115440115440115 0.03571428571428572 0.013708513708513708
21 0.37397959183673474 0.15043290043290045 0.023469387755102045 0.025252525252525252
136 0.451530612244898 0.18362193362193363 0.025510204081632654 0.06565656565656566
134 0.5275510204081633 0.18362193362193363 0.02653061224489796 0.06565656565656566
136 0.6071428571428572 0.18398268398268397 0.03469387755102041 0.06493506493506493
160 0.8 0.19444444444444445 0.03877551020408164 0.09018759018759019
130 0.8591836734693878 0.19336219336219337 0.02448979591836735 0.08513708513708514
129 0.9357142857142858 0.19408369408369408 0.030612244897959186 0.08946608946608947
26 0.12959183673469388 0.3398268398268398 0.04693877551020409 0.08513708513708514
130 0.2392857142857143 0.341991341991342 0.0336734693877551 0.05772005772005772
160 0.32908163265306123 0.34235209235209235 0.02755102040816327 0.05844155844155844
130 0.3816326530612245 0.341991341991342 0.03469387755102041 0.05772005772005772
129 0.45510204081632655 0.34523809523809523 0.030612244897959186 0.06421356421356421
159 0.538265306122449 0.3448773448773449 0.03775510204081633 0.06204906204906205
129 0.5806122448979593 0.3448773448773449 0.02653061224489796 0.06349206349206349
99 0.6734693877551021 0.341991341991342 0.02653061224489796 0.05772005772005772
21 0.8015306122448981 0.31313131313131315 0.023469387755102045 0.023088023088023088
126 0.8755102040816327 0.36832611832611833 0.030612244897959186 0.11183261183261184
156 0.953061224489796 0.3694083694083694 0.0326530612244898 0.11255411255411256
26 0.12908163265306125 0.5018037518037518 0.04591836734693878 0.08441558441558442
18 0.49336734693877554 0.4797979797979798 0.0336734693877551 0.01443001443001443
18 0.8867346938775511 0.47943722943722944 0.030612244897959186 0.012265512265512266
26 0.1285714285714286 0.6634199134199135 0.04489795918367347 0.08441558441558442
132 0.23979591836734696 0.6608946608946609 0.0326530612244898 0.05339105339105339
162 0.2836734693877551 0.6612554112554112 0.030612244897959186 0.05411255411255411
162 0.31428571428571433 0.6612554112554112 0.02448979591836735 0.05411255411255411
132 0.35000000000000003 0.6623376623376623 0.0326530612244898 0.05194805194805195
130 0.388265306122449 0.665945165945166 0.02755102040816327 0.05916305916305916
132 0.43928571428571433 0.6612554112554112 0.0336734693877551 0.05411255411255411
160 0.4795918367346939 0.6645021645021645 0.03469387755102041 0.06060606060606061
162 0.514795918367347 0.6608946608946609 0.025510204081632654 0.05483405483405483
162 0.5510204081632654 0.6608946608946609 0.0326530612244898 0.05483405483405483
160 0.5770408163265307 0.6641414141414141 0.02755102040816327 0.06132756132756133
162 0.614795918367347 0.661976911976912 0.025510204081632654 0.05555555555555555
160 0.6433673469387756 0.6645021645021645 0.02755102040816327 0.06060606060606061
133 0.7000000000000001 0.6572871572871573 0.03469387755102041 0.06349206349206349
133 0.7408163265306124 0.6565656565656566 0.028571428571428574 0.06349206349206349
133 0.7846938775510205 0.6565656565656566 0.02653061224489796 0.06349206349206349
21 0.8306122448979593 0.6378066378066378 0.02653061224489796 0.023088023088023088
129 0.8734693877551021 0.6688311688311688 0.0326530612244898 0.06349206349206349
158 0.9224489795918368 0.6677489177489178 0.02653061224489796 0.06565656565656566
130 0.9591836734693878 0.6681096681096681 0.0326530612244898 0.06349206349206349
26 0.12908163265306125 0.8261183261183261 0.04591836734693878 0.0836940836940837
132 0.23979591836734696 0.8228715728715729 0.0326530612244898 0.05266955266955267
162 0.28469387755102044 0.8232323232323232 0.030612244897959186 0.05339105339105339
162 0.3163265306122449 0.8228715728715729 0.02448979591836735 0.05266955266955267
132 0.3525510204081633 0.8243145743145743 0.031632653061224494 0.051226551226551224
130 0.3913265306122449 0.8282828282828283 0.02755102040816327 0.05916305916305916
132 0.4438775510204082 0.8232323232323232 0.0326530612244898 0.05339105339105339
160 0.4852040816326531 0.8268398268398268 0.0336734693877551 0.06060606060606061
162 0.5204081632653061 0.8228715728715729 0.02448979591836735 0.05411255411255411
162 0.5571428571428572 0.823953823953824 0.0326530612244898 0.05627705627705628
160 0.5836734693877551 0.8253968253968254 0.02653061224489796 0.06060606060606061
162 0.6214285714285714 0.8235930735930735 0.02653061224489796 0.05411255411255411
160 0.6505102040816327 0.8253968253968254 0.025510204081632654 0.06060606060606061
18 0.2729591836734694 0.9657287157287158 0.0336734693877551 0.012265512265512266
19 0.5571428571428572 0.9595959595959596 0.030612244897959186 0.01443001443001443
19 0.8137755102040817 0.95995670995671 0.031632653061224494 0.015151515151515152
