0 0.2 0.13131313131313133 0.05306122448979592 0.06493506493506493
12 0.09540816326530613 0.14502164502164502 0.01326530612244898 0.049062049062049064
12 0.8637755102040817 0.14502164502164502 0.015306122448979593 0.049062049062049064
7 0.2 0.2601010101010101 0.05306122448979592 0.06421356421356421
12 0.09591836734693879 0.2741702741702742 0.014285714285714287 0.049062049062049064
12 0.8642857142857143 0.27380952380952384 0.0163265306122449 0.048340548340548344
7 0.19948979591836735 0.39466089466089466 0.05408163265306123 0.06493506493506493
12 0.09540816326530613 0.40295815295815296 0.015306122448979593 0.049783549783549784
12 0.8642857142857143 0.40295815295815296 0.0163265306122449 0.046897546897546896
7 0.19948979591836735 0.5281385281385281 0.056122448979591844 0.06349206349206349
12 0.09591836734693879 0.5313852813852814 0.014285714285714287 0.048340548340548344
12 0.8642857142857143 0.5313852813852814 0.0163265306122449 0.048340548340548344
7 0.20051020408163267 0.8037518037518038 0.05204081632653062 0.06349206349206349
12 0.09540816326530613 0.8174603174603174 0.01326530612244898 0.049062049062049064
12 0.6627551020408163 0.8178210678210678 0.017346938775510204 0.048340548340548344
0 0.20051020408163267 0.9332611832611832 0.05204081632653062 0.06421356421356421
12 0.09591836734693879 0.946969696969697 0.014285714285714287 0.048340548340548344
12 0.6627551020408163 0.9466089466089466 0.017346938775510204 0.047619047619047616
26 0.13367346938775512 0.14502164502164502 0.05306122448979592 0.10533910533910534
174 0.27602040816326534 0.12373737373737374 0.02959183673469388 0.09451659451659451
175 0.3122448979591837 0.12085137085137085 0.028571428571428574 0.09740259740259741
174 0.3479591836734694 0.12373737373737374 0.030612244897959186 0.09451659451659451
175 0.3821428571428572 0.12121212121212122 0.03571428571428572 0.09956709956709957
174 0.4209183673469388 0.12445887445887446 0.02959183673469388 0.09018759018759019
175 0.45612244897959187 0.12085137085137085 0.030612244897959186 0.09451659451659451
174 0.49132653061224496 0.1240981240981241 0.02959183673469388 0.09090909090909091
175 0.5255102040816327 0.12121212121212122 0.03469387755102041 0.09812409812409813
174 0.5622448979591838 0.12445887445887446 0.030612244897959186 0.09018759018759019
16 0.5933673469387756 0.08477633477633478 0.01938775510204082 0.04401154401154401
173 0.6193877551020409 0.12698412698412698 0.030612244897959186 0.08513708513708514
172 0.6556122448979592 0.12987012987012986 0.02959183673469388 0.0808080808080808
171 0.6882653061224491 0.1331168831168831 0.0336734693877551 0.07431457431457432
170 0.7285714285714286 0.13636363636363635 0.0326530612244898 0.06926406926406926
169 0.7627551020408164 0.13924963924963926 0.02755102040816327 0.06204906204906205
168 0.7969387755102042 0.14213564213564214 0.02653061224489796 0.05627705627705628
170 0.8346938775510205 0.13636363636363635 0.036734693877551024 0.06926406926406926
169 0.8969387755102042 0.13924963924963926 0.02653061224489796 0.06349206349206349
168 0.9326530612244899 0.1424963924963925 0.02653061224489796 0.056998556998557
167 0.9688775510204083 0.14466089466089466 0.025510204081632654 0.05266955266955267
26 0.13367346938775512 0.27380952380952384 0.05306122448979592 0.10606060606060606
167 0.276530612244898 0.27380952380952384 0.02653061224489796 0.05411255411255411
168 0.3122448979591837 0.27056277056277056 0.02653061224489796 0.05627705627705628
167 0.3479591836734694 0.27380952380952384 0.02653061224489796 0.05266955266955267
168 0.3806122448979592 0.27056277056277056 0.0326530612244898 0.05627705627705628
167 0.42040816326530617 0.27380952380952384 0.02653061224489796 0.05411255411255411
168 0.45612244897959187 0.27056277056277056 0.02653061224489796 0.05627705627705628
167 0.49132653061224496 0.2741702741702742 0.025510204081632654 0.05339105339105339
168 0.5239795918367347 0.2712842712842713 0.031632653061224494 0.05627705627705628
167 0.561734693877551 0.2766955266955267 0.025510204081632654 0.056998556998557
16 0.5928571428571429 0.255050505050505 0.018367346938775512 0.04401154401154401
166 0.6188775510204082 0.2777777777777778 0.025510204081632654 0.06060606060606061
165 0.6545918367346939 0.2795815295815296 0.025510204081632654 0.06277056277056277
164 0.6887755102040817 0.2803030303030303 0.030612244897959186 0.06565656565656566
163 0.7301020408163266 0.26731601731601734 0.031632653061224494 0.06277056277056277
162 0.7627551020408164 0.26731601731601734 0.025510204081632654 0.06277056277056277
161 0.7984693877551021 0.2683982683982684 0.02755102040816327 0.06637806637806638
163 0.8367346938775511 0.26731601731601734 0.02653061224489796 0.06277056277056277
162 0.9005102040816327 0.2727272727272727 0.031632653061224494 0.05483405483405483
161 0.9346938775510205 0.27380952380952384 0.028571428571428574 0.05266955266955267
160 0.9704081632653062 0.2766955266955267 0.02653061224489796 0.05844155844155844
28 0.1326530612244898 0.4018759018759019 0.05510204081632654 0.06782106782106782
168 0.276530612244898 0.4000721500721501 0.02653061224489796 0.056998556998557
169 0.313265306122449 0.3971861471861472 0.02653061224489796 0.06277056277056277
168 0.3479591836734694 0.3997113997113997 0.02653061224489796 0.05627705627705628
169 0.38265306122448983 0.39646464646464646 0.0326530612244898 0.06277056277056277
168 0.42040816326530617 0.4000721500721501 0.02653061224489796 0.056998556998557
169 0.4566326530612245 0.3971861471861472 0.02755102040816327 0.06277056277056277
168 0.4918367346938776 0.4007936507936508 0.02653061224489796 0.056998556998557
169 0.525 0.3968253968253968 0.031632653061224494 0.06349206349206349
136 0.5612244897959184 0.40404040404040403 0.02448979591836735 0.05339105339105339
136 0.6551020408163266 0.4036796536796537 0.02653061224489796 0.05411255411255411
136 0.7260204081632654 0.4036796536796537 0.025510204081632654 0.05411255411255411
136 0.7923469387755103 0.4036796536796537 0.03571428571428572 0.05411255411255411
129 0.901530612244898 0.4087301587301587 0.03571428571428572 0.06421356421356421
129 0.9693877551020409 0.4090909090909091 0.028571428571428574 0.06493506493506493
27 0.13979591836734695 0.5328282828282829 0.0653061224489796 0.05988455988455989
169 0.27704081632653066 0.5256132756132756 0.025510204081632654 0.06277056277056277
170 0.31428571428571433 0.523088023088023 0.030612244897959186 0.06782106782106782
169 0.34846938775510206 0.525974025974026 0.02755102040816327 0.06204906204906205
170 0.3831632653061225 0.5227272727272727 0.03571428571428572 0.06854256854256854
169 0.42040816326530617 0.5256132756132756 0.02653061224489796 0.06277056277056277
170 0.45765306122448984 0.5227272727272727 0.031632653061224494 0.06854256854256854
169 0.49132653061224496 0.525974025974026 0.02755102040816327 0.06204906204906205
170 0.5260204081632653 0.5234487734487735 0.03571428571428572 0.06998556998556998
168 0.561734693877551 0.5306637806637806 0.025510204081632654 0.06132756132756133
167 0.6183673469387756 0.5353535353535354 0.02653061224489796 0.06060606060606061
166 0.6545918367346939 0.536075036075036 0.025510204081632654 0.06204906204906205
165 0.6877551020408164 0.5378787878787878 0.0326530612244898 0.06421356421356421
164 0.7306122448979593 0.5234487734487735 0.0326530612244898 0.06565656565656566
163 0.7627551020408164 0.5252525252525253 0.02755102040816327 0.06204906204906205
162 0.7989795918367347 0.5266955266955267 0.02653061224489796 0.05916305916305916
161 0.8367346938775511 0.5299422799422799 0.02653061224489796 0.056998556998557
160 0.9010204081632653 0.5353535353535354 0.0326530612244898 0.05772005772005772
159 0.9346938775510205 0.5375180375180375 0.02653061224489796 0.06349206349206349
158 0.9698979591836736 0.54004329004329 0.02755102040816327 0.06854256854256854
26 0.13316326530612246 0.8167388167388168 0.05204081632653062 0.10533910533910534
18 0.438265306122449 0.8091630591630592 0.04183673469387755 0.015151515151515152
18 0.8622448979591838 0.8091630591630592 0.04285714285714286 0.015151515151515152
26 0.13316326530612246 0.9466089466089466 0.05408163265306123 0.10533910533910534
18 0.438265306122449 0.937950937950938 0.04183673469387755 0.015873015873015872
18 0.8627551020408164 0.937950937950938 0.04387755102040817 0.015873015873015872
