14 0.0979591836734694 0.11652236652236653 0.012244897959183675 0.00937950937950938
14 0.22755102040816327 0.11652236652236653 0.012244897959183675 0.00937950937950938
12 0.02295918367346939 0.15728715728715728 0.017346938775510204 0.047619047619047616
12 0.564795918367347 0.15728715728715728 0.015306122448979593 0.047619047619047616
12 0.903061224489796 0.15764790764790765 0.0163265306122449 0.048340548340548344
12 0.33265306122448984 0.15764790764790765 0.0163265306122449 0.046897546897546896
12 0.02295918367346939 0.33910533910533913 0.017346938775510204 0.049062049062049064
12 0.903061224489796 0.33910533910533913 0.0163265306122449 0.049062049062049064
12 0.3331632653061225 0.33910533910533913 0.017346938775510204 0.047619047619047616
12 0.5653061224489796 0.33910533910533913 0.0163265306122449 0.047619047619047616
12 0.02295918367346939 0.5205627705627706 0.017346938775510204 0.048340548340548344
12 0.564795918367347 0.5202020202020202 0.015306122448979593 0.047619047619047616
12 0.9025510204081634 0.5205627705627706 0.017346938775510204 0.048340548340548344
12 0.3331632653061225 0.5205627705627706 0.015306122448979593 0.046897546897546896
14 0.0979591836734694 0.6598124098124099 0.014285714285714287 0.00937950937950938
14 0.22704081632653064 0.6724386724386724 0.011224489795918368 0.008658008658008658
12 0.564795918367347 0.7012987012987013 0.015306122448979593 0.047619047619047616
12 0.903061224489796 0.7016594516594516 0.0163265306122449 0.048340548340548344
12 0.02295918367346939 0.7016594516594516 0.017346938775510204 0.046897546897546896
12 0.33265306122448984 0.7012987012987013 0.0163265306122449 0.046176046176046176
141 0.07908163265306123 0.1461038961038961 0.023469387755102045 0.07575757575757576
170 0.16173469387755104 0.14862914862914864 0.03571428571428572 0.06926406926406926
140 0.20765306122448982 0.14898989898989898 0.025510204081632654 0.06854256854256854
15 0.276530612244898 0.12734487734487734 0.020408163265306124 0.03391053391053391
169 0.2923469387755102 0.15223665223665223 0.031632653061224494 0.06349206349206349
15 0.3719387755102041 0.1277056277056277 0.01938775510204082 0.03463203463203463
80 0.39795918367346944 0.15115440115440115 0.028571428571428574 0.06277056277056277
21 0.6229591836734695 0.13347763347763347 0.023469387755102045 0.024531024531024532
15 0.6760204081632654 0.15223665223665223 0.02142857142857143 0.03463203463203463
135 0.7005102040816327 0.16305916305916307 0.023469387755102045 0.06204906204906205
15 0.754591836734694 0.1396103896103896 0.02142857142857143 0.03535353535353535
137 0.7770408163265307 0.15800865800865802 0.023469387755102045 0.05194805194805195
15 0.8316326530612246 0.1277056277056277 0.020408163265306124 0.03318903318903319
139 0.8510204081632654 0.1518759018759019 0.028571428571428574 0.06132756132756133
69 0.0826530612244898 0.3481240981240981 0.036734693877551024 0.07142857142857142
15 0.3719387755102041 0.3502886002886003 0.02142857142857143 0.03391053391053391
73 0.4005102040816327 0.33585858585858586 0.02959183673469388 0.056998556998557
15 0.5994897959183674 0.3502886002886003 0.01938775510204082 0.03391053391053391
73 0.6275510204081634 0.3354978354978355 0.028571428571428574 0.05627705627705628
69 0.08316326530612246 0.5288600288600288 0.03571428571428572 0.07215007215007214
73 0.39948979591836736 0.5173160173160173 0.031632653061224494 0.05627705627705628
73 0.6270408163265306 0.5173160173160173 0.031632653061224494 0.05627705627705628
140 0.07806122448979592 0.693001443001443 0.023469387755102045 0.06854256854256854
169 0.16020408163265307 0.6951659451659452 0.0326530612244898 0.06277056277056277
139 0.20765306122448982 0.6962481962481962 0.023469387755102045 0.06349206349206349
15 0.27704081632653066 0.6767676767676768 0.01938775510204082 0.03318903318903319
168 0.2923469387755102 0.6991341991341992 0.0336734693877551 0.05483405483405483
15 0.3719387755102041 0.6774891774891775 0.01938775510204082 0.03318903318903319
79 0.3984693877551021 0.6984126984126984 0.02755102040816327 0.05772005772005772
21 0.6239795918367348 0.6778499278499278 0.023469387755102045 0.025252525252525252
134 0.7000000000000001 0.7095959595959596 0.022448979591836737 0.06854256854256854
15 0.7540816326530613 0.6893939393939394 0.020408163265306124 0.03391053391053391
136 0.7775510204081634 0.702020202020202 0.02448979591836735 0.05194805194805195
15 0.8311224489795919 0.6774891774891775 0.01938775510204082 0.03318903318903319
138 0.8520408163265307 0.6994949494949495 0.028571428571428574 0.056998556998557
