12 0.553061224489796 0.2222222222222222 0.0163265306122449 0.049062049062049064
12 0.903061224489796 0.22258297258297258 0.0163265306122449 0.049783549783549784
12 0.12397959183673471 0.22258297258297258 0.015306122448979593 0.046897546897546896
12 0.9025510204081634 0.3935786435786436 0.017346938775510204 0.048340548340548344
12 0.12346938775510205 0.3935786435786436 0.0163265306122449 0.046897546897546896
12 0.5525510204081633 0.3939393939393939 0.015306122448979593 0.047619047619047616
14 0.6158163265306122 0.4231601731601732 0.01326530612244898 0.010822510822510822
12 0.9025510204081634 0.5645743145743146 0.017346938775510204 0.048340548340548344
12 0.12346938775510205 0.5645743145743146 0.0163265306122449 0.046897546897546896
12 0.553061224489796 0.564935064935065 0.0163265306122449 0.047619047619047616
14 0.616326530612245 0.5707070707070707 0.012244897959183675 0.008658008658008658
14 0.616326530612245 0.6825396825396826 0.012244897959183675 0.008658008658008658
12 0.12448979591836735 0.7355699855699855 0.018367346938775512 0.048340548340548344
12 0.9025510204081634 0.7355699855699855 0.017346938775510204 0.048340548340548344
12 0.553061224489796 0.7355699855699855 0.0163265306122449 0.046897546897546896
103 0.1719387755102041 0.23015873015873015 0.02142857142857143 0.06637806637806638
102 0.30714285714285716 0.21608946608946608 0.022448979591836737 0.06132756132756133
101 0.439795918367347 0.2196969696969697 0.022448979591836737 0.056998556998557
103 0.5887755102040817 0.23015873015873015 0.022448979591836737 0.06782106782106782
102 0.6954081632653062 0.21608946608946608 0.02142857142857143 0.06132756132756133
15 0.7775510204081634 0.227994227994228 0.020408163265306124 0.03463203463203463
102 0.8025510204081633 0.21608946608946608 0.023469387755102045 0.06132756132756133
17 0.04387755102040817 0.41053391053391053 0.018367346938775512 0.03607503607503607
131 0.06683673469387756 0.3906926406926407 0.02142857142857143 0.05844155844155844
102 0.1719387755102041 0.3878066378066378 0.02142857142857143 0.06132756132756133
17 0.28469387755102044 0.41053391053391053 0.018367346938775512 0.03607503607503607
131 0.31173469387755104 0.3935786435786436 0.02959183673469388 0.051226551226551224
130 0.3688775510204082 0.39646464646464646 0.023469387755102045 0.056998556998557
98 0.438265306122449 0.3986291486291486 0.023469387755102045 0.06277056277056277
69 0.5933673469387756 0.4018759018759019 0.0336734693877551 0.0707070707070707
136 0.1709183673469388 0.5663780663780664 0.02142857142857143 0.05483405483405483
135 0.23163265306122452 0.5674603174603174 0.028571428571428574 0.056998556998557
17 0.28469387755102044 0.5645743145743146 0.018367346938775512 0.03535353535353535
134 0.3112244897959184 0.5577200577200577 0.028571428571428574 0.06493506493506493
133 0.3678571428571429 0.5591630591630592 0.023469387755102045 0.06349206349206349
102 0.4387755102040817 0.5598845598845599 0.022448979591836737 0.06060606060606061
73 0.5933673469387756 0.5613275613275613 0.031632653061224494 0.05772005772005772
134 0.0663265306122449 0.7294372294372294 0.022448979591836737 0.06637806637806638
17 0.14948979591836736 0.7225829725829725 0.017346938775510204 0.03535353535353535
136 0.17244897959183675 0.7366522366522367 0.022448979591836737 0.05194805194805195
138 0.23112244897959186 0.733044733044733 0.02959183673469388 0.05627705627705628
141 0.3066326530612245 0.7236652236652237 0.023469387755102045 0.07503607503607504
142 0.36275510204081635 0.7211399711399712 0.0336734693877551 0.08008658008658008
17 0.41734693877551027 0.6825396825396826 0.0163265306122449 0.03463203463203463
143 0.439795918367347 0.7178932178932179 0.028571428571428574 0.08658008658008658
142 0.4964285714285715 0.7218614718614719 0.0336734693877551 0.08008658008658008
83 0.5928571428571429 0.7207792207792207 0.0326530612244898 0.0808080808080808
