12 0.2699652777777778 0.10061349693251534 0.015625 0.04049079754601227
12 0.9036458333333333 0.10122699386503069 0.015625 0.04171779141104295
12 0.57421875 0.100920245398773 0.014756944444444444 0.03987730061349694
12 0.5746527777777778 0.25766871165644173 0.015625 0.04049079754601227
12 0.9036458333333333 0.2579754601226994 0.015625 0.04110429447852761
12 0.2699652777777778 0.25766871165644173 0.015625 0.0392638036809816
14 0.02300347222222222 0.2628834355828221 0.011284722222222222 0.009202453987730062
12 0.2708333333333333 0.4150306748466258 0.015625 0.04110429447852761
12 0.9036458333333333 0.4153374233128835 0.015625 0.04171779141104295
12 0.57421875 0.4153374233128835 0.014756944444444444 0.04049079754601227
14 0.625 0.4101226993865031 0.013888888888888888 0.007975460122699387
12 0.26953125 0.5720858895705522 0.014756944444444444 0.03987730061349694
12 0.9032118055555555 0.5723926380368098 0.014756944444444444 0.04049079754601227
12 0.5733506944444444 0.5726993865030675 0.014756944444444444 0.03987730061349694
14 0.625 0.5978527607361963 0.012152777777777776 0.007975460122699387
12 0.5746527777777778 0.7294478527607362 0.015625 0.04049079754601227
12 0.9036458333333333 0.7297546012269939 0.015625 0.04110429447852761
12 0.2699652777777778 0.7297546012269939 0.015625 0.03987730061349694
14 0.02300347222222222 0.7346625766871167 0.011284722222222222 0.009202453987730062
19 0.7061631944444444 0.09846625766871166 0.028645833333333332 0.011656441717791411
102 0.3016493055555555 0.2530674846625767 0.021701388888888888 0.05337423312883436
133 0.390625 0.2530674846625767 0.034722222222222224 0.05337423312883436
101 0.4383680555555555 0.25460122699386506 0.022569444444444444 0.04785276073619632
133 0.5277777777777778 0.2524539877300614 0.034722222222222224 0.05337423312883436
106 0.6050347222222222 0.25766871165644173 0.022569444444444444 0.044171779141104296
21 0.7061631944444444 0.25858895705521473 0.019965277777777776 0.02147239263803681
20 0.7534722222222222 0.2561349693251534 0.017361111111111112 0.03374233128834356
21 0.8576388888888888 0.25858895705521473 0.020833333333333332 0.02147239263803681
136 0.08550347222222222 0.4171779141104295 0.021701388888888888 0.04785276073619632
104 0.1388888888888889 0.42024539877300615 0.020833333333333332 0.053987730061349694
135 0.22265625 0.4199386503067485 0.021701388888888888 0.05337423312883436
107 0.2999131944444444 0.4128834355828221 0.021701388888888888 0.049079754601226995
137 0.3828125 0.4153374233128835 0.020833333333333332 0.04294478527607362
105 0.4370659722222222 0.4180981595092025 0.021701388888888888 0.04846625766871166
135 0.5203993055555556 0.42024539877300615 0.021701388888888888 0.05276073619631902
103 0.6046006944444444 0.42208588957055215 0.021701388888888888 0.05644171779141104
20 0.7534722222222222 0.4134969325153374 0.017361111111111112 0.033128834355828224
136 0.8567708333333333 0.4180981595092025 0.022569444444444444 0.04846625766871166
131 0.09288194444444443 0.5726993865030675 0.03645833333333333 0.04355828220858896
99 0.13975694444444445 0.5754601226993865 0.022569444444444444 0.049079754601226995
130 0.22916666666666666 0.5751533742331288 0.03298611111111111 0.04846625766871166
102 0.30121527777777773 0.5674846625766872 0.020833333333333332 0.05276073619631902
132 0.3901909722222222 0.5696319018404908 0.033854166666666664 0.047239263803680986
100 0.4370659722222222 0.5726993865030675 0.0234375 0.04355828220858896
130 0.5277777777777778 0.5751533742331288 0.034722222222222224 0.04846625766871166
98 0.6050347222222222 0.5773006134969325 0.022569444444444444 0.053987730061349694
20 0.7534722222222222 0.5708588957055215 0.017361111111111112 0.03374233128834356
132 0.8645833333333333 0.5699386503067485 0.034722222222222224 0.04785276073619632
102 0.30121527777777773 0.7245398773006135 0.022569444444444444 0.05276073619631902
133 0.390625 0.7251533742331289 0.034722222222222224 0.05276073619631902
101 0.4383680555555555 0.7266871165644172 0.022569444444444444 0.047239263803680986
133 0.5277777777777778 0.7242331288343559 0.034722222222222224 0.05337423312883436
106 0.60546875 0.7297546012269939 0.0234375 0.04355828220858896
21 0.7057291666666666 0.7303680981595092 0.020833333333333332 0.02147239263803681
20 0.7530381944444444 0.7279141104294479 0.018229166666666664 0.03374233128834356
21 0.8580729166666666 0.7303680981595092 0.021701388888888888 0.02147239263803681
