13 0.3658163265306123 0.047979797979797977 0.02142857142857143 0.049783549783549784
12 0.07295918367346939 0.048340548340548344 0.01938775510204082 0.049062049062049064
12 0.6403061224489797 0.047979797979797977 0.017346938775510204 0.048340548340548344
12 0.9020408163265307 0.048701298701298704 0.0163265306122449 0.048340548340548344
14 0.015306122448979593 0.030303030303030304 0.014285714285714287 0.0101010101010101
14 0.13214285714285715 0.12987012987012986 0.01326530612244898 0.0101010101010101
14 0.014285714285714287 0.1414141414141414 0.014285714285714287 0.0101010101010101
14 0.2826530612244898 0.14177489177489178 0.014285714285714287 0.00937950937950938
13 0.36530612244897964 0.170995670995671 0.02448979591836735 0.049062049062049064
12 0.0739795918367347 0.17063492063492064 0.017346938775510204 0.046897546897546896
12 0.639795918367347 0.17027417027417027 0.0163265306122449 0.046176046176046176
12 0.9020408163265307 0.17063492063492064 0.0163265306122449 0.046897546897546896
14 0.5857142857142857 0.15295815295815296 0.012244897959183675 0.0101010101010101
14 0.6913265306122449 0.15295815295815296 0.01326530612244898 0.0101010101010101
14 0.8423469387755103 0.15295815295815296 0.01326530612244898 0.0101010101010101
14 0.42040816326530617 0.15331890331890333 0.012244897959183675 0.00937950937950938
12 0.0071428571428571435 0.4917027417027417 0.012244897959183675 0.049783549783549784
13 0.34438775510204084 0.49206349206349204 0.025510204081632654 0.049062049062049064
12 0.6362244897959184 0.49098124098124096 0.015306122448979593 0.046897546897546896
12 0.9020408163265307 0.4917027417027417 0.018367346938775512 0.048340548340548344
14 0.05561224489795919 0.4981962481962482 0.01326530612244898 0.010822510822510822
14 0.19744897959183674 0.49783549783549785 0.01326530612244898 0.0101010101010101
12 0.0071428571428571435 0.6147186147186147 0.012244897959183675 0.049062049062049064
13 0.34540816326530616 0.6147186147186147 0.02755102040816327 0.049062049062049064
12 0.6367346938775511 0.6147186147186147 0.018367346938775512 0.047619047619047616
12 0.9020408163265307 0.6150793650793651 0.0163265306122449 0.048340548340548344
14 0.056632653061224496 0.6435786435786436 0.01326530612244898 0.008658008658008658
14 0.1979591836734694 0.6439393939393939 0.012244897959183675 0.00937950937950938
13 0.3448979591836735 0.7362914862914863 0.022448979591836737 0.049783549783549784
12 0.6367346938775511 0.7366522366522367 0.018367346938775512 0.049062049062049064
12 0.007653061224489797 0.737012987012987 0.01326530612244898 0.048340548340548344
12 0.9025510204081634 0.7373737373737373 0.017346938775510204 0.049062049062049064
14 0.05561224489795919 0.7308802308802309 0.01326530612244898 0.0101010101010101
12 0.0071428571428571435 0.8582251082251082 0.012244897959183675 0.046897546897546896
13 0.3459183673469388 0.8589466089466089 0.028571428571428574 0.048340548340548344
12 0.6367346938775511 0.8589466089466089 0.018367346938775512 0.048340548340548344
12 0.901530612244898 0.8589466089466089 0.017346938775510204 0.048340548340548344
14 0.05561224489795919 0.8412698412698413 0.01326530612244898 0.0101010101010101
14 0.19744897959183674 0.8409090909090909 0.01326530612244898 0.00937950937950938
26 0.042346938775510205 0.048701298701298704 0.03775510204081633 0.07287157287157287
19 0.11173469387755103 0.045454545454545456 0.03775510204081633 0.01443001443001443
20 0.22244897959183677 0.047258297258297256 0.02448979591836735 0.0367965367965368
21 0.288265306122449 0.049062049062049064 0.023469387755102045 0.024531024531024532
133 0.3331632653061225 0.04184704184704185 0.039795918367346944 0.06204906204906205
106 0.3984693877551021 0.048340548340548344 0.02959183673469388 0.05194805194805195
104 0.45510204081632655 0.05411255411255411 0.02653061224489796 0.06349206349206349
106 0.5270408163265307 0.048340548340548344 0.02959183673469388 0.05194805194805195
107 0.5918367346938777 0.045454545454545456 0.028571428571428574 0.05627705627705628
76 0.6688775510204082 0.05411255411255411 0.02959183673469388 0.06493506493506493
103 0.7841836734693878 0.05591630591630592 0.02755102040816327 0.0670995670995671
102 0.8505102040816327 0.04256854256854257 0.02755102040816327 0.06349206349206349
109 0.11020408163265308 0.1626984126984127 0.0326530612244898 0.06998556998556998
140 0.1806122448979592 0.16197691197691197 0.03469387755102041 0.06998556998556998
21 0.2229591836734694 0.17135642135642135 0.023469387755102045 0.025252525252525252
108 0.2612244897959184 0.16522366522366522 0.028571428571428574 0.06349206349206349
106 0.3989795918367347 0.17063492063492064 0.028571428571428574 0.051226551226551224
137 0.48367346938775513 0.170995670995671 0.02653061224489796 0.050505050505050504
21 0.5244897959183674 0.17207792207792208 0.022448979591836737 0.025252525252525252
106 0.5627551020408164 0.17027417027417027 0.02755102040816327 0.05194805194805195
105 0.6688775510204082 0.17352092352092352 0.02959183673469388 0.056998556998557
136 0.739795918367347 0.1738816738816739 0.028571428571428574 0.05772005772005772
21 0.7806122448979592 0.1717171717171717 0.020408163265306124 0.025974025974025976
105 0.8193877551020409 0.17316017316017315 0.02653061224489796 0.05627705627705628
102 0.03469387755102041 0.48665223665223667 0.02653061224489796 0.06277056277056277
133 0.10459183673469388 0.48665223665223667 0.03775510204081633 0.06277056277056277
21 0.13877551020408163 0.49206349206349204 0.022448979591836737 0.025974025974025976
102 0.17653061224489797 0.4862914862914863 0.028571428571428574 0.06349206349206349
21 0.38112244897959185 0.49314574314574317 0.02142857142857143 0.025252525252525252
106 0.41734693877551027 0.49206349206349204 0.02653061224489796 0.050505050505050504
135 0.4698979591836735 0.49855699855699853 0.025510204081632654 0.06349206349206349
103 0.5096938775510205 0.5 0.025510204081632654 0.06637806637806638
133 0.5693877551020409 0.4855699855699856 0.0326530612244898 0.06349206349206349
133 0.6035714285714286 0.48593073593073594 0.025510204081632654 0.06421356421356421
133 0.6714285714285715 0.4862914862914863 0.036734693877551024 0.06204906204906205
102 0.7071428571428572 0.48593073593073594 0.02653061224489796 0.06277056277056277
133 0.7658163265306123 0.4862914862914863 0.03571428571428572 0.06204906204906205
103 0.8010204081632654 0.5003607503607503 0.02653061224489796 0.0670995670995671
104 0.8561224489795919 0.49783549783549785 0.02653061224489796 0.06349206349206349
98 0.034183673469387756 0.6204906204906205 0.02755102040816327 0.06204906204906205
129 0.10408163265306124 0.6208513708513709 0.03877551020408164 0.06421356421356421
21 0.13724489795918368 0.6154401154401155 0.02142857142857143 0.025974025974025976
98 0.17602040816326534 0.6201298701298701 0.02755102040816327 0.06421356421356421
97 0.38469387755102047 0.623015873015873 0.030612244897959186 0.06854256854256854
97 0.44489795918367353 0.6233766233766234 0.030612244897959186 0.0707070707070707
97 0.5096938775510205 0.6233766233766234 0.031632653061224494 0.0707070707070707
97 0.5653061224489796 0.6233766233766234 0.030612244897959186 0.0707070707070707
98 0.6658163265306123 0.6208513708513709 0.02755102040816327 0.06421356421356421
98 0.7341836734693878 0.6204906204906205 0.02959183673469388 0.06493506493506493
98 0.8020408163265307 0.6201298701298701 0.028571428571428574 0.06421356421356421
98 0.8576530612244899 0.6201298701298701 0.02755102040816327 0.06421356421356421
104 0.03316326530612245 0.7420634920634921 0.02755102040816327 0.06277056277056277
133 0.10408163265306124 0.7312409812409812 0.036734693877551024 0.06277056277056277
133 0.138265306122449 0.7445887445887446 0.025510204081632654 0.06637806637806638
137 0.17142857142857143 0.7388167388167388 0.030612244897959186 0.05627705627705628
166 0.213265306122449 0.7388167388167388 0.02448979591836735 0.05483405483405483
165 0.24132653061224493 0.7413419913419913 0.02959183673469388 0.05988455988455989
133 0.2693877551020408 0.7438672438672439 0.0326530612244898 0.06637806637806638
28 0.30867346938775514 0.737012987012987 0.04387755102040817 0.051226551226551224
101 0.3841836734693878 0.733044733044733 0.02755102040816327 0.05627705627705628
101 0.4454081632653062 0.7337662337662337 0.02755102040816327 0.05772005772005772
101 0.5102040816326531 0.7334054834054834 0.028571428571428574 0.05844155844155844
101 0.5658163265306123 0.7341269841269841 0.02959183673469388 0.05844155844155844
101 0.666326530612245 0.7337662337662337 0.028571428571428574 0.05772005772005772
101 0.7336734693877551 0.7334054834054834 0.028571428571428574 0.05844155844155844
101 0.8020408163265307 0.7334054834054834 0.028571428571428574 0.05844155844155844
101 0.8581632653061225 0.7337662337662337 0.028571428571428574 0.05627705627705628
105 0.03316326530612245 0.8611111111111112 0.025510204081632654 0.05555555555555555
136 0.09744897959183674 0.8614718614718615 0.02959183673469388 0.05772005772005772
21 0.1362244897959184 0.8603896103896104 0.02142857142857143 0.025252525252525252
105 0.17448979591836736 0.8614718614718615 0.02653061224489796 0.05627705627705628
104 0.38265306122448983 0.8643578643578643 0.02653061224489796 0.06349206349206349
104 0.4438775510204082 0.8643578643578643 0.02653061224489796 0.06349206349206349
104 0.5091836734693878 0.8647186147186147 0.02653061224489796 0.06277056277056277
104 0.564795918367347 0.863997113997114 0.02755102040816327 0.06277056277056277
105 0.664795918367347 0.8614718614718615 0.02755102040816327 0.05772005772005772
105 0.7321428571428572 0.8614718614718615 0.02755102040816327 0.05772005772005772
105 0.8005102040816328 0.8618326118326118 0.02755102040816327 0.05844155844155844
105 0.8566326530612246 0.8611111111111112 0.02755102040816327 0.056998556998557
