12 0.09693877551020409 0.21392496392496393 0.0163265306122449 0.049783549783549784
12 0.6540816326530613 0.2132034632034632 0.0163265306122449 0.048340548340548344
12 0.09642857142857143 0.4653679653679654 0.01326530612244898 0.047619047619047616
12 0.6545918367346939 0.4653679653679654 0.017346938775510204 0.046176046176046176
14 0.2306122448979592 0.4704184704184704 0.014285714285714287 0.0101010101010101
14 0.7219387755102041 0.47113997113997114 0.015306122448979593 0.0101010101010101
26 0.13316326530612246 0.21284271284271283 0.05204081632653062 0.10533910533910534
129 0.21122448979591837 0.2178932178932179 0.04081632653061225 0.06204906204906205
21 0.2979591836734694 0.2132034632034632 0.02653061224489796 0.023809523809523808
136 0.3755102040816327 0.21645021645021645 0.028571428571428574 0.05772005772005772
21 0.439795918367347 0.21356421356421357 0.02653061224489796 0.024531024531024532
136 0.5290816326530613 0.21608946608946608 0.02959183673469388 0.056998556998557
21 0.5948979591836735 0.2132034632034632 0.028571428571428574 0.025252525252525252
18 0.8382653061224491 0.2049062049062049 0.04387755102040817 0.015873015873015872
37 0.13775510204081634 0.47186147186147187 0.06326530612244899 0.07215007215007214
74 0.20408163265306123 0.45995670995670995 0.02653061224489796 0.06132756132756133
74 0.6954081632653062 0.45995670995670995 0.025510204081632654 0.06277056277056277
