6 0.32036199095022627 0.16858605246321176 0.034389140271493215 0.051823416506717845
12 0.23846153846153847 0.182341650671785 0.013574660633484163 0.04350607805502239
12 0.8461538461538461 0.182341650671785 0.014479638009049774 0.04222648752399232
14 0.4334841628959276 0.16666666666666666 0.012669683257918552 0.009596928982725527
14 0.6597285067873303 0.1871401151631478 0.01085972850678733 0.008317338451695458
6 0.3208144796380091 0.2866282789507357 0.03529411764705882 0.05118362124120281
12 0.23846153846153847 0.290467050543826 0.013574660633484163 0.04350607805502239
12 0.8457013574660633 0.29014715291106846 0.017194570135746608 0.042866282789507354
6 0.17737556561085974 0.4872040946896993 0.03800904977375566 0.04926423544465771
12 0.09502262443438915 0.5012795905310301 0.014479638009049774 0.042866282789507354
12 0.7312217194570136 0.5012795905310301 0.016289592760180997 0.042866282789507354
6 0.17737556561085974 0.6055662188099807 0.03981900452488688 0.05054382597568778
12 0.09547511312217195 0.609404990403071 0.015384615384615385 0.042866282789507354
12 0.7312217194570136 0.6090850927703135 0.014479638009049774 0.04222648752399232
6 0.17692307692307693 0.8058221369161868 0.037104072398190045 0.04926423544465771
12 0.09502262443438915 0.8198976327575176 0.012669683257918552 0.042866282789507354
12 0.8298642533936652 0.8202175303902751 0.016289592760180997 0.04222648752399232
6 0.17737556561085974 0.9245041586692259 0.03619909502262444 0.04862444017914267
12 0.09502262443438915 0.927703134996801 0.014479638009049774 0.04222648752399232
12 0.830316742081448 0.927703134996801 0.017194570135746608 0.04222648752399232
26 0.2710407239819005 0.1801023672424824 0.04253393665158371 0.08253358925143954
105 0.4126696832579186 0.18490083173384517 0.02171945701357466 0.04990403071017274
102 0.6398190045248869 0.17690339091490723 0.023529411764705882 0.05566218809980806
131 0.869683257918552 0.1820217530390275 0.025339366515837104 0.037747920665387076
161 0.897737556561086 0.18266154830454254 0.02895927601809955 0.04670505438259757
160 0.9475113122171946 0.18490083173384517 0.023529411764705882 0.05118362124120281
27 0.269683257918552 0.28982725527831094 0.047058823529411764 0.046065259117082535
134 0.4122171945701358 0.2971849008317338 0.02262443438914027 0.05950095969289827
136 0.49185520361990953 0.2965451055662188 0.02262443438914027 0.05950095969289827
134 0.5592760180995475 0.2965451055662188 0.03257918552036199 0.05950095969289827
133 0.644343891402715 0.2875879718490083 0.03076923076923077 0.05054382597568778
131 0.7113122171945702 0.2885476647472809 0.025339366515837104 0.05118362124120281
133 0.7914027149321268 0.28822776711452336 0.024434389140271493 0.05054382597568778
134 0.893212669683258 0.2965451055662188 0.023529411764705882 0.05950095969289827
26 0.12760180995475115 0.4987204094689699 0.04343891402714932 0.08253358925143954
136 0.2411764705882353 0.5025591810620601 0.024434389140271493 0.04926423544465771
138 0.3266968325791855 0.501919385796545 0.023529411764705882 0.0582213691618682
133 0.4063348416289593 0.5063979526551503 0.03076923076923077 0.05694177863083813
132 0.5031674208144796 0.49840051183621237 0.034389140271493215 0.04862444017914267
100 0.581447963800905 0.5012795905310301 0.024434389140271493 0.04670505438259757
99 0.781447963800905 0.5044785668586053 0.02262443438914027 0.05054382597568778
137 0.9601809954751132 0.5015994881637875 0.023529411764705882 0.046065259117082535
27 0.12669683257918551 0.6084452975047985 0.04524886877828054 0.046065259117082535
136 0.2398190045248869 0.6113243761996161 0.023529411764705882 0.05054382597568778
21 0.32714932126696833 0.609404990403071 0.020814479638009052 0.02111324376199616
21 0.40995475113122176 0.609404990403071 0.02171945701357466 0.02111324376199616
133 0.4995475113122172 0.6036468330134357 0.03076923076923077 0.05694177863083813
134 0.5819004524886878 0.6036468330134357 0.023529411764705882 0.05694177863083813
15 0.6438914027149322 0.6295585412667946 0.01900452488687783 0.03326935380678183
130 0.6687782805429865 0.6055662188099807 0.023529411764705882 0.06206014075495841
131 0.7832579185520362 0.608765195137556 0.02986425339366516 0.04670505438259757
133 0.8705882352941177 0.6058861164427383 0.023529411764705882 0.052463211772232884
135 0.9597285067873303 0.6023672424824056 0.02262443438914027 0.0582213691618682
26 0.12805429864253395 0.8173384516954574 0.044343891402714934 0.08253358925143954
15 0.2497737556561086 0.8301343570057581 0.01990950226244344 0.03390914907229686
162 0.2755656108597285 0.8195777351247601 0.028054298642533938 0.044785668586052464
161 0.3090497737556561 0.8205374280230326 0.024434389140271493 0.045425463851567496
160 0.34434389140271493 0.8227767114523352 0.02262443438914027 0.05118362124120281
107 0.38687782805429866 0.8173384516954574 0.02262443438914027 0.05054382597568778
22 0.5135746606334842 0.8262955854126679 0.024434389140271493 0.03262955854126679
162 0.5538461538461539 0.8138195777351247 0.02895927601809955 0.05758157389635316
163 0.5850678733031675 0.8131797824696096 0.02262443438914027 0.05758157389635316
164 0.6248868778280543 0.8109404990403071 0.02986425339366516 0.06333973128598848
163 0.6574660633484163 0.8125399872040947 0.02262443438914027 0.060140754958413305
162 0.6932126696832579 0.8138195777351247 0.02171945701357466 0.05758157389635316
166 0.7316742081447964 0.8256557901471528 0.020814479638009052 0.05694177863083813
165 0.7674208144796381 0.826935380678183 0.02171945701357466 0.060780550223928344
164 0.8004524886877828 0.8282149712092131 0.026244343891402715 0.06333973128598848
133 0.8597285067873304 0.8147792706333973 0.03619909502262444 0.05566218809980806
106 0.9158371040723983 0.8208573256557902 0.023529411764705882 0.046065259117082535
27 0.12714932126696832 0.9273832373640435 0.046153846153846156 0.045425463851567496
135 0.2719457013574661 0.9334612923864363 0.02262443438914027 0.05758157389635316
135 0.38687782805429866 0.9331413947536787 0.02262443438914027 0.05694177863083813
135 0.4461538461538462 0.9331413947536787 0.02895927601809955 0.05694177863083813
135 0.5122171945701358 0.9334612923864363 0.02171945701357466 0.05758157389635316
135 0.6208144796380091 0.9334612923864363 0.023529411764705882 0.05758157389635316
135 0.728054298642534 0.9334612923864363 0.02986425339366516 0.05630198336532309
133 0.8579185520361992 0.9222648752399232 0.02895927601809955 0.05694177863083813
133 0.9162895927601811 0.9222648752399232 0.024434389140271493 0.05694177863083813
133 0.9787330316742082 0.9222648752399232 0.02262443438914027 0.05694177863083813
