7 0.18979591836734697 0.07467532467532467 0.05102040816326531 0.05555555555555555
12 0.09591836734693879 0.0891053391053391 0.014285714285714287 0.049783549783549784
12 0.5714285714285715 0.08874458874458875 0.0163265306122449 0.047619047619047616
12 0.8801020408163266 0.08874458874458875 0.015306122448979593 0.047619047619047616
7 0.1903061224489796 0.18362193362193363 0.05 0.056998556998557
12 0.09591836734693879 0.1984126984126984 0.014285714285714287 0.049062049062049064
12 0.5709183673469388 0.19733044733044733 0.017346938775510204 0.046897546897546896
12 0.8801020408163266 0.1976911976911977 0.015306122448979593 0.046176046176046176
14 0.2795918367346939 0.21572871572871574 0.012244897959183675 0.0101010101010101
12 0.09744897959183674 0.30844155844155846 0.015306122448979593 0.049783549783549784
12 0.5714285714285715 0.30735930735930733 0.0163265306122449 0.046176046176046176
12 0.8801020408163266 0.30735930735930733 0.017346938775510204 0.046176046176046176
12 0.0979591836734694 0.41774891774891776 0.014285714285714287 0.049062049062049064
12 0.5714285714285715 0.417027417027417 0.018367346938775512 0.047619047619047616
12 0.8801020408163266 0.417027417027417 0.01938775510204082 0.047619047619047616
14 0.2795918367346939 0.4116161616161616 0.012244897959183675 0.010822510822510822
7 0.1903061224489796 0.560966810966811 0.05 0.05555555555555555
12 0.09591836734693879 0.5753968253968254 0.014285714285714287 0.049783549783549784
12 0.7454081632653062 0.575036075036075 0.017346938775510204 0.047619047619047616
7 0.1903061224489796 0.6706349206349206 0.05 0.05555555555555555
12 0.09642857142857143 0.685064935064935 0.01326530612244898 0.049783549783549784
12 0.7464285714285714 0.6843434343434344 0.017346938775510204 0.046897546897546896
14 0.803061224489796 0.6666666666666666 0.014285714285714287 0.0101010101010101
12 0.09744897959183674 0.7943722943722944 0.015306122448979593 0.049062049062049064
12 0.7448979591836735 0.7936507936507936 0.0163265306122449 0.047619047619047616
14 0.8035714285714286 0.8506493506493507 0.01326530612244898 0.0101010101010101
12 0.09693877551020409 0.9040404040404041 0.014285714285714287 0.049062049062049064
12 0.7454081632653062 0.9033189033189033 0.015306122448979593 0.046176046176046176
26 0.12959183673469388 0.08694083694083694 0.04693877551020409 0.09018759018759019
18 0.3918367346938776 0.07972582972582973 0.03469387755102041 0.013708513708513708
18 0.7255102040816327 0.07936507936507936 0.03469387755102041 0.012987012987012988
26 0.12959183673469388 0.19624819624819625 0.04693877551020409 0.08946608946608947
99 0.2581632653061225 0.2012987012987013 0.02653061224489796 0.05772005772005772
99 0.4188775510204082 0.20165945165945165 0.02755102040816327 0.05844155844155844
127 0.5290816326530613 0.20995670995670995 0.039795918367346944 0.07503607503607504
100 0.6061224489795919 0.1984126984126984 0.02653061224489796 0.05194805194805195
127 0.6969387755102041 0.20995670995670995 0.04081632653061225 0.07503607503607504
101 0.7484693877551021 0.19480519480519481 0.025510204081632654 0.05772005772005772
127 0.8377551020408164 0.20995670995670995 0.03877551020408164 0.07503607503607504
102 0.914795918367347 0.19227994227994227 0.025510204081632654 0.06132756132756133
26 0.1306122448979592 0.30627705627705626 0.0489795918367347 0.09018759018759019
135 0.2571428571428572 0.31782106782106784 0.02653061224489796 0.07431457431457432
132 0.3076530612244898 0.31782106782106784 0.025510204081632654 0.07142857142857142
137 0.3602040816326531 0.31782106782106784 0.036734693877551024 0.07287157287157287
104 0.41785714285714287 0.3142135642135642 0.025510204081632654 0.06277056277056277
132 0.5301020408163266 0.30483405483405485 0.03775510204081633 0.05555555555555555
103 0.6051020408163266 0.3152958152958153 0.02653061224489796 0.06637806637806638
132 0.6969387755102041 0.30447330447330445 0.03877551020408164 0.05483405483405483
104 0.7469387755102042 0.3134920634920635 0.02653061224489796 0.06277056277056277
132 0.8382653061224491 0.30483405483405485 0.03775510204081633 0.05555555555555555
103 0.9137755102040818 0.3152958152958153 0.025510204081632654 0.06493506493506493
26 0.13010204081632654 0.4155844155844156 0.04591836734693878 0.08946608946608947
104 0.2566326530612245 0.4235209235209235 0.025510204081632654 0.06349206349206349
104 0.41785714285714287 0.4227994227994228 0.02755102040816327 0.06349206349206349
21 0.4908163265306123 0.3939393939393939 0.012244897959183675 0.01875901875901876
132 0.5301020408163266 0.41414141414141414 0.03775510204081633 0.05627705627705628
105 0.6051020408163266 0.41955266955266957 0.02653061224489796 0.05555555555555555
132 0.6974489795918368 0.4145021645021645 0.039795918367346944 0.05555555555555555
106 0.7474489795918368 0.4166666666666667 0.02755102040816327 0.051226551226551224
132 0.8387755102040817 0.4145021645021645 0.03877551020408164 0.05555555555555555
107 0.913265306122449 0.41414141414141414 0.02653061224489796 0.05627705627705628
26 0.13010204081632654 0.5735930735930735 0.047959183673469394 0.08946608946608947
18 0.47908163265306125 0.566017316017316 0.03571428571428572 0.013708513708513708
18 0.9663265306122449 0.5656565656565656 0.036734693877551024 0.01443001443001443
26 0.13010204081632654 0.6836219336219336 0.047959183673469394 0.09163059163059163
99 0.2581632653061225 0.6875901875901876 0.02653061224489796 0.05772005772005772
132 0.4301020408163266 0.6814574314574314 0.03775510204081633 0.05555555555555555
103 0.5051020408163266 0.6922799422799423 0.02653061224489796 0.0670995670995671
137 0.6714285714285715 0.6843434343434344 0.028571428571428574 0.051226551226551224
106 0.7811224489795919 0.6843434343434344 0.02755102040816327 0.051226551226551224
26 0.1306122448979592 0.7922077922077922 0.0489795918367347 0.09090909090909091
162 0.26071428571428573 0.7925685425685426 0.03571428571428572 0.05411255411255411
160 0.2959183673469388 0.7958152958152959 0.028571428571428574 0.06060606060606061
162 0.34132653061224494 0.7925685425685426 0.02755102040816327 0.05411255411255411
160 0.3790816326530613 0.7954545454545454 0.02755102040816327 0.06132756132756133
162 0.4239795918367347 0.7922077922077922 0.02755102040816327 0.05339105339105339
160 0.46173469387755106 0.7965367965367965 0.02959183673469388 0.06060606060606061
162 0.5091836734693878 0.7925685425685426 0.0326530612244898 0.05411255411255411
160 0.5443877551020408 0.7958152958152959 0.02959183673469388 0.06060606060606061
162 0.5892857142857143 0.7925685425685426 0.02755102040816327 0.05411255411255411
160 0.6270408163265306 0.7954545454545454 0.02755102040816327 0.06132756132756133
162 0.6719387755102041 0.7925685425685426 0.02755102040816327 0.05411255411255411
160 0.7096938775510204 0.7958152958152959 0.02959183673469388 0.06060606060606061
163 0.7831632653061226 0.7871572871572872 0.0336734693877551 0.06349206349206349
161 0.8198979591836736 0.7882395382395382 0.02755102040816327 0.0670995670995671
163 0.8642857142857143 0.7871572871572872 0.02653061224489796 0.06349206349206349
161 0.9020408163265307 0.7878787878787878 0.02653061224489796 0.06637806637806638
163 0.9469387755102041 0.7867965367965368 0.02653061224489796 0.06565656565656566
164 0.9862244897959185 0.7871572871572872 0.023469387755102045 0.06637806637806638
26 0.1306122448979592 0.9025974025974026 0.04693877551020409 0.08946608946608947
104 0.2566326530612245 0.9090909090909091 0.02755102040816327 0.06349206349206349
137 0.42244897959183675 0.9033189033189033 0.02653061224489796 0.050505050505050504
108 0.5051020408163266 0.8975468975468975 0.02653061224489796 0.06349206349206349
142 0.6719387755102041 0.8888888888888888 0.0336734693877551 0.08225108225108226
111 0.7811224489795919 0.8896103896103896 0.031632653061224494 0.0808080808080808
