2 0.18265306122448982 0.2305194805194805 0.036734693877551024 0.046897546897546896
12 0.5933673469387756 0.24242424242424243 0.017346938775510204 0.047619047619047616
12 0.7571428571428572 0.2427849927849928 0.018367346938775512 0.048340548340548344
12 0.903061224489796 0.24314574314574314 0.018367346938775512 0.049062049062049064
12 0.4270408163265306 0.24314574314574314 0.017346938775510204 0.047619047619047616
2 0.18265306122448982 0.45165945165945165 0.03469387755102041 0.046176046176046176
12 0.39540816326530615 0.46464646464646464 0.017346938775510204 0.047619047619047616
12 0.5510204081632654 0.465007215007215 0.018367346938775512 0.048340548340548344
12 0.7551020408163266 0.465007215007215 0.0163265306122449 0.048340548340548344
12 0.9127551020408164 0.465007215007215 0.017346938775510204 0.048340548340548344
2 0.18214285714285716 0.6735209235209235 0.0336734693877551 0.046897546897546896
12 0.41377551020408165 0.6868686868686869 0.017346938775510204 0.049062049062049064
12 0.6795918367346939 0.6868686868686869 0.018367346938775512 0.049062049062049064
12 0.9142857142857144 0.6868686868686869 0.018367346938775512 0.047619047619047616
2 0.18265306122448982 0.8953823953823954 0.036734693877551024 0.047619047619047616
12 0.4326530612244898 0.9087301587301587 0.020408163265306124 0.048340548340548344
12 0.6801020408163266 0.9083694083694084 0.01938775510204082 0.047619047619047616
12 0.9316326530612246 0.9087301587301587 0.0163265306122449 0.046897546897546896
26 0.12908163265306125 0.24458874458874458 0.04591836734693878 0.07503607503607504
138 0.288265306122449 0.240981240981241 0.02142857142857143 0.05627705627705628
140 0.39234693877551025 0.23484848484848486 0.025510204081632654 0.06854256854256854
136 0.45510204081632655 0.24603174603174602 0.022448979591836737 0.05627705627705628
108 0.49591836734693884 0.23737373737373738 0.022448979591836737 0.06204906204906205
138 0.5591836734693878 0.24062049062049062 0.022448979591836737 0.056998556998557
106 0.6596938775510205 0.2427849927849928 0.023469387755102045 0.051226551226551224
136 0.7239795918367348 0.24639249639249639 0.023469387755102045 0.056998556998557
108 0.7862244897959184 0.23737373737373738 0.023469387755102045 0.06204906204906205
107 0.8505102040816327 0.240981240981241 0.023469387755102045 0.05627705627705628
137 0.9321428571428573 0.24675324675324675 0.023469387755102045 0.05772005772005772
166 0.9729591836734695 0.24783549783549783 0.02142857142857143 0.06132756132756133
26 0.12959183673469388 0.4660894660894661 0.04693877551020409 0.07503607503607504
134 0.2535714285714286 0.45707070707070707 0.031632653061224494 0.0670995670995671
106 0.2923469387755102 0.465007215007215 0.023469387755102045 0.051226551226551224
136 0.3602040816326531 0.4678932178932179 0.02448979591836735 0.05844155844155844
108 0.4244897959183674 0.4595959595959596 0.022448979591836737 0.06204906204906205
107 0.4928571428571429 0.46284271284271283 0.022448979591836737 0.05555555555555555
137 0.5806122448979593 0.46825396825396826 0.022448979591836737 0.05772005772005772
166 0.6229591836734695 0.46933621933621933 0.02142857142857143 0.05988455988455989
165 0.65 0.4707792207792208 0.02653061224489796 0.06277056277056277
136 0.6816326530612246 0.46825396825396826 0.020408163265306124 0.05772005772005772
134 0.7173469387755103 0.4715007215007215 0.028571428571428574 0.06421356421356421
102 0.7821428571428573 0.4592352092352092 0.023469387755102045 0.06277056277056277
103 0.8500000000000001 0.45851370851370854 0.020408163265306124 0.0670995670995671
135 0.941326530612245 0.47186147186147187 0.02142857142857143 0.06493506493506493
138 0.9872448979591838 0.4696969696969697 0.023469387755102045 0.0735930735930736
26 0.13010204081632654 0.6875901875901876 0.04591836734693878 0.07503607503607504
103 0.25 0.68001443001443 0.022448979591836737 0.0670995670995671
20 0.3336734693877551 0.6814574314574314 0.020408163265306124 0.03391053391053391
164 0.44489795918367353 0.6926406926406926 0.020408163265306124 0.06204906204906205
165 0.476530612244898 0.6904761904761905 0.02653061224489796 0.06060606060606061
136 0.5112244897959184 0.6893939393939394 0.02653061224489796 0.056998556998557
166 0.5668367346938776 0.693001443001443 0.02142857142857143 0.06421356421356421
165 0.5979591836734695 0.6948051948051948 0.02653061224489796 0.06782106782106782
134 0.6326530612244898 0.696969696969697 0.028571428571428574 0.07215007215007214
138 0.7122448979591838 0.6843434343434344 0.022448979591836737 0.056998556998557
138 0.7642857142857143 0.6847041847041847 0.022448979591836737 0.05772005772005772
138 0.8158163265306123 0.6847041847041847 0.02142857142857143 0.05772005772005772
141 0.8678571428571429 0.6753246753246753 0.0336734693877551 0.07503607503607504
170 0.9464285714285715 0.6778499278499278 0.025510204081632654 0.06854256854256854
171 0.9785714285714286 0.6753246753246753 0.030612244897959186 0.07503607503607504
26 0.13010204081632654 0.9098124098124099 0.04591836734693878 0.07503607503607504
17 0.22908163265306125 0.88997113997114 0.017346938775510204 0.03535353535353535
106 0.2525510204081633 0.9087301587301587 0.023469387755102045 0.051226551226551224
107 0.34693877551020413 0.9062049062049062 0.022448979591836737 0.05627705627705628
139 0.4683673469387756 0.9058441558441559 0.022448979591836737 0.06854256854256854
135 0.5204081632653061 0.9112554112554112 0.022448979591836737 0.05772005772005772
140 0.5801020408163265 0.902958152958153 0.02755102040816327 0.07431457431457432
135 0.6290816326530613 0.9112554112554112 0.02959183673469388 0.05772005772005772
110 0.7137755102040817 0.8968253968253969 0.02755102040816327 0.07503607503607504
142 0.8102040816326531 0.8935786435786436 0.02653061224489796 0.08008658008658008
171 0.866326530612245 0.8968253968253969 0.02448979591836735 0.07647907647907648
170 0.9005102040816327 0.9004329004329005 0.02959183673469388 0.06926406926406926
143 0.967857142857143 0.8917748917748918 0.025510204081632654 0.0836940836940837
134 0.6270408163265306 0.23593073593073594 0.0336734693877551 0.06493506493506493
