12 0.6836734693877552 0.17676767676767677 0.018367346938775512 0.047619047619047616
14 0.7377551020408164 0.19444444444444445 0.0163265306122449 0.010822510822510822
12 0.7739795918367348 0.3383838383838384 0.017346938775510204 0.046176046176046176
14 0.26071428571428573 0.3564213564213564 0.01326530612244898 0.0101010101010101
14 0.6051020408163266 0.36832611832611833 0.014285714285714287 0.010822510822510822
13 0.9750000000000001 0.5007215007215007 0.023469387755102045 0.049062049062049064
12 0.8051020408163266 0.5010822510822511 0.0163265306122449 0.048340548340548344
12 0.6714285714285715 0.663059163059163 0.0163265306122449 0.049062049062049064
14 0.8969387755102042 0.6926406926406926 0.014285714285714287 0.0101010101010101
12 0.6821428571428572 0.8253968253968254 0.017346938775510204 0.049062049062049064
26 0.13112244897959185 0.1738816738816739 0.05204081632653062 0.09235209235209235
15 0.17755102040816328 0.15295815295815296 0.028571428571428574 0.0404040404040404
19 0.238265306122449 0.14935064935064934 0.03571428571428572 0.01443001443001443
21 0.37704081632653064 0.15115440115440115 0.025510204081632654 0.025252525252525252
136 0.45510204081632655 0.1829004329004329 0.02653061224489796 0.06565656565656566
134 0.5306122448979592 0.1829004329004329 0.02653061224489796 0.06421356421356421
136 0.6096938775510204 0.18326118326118326 0.03571428571428572 0.06493506493506493
160 0.8020408163265307 0.1937229437229437 0.03877551020408164 0.09018759018759019
130 0.8612244897959185 0.19227994227994227 0.02448979591836735 0.08441558441558442
129 0.9367346938775512 0.1937229437229437 0.030612244897959186 0.08874458874458875
26 0.1316326530612245 0.33585858585858586 0.05102040816326531 0.09307359307359307
15 0.17653061224489797 0.3152958152958153 0.030612244897959186 0.0404040404040404
130 0.24132653061224493 0.3416305916305916 0.0336734693877551 0.056998556998557
160 0.33112244897959187 0.3416305916305916 0.02755102040816327 0.05844155844155844
130 0.38367346938775515 0.3416305916305916 0.03469387755102041 0.05844155844155844
129 0.4566326530612245 0.3448773448773449 0.02959183673469388 0.06349206349206349
159 0.5403061224489797 0.3445165945165945 0.03775510204081633 0.06277056277056277
129 0.5821428571428572 0.3448773448773449 0.02755102040816327 0.06349206349206349
99 0.6755102040816328 0.3416305916305916 0.02653061224489796 0.05844155844155844
21 0.8040816326530613 0.31457431457431456 0.02448979591836735 0.024531024531024532
126 0.8790816326530613 0.3676046176046176 0.031632653061224494 0.10894660894660894
126 0.9566326530612246 0.3686868686868687 0.0336734693877551 0.113997113997114
26 0.13010204081632654 0.49783549783549785 0.05 0.09235209235209235
15 0.17653061224489797 0.47835497835497837 0.028571428571428574 0.0404040404040404
18 0.4948979591836735 0.4801587301587302 0.03469387755102041 0.015151515151515152
18 0.8877551020408164 0.47943722943722944 0.030612244897959186 0.012265512265512266
26 0.1306122448979592 0.6601731601731602 0.05102040816326531 0.09235209235209235
15 0.17704081632653063 0.6396103896103896 0.02959183673469388 0.03968253968253968
132 0.24183673469387756 0.6612554112554112 0.0326530612244898 0.05411255411255411
162 0.28571428571428575 0.6616161616161617 0.030612244897959186 0.05339105339105339
162 0.3163265306122449 0.6612554112554112 0.02448979591836735 0.05411255411255411
132 0.35204081632653067 0.6626984126984127 0.0326530612244898 0.051226551226551224
130 0.38979591836734695 0.6663059163059163 0.028571428571428574 0.05844155844155844
132 0.4413265306122449 0.6612554112554112 0.0336734693877551 0.05411255411255411
160 0.48163265306122455 0.6648629148629148 0.03469387755102041 0.06132756132756133
162 0.5158163265306123 0.6616161616161617 0.025510204081632654 0.05483405483405483
162 0.551530612244898 0.6608946608946609 0.031632653061224494 0.05483405483405483
160 0.5785714285714286 0.6645021645021645 0.028571428571428574 0.06204906204906205
162 0.6158163265306122 0.6623376623376623 0.02755102040816327 0.05483405483405483
160 0.6443877551020408 0.6652236652236653 0.02755102040816327 0.06060606060606061
133 0.701530612244898 0.6572871572871573 0.0336734693877551 0.06349206349206349
133 0.7418367346938776 0.6569264069264069 0.028571428571428574 0.06421356421356421
133 0.7852040816326531 0.6565656565656566 0.025510204081632654 0.06349206349206349
21 0.8311224489795919 0.6396103896103896 0.025510204081632654 0.023809523809523808
15 0.8479591836734695 0.6926406926406926 0.022448979591836737 0.03751803751803752
129 0.8790816326530613 0.6699134199134199 0.031632653061224494 0.06421356421356421
159 0.9255102040816328 0.6691919191919192 0.02653061224489796 0.06565656565656566
130 0.9627551020408164 0.6695526695526696 0.031632653061224494 0.06349206349206349
26 0.1306122448979592 0.8232323232323232 0.05102040816326531 0.09235209235209235
15 0.17704081632653063 0.8023088023088023 0.02755102040816327 0.0404040404040404
132 0.24183673469387756 0.823953823953824 0.0326530612244898 0.05339105339105339
132 0.28775510204081634 0.8243145743145743 0.030612244897959186 0.05411255411255411
162 0.3178571428571429 0.8232323232323232 0.025510204081632654 0.05339105339105339
132 0.3545918367346939 0.825036075036075 0.031632653061224494 0.051226551226551224
130 0.39336734693877556 0.8293650793650794 0.02755102040816327 0.05844155844155844
132 0.4459183673469388 0.8235930735930735 0.0326530612244898 0.05411255411255411
160 0.48724489795918374 0.8275613275613276 0.0336734693877551 0.06060606060606061
162 0.5224489795918368 0.8235930735930735 0.02653061224489796 0.05411255411255411
162 0.5586734693877552 0.8235930735930735 0.031632653061224494 0.05411255411255411
160 0.5857142857142857 0.8268398268398268 0.02653061224489796 0.06060606060606061
162 0.6239795918367348 0.8243145743145743 0.025510204081632654 0.05411255411255411
160 0.6525510204081634 0.8264790764790765 0.025510204081632654 0.05988455988455989
15 0.17755102040816328 0.9642857142857143 0.028571428571428574 0.03968253968253968
18 0.2729591836734694 0.9668109668109668 0.0336734693877551 0.012987012987012988
19 0.5602040816326531 0.9606782106782107 0.030612244897959186 0.015151515151515152
19 0.8198979591836736 0.9606782106782107 0.031632653061224494 0.015151515151515152
