12 0.09693877551020409 0.1075036075036075 0.014285714285714287 0.047619047619047616
12 0.8933673469387756 0.1075036075036075 0.017346938775510204 0.047619047619047616
12 0.9290816326530613 0.37842712842712845 0.017346938775510204 0.049783549783549784
12 0.5734693877551021 0.37842712842712845 0.018367346938775512 0.048340548340548344
12 0.09642857142857143 0.3787878787878788 0.01326530612244898 0.047619047619047616
12 0.9295918367346939 0.49603174603174605 0.0163265306122449 0.048340548340548344
12 0.09744897959183674 0.4963924963924964 0.01326530612244898 0.047619047619047616
12 0.5739795918367347 0.4963924963924964 0.017346938775510204 0.047619047619047616
12 0.5785714285714286 0.766955266955267 0.018367346938775512 0.049062049062049064
12 0.9520408163265307 0.766955266955267 0.0163265306122449 0.049062049062049064
12 0.09642857142857143 0.7673160173160173 0.01326530612244898 0.048340548340548344
12 0.09642857142857143 0.8845598845598845 0.01326530612244898 0.049062049062049064
12 0.5785714285714286 0.8845598845598845 0.018367346938775512 0.047619047619047616
12 0.9515306122448981 0.8845598845598845 0.017346938775510204 0.047619047619047616
15 0.9142857142857144 0.0202020202020202 0.022448979591836737 0.03751803751803752
27 0.12959183673469388 0.10786435786435787 0.05102040816326531 0.051226551226551224
15 0.17653061224489797 0.09668109668109669 0.028571428571428574 0.0404040404040404
99 0.2392857142857143 0.11075036075036075 0.025510204081632654 0.05844155844155844
15 0.41938775510204085 0.10281385281385282 0.02448979591836735 0.04112554112554113
101 0.5540816326530613 0.10533910533910534 0.02653061224489796 0.05772005772005772
98 0.6540816326530613 0.11363636363636363 0.028571428571428574 0.06421356421356421
15 0.7107142857142857 0.14935064935064934 0.023469387755102045 0.03751803751803752
96 0.7387755102040817 0.11904761904761904 0.028571428571428574 0.07792207792207792
98 0.811734693877551 0.113997113997114 0.02755102040816327 0.06493506493506493
101 0.941326530612245 0.10461760461760462 0.02755102040816327 0.05772005772005772
26 0.12959183673469388 0.376984126984127 0.0489795918367347 0.09018759018759019
15 0.17602040816326534 0.35533910533910534 0.02755102040816327 0.03968253968253968
126 0.24132653061224493 0.3921356421356421 0.03775510204081633 0.08152958152958154
130 0.28469387755102044 0.3813131313131313 0.02653061224489796 0.05844155844155844
15 0.3122448979591837 0.41414141414141414 0.022448979591836737 0.03751803751803752
128 0.33979591836734696 0.38636363636363635 0.028571428571428574 0.06854256854256854
126 0.3755102040816327 0.3924963924963925 0.0326530612244898 0.08225108225108226
130 0.4229591836734694 0.38095238095238093 0.031632653061224494 0.05772005772005772
128 0.4566326530612245 0.3874458874458874 0.031632653061224494 0.06782106782106782
126 0.4928571428571429 0.39285714285714285 0.030612244897959186 0.08152958152958154
130 0.5387755102040817 0.38167388167388167 0.02653061224489796 0.05772005772005772
15 0.5938775510204082 0.41414141414141414 0.022448979591836737 0.03751803751803752
128 0.6244897959183674 0.3870851370851371 0.0326530612244898 0.06854256854256854
126 0.6581632653061225 0.3924963924963925 0.030612244897959186 0.0808080808080808
130 0.7025510204081633 0.3813131313131313 0.02755102040816327 0.056998556998557
128 0.7387755102040817 0.3870851370851371 0.030612244897959186 0.06854256854256854
126 0.7775510204081634 0.3924963924963925 0.036734693877551024 0.0808080808080808
130 0.8214285714285715 0.38095238095238093 0.02653061224489796 0.05772005772005772
128 0.8566326530612246 0.3870851370851371 0.02959183673469388 0.06854256854256854
126 0.8933673469387756 0.3924963924963925 0.02959183673469388 0.08225108225108226
130 0.9602040816326531 0.3813131313131313 0.0326530612244898 0.056998556998557
15 0.9857142857142858 0.41414141414141414 0.018367346938775512 0.03751803751803752
27 0.12908163265306125 0.49603174603174605 0.05 0.051226551226551224
15 0.17602040816326534 0.48484848484848486 0.025510204081632654 0.0404040404040404
100 0.23877551020408166 0.4967532467532468 0.028571428571428574 0.051226551226551224
97 0.33877551020408164 0.5054112554112554 0.030612244897959186 0.06998556998556998
15 0.3928571428571429 0.5436507936507936 0.020408163265306124 0.0367965367965368
95 0.4214285714285715 0.5097402597402597 0.030612244897959186 0.08152958152958154
97 0.49336734693877554 0.5054112554112554 0.02959183673469388 0.06998556998556998
100 0.6209183673469388 0.4967532467532468 0.02755102040816327 0.051226551226551224
97 0.7025510204081633 0.5046897546897547 0.02959183673469388 0.06998556998556998
15 0.7484693877551021 0.5440115440115441 0.02142857142857143 0.03607503607503607
95 0.776530612244898 0.5097402597402597 0.030612244897959186 0.08152958152958154
97 0.8566326530612246 0.5046897546897547 0.02959183673469388 0.07142857142857142
100 0.9576530612244899 0.4967532467532468 0.02755102040816327 0.051226551226551224
26 0.12959183673469388 0.7647907647907648 0.04693877551020409 0.08946608946608947
15 0.17602040816326534 0.7435064935064936 0.025510204081632654 0.03968253968253968
127 0.24234693877551022 0.7784992784992785 0.03775510204081633 0.07503607503607504
128 0.2821428571428572 0.775974025974026 0.031632653061224494 0.06998556998556998
129 0.32704081632653065 0.7723665223665224 0.02755102040816327 0.06421356421356421
127 0.3673469387755102 0.7788600288600288 0.030612244897959186 0.0772005772005772
128 0.413265306122449 0.7752525252525253 0.036734693877551024 0.06854256854256854
129 0.4556122448979592 0.7727272727272727 0.02755102040816327 0.06349206349206349
130 0.5 0.7694805194805194 0.02653061224489796 0.056998556998557
128 0.5403061224489797 0.7752525252525253 0.031632653061224494 0.06854256854256854
129 0.6122448979591837 0.7723665223665224 0.03469387755102041 0.06421356421356421
130 0.653061224489796 0.7698412698412699 0.02653061224489796 0.05772005772005772
131 0.6964285714285715 0.7665945165945166 0.02755102040816327 0.051226551226551224
129 0.7377551020408164 0.7727272727272727 0.028571428571428574 0.06493506493506493
130 0.7836734693877552 0.7702020202020202 0.0326530612244898 0.05844155844155844
131 0.8250000000000001 0.7665945165945166 0.02755102040816327 0.051226551226551224
132 0.8693877551020409 0.7658730158730159 0.02653061224489796 0.051226551226551224
133 0.9127551020408164 0.7637085137085137 0.025510204081632654 0.05555555555555555
103 0.9821428571428572 0.7741702741702742 0.025510204081632654 0.06637806637806638
27 0.12959183673469388 0.8841991341991342 0.05102040816326531 0.051226551226551224
15 0.17653061224489797 0.8726551226551227 0.02653061224489796 0.03968253968253968
101 0.23979591836734696 0.8816738816738817 0.02653061224489796 0.05627705627705628
102 0.4117346938775511 0.8787878787878788 0.025510204081632654 0.06204906204906205
103 0.6081632653061225 0.8921356421356421 0.02448979591836735 0.06565656565656566
104 0.7801020408163266 0.8906926406926406 0.025510204081632654 0.06277056277056277
105 0.9826530612244899 0.887085137085137 0.02653061224489796 0.05555555555555555
15 0.6285714285714287 0.021645021645021644 0.022448979591836737 0.03751803751803752
