7 0.17838541666666666 0.05184049079754602 0.04253472222222222 0.047239263803680986
12 0.0954861111111111 0.05306748466257669 0.013888888888888888 0.04110429447852761
14 0.2612847222222222 0.06809815950920246 0.012152777777777776 0.008588957055214725
7 0.17795138888888887 0.3374233128834356 0.041666666666666664 0.049079754601226995
12 0.09461805555555555 0.34294478527607364 0.013888888888888888 0.04171779141104295
7 0.1775173611111111 0.4582822085889571 0.04079861111111111 0.046625766871165646
12 0.0954861111111111 0.4592024539877301 0.013888888888888888 0.04110429447852761
14 0.6171875 0.7239263803680982 0.012152777777777776 0.008588957055214725
7 0.1775173611111111 0.744478527607362 0.04253472222222222 0.04846625766871166
14 0.825954861111111 0.7239263803680982 0.011284722222222222 0.00736196319018405
12 0.09461805555555555 0.749079754601227 0.013888888888888888 0.04171779141104295
12 0.75390625 0.749079754601227 0.014756944444444444 0.04049079754601227
14 0.9071180555555555 0.7340490797546013 0.012152777777777776 0.007975460122699387
14 0.9947916666666666 0.7441717791411043 0.010416666666666666 0.008588957055214725
12 0.09592013888888888 0.8656441717791411 0.014756944444444444 0.04049079754601227
12 0.7534722222222222 0.8659509202453988 0.015625 0.04110429447852761
14 0.2612847222222222 0.8806748466257669 0.012152777777777776 0.007975460122699387
27 0.1267361111111111 0.05276073619631902 0.04513888888888889 0.044171779141104296
99 0.24262152777777776 0.05521472392638037 0.0234375 0.049079754601226995
136 0.5646701388888888 0.0549079754601227 0.021701388888888888 0.04846625766871166
135 0.6796875 0.04693251533742331 0.029513888888888888 0.054601226993865035
133 0.7608506944444444 0.04846625766871166 0.0234375 0.05276073619631902
17 0.825954861111111 0.06319018404907976 0.016493055555555556 0.033128834355828224
132 0.8467881944444444 0.049693251533742336 0.0234375 0.05030674846625767
133 0.9318576388888888 0.05 0.0234375 0.04846625766871166
28 0.12760416666666666 0.3423312883435583 0.04513888888888889 0.04294478527607362
100 0.2421875 0.34294478527607364 0.022569444444444444 0.044171779141104296
104 0.42578125 0.34815950920245403 0.019965277777777776 0.05337423312883436
103 0.6115451388888888 0.3493865030674847 0.021701388888888888 0.057055214723926384
20 0.8324652777777777 0.32055214723926384 0.01909722222222222 0.03251533742331288
27 0.1267361111111111 0.4588957055214724 0.04513888888888889 0.044171779141104296
130 0.2456597222222222 0.46165644171779147 0.029513888888888888 0.04846625766871166
130 0.3342013888888889 0.46196319018404913 0.022569444444444444 0.049079754601226995
130 0.42621527777777773 0.46196319018404913 0.022569444444444444 0.049079754601226995
130 0.5182291666666666 0.46196319018404913 0.022569444444444444 0.049079754601226995
163 0.6115451388888888 0.4677914110429448 0.021701388888888888 0.06073619631901841
167 0.6701388888888888 0.46717791411042947 0.022569444444444444 0.06073619631901841
166 0.7256944444444444 0.4659509202453988 0.022569444444444444 0.05828220858895706
165 0.7769097222222222 0.46533742331288347 0.029513888888888888 0.05582822085889571
164 0.8381076388888888 0.45398773006134974 0.02690972222222222 0.053987730061349694
163 0.8901909722222222 0.45460122699386507 0.0234375 0.051533742331288344
17 0.931423611111111 0.46932515337423314 0.015625 0.033128834355828224
162 0.9526909722222222 0.45674846625766874 0.021701388888888888 0.04846625766871166
28 0.1271701388888889 0.7487730061349693 0.04427083333333333 0.04355828220858896
168 0.24131944444444442 0.7487730061349693 0.022569444444444444 0.05337423312883436
167 0.27734375 0.7539877300613498 0.0234375 0.053987730061349694
165 0.3103298611111111 0.7561349693251534 0.021701388888888888 0.05828220858895706
17 0.3342013888888889 0.7539877300613498 0.013888888888888888 0.03190184049079755
163 0.3506944444444444 0.7595092024539878 0.024305555555555552 0.0638036809815951
164 0.3884548611111111 0.7546012269938651 0.021701388888888888 0.053987730061349694
166 0.42838541666666663 0.7512269938650307 0.021701388888888888 0.04846625766871166
168 0.4683159722222222 0.747239263803681 0.021701388888888888 0.049079754601226995
17 0.4917534722222222 0.7187116564417179 0.014756944444444444 0.03374233128834356
170 0.509548611111111 0.7420245398773007 0.029513888888888888 0.05950920245398773
141 0.5477430555555556 0.7401840490797547 0.024305555555555552 0.06687116564417178
135 0.6519097222222222 0.7539877300613498 0.020833333333333332 0.053987730061349694
134 0.7026909722222222 0.7567484662576688 0.028645833333333332 0.05828220858895706
193 0.7786458333333333 0.7466257668711657 0.020833333333333332 0.04785276073619632
169 0.8038194444444444 0.744478527607362 0.026041666666666664 0.057055214723926384
17 0.841579861111111 0.7392638036809817 0.014756944444444444 0.033128834355828224
191 0.8606770833333333 0.7539877300613498 0.019965277777777776 0.053987730061349694
167 0.884548611111111 0.7533742331288344 0.027777777777777776 0.05276073619631902
189 0.9301215277777777 0.7598159509202455 0.0234375 0.06441717791411043
16 0.9539930555555555 0.738957055214724 0.013888888888888888 0.02883435582822086
165 0.9717881944444444 0.7582822085889571 0.030381944444444444 0.06134969325153375
27 0.1267361111111111 0.8653374233128834 0.04513888888888889 0.04355828220858896
99 0.24305555555555555 0.8680981595092025 0.022569444444444444 0.049079754601226995
136 0.4683159722222222 0.8677914110429449 0.021701388888888888 0.047239263803680986
135 0.55078125 0.8601226993865031 0.028645833333333332 0.053987730061349694
133 0.5985243055555555 0.8613496932515338 0.0234375 0.05276073619631902
17 0.6328125 0.8757668711656442 0.013888888888888888 0.03251533742331288
132 0.6527777777777778 0.8625766871165644 0.022569444444444444 0.05030674846625767
133 0.7061631944444444 0.8634969325153374 0.021701388888888888 0.04846625766871166
129 0.7834201388888888 0.8711656441717792 0.028645833333333332 0.053987730061349694
129 0.8615451388888888 0.8708588957055216 0.0234375 0.054601226993865035
129 0.9309895833333333 0.8711656441717792 0.02517361111111111 0.05521472392638037
