12 0.009982638888888888 0.05306748466257669 0.013020833333333332 0.04110429447852761
12 0.9036458333333333 0.05306748466257669 0.013888888888888888 0.04110429447852761
14 0.6545138888888888 0.3177914110429448 0.012152777777777776 0.008588957055214725
12 0.057291666666666664 0.3423312883435583 0.013888888888888888 0.04049079754601227
12 0.9032118055555555 0.34263803680981597 0.014756944444444444 0.04110429447852761
12 0.9032118055555555 0.45950920245398774 0.014756944444444444 0.04171779141104295
12 0.05685763888888889 0.4592024539877301 0.014756944444444444 0.03987730061349694
14 0.10980902777777778 0.47453987730061353 0.011284722222222222 0.007975460122699387
14 0.37109375 0.7138036809815951 0.013020833333333332 0.009202453987730062
14 0.22395833333333331 0.7141104294478529 0.012152777777777776 0.008588957055214725
14 0.2977430555555555 0.7138036809815951 0.012152777777777776 0.007975460122699387
14 0.13324652777777776 0.7199386503067485 0.02690972222222222 0.009202453987730062
14 0.1423611111111111 0.7236196319018405 0.012152777777777776 0.007975460122699387
12 0.3884548611111111 0.7493865030674847 0.016493055555555556 0.04110429447852761
14 0.06857638888888888 0.7337423312883437 0.012152777777777776 0.008588957055214725
12 0.3875868055555555 0.8659509202453988 0.014756944444444444 0.04233128834355829
129 0.04600694444444444 0.058588957055214726 0.029513888888888888 0.054601226993865035
129 0.15060763888888887 0.05797546012269939 0.0234375 0.054601226993865035
129 0.25390625 0.058588957055214726 0.0234375 0.054601226993865035
129 0.3797743055555555 0.05766871165644172 0.0234375 0.053987730061349694
129 0.4891493055555555 0.05797546012269939 0.028645833333333332 0.054601226993865035
129 0.5933159722222222 0.05797546012269939 0.0234375 0.054601226993865035
15 0.6779513888888888 0.07822085889570553 0.020833333333333332 0.03251533742331288
129 0.7013888888888888 0.05797546012269939 0.022569444444444444 0.054601226993865035
129 0.8068576388888888 0.05766871165644172 0.0234375 0.053987730061349694
168 0.08897569444444443 0.34202453987730064 0.021701388888888888 0.05092024539877301
167 0.1440972222222222 0.3469325153374233 0.022569444444444444 0.05337423312883436
165 0.19618055555555555 0.34907975460122703 0.022569444444444444 0.05766871165644172
17 0.23871527777777776 0.34785276073619636 0.013888888888888888 0.03190184049079755
163 0.2556423611111111 0.35184049079754603 0.02517361111111111 0.06196319018404908
164 0.3125 0.34785276073619636 0.020833333333333332 0.053987730061349694
166 0.3719618055555555 0.34478527607361964 0.021701388888888888 0.049079754601226995
168 0.43012152777777773 0.3404907975460123 0.021701388888888888 0.05030674846625767
17 0.47265625 0.3122699386503068 0.014756944444444444 0.033128834355828224
170 0.4891493055555555 0.3355828220858896 0.030381944444444444 0.0588957055214724
141 0.5473090277777778 0.3346625766871166 0.02517361111111111 0.06687116564417178
135 0.7261284722222222 0.34907975460122703 0.0234375 0.05766871165644172
134 0.8133680555555555 0.35184049079754603 0.029513888888888888 0.06196319018404908
161 0.008680555555555556 0.4582822085889571 0.015625 0.046625766871165646
99 0.09071180555555555 0.46196319018404913 0.0234375 0.049079754601226995
136 0.43012152777777773 0.46134969325153374 0.021701388888888888 0.04785276073619632
135 0.5503472222222222 0.45306748466257674 0.029513888888888888 0.057055214723926384
133 0.6358506944444444 0.4552147239263804 0.0234375 0.05276073619631902
17 0.7078993055555555 0.4696319018404908 0.016493055555555556 0.03374233128834356
132 0.7278645833333333 0.45766871165644174 0.021701388888888888 0.049079754601226995
131 0.818142361111111 0.45950920245398774 0.02517361111111111 0.04539877300613497
191 0.021701388888888888 0.7539877300613498 0.020833333333333332 0.053987730061349694
167 0.04600694444444444 0.7533742331288344 0.027777777777777776 0.053987730061349694
193 0.09592013888888888 0.7466257668711657 0.021701388888888888 0.04785276073619632
169 0.12022569444444443 0.743558282208589 0.02517361111111111 0.05276073619631902
17 0.1579861111111111 0.7168711656441719 0.013888888888888888 0.03128834355828221
171 0.203125 0.7395705521472393 0.027777777777777776 0.06564417177914111
195 0.25 0.7414110429447853 0.026041666666666664 0.06073619631901841
171 0.2777777777777778 0.738957055214724 0.024305555555555552 0.06441717791411043
195 0.32421875 0.7414110429447853 0.02517361111111111 0.05950920245398773
171 0.3493923611111111 0.738957055214724 0.02690972222222222 0.06441717791411043
100 0.4114583333333333 0.7496932515337423 0.022569444444444444 0.044171779141104296
104 0.5190972222222222 0.7542944785276074 0.020833333333333332 0.05337423312883436
134 0.634548611111111 0.7441717791411043 0.027777777777777776 0.053987730061349694
127 0.6818576388888888 0.7576687116564418 0.02517361111111111 0.06625766871165645
127 0.7339409722222222 0.7598159509202455 0.02517361111111111 0.06441717791411043
21 0.7881944444444444 0.7288343558282209 0.022569444444444444 0.020858895705521473
129 0.0234375 0.8705521472392639 0.022569444444444444 0.053987730061349694
129 0.0993923611111111 0.8708588957055216 0.030381944444444444 0.054601226993865035
129 0.17838541666666666 0.8708588957055216 0.0234375 0.054601226993865035
15 0.22916666666666666 0.8911042944785277 0.020833333333333332 0.03251533742331288
129 0.25260416666666663 0.8708588957055216 0.022569444444444444 0.05337423312883436
129 0.3255208333333333 0.8705521472392639 0.024305555555555552 0.05521472392638037
130 0.41449652777777773 0.8684049079754602 0.028645833333333332 0.04846625766871166
130 0.4657118055555555 0.8687116564417179 0.0234375 0.049079754601226995
130 0.5199652777777778 0.8687116564417179 0.022569444444444444 0.049079754601226995
130 0.57421875 0.8687116564417179 0.0234375 0.049079754601226995
133 0.6341145833333333 0.8638036809815951 0.028645833333333332 0.04785276073619632
130 0.6818576388888888 0.8680981595092025 0.0234375 0.049079754601226995
126 0.734375 0.8779141104294479 0.024305555555555552 0.06993865030674846
21 0.7877604166666666 0.8450920245398773 0.021701388888888888 0.02147239263803681
195 0.1775173611111111 0.7420245398773007 0.0234375 0.05950920245398773
