12 0.17918552036199095 0.163787587971849 0.014479638009049774 0.04350607805502239
12 0.42081447963800905 0.16314779270633398 0.014479638009049774 0.04222648752399232
12 0.9031674208144796 0.16314779270633398 0.014479638009049774 0.04222648752399232
12 0.6606334841628959 0.16346769033909148 0.014479638009049774 0.04158669225847728
14 0.5411764705882354 0.22520793346129236 0.01085972850678733 0.008957133717210491
14 0.7855203619909502 0.22488803582853487 0.01085972850678733 0.008317338451695458
12 0.18009049773755656 0.2728726807421625 0.016289592760180997 0.044145873320537425
12 0.42126696832579186 0.27319257837492 0.015384615384615385 0.044785668586052464
12 0.9031674208144796 0.2722328854766475 0.014479638009049774 0.042866282789507354
12 0.6610859728506787 0.2728726807421625 0.015384615384615385 0.042866282789507354
14 0.542081447963801 0.2565579014715291 0.01085972850678733 0.008957133717210491
14 0.7868778280542986 0.2677543186180422 0.011764705882352941 0.009596928982725527
14 0.30180995475113126 0.2885476647472809 0.00995475113122172 0.008957133717210491
14 0.22805429864253396 0.2981445937300064 0.01085972850678733 0.008957133717210491
12 0.18009049773755656 0.37587971849008317 0.016289592760180997 0.044145873320537425
12 0.42081447963800905 0.37555982085732564 0.016289592760180997 0.04350607805502239
12 0.6615384615384615 0.37555982085732564 0.016289592760180997 0.04350607805502239
12 0.9027149321266968 0.37587971849008317 0.015384615384615385 0.044145873320537425
12 0.019457013574660634 0.5962891874600128 0.015384615384615385 0.04222648752399232
12 0.27647058823529413 0.5962891874600128 0.013574660633484163 0.04222648752399232
12 0.6361990950226245 0.5959692898272553 0.014479638009049774 0.04158669225847728
12 0.9036199095022625 0.5966090850927703 0.015384615384615385 0.042866282789507354
14 0.15158371040723984 0.6010876519513756 0.011764705882352941 0.008317338451695458
12 0.019457013574660634 0.7498400511836212 0.015384615384615385 0.04350607805502239
12 0.6361990950226245 0.7498400511836212 0.016289592760180997 0.04350607805502239
12 0.9031674208144796 0.7498400511836212 0.016289592760180997 0.04350607805502239
12 0.27647058823529413 0.7501599488163787 0.015384615384615385 0.042866282789507354
14 0.0751131221719457 0.7754318618042226 0.01085972850678733 0.008957133717210491
14 0.6923076923076923 0.7751119641714651 0.01085972850678733 0.008317338451695458
14 0.3239819004524887 0.7757517594369802 0.01085972850678733 0.008317338451695458
12 0.019457013574660634 0.872040946896993 0.015384615384615385 0.04350607805502239
12 0.6361990950226245 0.872040946896993 0.016289592760180997 0.04350607805502239
12 0.9027149321266968 0.8723608445297505 0.015384615384615385 0.044145873320537425
12 0.27601809954751133 0.8723608445297505 0.014479638009049774 0.042866282789507354
18 0.05067873303167421 0.15515035188739604 0.03076923076923077 0.012156110044785668
18 0.3004524886877828 0.15547024952015354 0.03076923076923077 0.012795905310300703
18 0.5407239819004526 0.15547024952015354 0.02986425339366516 0.011516314779270634
18 0.7819004524886878 0.15515035188739604 0.03076923076923077 0.012156110044785668
132 0.031221719457013575 0.2706333973128599 0.024434389140271493 0.04990403071017274
15 0.05429864253393665 0.28886756238003836 0.01809954751131222 0.030070377479206652
131 0.07420814479638009 0.272552783109405 0.01990950226244344 0.0473448496481126
132 0.11447963800904978 0.2712731925783749 0.024434389140271493 0.04862444017914267
133 0.14796380090497738 0.2709532949456174 0.01900452488687783 0.05054382597568778
131 0.2841628959276018 0.2728726807421625 0.01990950226244344 0.045425463851567496
139 0.026244343891402715 0.37939859245041585 0.01990950226244344 0.07293666026871401
135 0.07375565610859729 0.38323736404350606 0.01900452488687783 0.061420345489443376
139 0.11221719457013575 0.37747920665387075 0.01990950226244344 0.0690978886756238
135 0.14434389140271495 0.38131797824696095 0.024434389140271493 0.05630198336532309
132 0.20271493212669683 0.38483685220729363 0.01990950226244344 0.06461932181701856
136 0.2425339366515837 0.38323736404350606 0.01990950226244344 0.061420345489443376
139 0.2841628959276018 0.37651951375559817 0.01990950226244344 0.06717850287907869
136 0.31674208144796384 0.3809980806142034 0.01809954751131222 0.05438259756877799
139 0.3570135746606335 0.37364043506078054 0.01900452488687783 0.061420345489443376
136 0.38733031674208146 0.3781190019193858 0.025339366515837104 0.04990403071017274
130 0.4470588235294118 0.3896353166986564 0.01809954751131222 0.07421625079974407
134 0.4868778280542987 0.38835572616762637 0.01809954751131222 0.07165706973768393
17 0.5054298642533936 0.3502879078694818 0.015384615384615385 0.030070377479206652
134 0.5565610859728507 0.38675623800383874 0.01990950226244344 0.06845809341010876
134 0.6262443438914027 0.38483685220729363 0.025339366515837104 0.06333973128598848
133 0.6864253393665158 0.38227767114523353 0.020814479638009052 0.05950095969289827
137 0.7271493212669684 0.3809980806142034 0.01900452488687783 0.05566218809980806
137 0.8004524886877828 0.3781190019193858 0.01900452488687783 0.05118362124120281
137 0.8710407239819005 0.3761996161228407 0.024434389140271493 0.046065259117082535
103 0.05113122171945701 0.6026871401151631 0.01900452488687783 0.05758157389635316
102 0.1343891402714932 0.59149072296865 0.020814479638009052 0.05566218809980806
133 0.2484162895927602 0.59149072296865 0.028054298642533938 0.05566218809980806
101 0.3009049773755656 0.5940499040307101 0.020814479638009052 0.05054382597568778
132 0.40226244343891404 0.5937300063979526 0.026244343891402715 0.04990403071017274
15 0.4244343891402715 0.6122840690978887 0.01809954751131222 0.030710172744721688
131 0.4502262443438914 0.5962891874600128 0.02986425339366516 0.046065259117082535
132 0.5076923076923077 0.5940499040307101 0.02895927601809955 0.05054382597568778
133 0.5873303167420815 0.5911708253358925 0.02895927601809955 0.05630198336532309
101 0.6683257918552037 0.5937300063979526 0.01900452488687783 0.05118362124120281
100 0.7597285067873304 0.5962891874600128 0.020814479638009052 0.046065259117082535
21 0.8361990950226245 0.5969289827255279 0.01990950226244344 0.021753039027511197
131 0.8769230769230769 0.5966090850927703 0.03076923076923077 0.045425463851567496
74 0.13891402714932127 0.7450415866922584 0.026244343891402715 0.05694177863083813
132 0.3995475113122172 0.7498400511836212 0.024434389140271493 0.0473448496481126
15 0.4239819004524887 0.7655150351887395 0.01900452488687783 0.03134996801023672
131 0.44479638009049777 0.7498400511836212 0.020814479638009052 0.04862444017914267
132 0.5031674208144796 0.7485604606525912 0.01990950226244344 0.04862444017914267
133 0.5828054298642534 0.7476007677543186 0.01990950226244344 0.05054382597568778
100 0.7597285067873304 0.7498400511836212 0.02262443438914027 0.046065259117082535
21 0.8361990950226245 0.7284069097888676 0.02171945701357466 0.022392834293026232
131 0.8760180995475113 0.7498400511836212 0.02895927601809955 0.044785668586052464
132 0.05067873303167421 0.882597568777991 0.01809954751131222 0.06717850287907869
136 0.0914027149321267 0.8816378758797184 0.01990950226244344 0.06525911708253358
138 0.132579185520362 0.8781190019193857 0.020814479638009052 0.06717850287907869
136 0.16742081447963802 0.8797184900831734 0.01990950226244344 0.060140754958413305
138 0.20904977375565612 0.8761996161228407 0.01990950226244344 0.06206014075495841
136 0.2407239819004525 0.8777991042866282 0.025339366515837104 0.05630198336532309
128 0.3036199095022625 0.8643634037108126 0.03167420814479638 0.09596928982725528
135 0.3420814479638009 0.8560460652591171 0.01990950226244344 0.07677543186180422
139 0.3968325791855204 0.8557261676263596 0.020814479638009052 0.07741522712731926
135 0.44524886877828057 0.8557261676263596 0.01990950226244344 0.07741522712731926
139 0.5031674208144796 0.855406269993602 0.01990950226244344 0.07677543186180422
135 0.5828054298642534 0.8560460652591171 0.01990950226244344 0.07677543186180422
132 0.6674208144796381 0.8813179782469609 0.01900452488687783 0.06333973128598848
136 0.7126696832579186 0.8797184900831734 0.020814479638009052 0.061420345489443376
139 0.7588235294117648 0.873320537428023 0.01900452488687783 0.06653870761356366
136 0.793212669683258 0.8771593090211132 0.01900452488687783 0.05502239283429303
139 0.8343891402714932 0.8704414587332053 0.01990950226244344 0.06206014075495841
136 0.8687782805429864 0.8749200255918106 0.025339366515837104 0.05054382597568778
101 0.20497737556561088 0.26999360204734485 0.020814479638009052 0.04862444017914267
103 0.05384615384615385 0.7428023032629558 0.020814479638009052 0.060140754958413305
101 0.30271493212669687 0.7469609724888036 0.01900452488687783 0.04798464491362764
101 0.6692307692307693 0.7469609724888036 0.01900452488687783 0.05054382597568778
