12 0.903061224489796 0.08838383838383838 0.0163265306122449 0.048340548340548344
12 0.21275510204081635 0.08874458874458875 0.015306122448979593 0.047619047619047616
12 0.5459183673469388 0.08874458874458875 0.0163265306122449 0.047619047619047616
12 0.21275510204081635 0.1976911976911977 0.017346938775510204 0.047619047619047616
12 0.5464285714285715 0.1984126984126984 0.017346938775510204 0.047619047619047616
12 0.9025510204081634 0.19805194805194806 0.015306122448979593 0.046897546897546896
14 0.6030612244897959 0.19227994227994227 0.014285714285714287 0.010822510822510822
12 0.21275510204081635 0.306998556998557 0.017346938775510204 0.046897546897546896
12 0.5464285714285715 0.30735930735930733 0.01938775510204082 0.047619047619047616
12 0.903061224489796 0.3077200577200577 0.0163265306122449 0.048340548340548344
14 0.6030612244897959 0.3878066378066378 0.014285714285714287 0.00937950937950938
12 0.9025510204081634 0.4166666666666667 0.017346938775510204 0.048340548340548344
12 0.21275510204081635 0.417027417027417 0.017346938775510204 0.047619047619047616
12 0.5464285714285715 0.417027417027417 0.017346938775510204 0.046176046176046176
12 0.903061224489796 0.5746753246753247 0.0163265306122449 0.048340548340548344
12 0.188265306122449 0.575036075036075 0.015306122448979593 0.047619047619047616
12 0.5576530612244899 0.575036075036075 0.015306122448979593 0.047619047619047616
12 0.5581632653061225 0.6843434343434344 0.0163265306122449 0.048340548340548344
12 0.9025510204081634 0.683982683982684 0.017346938775510204 0.047619047619047616
12 0.188265306122449 0.6843434343434344 0.015306122448979593 0.046897546897546896
14 0.6153061224489796 0.702020202020202 0.012244897959183675 0.0101010101010101
12 0.18775510204081636 0.7936507936507936 0.0163265306122449 0.047619047619047616
12 0.5581632653061225 0.7940115440115441 0.0163265306122449 0.048340548340548344
12 0.9020408163265307 0.7936507936507936 0.0163265306122449 0.047619047619047616
12 0.18775510204081636 0.9033189033189033 0.0163265306122449 0.047619047619047616
12 0.5581632653061225 0.9033189033189033 0.0163265306122449 0.047619047619047616
12 0.9025510204081634 0.9033189033189033 0.017346938775510204 0.047619047619047616
14 0.6153061224489796 0.8975468975468975 0.012244897959183675 0.0101010101010101
18 0.04591836734693878 0.07972582972582973 0.036734693877551024 0.013708513708513708
18 0.37959183673469393 0.07936507936507936 0.03469387755102041 0.012987012987012988
18 0.7244897959183674 0.07936507936507936 0.036734693877551024 0.012987012987012988
100 0.059693877551020416 0.1984126984126984 0.02755102040816327 0.05194805194805195
131 0.17142857142857143 0.1984126984126984 0.04081632653061225 0.050505050505050504
100 0.24744897959183676 0.1984126984126984 0.02755102040816327 0.05194805194805195
132 0.3418367346938776 0.19552669552669552 0.03877551020408164 0.05627705627705628
133 0.3959183673469388 0.19552669552669552 0.0326530612244898 0.05627705627705628
131 0.44438775510204087 0.1937229437229437 0.02755102040816327 0.05844155844155844
135 0.5025510204081634 0.1919191919191919 0.02755102040816327 0.06349206349206349
103 0.5795918367346939 0.205988455988456 0.02653061224489796 0.0670995670995671
101 0.751530612244898 0.19516594516594515 0.025510204081632654 0.05844155844155844
127 0.8612244897959185 0.20995670995670995 0.04081632653061225 0.07647907647907648
103 0.06071428571428572 0.31493506493506496 0.02755102040816327 0.0670995670995671
134 0.1653061224489796 0.31493506493506496 0.02653061224489796 0.0670995670995671
103 0.2459183673469388 0.31565656565656564 0.02653061224489796 0.06854256854256854
135 0.3346938775510204 0.31277056277056275 0.028571428571428574 0.06132756132756133
136 0.3918367346938776 0.3142135642135642 0.02653061224489796 0.06421356421356421
134 0.44336734693877555 0.3142135642135642 0.02755102040816327 0.06421356421356421
138 0.4964285714285715 0.3106060606060606 0.03775510204081633 0.06998556998556998
137 0.5801020408163265 0.30808080808080807 0.02755102040816327 0.05194805194805195
135 0.6311224489795919 0.3077200577200577 0.02755102040816327 0.051226551226551224
139 0.6857142857142857 0.3023088023088023 0.03469387755102041 0.06349206349206349
111 0.7494897959183674 0.294011544011544 0.031632653061224494 0.08152958152958154
132 0.8627551020408164 0.30483405483405485 0.03775510204081633 0.056998556998557
105 0.059693877551020416 0.41955266955266957 0.025510204081632654 0.056998556998557
136 0.16479591836734694 0.42063492063492064 0.02959183673469388 0.05772005772005772
105 0.24642857142857144 0.4199134199134199 0.02755102040816327 0.05772005772005772
137 0.3346938775510204 0.41738816738816736 0.02653061224489796 0.051226551226551224
138 0.3913265306122449 0.41414141414141414 0.025510204081632654 0.05772005772005772
136 0.44234693877551023 0.41774891774891776 0.025510204081632654 0.05194805194805195
140 0.4948979591836735 0.4087301587301587 0.03877551020408164 0.06998556998556998
108 0.5806122448979593 0.41125541125541126 0.02653061224489796 0.06349206349206349
106 0.7494897959183674 0.4166666666666667 0.02959183673469388 0.051226551226551224
132 0.863265306122449 0.4145021645021645 0.03877551020408164 0.056998556998557
18 0.3734693877551021 0.5656565656565656 0.036734693877551024 0.012987012987012988
18 0.7306122448979593 0.566017316017316 0.036734693877551024 0.013708513708513708
104 0.02653061224489796 0.6904761904761905 0.028571428571428574 0.06493506493506493
135 0.13775510204081634 0.6901154401154401 0.02653061224489796 0.06277056277056277
134 0.2285714285714286 0.6771284271284271 0.03469387755102041 0.06565656565656566
132 0.2785714285714286 0.6807359307359307 0.02653061224489796 0.05988455988455989
130 0.3331632653061225 0.6865079365079365 0.02959183673469388 0.05988455988455989
127 0.3887755102040817 0.6962481962481962 0.03469387755102041 0.07503607503607504
131 0.45051020408163267 0.6847041847041847 0.02755102040816327 0.05194805194805195
132 0.5086734693877552 0.6836219336219336 0.02755102040816327 0.05411255411255411
99 0.5928571428571429 0.6872294372294372 0.028571428571428574 0.056998556998557
99 0.7464285714285714 0.6868686868686869 0.02755102040816327 0.05772005772005772
21 0.8551020408163266 0.6854256854256854 0.022448979591836737 0.025974025974025976
104 0.02653061224489796 0.7997835497835498 0.02653061224489796 0.06421356421356421
138 0.138265306122449 0.7911255411255411 0.02755102040816327 0.056998556998557
137 0.22346938775510206 0.7965367965367965 0.02653061224489796 0.05627705627705628
135 0.27755102040816326 0.8001443001443002 0.02653061224489796 0.06349206349206349
132 0.3275510204081633 0.8044733044733045 0.03469387755102041 0.07215007215007214
131 0.3918367346938776 0.7907647907647908 0.03469387755102041 0.05772005772005772
134 0.45051020408163267 0.7886002886002886 0.02755102040816327 0.06204906204906205
135 0.5091836734693878 0.786075036075036 0.028571428571428574 0.06854256854256854
104 0.5933673469387756 0.8001443001443002 0.02755102040816327 0.06349206349206349
136 0.6877551020408164 0.7965367965367965 0.02653061224489796 0.05627705627705628
106 0.7459183673469388 0.7936507936507936 0.02653061224489796 0.050505050505050504
142 0.8576530612244899 0.7792207792207793 0.02959183673469388 0.0808080808080808
109 0.02755102040816327 0.8953823953823954 0.028571428571428574 0.0707070707070707
21 0.10510204081632654 0.8798701298701299 0.012244897959183675 0.016594516594516596
140 0.1392857142857143 0.8953823953823954 0.02959183673469388 0.06926406926406926
139 0.22346938775510206 0.8982683982683982 0.02653061224489796 0.06349206349206349
137 0.27755102040816326 0.9036796536796536 0.02653061224489796 0.051226551226551224
135 0.32908163265306123 0.9058441558441559 0.031632653061224494 0.05555555555555555
132 0.38673469387755105 0.9126984126984127 0.028571428571428574 0.0707070707070707
136 0.4494897959183674 0.9094516594516594 0.025510204081632654 0.06277056277056277
137 0.503061224489796 0.9051226551226551 0.0326530612244898 0.05555555555555555
104 0.5928571428571429 0.9098124098124099 0.02653061224489796 0.06349206349206349
104 0.7448979591836735 0.9098124098124099 0.02653061224489796 0.06349206349206349
21 0.854591836734694 0.9040404040404041 0.023469387755102045 0.025974025974025976
