12 0.09591836734693879 0.15836940836940838 0.014285714285714287 0.048340548340548344
12 0.47908163265306125 0.15728715728715728 0.015306122448979593 0.046176046176046176
12 0.7653061224489797 0.15728715728715728 0.0163265306122449 0.046176046176046176
14 0.5556122448979592 0.13997113997113997 0.01326530612244898 0.0101010101010101
14 0.842857142857143 0.13997113997113997 0.012244897959183675 0.008658008658008658
14 0.30153061224489797 0.15151515151515152 0.01326530612244898 0.0101010101010101
12 0.09591836734693879 0.33946608946608947 0.014285714285714287 0.048340548340548344
12 0.4785714285714286 0.33910533910533913 0.0163265306122449 0.047619047619047616
12 0.7653061224489797 0.33910533910533913 0.0163265306122449 0.047619047619047616
12 0.09591836734693879 0.5202020202020202 0.0163265306122449 0.047619047619047616
12 0.47908163265306125 0.5205627705627706 0.017346938775510204 0.048340548340548344
12 0.7653061224489797 0.5205627705627706 0.0163265306122449 0.048340548340548344
12 0.09591836734693879 0.7016594516594516 0.014285714285714287 0.048340548340548344
12 0.47908163265306125 0.7012987012987013 0.015306122448979593 0.047619047619047616
12 0.7653061224489797 0.7016594516594516 0.0163265306122449 0.046897546897546896
14 0.5556122448979592 0.683982683982684 0.01326530612244898 0.0101010101010101
14 0.30153061224489797 0.6955266955266955 0.015306122448979593 0.0101010101010101
14 0.842857142857143 0.6958874458874459 0.012244897959183675 0.00937950937950938
26 0.12908163265306125 0.1590909090909091 0.04591836734693878 0.07575757575757576
15 0.2596938775510204 0.15223665223665223 0.02142857142857143 0.03607503607503607
104 0.28163265306122454 0.16378066378066378 0.020408163265306124 0.06349206349206349
135 0.42602040816326536 0.16305916305916307 0.02142857142857143 0.06204906204906205
15 0.5137755102040816 0.14033189033189034 0.01938775510204082 0.03391053391053391
137 0.5362244897959184 0.15764790764790765 0.02142857142857143 0.051226551226551224
15 0.6056122448979593 0.1453823953823954 0.02142857142857143 0.03391053391053391
166 0.6239795918367348 0.15981240981240982 0.02959183673469388 0.05266955266955267
105 0.6688775510204082 0.16017316017316016 0.02142857142857143 0.05627705627705628
15 0.8005102040816328 0.1453823953823954 0.01938775510204082 0.03391053391053391
105 0.8234693877551021 0.1608946608946609 0.020408163265306124 0.05627705627705628
141 0.9714285714285715 0.14646464646464646 0.02448979591836735 0.07503607503607504
26 0.12908163265306125 0.33946608946608947 0.04387755102040817 0.07431457431457432
15 0.25918367346938775 0.38095238095238093 0.020408163265306124 0.03318903318903319
68 0.28877551020408165 0.3502886002886003 0.0326530612244898 0.07431457431457432
15 0.5137755102040816 0.36832611832611833 0.01938775510204082 0.03391053391053391
70 0.5413265306122449 0.3445165945165945 0.02959183673469388 0.06421356421356421
15 0.8005102040816328 0.37481962481962483 0.01938775510204082 0.03391053391053391
69 0.8301020408163267 0.3481240981240981 0.0336734693877551 0.06998556998556998
27 0.13010204081632654 0.5202020202020202 0.047959183673469394 0.05194805194805195
15 0.25918367346938775 0.5624098124098124 0.020408163265306124 0.03391053391053391
68 0.2892857142857143 0.5321067821067821 0.031632653061224494 0.07575757575757576
15 0.5137755102040816 0.5497835497835498 0.01938775510204082 0.03463203463203463
70 0.5413265306122449 0.525974025974026 0.02959183673469388 0.06349206349206349
69 0.8285714285714286 0.5295815295815296 0.03469387755102041 0.0707070707070707
26 0.1285714285714286 0.702020202020202 0.04285714285714286 0.07503607503607504
103 0.2821428571428572 0.70995670995671 0.02142857142857143 0.06637806637806638
134 0.42602040816326536 0.7095959595959596 0.02142857142857143 0.0670995670995671
15 0.5142857142857143 0.6897546897546898 0.020408163265306124 0.03463203463203463
136 0.5362244897959184 0.7088744588744589 0.02142857142857143 0.06421356421356421
15 0.6061224489795919 0.6955266955266955 0.020408163265306124 0.03463203463203463
165 0.6224489795918368 0.7095959595959596 0.0326530612244898 0.06565656565656566
104 0.6678571428571429 0.7077922077922078 0.02142857142857143 0.06349206349206349
15 0.8005102040816328 0.6958874458874459 0.01938775510204082 0.03535353535353535
104 0.8229591836734694 0.7077922077922078 0.01938775510204082 0.06349206349206349
140 0.9714285714285715 0.693001443001443 0.02448979591836735 0.06854256854256854
