12 0.2392857142857143 0.21428571428571427 0.015306122448979593 0.049062049062049064
12 0.9443877551020409 0.21428571428571427 0.015306122448979593 0.049062049062049064
12 0.46938775510204084 0.21428571428571427 0.0163265306122449 0.047619047619047616
14 0.5295918367346939 0.19624819624819625 0.012244897959183675 0.0101010101010101
12 0.23979591836734696 0.32287157287157287 0.014285714285714287 0.048340548340548344
12 0.4688775510204082 0.32215007215007213 0.017346938775510204 0.046897546897546896
12 0.9448979591836736 0.32215007215007213 0.0163265306122449 0.046897546897546896
12 0.09693877551020409 0.4657287157287157 0.0163265306122449 0.048340548340548344
12 0.7510204081632654 0.4660894660894661 0.0163265306122449 0.049062049062049064
14 0.4168367346938776 0.44805194805194803 0.01326530612244898 0.0101010101010101
14 0.65 0.47113997113997114 0.012244897959183675 0.0101010101010101
14 0.9515306122448981 0.48304473304473305 0.01326530612244898 0.00937950937950938
12 0.751530612244898 0.5743145743145743 0.017346938775510204 0.049062049062049064
12 0.09642857142857143 0.5746753246753247 0.015306122448979593 0.048340548340548344
12 0.09642857142857143 0.7182539682539683 0.015306122448979593 0.048340548340548344
12 0.8520408163265307 0.7178932178932179 0.0163265306122449 0.047619047619047616
12 0.09744897959183674 0.825036075036075 0.015306122448979593 0.048340548340548344
12 0.8520408163265307 0.8246753246753247 0.0163265306122449 0.047619047619047616
12 0.09693877551020409 0.9682539682539683 0.014285714285714287 0.049062049062049064
12 0.7857142857142858 0.9682539682539683 0.018367346938775512 0.047619047619047616
26 0.2724489795918368 0.21428571428571427 0.04693877551020409 0.07503607503607504
16 0.3168367346938776 0.20959595959595959 0.01938775510204082 0.02813852813852814
136 0.4214285714285715 0.21717171717171718 0.022448979591836737 0.05772005772005772
16 0.4862244897959184 0.19155844155844157 0.015306122448979593 0.02813852813852814
137 0.5112244897959184 0.22041847041847043 0.022448979591836737 0.06277056277056277
164 0.564795918367347 0.22041847041847043 0.0336734693877551 0.06421356421356421
135 0.6066326530612245 0.22005772005772006 0.02142857142857143 0.06349206349206349
136 0.6571428571428573 0.22041847041847043 0.030612244897959186 0.06421356421356421
134 0.7209183673469388 0.2067099567099567 0.02959183673469388 0.06565656565656566
163 0.7734693877551021 0.20707070707070707 0.028571428571428574 0.06493506493506493
164 0.8066326530612246 0.20634920634920634 0.02142857142857143 0.06637806637806638
132 0.8413265306122449 0.22366522366522368 0.02142857142857143 0.0707070707070707
139 0.8923469387755103 0.20959595959595959 0.031632653061224494 0.06421356421356421
138 0.9734693877551022 0.2106782106782107 0.02448979591836735 0.05772005772005772
27 0.2719387755102041 0.3217893217893218 0.047959183673469394 0.05194805194805195
16 0.31734693877551023 0.3300865800865801 0.020408163265306124 0.02958152958152958
137 0.4209183673469388 0.32287157287157287 0.02142857142857143 0.051226551226551224
106 0.5112244897959184 0.3225108225108225 0.022448979591836737 0.050505050505050504
138 0.6071428571428572 0.31962481962481964 0.022448979591836737 0.05627705627705628
15 0.639795918367347 0.3098845598845599 0.020408163265306124 0.03391053391053391
136 0.6586734693877552 0.32287157287157287 0.02755102040816327 0.051226551226551224
106 0.7163265306122449 0.3225108225108225 0.022448979591836737 0.050505050505050504
21 0.8423469387755103 0.2987012987012987 0.02142857142857143 0.023088023088023088
26 0.12959183673469388 0.4660894660894661 0.04489795918367347 0.07503607503607504
16 0.1739795918367347 0.4613997113997114 0.01938775510204082 0.02958152958152958
169 0.2372448979591837 0.45995670995670995 0.02142857142857143 0.06132756132756133
170 0.2806122448979592 0.45707070707070707 0.02653061224489796 0.0670995670995671
168 0.3168367346938776 0.46284271284271283 0.02142857142857143 0.05555555555555555
169 0.35408163265306125 0.4595959595959596 0.028571428571428574 0.06204906204906205
137 0.3974489795918368 0.4657287157287157 0.02142857142857143 0.051226551226551224
166 0.4918367346938776 0.4671717171717172 0.03469387755102041 0.05555555555555555
105 0.5403061224489797 0.4678932178932179 0.02142857142857143 0.056998556998557
133 0.6352040816326531 0.4588744588744589 0.031632653061224494 0.06493506493506493
162 0.7117346938775511 0.4592352092352092 0.023469387755102045 0.06421356421356421
133 0.7857142857142858 0.4595959595959596 0.028571428571428574 0.06349206349206349
162 0.8510204081632654 0.4621212121212121 0.02653061224489796 0.056998556998557
161 0.8897959183673471 0.4642857142857143 0.022448979591836737 0.05555555555555555
130 0.9341836734693878 0.4686147186147186 0.02959183673469388 0.056998556998557
27 0.12806122448979593 0.5746753246753247 0.05 0.051226551226551224
16 0.17346938775510207 0.5822510822510822 0.020408163265306124 0.02886002886002886
15 0.21479591836734696 0.5382395382395382 0.023469387755102045 0.03463203463203463
107 0.39795918367346944 0.5721500721500722 0.022448979591836737 0.05627705627705628
140 0.4637755102040817 0.551948051948052 0.025510204081632654 0.09668109668109669
103 0.5403061224489797 0.5826118326118326 0.02142857142857143 0.06565656565656566
20 0.6285714285714287 0.5937950937950938 0.022448979591836737 0.03607503607503607
20 0.6290816326530613 0.5447330447330447 0.02142857142857143 0.03463203463203463
138 0.9316326530612246 0.5833333333333334 0.022448979591836737 0.08152958152958154
26 0.12908163265306125 0.7182539682539683 0.04387755102040817 0.07431457431457432
16 0.1739795918367347 0.7135642135642135 0.01938775510204082 0.02886002886002886
170 0.23367346938775513 0.7092352092352092 0.02653061224489796 0.06926406926406926
172 0.27755102040816326 0.7034632034632035 0.02653061224489796 0.08225108225108226
17 0.3025510204081633 0.676046176046176 0.017346938775510204 0.03607503607503607
171 0.32397959183673475 0.7059884559884559 0.025510204081632654 0.07575757575757576
16 0.35000000000000003 0.6717171717171717 0.018367346938775512 0.030303030303030304
171 0.3719387755102041 0.7063492063492064 0.031632653061224494 0.07503607503607504
170 0.41224489795918373 0.7095959595959596 0.02448979591836735 0.06854256854256854
15 0.44030612244897965 0.6883116883116883 0.01938775510204082 0.03463203463203463
169 0.46173469387755106 0.7121212121212122 0.02142857142857143 0.06349206349206349
17 0.48877551020408166 0.6875901875901876 0.018367346938775512 0.03751803751803752
169 0.5096938775510205 0.7124819624819625 0.02142857142857143 0.06277056277056277
170 0.5443877551020408 0.7092352092352092 0.02959183673469388 0.0707070707070707
15 0.576530612244898 0.6937229437229437 0.020408163265306124 0.03391053391053391
138 0.5989795918367348 0.7153679653679653 0.022448979591836737 0.056998556998557
136 0.653061224489796 0.7178932178932179 0.028571428571428574 0.05194805194805195
21 0.7438775510204082 0.7178932178932179 0.022448979591836737 0.024531024531024532
139 0.8 0.7128427128427128 0.020408163265306124 0.06204906204906205
16 0.8693877551020409 0.6958874458874459 0.0163265306122449 0.02958152958152958
137 0.8943877551020409 0.7178932178932179 0.02142857142857143 0.05194805194805195
166 0.9545918367346939 0.7175324675324676 0.02142857142857143 0.05266955266955267
167 0.9867346938775511 0.7178932178932179 0.02448979591836735 0.05339105339105339
27 0.12806122448979593 0.8253968253968254 0.05 0.05194805194805195
16 0.17448979591836736 0.8329725829725829 0.020408163265306124 0.02958152958152958
109 0.23316326530612247 0.8163780663780664 0.025510204081632654 0.06854256854256854
15 0.3903061224489796 0.7896825396825397 0.01938775510204082 0.03391053391053391
109 0.41377551020408165 0.8174603174603174 0.023469387755102045 0.06782106782106782
141 0.6000000000000001 0.8127705627705628 0.02448979591836735 0.07575757575757576
171 0.6576530612244899 0.8134920634920635 0.025510204081632654 0.07575757575757576
17 0.6826530612244899 0.7882395382395382 0.0163265306122449 0.03535353535353535
170 0.7020408163265307 0.8167388167388168 0.028571428571428574 0.06782106782106782
139 0.7428571428571429 0.81998556998557 0.020408163265306124 0.06277056277056277
137 0.7959183673469389 0.825036075036075 0.028571428571428574 0.051226551226551224
109 0.8938775510204082 0.8174603174603174 0.02448979591836735 0.06926406926406926
26 0.1285714285714286 0.9657287157287158 0.04489795918367347 0.06854256854256854
16 0.1739795918367347 0.9628427128427128 0.01938775510204082 0.02813852813852814
169 0.23775510204081635 0.9628427128427128 0.020408163265306124 0.06277056277056277
171 0.2841836734693878 0.9574314574314574 0.025510204081632654 0.07647907647907648
170 0.32551020408163267 0.95995670995671 0.02448979591836735 0.06854256854256854
15 0.3561224489795919 0.9386724386724387 0.020408163265306124 0.03463203463203463
169 0.37397959183673474 0.9628427128427128 0.02755102040816327 0.06277056277056277
17 0.4071428571428572 0.9383116883116883 0.018367346938775512 0.0367965367965368
169 0.4275510204081633 0.9624819624819625 0.020408163265306124 0.06349206349206349
15 0.4591836734693878 0.9440836940836941 0.018367346938775512 0.03391053391053391
168 0.48163265306122455 0.9657287157287158 0.020408163265306124 0.056998556998557
17 0.5107142857142858 0.9437229437229437 0.017346938775510204 0.03607503607503607
168 0.5316326530612245 0.9653679653679653 0.020408163265306124 0.05627705627705628
167 0.5693877551020409 0.9678932178932179 0.028571428571428574 0.049783549783549784
107 0.6142857142857143 0.9653679653679653 0.022448979591836737 0.05627705627705628
106 0.7056122448979593 0.9682539682539683 0.02142857142857143 0.050505050505050504
105 0.8142857142857144 0.9704184704184704 0.020408163265306124 0.05627705627705628
20 0.9887755102040817 0.9624819624819625 0.018367346938775512 0.03318903318903319
