12 0.1686868686868687 0.09547619047619048 0.012794612794612796 0.03190476190476191
12 0.43063973063973066 0.09523809523809523 0.012794612794612796 0.03142857142857143
12 0.6656565656565657 0.09523809523809523 0.011447811447811448 0.03142857142857143
12 0.9026936026936028 0.09547619047619048 0.011447811447811448 0.03190476190476191
12 0.16835016835016836 0.19214285714285714 0.012121212121212121 0.030952380952380953
12 0.42962962962962964 0.19238095238095237 0.012121212121212121 0.03142857142857143
12 0.6653198653198653 0.19214285714285714 0.012121212121212121 0.030952380952380953
12 0.9030303030303031 0.19238095238095237 0.012121212121212121 0.03142857142857143
14 0.46835016835016835 0.26976190476190476 0.010101010101010102 0.007142857142857143
12 0.16835016835016836 0.28904761904761905 0.010774410774410775 0.03142857142857143
12 0.4303030303030303 0.28904761904761905 0.012121212121212121 0.03142857142857143
12 0.665993265993266 0.28904761904761905 0.01346801346801347 0.03142857142857143
12 0.9030303030303031 0.2892857142857143 0.012121212121212121 0.03190476190476191
14 0.2063973063973064 0.28523809523809524 0.010101010101010102 0.006666666666666666
12 0.665993265993266 0.38571428571428573 0.010774410774410775 0.03142857142857143
12 0.9026936026936028 0.38571428571428573 0.011447811447811448 0.03142857142857143
12 0.1686868686868687 0.38595238095238094 0.011447811447811448 0.030952380952380953
12 0.42962962962962964 0.3861904761904762 0.012121212121212121 0.03142857142857143
14 0.46835016835016835 0.3823809523809524 0.010101010101010102 0.006666666666666666
14 0.7124579124579125 0.3823809523809524 0.010774410774410775 0.006666666666666666
14 0.20673400673400674 0.39 0.010774410774410775 0.006666666666666666
12 0.9016835016835018 0.4828571428571429 0.012121212121212121 0.03238095238095238
12 0.16835016835016836 0.4828571428571429 0.012121212121212121 0.03142857142857143
12 0.42962962962962964 0.4828571428571429 0.012121212121212121 0.03142857142857143
12 0.6656565656565657 0.4828571428571429 0.012794612794612796 0.03142857142857143
12 0.20067340067340067 0.7507142857142857 0.012121212121212121 0.03190476190476191
12 0.5154882154882156 0.7504761904761905 0.011447811447811448 0.03142857142857143
12 0.7097643097643098 0.7509523809523809 0.01346801346801347 0.03142857142857143
12 0.9023569023569024 0.7509523809523809 0.01346801346801347 0.03142857142857143
12 0.2 0.8476190476190476 0.012121212121212121 0.03142857142857143
12 0.5151515151515151 0.8476190476190476 0.012121212121212121 0.03142857142857143
12 0.7097643097643098 0.8476190476190476 0.012121212121212121 0.03142857142857143
12 0.9026936026936028 0.8476190476190476 0.012794612794612796 0.03142857142857143
12 0.20067340067340067 0.9445238095238095 0.01346801346801347 0.03190476190476191
12 0.5151515151515151 0.9442857142857143 0.01346801346801347 0.03142857142857143
12 0.7097643097643098 0.9442857142857143 0.014814814814814815 0.03142857142857143
12 0.9026936026936028 0.9447619047619048 0.014141414141414142 0.03238095238095238
14 0.5181818181818182 0.07523809523809524 0.010101010101010102 0.007619047619047619
16 0.006397306397306398 0.08023809523809523 0.010101010101010102 0.030952380952380953
137 0.02255892255892256 0.09523809523809523 0.018181818181818184 0.03428571428571429
76 0.05185185185185186 0.09952380952380953 0.017508417508417508 0.0419047619047619
136 0.1888888888888889 0.10023809523809524 0.016835016835016835 0.04238095238095238
16 0.20740740740740743 0.07952380952380952 0.012121212121212121 0.02857142857142857
137 0.22525252525252526 0.10023809523809524 0.016835016835016835 0.04428571428571428
138 0.25353535353535356 0.09833333333333333 0.018181818181818184 0.048095238095238094
134 0.27710437710437713 0.10119047619047619 0.022222222222222223 0.04523809523809524
134 0.3097643097643098 0.10023809523809524 0.017508417508417508 0.043333333333333335
138 0.3367003367003367 0.09428571428571429 0.020202020202020204 0.04
110 0.36902356902356903 0.0880952380952381 0.018855218855218858 0.05047619047619047
109 0.4511784511784512 0.08952380952380952 0.020202020202020204 0.045714285714285714
79 0.49932659932659934 0.09333333333333334 0.018181818181818184 0.039047619047619046
139 0.6952861952861953 0.09285714285714286 0.016835016835016835 0.0419047619047619
140 0.7242424242424242 0.09261904761904761 0.020875420875420877 0.05
141 0.7525252525252526 0.09214285714285714 0.020875420875420877 0.05761904761904762
134 0.7757575757575758 0.10095238095238095 0.020202020202020204 0.045714285714285714
103 0.8067340067340067 0.10095238095238095 0.017508417508417508 0.04476190476190476
104 0.8508417508417508 0.09952380952380953 0.018181818181818184 0.04285714285714286
134 0.022222222222222223 0.19738095238095238 0.018855218855218858 0.04428571428571428
21 0.04983164983164983 0.1919047619047619 0.017508417508417508 0.017142857142857144
102 0.08787878787878789 0.18833333333333332 0.018181818181818184 0.041428571428571426
133 0.14814814814814817 0.18857142857142858 0.025589225589225592 0.040952380952380955
21 0.1878787878787879 0.19214285714285714 0.017508417508417508 0.016666666666666666
103 0.22525252525252526 0.19738095238095238 0.016835016835016835 0.04428571428571428
134 0.2804713804713805 0.1976190476190476 0.01952861952861953 0.04476190476190476
21 0.3087542087542088 0.19238095238095237 0.016835016835016835 0.017142857142857144
134 0.33905723905723906 0.19785714285714287 0.018181818181818184 0.04523809523809524
21 0.36835016835016837 0.19214285714285714 0.01616161616161616 0.015714285714285715
134 0.4063973063973064 0.1976190476190476 0.01952861952861953 0.04476190476190476
21 0.44983164983164986 0.19214285714285714 0.017508417508417508 0.016666666666666666
102 0.4787878787878788 0.18857142857142858 0.017508417508417508 0.0419047619047619
133 0.52996632996633 0.18857142857142858 0.025589225589225592 0.040952380952380955
21 0.5552188552188553 0.1926190476190476 0.015488215488215488 0.017619047619047618
133 0.5872053872053873 0.18857142857142858 0.025589225589225592 0.040952380952380955
21 0.6124579124579125 0.19214285714285714 0.015488215488215488 0.016666666666666666
133 0.6454545454545455 0.18857142857142858 0.026262626262626265 0.040952380952380955
21 0.6936026936026937 0.19214285714285714 0.017508417508417508 0.016666666666666666
103 0.7235690235690236 0.1976190476190476 0.016835016835016835 0.04476190476190476
134 0.7784511784511785 0.19785714285714287 0.018855218855218858 0.04523809523809524
101 0.8074074074074075 0.19047619047619047 0.017508417508417508 0.037142857142857144
102 0.8511784511784513 0.18833333333333332 0.017508417508417508 0.041428571428571426
139 0.022222222222222223 0.2861904761904762 0.018855218855218858 0.0419047619047619
138 0.05050505050505051 0.2876190476190476 0.017508417508417508 0.0380952380952381
16 0.07037037037037037 0.2730952380952381 0.012794612794612796 0.027142857142857142
137 0.08686868686868687 0.28904761904761905 0.017508417508417508 0.03428571428571429
136 0.11582491582491583 0.2895238095238095 0.017508417508417508 0.035238095238095235
135 0.14175084175084177 0.29023809523809524 0.020875420875420877 0.03666666666666667
103 0.18855218855218855 0.2945238095238095 0.017508417508417508 0.04428571428571428
135 0.28181818181818186 0.2930952380952381 0.018181818181818184 0.041428571428571426
136 0.3101010101010101 0.2938095238095238 0.016835016835016835 0.04380952380952381
134 0.33905723905723906 0.29333333333333333 0.018181818181818184 0.04285714285714286
136 0.3696969696969697 0.2935714285714286 0.01616161616161616 0.04238095238095238
16 0.3885521885521886 0.2723809523809524 0.01346801346801347 0.02761904761904762
137 0.40235690235690236 0.2930952380952381 0.022222222222222223 0.04238095238095238
107 0.4511784511784512 0.2873809523809524 0.017508417508417508 0.03761904761904762
16 0.5077441077441077 0.27285714285714285 0.01346801346801347 0.02857142857142857
137 0.5259259259259259 0.2888095238095238 0.017508417508417508 0.034761904761904765
105 0.5552188552188553 0.2907142857142857 0.016835016835016835 0.03761904761904762
137 0.6131313131313132 0.2888095238095238 0.016835016835016835 0.034761904761904765
138 0.6390572390572391 0.2869047619047619 0.02154882154882155 0.03857142857142857
80 0.6952861952861953 0.2854761904761905 0.018181818181818184 0.04238095238095238
16 0.78989898989899 0.27285714285714285 0.01346801346801347 0.02857142857142857
106 0.8074074074074075 0.28904761904761905 0.017508417508417508 0.03428571428571429
107 0.8508417508417508 0.28714285714285714 0.018181818181818184 0.039047619047619046
136 0.022222222222222223 0.38785714285714284 0.017508417508417508 0.03761904761904762
105 0.05050505050505051 0.38761904761904764 0.01616161616161616 0.037142857142857144
105 0.11582491582491583 0.3880952380952381 0.017508417508417508 0.0380952380952381
101 0.18922558922558924 0.384047619047619 0.017508417508417508 0.03761904761904762
132 0.28585858585858587 0.3842857142857143 0.024915824915824916 0.037142857142857144
101 0.3107744107744108 0.38452380952380955 0.016835016835016835 0.03761904761904762
132 0.3717171717171717 0.3854761904761905 0.02154882154882155 0.034761904761904765
133 0.40572390572390576 0.3842857142857143 0.016835016835016835 0.037142857142857144
103 0.4501683501683502 0.3914285714285714 0.016835016835016835 0.04380952380952381
134 0.5259259259259259 0.3914285714285714 0.018855218855218858 0.04476190476190476
103 0.5552188552188553 0.3914285714285714 0.016835016835016835 0.04476190476190476
103 0.6127946127946128 0.3914285714285714 0.017508417508417508 0.04476190476190476
16 0.6777777777777778 0.37761904761904763 0.012794612794612796 0.02857142857142857
104 0.694949494949495 0.3904761904761905 0.017508417508417508 0.0419047619047619
135 0.7784511784511785 0.39 0.018855218855218858 0.0419047619047619
105 0.8063973063973064 0.38785714285714284 0.016835016835016835 0.03761904761904762
105 0.8505050505050505 0.38785714285714284 0.017508417508417508 0.03761904761904762
131 0.021885521885521887 0.4816666666666667 0.016835016835016835 0.03761904761904762
100 0.051178451178451184 0.4828571428571429 0.017508417508417508 0.03428571428571429
135 0.11784511784511785 0.4780952380952381 0.02154882154882155 0.04380952380952381
131 0.14276094276094276 0.48142857142857143 0.017508417508417508 0.037142857142857144
100 0.1888888888888889 0.48333333333333334 0.018181818181818184 0.03428571428571429
135 0.25622895622895625 0.47833333333333333 0.022222222222222223 0.043333333333333335
131 0.2801346801346801 0.48142857142857143 0.017508417508417508 0.0380952380952381
100 0.31043771043771046 0.4826190476190476 0.017508417508417508 0.034761904761904765
135 0.3717171717171717 0.4780952380952381 0.02154882154882155 0.04380952380952381
131 0.4053872053872054 0.48214285714285715 0.017508417508417508 0.03571428571428571
100 0.4505050505050505 0.4830952380952381 0.017508417508417508 0.03380952380952381
135 0.501010101010101 0.47833333333333333 0.020202020202020204 0.043333333333333335
131 0.5252525252525253 0.48119047619047617 0.017508417508417508 0.03761904761904762
100 0.5555555555555556 0.4828571428571429 0.017508417508417508 0.03428571428571429
135 0.6154882154882155 0.4780952380952381 0.02154882154882155 0.04380952380952381
131 0.6404040404040404 0.4816666666666667 0.017508417508417508 0.03761904761904762
100 0.694949494949495 0.4830952380952381 0.018855218855218858 0.034761904761904765
135 0.7538720538720539 0.4780952380952381 0.020875420875420877 0.04380952380952381
131 0.7781144781144782 0.48142857142857143 0.018181818181818184 0.0380952380952381
100 0.8070707070707072 0.4826190476190476 0.018181818181818184 0.034761904761904765
135 0.8525252525252526 0.47833333333333333 0.020202020202020204 0.04428571428571428
131 0.8767676767676769 0.48119047619047617 0.017508417508417508 0.03761904761904762
140 0.019865319865319867 0.7476190476190476 0.01952861952861953 0.05047619047619047
141 0.04814814814814815 0.7476190476190476 0.020875420875420877 0.058095238095238096
134 0.07171717171717172 0.7566666666666667 0.020875420875420877 0.04476190476190476
103 0.10336700336700337 0.7561904761904762 0.016835016835016835 0.04476190476190476
104 0.14747474747474748 0.7547619047619047 0.017508417508417508 0.0419047619047619
75 0.22053872053872056 0.7561904761904762 0.018181818181818184 0.04380952380952381
134 0.3922558922558923 0.7557142857142857 0.016835016835016835 0.04380952380952381
136 0.4222222222222222 0.7540476190476191 0.01616161616161616 0.04047619047619048
16 0.4420875420875421 0.7338095238095238 0.012794612794612796 0.02857142857142857
137 0.45925925925925926 0.7519047619047619 0.01616161616161616 0.037142857142857144
138 0.4905723905723906 0.7490476190476191 0.02356902356902357 0.0380952380952381
80 0.5447811447811448 0.7469047619047618 0.017508417508417508 0.041428571428571426
109 0.6296296296296297 0.745 0.02154882154882155 0.04619047619047619
110 0.6737373737373737 0.7430952380952381 0.020875420875420877 0.05
82 0.7393939393939394 0.7430952380952381 0.02154882154882155 0.04904761904761905
81 0.8249158249158249 0.7440476190476191 0.020202020202020204 0.04619047619047619
103 0.018855218855218858 0.8526190476190476 0.01616161616161616 0.04428571428571428
134 0.07474747474747476 0.8528571428571429 0.018855218855218858 0.04476190476190476
101 0.10370370370370371 0.8454761904761905 0.01616161616161616 0.03761904761904762
102 0.14747474747474748 0.844047619047619 0.017508417508417508 0.041428571428571426
21 0.21952861952861955 0.8476190476190476 0.017508417508417508 0.01619047619047619
100 0.24882154882154883 0.8476190476190476 0.018181818181818184 0.03428571428571429
131 0.35454545454545455 0.8480952380952381 0.02760942760942761 0.035238095238095235
131 0.39191919191919194 0.8557142857142858 0.017508417508417508 0.05047619047619047
134 0.4225589225589226 0.8547619047619047 0.016835016835016835 0.04857142857142857
134 0.45892255892255895 0.8535714285714285 0.016835016835016835 0.04619047619047619
134 0.4905723905723906 0.8526190476190476 0.02356902356902357 0.04428571428571428
75 0.5444444444444445 0.8526190476190476 0.018181818181818184 0.04428571428571428
16 0.6121212121212122 0.8316666666666667 0.012121212121212121 0.029047619047619048
106 0.6292929292929293 0.8478571428571429 0.016835016835016835 0.034761904761904765
106 0.6727272727272727 0.8478571428571429 0.017508417508417508 0.03380952380952381
16 0.7212121212121213 0.8316666666666667 0.012121212121212121 0.029047619047619048
78 0.7390572390572391 0.8478571428571429 0.018181818181818184 0.034761904761904765
76 0.8242424242424243 0.8514285714285714 0.018855218855218858 0.0419047619047619
16 0.0861952861952862 0.9280952380952381 0.012121212121212121 0.02857142857142857
106 0.10336700336700337 0.9445238095238095 0.016835016835016835 0.03380952380952381
107 0.1478114478114478 0.9423809523809524 0.016835016835016835 0.0380952380952381
166 0.22053872053872056 0.945952380952381 0.016835016835016835 0.03761904761904762
166 0.24882154882154883 0.9454761904761905 0.016835016835016835 0.03666666666666667
16 0.2673400673400674 0.9280952380952381 0.01346801346801347 0.02857142857142857
167 0.28114478114478114 0.9454761904761905 0.022222222222222223 0.03571428571428571
168 0.3060606060606061 0.9421428571428572 0.016835016835016835 0.03857142857142857
169 0.32760942760942763 0.9407142857142857 0.018181818181818184 0.04238095238095238
168 0.34882154882154887 0.9421428571428572 0.017508417508417508 0.039523809523809524
167 0.36835016835016837 0.9445238095238095 0.020202020202020204 0.03380952380952381
136 0.3922558922558923 0.9445238095238095 0.016835016835016835 0.034761904761904765
136 0.4225589225589226 0.9442857142857143 0.016835016835016835 0.03428571428571429
137 0.4585858585858586 0.9442857142857143 0.017508417508417508 0.03428571428571429
138 0.49090909090909096 0.9423809523809524 0.022895622895622896 0.0380952380952381
80 0.5444444444444445 0.9407142857142857 0.018181818181818184 0.041428571428571426
108 0.6292929292929293 0.9404761904761905 0.018181818181818184 0.0419047619047619
108 0.6727272727272727 0.9404761904761905 0.017508417508417508 0.0419047619047619
80 0.7387205387205388 0.9407142857142857 0.018855218855218858 0.04238095238095238
79 0.8245791245791246 0.9419047619047619 0.018181818181818184 0.039047619047619046
