12 0.07193877551020408 0.027777777777777776 0.017346938775510204 0.049783549783549784
12 0.46479591836734696 0.02813852813852814 0.017346938775510204 0.050505050505050504
12 0.9040816326530613 0.027777777777777776 0.014285714285714287 0.049783549783549784
14 0.666326530612245 0.032467532467532464 0.012244897959183675 0.008658008658008658
12 0.07193877551020408 0.14357864357864358 0.015306122448979593 0.049062049062049064
12 0.4642857142857143 0.14357864357864358 0.0163265306122449 0.049062049062049064
12 0.9025510204081634 0.14357864357864358 0.015306122448979593 0.047619047619047616
13 0.3494897959183674 0.39105339105339104 0.02142857142857143 0.049062049062049064
12 0.9020408163265307 0.3906926406926407 0.0163265306122449 0.048340548340548344
13 0.3494897959183674 0.5158730158730159 0.025510204081632654 0.049062049062049064
12 0.9020408163265307 0.5158730158730159 0.018367346938775512 0.047619047619047616
12 0.41785714285714287 0.7637085137085137 0.015306122448979593 0.048340548340548344
12 0.41734693877551027 0.8831168831168831 0.0163265306122449 0.047619047619047616
6 0.2035714285714286 0.4751082251082251 0.07653061224489796 0.022366522366522368
167 0.39948979591836736 0.027777777777777776 0.025510204081632654 0.05411255411255411
166 0.43469387755102046 0.027056277056277056 0.0326530612244898 0.051226551226551224
166 0.4923469387755102 0.03427128427128427 0.025510204081632654 0.0670995670995671
165 0.5301020408163266 0.03571428571428571 0.025510204081632654 0.06998556998556998
164 0.5673469387755102 0.03823953823953824 0.02448979591836735 0.0735930735930736
163 0.6020408163265306 0.03968253968253968 0.030612244897959186 0.07503607503607504
15 0.6882653061224491 0.04004329004329004 0.02142857142857143 0.03823953823953824
163 0.751530612244898 0.03751803751803752 0.025510204081632654 0.07215007215007214
165 0.7933673469387755 0.03354978354978355 0.025510204081632654 0.06565656565656566
167 0.8346938775510205 0.030663780663780664 0.02448979591836735 0.05988455988455989
168 0.1403061224489796 0.14646464646464646 0.025510204081632654 0.07215007215007214
168 0.21122448979591837 0.14754689754689754 0.0326530612244898 0.07142857142857142
19 0.2581632653061225 0.13997113997113997 0.03469387755102041 0.012987012987012988
168 0.5301020408163266 0.14574314574314573 0.025510204081632654 0.0707070707070707
168 0.6005102040816327 0.14682539682539683 0.031632653061224494 0.06998556998556998
19 0.6459183673469389 0.13997113997113997 0.03469387755102041 0.012987012987012988
166 0.04387755102040817 0.39466089466089466 0.02448979591836735 0.06060606060606061
165 0.08673469387755103 0.3961038961038961 0.02653061224489796 0.06349206349206349
164 0.12755102040816327 0.39790764790764793 0.030612244897959186 0.06565656565656566
163 0.17857142857142858 0.3841991341991342 0.0326530612244898 0.06277056277056277
162 0.2198979591836735 0.386002886002886 0.02755102040816327 0.06060606060606061
161 0.26275510204081637 0.3874458874458874 0.02755102040816327 0.05916305916305916
160 0.3066326530612245 0.3924963924963925 0.02755102040816327 0.06060606060606061
170 0.4964285714285715 0.36544011544011545 0.02755102040816327 0.10317460317460317
15 0.5285714285714286 0.36075036075036077 0.02448979591836735 0.03896103896103896
170 0.6000000000000001 0.3661616161616162 0.028571428571428574 0.10028860028860029
171 0.6423469387755103 0.3661616161616162 0.02959183673469388 0.10173160173160173
170 0.6852040816326531 0.3658008658008658 0.02755102040816327 0.10101010101010101
170 0.7311224489795919 0.3665223665223665 0.02755102040816327 0.10101010101010101
17 0.7581632653061225 0.3611111111111111 0.018367346938775512 0.04112554112554113
169 0.7806122448979592 0.36904761904761907 0.02653061224489796 0.09451659451659451
167 0.8678571428571429 0.3712121212121212 0.023469387755102045 0.08874458874458875
20 0.1729591836734694 0.5140692640692641 0.02142857142857143 0.0367965367965368
21 0.7270408163265307 0.5162337662337663 0.02142857142857143 0.023809523809523808
15 0.020918367346938777 0.7337662337662337 0.02142857142857143 0.03751803751803752
170 0.09438775510204082 0.7388167388167388 0.02959183673469388 0.09956709956709957
171 0.1403061224489796 0.7391774891774892 0.02959183673469388 0.10173160173160173
170 0.18571428571428572 0.7380952380952381 0.028571428571428574 0.10245310245310245
170 0.23469387755102042 0.7391774891774892 0.028571428571428574 0.09595959595959595
17 0.2642857142857143 0.7334054834054834 0.018367346938775512 0.04112554112554113
169 0.2862244897959184 0.7413419913419913 0.025510204081632654 0.09451659451659451
167 0.3801020408163266 0.7463924963924964 0.025510204081632654 0.09018759018759019
168 0.4984693877551021 0.7467532467532467 0.02755102040816327 0.08513708513708514
165 0.5908163265306123 0.7467532467532467 0.02653061224489796 0.08513708513708514
21 0.23112244897959186 0.8834776334776335 0.02142857142857143 0.025252525252525252
21 0.6505102040816327 0.8838383838383839 0.02142857142857143 0.024531024531024532
131 0.7255102040816327 0.8838383838383839 0.04081632653061225 0.050505050505050504
103 0.7887755102040817 0.8910533910533911 0.02653061224489796 0.06637806637806638
