12 0.2362244897959184 0.01911976911976912 0.017346938775510204 0.0367965367965368
12 0.601530612244898 0.01948051948051948 0.017346938775510204 0.03751803751803752
12 0.903061224489796 0.01911976911976912 0.0163265306122449 0.0367965367965368
12 0.903061224489796 0.12914862914862915 0.0163265306122449 0.049062049062049064
12 0.23520408163265308 0.12950937950937952 0.017346938775510204 0.048340548340548344
12 0.6005102040816327 0.12987012987012986 0.017346938775510204 0.047619047619047616
12 0.23571428571428574 0.25865800865800864 0.018367346938775512 0.048340548340548344
12 0.903061224489796 0.25865800865800864 0.018367346938775512 0.048340548340548344
12 0.6000000000000001 0.2593795093795094 0.018367346938775512 0.045454545454545456
12 0.3362244897959184 0.4282106782106782 0.017346938775510204 0.048340548340548344
12 0.903061224489796 0.42857142857142855 0.0163265306122449 0.049062049062049064
12 0.08214285714285716 0.42857142857142855 0.015306122448979593 0.047619047619047616
12 0.6056122448979593 0.4282106782106782 0.017346938775510204 0.046897546897546896
12 0.9035714285714287 0.5396825396825397 0.015306122448979593 0.049062049062049064
12 0.0816326530612245 0.54004329004329 0.014285714285714287 0.048340548340548344
12 0.3352040816326531 0.5396825396825397 0.017346938775510204 0.047619047619047616
12 0.6056122448979593 0.54004329004329 0.015306122448979593 0.048340548340548344
12 0.903061224489796 0.6695526695526696 0.014285714285714287 0.049062049062049064
12 0.0826530612244898 0.6699134199134199 0.0163265306122449 0.048340548340548344
12 0.3352040816326531 0.6691919191919192 0.017346938775510204 0.046897546897546896
12 0.6051020408163266 0.6695526695526696 0.0163265306122449 0.047619047619047616
12 0.9025510204081634 0.7792207792207793 0.015306122448979593 0.049062049062049064
12 0.08214285714285716 0.7788600288600288 0.015306122448979593 0.046897546897546896
12 0.33571428571428574 0.7792207792207793 0.0163265306122449 0.047619047619047616
12 0.6056122448979593 0.7795815295815296 0.015306122448979593 0.048340548340548344
12 0.9025510204081634 0.908008658008658 0.017346938775510204 0.048340548340548344
12 0.08214285714285716 0.908008658008658 0.017346938775510204 0.046897546897546896
12 0.3352040816326531 0.9087301587301587 0.017346938775510204 0.048340548340548344
12 0.6051020408163266 0.9083694083694084 0.0163265306122449 0.047619047619047616
20 0.012755102040816327 0.015512265512265512 0.01938775510204082 0.02958152958152958
19 0.10816326530612246 0.010822510822510822 0.03469387755102041 0.01443001443001443
19 0.4739795918367347 0.010461760461760462 0.031632653061224494 0.013708513708513708
19 0.7739795918367348 0.010461760461760462 0.031632653061224494 0.013708513708513708
18 0.05510204081632654 0.12012987012987013 0.0326530612244898 0.013708513708513708
18 0.41785714285714287 0.1204906204906205 0.031632653061224494 0.012987012987012988
18 0.7520408163265306 0.12012987012987013 0.030612244897959186 0.012265512265512266
50 0.27704081632653066 0.2582972582972583 0.031632653061224494 0.05194805194805195
50 0.6418367346938776 0.25865800865800864 0.0326530612244898 0.051226551226551224
134 0.11020408163265308 0.43614718614718617 0.02448979591836735 0.06565656565656566
135 0.14387755102040817 0.43506493506493504 0.030612244897959186 0.06493506493506493
106 0.18571428571428572 0.4282106782106782 0.02653061224489796 0.051226551226551224
105 0.23775510204081635 0.4314574314574315 0.02448979591836735 0.05772005772005772
104 0.2908163265306123 0.43362193362193363 0.02653061224489796 0.06204906204906205
104 0.3622448979591837 0.43434343434343436 0.02653061224489796 0.06349206349206349
134 0.44030612244897965 0.4217171717171717 0.0336734693877551 0.06421356421356421
132 0.47040816326530616 0.424963924963925 0.02448979591836735 0.05772005772005772
102 0.5081632653061225 0.42243867243867245 0.02653061224489796 0.06132756132756133
103 0.5591836734693878 0.43542568542568544 0.02448979591836735 0.06565656565656566
76 0.6321428571428572 0.43398268398268397 0.02755102040816327 0.06132756132756133
104 0.7637755102040817 0.4347041847041847 0.025510204081632654 0.06421356421356421
134 0.8372448979591838 0.4357864357864358 0.023469387755102045 0.06493506493506493
135 0.8714285714285716 0.4347041847041847 0.030612244897959186 0.06421356421356421
132 0.11326530612244899 0.5378787878787878 0.030612244897959186 0.05411255411255411
133 0.14744897959183675 0.5375180375180375 0.023469387755102045 0.05627705627705628
104 0.18571428571428572 0.5458152958152959 0.02448979591836735 0.06277056277056277
103 0.23877551020408166 0.5472582972582972 0.02448979591836735 0.06565656565656566
102 0.29132653061224495 0.5331890331890332 0.025510204081632654 0.06060606060606061
102 0.36275510204081635 0.5339105339105339 0.025510204081632654 0.06204906204906205
132 0.438265306122449 0.5378787878787878 0.031632653061224494 0.05266955266955267
129 0.47040816326530616 0.5465367965367965 0.02653061224489796 0.06421356421356421
131 0.5076530612244898 0.54004329004329 0.02755102040816327 0.051226551226551224
101 0.5602040816326531 0.5367965367965368 0.02653061224489796 0.05627705627705628
74 0.6336734693877552 0.5331890331890332 0.028571428571428574 0.06060606060606061
102 0.7647959183673471 0.5339105339105339 0.025510204081632654 0.06204906204906205
132 0.8403061224489796 0.5378787878787878 0.02959183673469388 0.05411255411255411
133 0.8755102040816327 0.5375180375180375 0.02448979591836735 0.05627705627705628
104 0.037244897959183676 0.6756854256854257 0.025510204081632654 0.06421356421356421
19 0.24030612244897961 0.6670274170274171 0.031632653061224494 0.012265512265512266
18 0.47040816326530616 0.6605339105339105 0.030612244897959186 0.012265512265512266
99 0.6336734693877552 0.672077922077922 0.02653061224489796 0.056998556998557
132 0.6923469387755102 0.6677489177489178 0.031632653061224494 0.05411255411255411
133 0.7260204081632654 0.6677489177489178 0.025510204081632654 0.05555555555555555
135 0.7627551020408164 0.6717171717171717 0.025510204081632654 0.05627705627705628
136 0.7979591836734694 0.6717171717171717 0.030612244897959186 0.05339105339105339
106 0.8372448979591838 0.6691919191919192 0.025510204081632654 0.051226551226551224
18 0.20867346938775513 0.7702020202020202 0.031632653061224494 0.012265512265512266
18 0.47040816326530616 0.7702020202020202 0.030612244897959186 0.012265512265512266
18 0.7540816326530613 0.7698412698412699 0.030612244897959186 0.011544011544011544
102 0.03877551020408164 0.9025974025974026 0.02448979591836735 0.06204906204906205
50 0.1142857142857143 0.9083694083694084 0.0326530612244898 0.05194805194805195
136 0.3602040816326531 0.9112554112554112 0.02653061224489796 0.05772005772005772
135 0.39795918367346944 0.9123376623376623 0.02448979591836735 0.05988455988455989
134 0.4357142857142858 0.9145021645021645 0.02448979591836735 0.06277056277056277
133 0.46734693877551026 0.9152236652236653 0.028571428571428574 0.06565656565656566
100 0.5081632653061225 0.908008658008658 0.02653061224489796 0.051226551226551224
101 0.5607142857142857 0.9054834054834054 0.02755102040816327 0.05627705627705628
48 0.6362244897959184 0.9076479076479076 0.031632653061224494 0.05194805194805195
