12 0.9025510204081634 0.14502164502164502 0.017346938775510204 0.049062049062049064
12 0.48724489795918374 0.14502164502164502 0.01938775510204082 0.047619047619047616
12 0.903061224489796 0.27344877344877344 0.018367346938775512 0.049062049062049064
12 0.4867346938775511 0.2741702741702742 0.018367346938775512 0.049062049062049064
12 0.903061224489796 0.4025974025974026 0.0163265306122449 0.049062049062049064
12 0.4867346938775511 0.40295815295815296 0.018367346938775512 0.048340548340548344
12 0.4867346938775511 0.5313852813852814 0.0163265306122449 0.049783549783549784
12 0.903061224489796 0.5317460317460317 0.014285714285714287 0.049062049062049064
12 0.9025510204081634 0.8174603174603174 0.017346938775510204 0.049062049062049064
12 0.07142857142857144 0.8174603174603174 0.0163265306122449 0.047619047619047616
12 0.4928571428571429 0.8178210678210678 0.018367346938775512 0.048340548340548344
12 0.4938775510204082 0.9462481962481962 0.018367346938775512 0.048340548340548344
12 0.903061224489796 0.9466089466089466 0.0163265306122449 0.049062049062049064
12 0.07142857142857144 0.9466089466089466 0.0163265306122449 0.047619047619047616
166 0.022448979591836737 0.14646464646464646 0.03469387755102041 0.05339105339105339
165 0.06683673469387756 0.1323953823953824 0.0336734693877551 0.07575757575757576
164 0.09948979591836736 0.13455988455988455 0.02755102040816327 0.07287157287157287
163 0.1346938775510204 0.13564213564213565 0.028571428571428574 0.06926406926406926
162 0.17142857142857143 0.1370851370851371 0.02653061224489796 0.06782106782106782
163 0.2122448979591837 0.13816738816738816 0.03469387755102041 0.06421356421356421
163 0.24540816326530615 0.13852813852813853 0.02755102040816327 0.06349206349206349
163 0.2806122448979592 0.1388888888888889 0.02653061224489796 0.06421356421356421
163 0.3163265306122449 0.13852813852813853 0.02653061224489796 0.06493506493506493
163 0.35510204081632657 0.13852813852813853 0.03469387755102041 0.06349206349206349
163 0.388265306122449 0.1388888888888889 0.02755102040816327 0.06421356421356421
163 0.42346938775510207 0.13924963924963926 0.02653061224489796 0.06204906204906205
163 0.4596938775510204 0.1388888888888889 0.025510204081632654 0.06277056277056277
18 0.6903061224489797 0.13636363636363635 0.04387755102040817 0.015873015873015872
129 0.028061224489795922 0.27994227994227994 0.025510204081632654 0.06349206349206349
158 0.06581632653061226 0.28354978354978355 0.0336734693877551 0.06926406926406926
157 0.0989795918367347 0.28643578643578643 0.028571428571428574 0.07503607503607504
156 0.13520408163265307 0.2875180375180375 0.031632653061224494 0.08152958152958154
156 0.3163265306122449 0.2878787878787879 0.028571428571428574 0.08225108225108226
156 0.4602040816326531 0.2878787878787879 0.030612244897959186 0.0808080808080808
18 0.6903061224489797 0.2647907647907648 0.04387755102040817 0.015873015873015872
129 0.06377551020408163 0.4090909090909091 0.02755102040816327 0.06493506493506493
129 0.13520408163265307 0.4087301587301587 0.02959183673469388 0.06421356421356421
157 0.21122448979591837 0.4148629148629149 0.03469387755102041 0.07647907647907648
157 0.2448979591836735 0.4152236652236652 0.028571428571428574 0.07431457431457432
157 0.2811224489795919 0.4145021645021645 0.02959183673469388 0.07431457431457432
157 0.3163265306122449 0.4152236652236652 0.028571428571428574 0.07431457431457432
157 0.35510204081632657 0.4148629148629149 0.03469387755102041 0.0735930735930736
157 0.388265306122449 0.4152236652236652 0.02959183673469388 0.07431457431457432
157 0.4244897959183674 0.4137806637806638 0.030612244897959186 0.07431457431457432
157 0.4591836734693878 0.4148629148629149 0.028571428571428574 0.07503607503607504
18 0.6903061224489797 0.3939393939393939 0.04387755102040817 0.015873015873015872
157 0.02755102040816327 0.5436507936507936 0.028571428571428574 0.07575757575757576
158 0.06581632653061226 0.5404040404040404 0.031632653061224494 0.06926406926406926
159 0.1 0.5367965367965368 0.02653061224489796 0.06349206349206349
160 0.13571428571428573 0.5335497835497836 0.028571428571428574 0.056998556998557
162 0.1729591836734694 0.5306637806637806 0.02755102040816327 0.05555555555555555
165 0.20816326530612247 0.5378787878787878 0.02653061224489796 0.06421356421356421
165 0.24438775510204083 0.5378787878787878 0.025510204081632654 0.06421356421356421
165 0.27908163265306124 0.5378787878787878 0.025510204081632654 0.06421356421356421
165 0.31275510204081636 0.5375180375180375 0.031632653061224494 0.06349206349206349
165 0.351530612244898 0.5375180375180375 0.025510204081632654 0.06349206349206349
165 0.3872448979591837 0.5375180375180375 0.025510204081632654 0.06349206349206349
165 0.42244897959183675 0.5375180375180375 0.02448979591836735 0.06349206349206349
165 0.4571428571428572 0.5382395382395382 0.030612244897959186 0.06349206349206349
131 0.5198979591836735 0.5317460317460317 0.0336734693877551 0.05194805194805195
128 0.5627551020408164 0.5411255411255411 0.031632653061224494 0.06926406926406926
131 0.6158163265306122 0.5313852813852814 0.02755102040816327 0.051226551226551224
128 0.6612244897959184 0.5407647907647908 0.030612244897959186 0.06854256854256854
132 0.717857142857143 0.5313852813852814 0.0336734693877551 0.051226551226551224
128 0.7596938775510205 0.5404040404040404 0.031632653061224494 0.06926406926406926
130 0.8142857142857144 0.5339105339105339 0.028571428571428574 0.05772005772005772
128 0.8586734693877551 0.5404040404040404 0.031632653061224494 0.06926406926406926
18 0.27755102040816326 0.8088023088023089 0.04285714285714286 0.01443001443001443
18 0.692857142857143 0.8091630591630592 0.04285714285714286 0.013708513708513708
18 0.27755102040816326 0.937950937950938 0.04285714285714286 0.01443001443001443
133 0.5275510204081633 0.9437229437229437 0.03469387755102041 0.05627705627705628
130 0.5750000000000001 0.9476911976911977 0.02959183673469388 0.06277056277056277
133 0.6260204081632653 0.9440836940836941 0.02755102040816327 0.056998556998557
130 0.6714285714285715 0.9476911976911977 0.028571428571428574 0.06421356421356421
134 0.7239795918367348 0.9401154401154401 0.0336734693877551 0.06349206349206349
130 0.7673469387755103 0.9458874458874459 0.030612244897959186 0.06782106782106782
132 0.8198979591836736 0.9437229437229437 0.02959183673469388 0.05772005772005772
130 0.8642857142857143 0.948051948051948 0.028571428571428574 0.06060606060606061
156 0.21173469387755103 0.288961038961039 0.031632653061224494 0.08152958152958154
156 0.24438775510204083 0.28823953823953824 0.031632653061224494 0.08152958152958154
156 0.28316326530612246 0.2875180375180375 0.031632653061224494 0.08152958152958154
156 0.35561224489795923 0.2875180375180375 0.031632653061224494 0.08152958152958154
156 0.3913265306122449 0.28823953823953824 0.031632653061224494 0.08152958152958154
156 0.42806122448979594 0.28823953823953824 0.031632653061224494 0.08152958152958154
155 0.1729591836734694 0.2911255411255411 0.031632653061224494 0.08585858585858586
