14 0.2 0.10678210678210678 0.014285714285714287 0.008658008658008658
12 0.9025510204081634 0.13600288600288601 0.017346938775510204 0.048340548340548344
12 0.11173469387755103 0.13672438672438672 0.015306122448979593 0.048340548340548344
14 0.20051020408163267 0.14177489177489178 0.01326530612244898 0.00937950937950938
14 0.5923469387755103 0.15404040404040403 0.01326530612244898 0.00937950937950938
12 0.11224489795918369 0.255050505050505 0.0163265306122449 0.048340548340548344
12 0.9025510204081634 0.2554112554112554 0.017346938775510204 0.047619047619047616
14 0.5974489795918367 0.5119047619047619 0.01326530612244898 0.007936507936507936
12 0.32908163265306123 0.5418470418470418 0.017346938775510204 0.049062049062049064
12 0.903061224489796 0.5418470418470418 0.0163265306122449 0.049062049062049064
14 0.5979591836734695 0.5357142857142857 0.014285714285714287 0.00937950937950938
12 0.32908163265306123 0.6601731601731602 0.017346938775510204 0.047619047619047616
12 0.9025510204081634 0.6608946608946609 0.017346938775510204 0.049062049062049064
12 0.9025510204081634 0.9466089466089466 0.017346938775510204 0.049062049062049064
12 0.012755102040816327 0.946969696969697 0.015306122448979593 0.048340548340548344
14 0.3841836734693878 0.9527417027417028 0.01326530612244898 0.010822510822510822
14 0.15612244897959185 0.9527417027417028 0.010204081632653062 0.00937950937950938
17 0.12448979591836735 0.11868686868686869 0.012244897959183675 0.022366522366522368
192 0.6183673469387756 0.11580086580086581 0.02653061224489796 0.09018759018759019
191 0.6642857142857144 0.11652236652236653 0.02653061224489796 0.0873015873015873
192 0.7086734693877552 0.11544011544011544 0.025510204081632654 0.08802308802308802
193 0.7571428571428572 0.11471861471861472 0.0326530612244898 0.09090909090909091
192 0.7989795918367347 0.113997113997114 0.02448979591836735 0.08946608946608947
22 0.18010204081632655 0.26082251082251084 0.02755102040816327 0.03535353535353535
16 0.22346938775510206 0.24783549783549783 0.018367346938775512 0.032467532467532464
164 0.25510204081632654 0.24458874458874458 0.03469387755102041 0.07215007215007214
163 0.3188775510204082 0.2474747474747475 0.02755102040816327 0.06782106782106782
162 0.388265306122449 0.24891774891774893 0.02755102040816327 0.06493506493506493
102 0.45765306122448984 0.24927849927849927 0.025510204081632654 0.06277056277056277
95 0.5724489795918368 0.2694805194805195 0.030612244897959186 0.08152958152958154
21 0.020918367346938777 0.5050505050505051 0.02142857142857143 0.023088023088023088
22 0.07755102040816328 0.5108225108225108 0.02448979591836735 0.03463203463203463
168 0.13112244897959185 0.523088023088023 0.03775510204081633 0.08946608946608947
141 0.1739795918367347 0.512987012987013 0.0336734693877551 0.10966810966810966
170 0.23010204081632654 0.5144300144300145 0.031632653061224494 0.10678210678210678
194 0.27755102040816326 0.5147907647907648 0.02653061224489796 0.10461760461760462
193 0.3091836734693878 0.516955266955267 0.02448979591836735 0.10028860028860029
16 0.7051020408163265 0.523088023088023 0.0163265306122449 0.03318903318903319
108 0.021938775510204084 0.6544011544011544 0.023469387755102045 0.06493506493506493
103 0.16989795918367348 0.6688311688311688 0.025510204081632654 0.06637806637806638
22 0.3801020408163266 0.665945165945166 0.025510204081632654 0.03463203463203463
165 0.42500000000000004 0.661976911976912 0.025510204081632654 0.05411255411255411
167 0.4744897959183674 0.6605339105339105 0.02448979591836735 0.05266955266955267
169 0.5209183673469389 0.6551226551226551 0.031632653061224494 0.06349206349206349
111 0.576530612244898 0.6464646464646464 0.0326530612244898 0.0808080808080808
22 0.7306122448979593 0.6663059163059163 0.02448979591836735 0.03391053391053391
167 0.7755102040816327 0.663059163059163 0.02448979591836735 0.05627705627705628
166 0.8224489795918368 0.6648629148629148 0.02448979591836735 0.06132756132756133
165 0.864795918367347 0.6666666666666666 0.031632653061224494 0.06349206349206349
187 0.08979591836734695 0.9401154401154401 0.02448979591836735 0.06493506493506493
133 0.1362244897959184 0.9401154401154401 0.025510204081632654 0.06349206349206349
20 0.35969387755102045 0.9823232323232324 0.02142857142857143 0.03535353535353535
133 0.3678571428571429 0.9408369408369408 0.0336734693877551 0.06349206349206349
160 0.4714285714285715 0.948051948051948 0.028571428571428574 0.06204906204906205
20 0.5443877551020408 0.9823232323232324 0.02142857142857143 0.03535353535353535
188 0.5494897959183674 0.9365079365079365 0.0336734693877551 0.0707070707070707
187 0.5938775510204082 0.9354256854256854 0.02653061224489796 0.07287157287157287
188 0.6408163265306123 0.935064935064935 0.02653061224489796 0.0735930735930736
189 0.6877551020408164 0.9347041847041847 0.02653061224489796 0.07575757575757576
188 0.7367346938775511 0.9365079365079365 0.030612244897959186 0.0735930735930736
187 0.7811224489795919 0.9357864357864358 0.025510204081632654 0.07215007215007214
188 0.8275510204081633 0.935064935064935 0.02448979591836735 0.0735930735930736
189 0.8744897959183674 0.933982683982684 0.02653061224489796 0.07575757575757576
