12 0.9025510204081634 0.13347763347763347 0.015306122448979593 0.047619047619047616
12 0.38673469387755105 0.13383838383838384 0.0163265306122449 0.046897546897546896
12 0.3862244897959184 0.25252525252525254 0.017346938775510204 0.047619047619047616
12 0.9020408163265307 0.25252525252525254 0.0163265306122449 0.047619047619047616
14 0.21581632653061225 0.39466089466089466 0.01326530612244898 0.008658008658008658
14 0.21581632653061225 0.4062049062049062 0.01326530612244898 0.008658008658008658
14 0.06479591836734694 0.41919191919191917 0.015306122448979593 0.0101010101010101
13 0.8617346938775511 0.45995670995670995 0.023469387755102045 0.048340548340548344
14 0.32551020408163267 0.44191919191919193 0.012244897959183675 0.010822510822510822
12 0.6290816326530613 0.4606782106782107 0.017346938775510204 0.048340548340548344
12 0.13571428571428573 0.4606782106782107 0.0163265306122449 0.046897546897546896
14 0.0653061224489796 0.44264069264069267 0.014285714285714287 0.00937950937950938
14 0.06581632653061226 0.46645021645021645 0.01326530612244898 0.00937950937950938
13 0.8622448979591838 0.579004329004329 0.02653061224489796 0.049783549783549784
12 0.1346938775510204 0.579004329004329 0.0163265306122449 0.046897546897546896
12 0.6290816326530613 0.5793650793650794 0.015306122448979593 0.047619047619047616
14 0.325 0.5854978354978355 0.011224489795918368 0.007936507936507936
14 0.21530612244897962 0.5974025974025974 0.012244897959183675 0.008658008658008658
14 0.22448979591836737 0.7222222222222222 0.012244897959183675 0.008658008658008658
14 0.33112244897959187 0.7334054834054834 0.011224489795918368 0.007936507936507936
14 0.12040816326530614 0.7572150072150072 0.010204081632653062 0.007936507936507936
12 0.9020408163265307 0.7867965367965368 0.018367346938775512 0.048340548340548344
12 0.5561224489795918 0.7871572871572872 0.018367346938775512 0.047619047619047616
12 0.07755102040816328 0.7871572871572872 0.0163265306122449 0.046176046176046176
12 0.07755102040816328 0.8997113997113997 0.018367346938775512 0.049062049062049064
12 0.5566326530612246 0.8997113997113997 0.015306122448979593 0.049062049062049064
12 0.9020408163265307 0.90007215007215 0.0163265306122449 0.048340548340548344
105 0.021938775510204084 0.12265512265512266 0.02755102040816327 0.07647907647907648
17 0.10561224489795919 0.1341991341991342 0.017346938775510204 0.03607503607503607
17 0.16683673469387755 0.11580086580086581 0.017346938775510204 0.03535353535353535
137 0.18979591836734697 0.11868686868686869 0.02448979591836735 0.08152958152958154
16 0.22602040816326532 0.10786435786435787 0.017346938775510204 0.032467532467532464
137 0.25204081632653064 0.11904761904761904 0.02448979591836735 0.07936507936507936
105 0.31275510204081636 0.12229437229437229 0.025510204081632654 0.0772005772005772
137 0.4994897959183674 0.11868686868686869 0.025510204081632654 0.08152958152958154
16 0.5362244897959184 0.1075036075036075 0.017346938775510204 0.03318903318903319
137 0.5622448979591838 0.11868686868686869 0.02448979591836735 0.08008658008658008
105 0.6229591836734695 0.12193362193362194 0.025510204081632654 0.07503607503607504
17 0.08214285714285716 0.2222222222222222 0.011224489795918368 0.023088023088023088
99 0.13010204081632654 0.25613275613275616 0.023469387755102045 0.05627705627705628
99 0.439795918367347 0.25577200577200576 0.02448979591836735 0.056998556998557
109 0.7280612244897959 0.24422799422799424 0.02959183673469388 0.07142857142857142
102 0.826530612244898 0.24675324675324675 0.02653061224489796 0.06349206349206349
136 0.30408163265306126 0.46320346320346323 0.02448979591836735 0.05627705627705628
168 0.3704081632653062 0.4577922077922078 0.03469387755102041 0.05844155844155844
17 0.8892857142857143 0.4606782106782107 0.017346938775510204 0.03391053391053391
17 0.7214285714285715 0.5018037518037518 0.018367346938775512 0.03535353535353535
130 0.19897959183673472 0.5822510822510822 0.0326530612244898 0.05772005772005772
161 0.2663265306122449 0.579004329004329 0.02653061224489796 0.05555555555555555
132 0.3081632653061225 0.5775613275613276 0.0326530612244898 0.05411255411255411
17 0.35561224489795923 0.5912698412698413 0.017346938775510204 0.03391053391053391
162 0.3790816326530613 0.5775613275613276 0.025510204081632654 0.05411255411255411
102 0.4591836734693878 0.5728715728715729 0.02448979591836735 0.06204906204906205
95 0.5596938775510205 0.5930735930735931 0.02959183673469388 0.0808080808080808
17 0.8892857142857143 0.5916305916305916 0.01938775510204082 0.03463203463203463
21 0.10204081632653061 0.7622655122655123 0.020408163265306124 0.022366522366522368
173 0.1642857142857143 0.7694805194805194 0.028571428571428574 0.08585858585858586
174 0.20408163265306123 0.766955266955267 0.030612244897959186 0.09235209235209235
171 0.25867346938775515 0.7752525252525253 0.03775510204081633 0.07575757575757576
17 0.28775510204081634 0.7334054834054834 0.014285714285714287 0.03391053391053391
143 0.3112244897959184 0.7698412698412699 0.030612244897959186 0.08513708513708514
172 0.3709183673469388 0.7727272727272727 0.039795918367346944 0.0808080808080808
171 0.413265306122449 0.7756132756132756 0.028571428571428574 0.07647907647907648
172 0.45306122448979597 0.773088023088023 0.028571428571428574 0.08008658008658008
171 0.489795918367347 0.7748917748917749 0.02653061224489796 0.07503607503607504
170 0.528061224489796 0.7788600288600288 0.031632653061224494 0.06854256854256854
112 0.5846938775510204 0.7702020202020202 0.0326530612244898 0.08585858585858586
141 0.6561224489795919 0.7752525252525253 0.02653061224489796 0.0772005772005772
139 0.7035714285714286 0.7813852813852814 0.031632653061224494 0.06204906204906205
80 0.763265306122449 0.7813852813852814 0.02653061224489796 0.06349206349206349
99 0.10408163265306124 0.9022366522366523 0.02653061224489796 0.056998556998557
100 0.3107142857142857 0.9007936507936508 0.02755102040816327 0.051226551226551224
96 0.5841836734693878 0.9112554112554112 0.02959183673469388 0.07792207792207792
99 0.7637755102040817 0.9033189033189033 0.025510204081632654 0.05772005772005772
