2 0.18010204081632655 0.1590909090909091 0.031632653061224494 0.048340548340548344
12 0.09693877551020409 0.17604617604617603 0.014285714285714287 0.049062049062049064
12 0.6469387755102042 0.17532467532467533 0.020408163265306124 0.047619047619047616
14 0.7877551020408164 0.15800865800865802 0.012244897959183675 0.008658008658008658
2 0.18010204081632655 0.3708513708513709 0.031632653061224494 0.047619047619047616
12 0.09744897959183674 0.3878066378066378 0.015306122448979593 0.049783549783549784
12 0.6464285714285715 0.3878066378066378 0.017346938775510204 0.046897546897546896
14 0.7877551020408164 0.38167388167388167 0.012244897959183675 0.008658008658008658
2 0.18010204081632655 0.5955988455988456 0.031632653061224494 0.048340548340548344
12 0.09744897959183674 0.5995670995670995 0.015306122448979593 0.049062049062049064
12 0.6459183673469389 0.5995670995670995 0.0163265306122449 0.047619047619047616
26 0.12908163265306125 0.1774891774891775 0.04591836734693878 0.0836940836940837
138 0.24642857142857144 0.17316017316017315 0.025510204081632654 0.05772005772005772
138 0.29540816326530617 0.17316017316017315 0.0336734693877551 0.05772005772005772
107 0.3545918367346939 0.17352092352092352 0.025510204081632654 0.056998556998557
17 0.4188775510204082 0.15873015873015872 0.015306122448979593 0.03463203463203463
137 0.4413265306122449 0.1756854256854257 0.025510204081632654 0.051226551226551224
138 0.49438775510204086 0.1738816738816739 0.025510204081632654 0.05772005772005772
139 0.5489795918367347 0.17063492063492064 0.02653061224489796 0.06277056277056277
138 0.5989795918367348 0.17316017316017315 0.030612244897959186 0.05772005772005772
107 0.6790816326530613 0.17316017316017315 0.025510204081632654 0.05772005772005772
137 0.766326530612245 0.1764069264069264 0.02448979591836735 0.05266955266955267
17 0.806122448979592 0.15873015873015872 0.012244897959183675 0.024531024531024532
167 0.8566326530612246 0.17604617604617603 0.03775510204081633 0.05194805194805195
107 0.9010204081632653 0.17316017316017315 0.02448979591836735 0.05772005772005772
107 0.9867346938775511 0.17279942279942279 0.02448979591836735 0.05844155844155844
26 0.12959183673469388 0.38961038961038963 0.04489795918367347 0.08513708513708514
135 0.2469387755102041 0.3935786435786436 0.02653061224489796 0.06421356421356421
135 0.29642857142857143 0.3943001443001443 0.0336734693877551 0.06421356421356421
104 0.35408163265306125 0.3935786435786436 0.02653061224489796 0.06277056277056277
17 0.4188775510204082 0.3874458874458874 0.015306122448979593 0.03463203463203463
134 0.4408163265306123 0.3971861471861472 0.02448979591836735 0.06854256854256854
135 0.4948979591836735 0.3953823953823954 0.02653061224489796 0.06782106782106782
136 0.5484693877551021 0.395021645021645 0.025510204081632654 0.0670995670995671
135 0.5994897959183674 0.3939393939393939 0.0336734693877551 0.06349206349206349
104 0.6806122448979592 0.3939393939393939 0.02653061224489796 0.06349206349206349
134 0.766326530612245 0.39826839826839827 0.02448979591836735 0.07215007215007214
17 0.8056122448979592 0.38816738816738816 0.01326530612244898 0.023088023088023088
164 0.8566326530612246 0.39790764790764793 0.03775510204081633 0.07287157287157287
104 0.901530612244898 0.3939393939393939 0.025510204081632654 0.06349206349206349
104 0.9862244897959185 0.3943001443001443 0.025510204081632654 0.06421356421356421
27 0.12908163265306125 0.5992063492063492 0.05 0.051226551226551224
50 0.2510204081632653 0.59992784992785 0.03469387755102041 0.051226551226551224
101 0.6821428571428572 0.5966810966810967 0.025510204081632654 0.05772005772005772
16 0.7418367346938776 0.6111111111111112 0.0163265306122449 0.03318903318903319
100 0.7688775510204082 0.59992784992785 0.025510204081632654 0.051226551226551224
74 0.9020408163265307 0.5941558441558441 0.02653061224489796 0.06132756132756133
