12 0.22712283594394064 0.08886946386946387 0.014014839241549877 0.03904428904428905
12 0.9018961253091509 0.08916083916083917 0.01483924154987634 0.039627039627039624
12 0.5634789777411376 0.08916083916083917 0.014014839241549877 0.038461538461538464
14 0.015663643858202802 0.10285547785547786 0.00989282769991756 0.007575757575757576
14 0.27328936521022257 0.10343822843822843 0.010717230008244023 0.007575757575757576
14 0.6929101401483925 0.11305361305361306 0.010717230008244023 0.009324009324009324
14 0.36108821104699096 0.2526223776223776 0.00989282769991756 0.008741258741258742
14 0.6158285243198681 0.2526223776223776 0.011541632316570486 0.008741258741258742
12 0.23495465787304204 0.2765151515151515 0.01483924154987634 0.03904428904428905
12 0.5696619950535862 0.2765151515151515 0.01483924154987634 0.03904428904428905
12 0.9027205276174773 0.2762237762237762 0.013190436933223413 0.038461538461538464
12 0.23495465787304204 0.36946386946386944 0.013190436933223413 0.04079254079254079
12 0.5684253915910965 0.36917249417249415 0.014014839241549877 0.04020979020979021
12 0.9023083264633142 0.36917249417249415 0.014014839241549877 0.03904428904428905
12 0.9023083264633142 0.4810606060606061 0.014014839241549877 0.03904428904428905
12 0.23536685902720528 0.4810606060606061 0.015663643858202802 0.03787878787878788
12 0.569249793899423 0.4831002331002331 0.015663643858202802 0.03496503496503497
14 0.6154163231657048 0.4763986013986014 0.01236603462489695 0.009906759906759906
14 0.36108821104699096 0.4763986013986014 0.011541632316570486 0.008741258741258742
11 0.8953009068425392 0.6675407925407926 0.0247320692497939 0.03904428904428905
12 0.622835943940643 0.6681235431235432 0.01731244847485573 0.03904428904428905
12 0.35614179719703215 0.6684149184149184 0.01483924154987634 0.038461538461538464
11 0.894888705688376 0.7604895104895105 0.025556471558120363 0.039627039627039624
12 0.35614179719703215 0.7610722610722611 0.01483924154987634 0.038461538461538464
12 0.622835943940643 0.7610722610722611 0.018961253091508656 0.038461538461538464
11 0.8940643033800495 0.8723776223776224 0.023907666941467436 0.039627039627039624
12 0.3557295960428689 0.8723776223776224 0.015663643858202802 0.038461538461538464
12 0.6224237427864798 0.8726689976689976 0.01483924154987634 0.03904428904428905
72 0.2539159109645507 0.08916083916083917 0.023083264633140973 0.04195804195804196
99 0.4909315746084089 0.09178321678321678 0.02225886232481451 0.0472027972027972
99 0.5902720527617478 0.09149184149184149 0.021434460016488046 0.046620046620046623
69 0.6731244847485574 0.09557109557109557 0.023907666941467436 0.055944055944055944
109 0.16117065127782357 0.2695221445221445 0.02225886232481451 0.05536130536130536
109 0.26215993404781535 0.2695221445221445 0.023083264633140973 0.05536130536130536
79 0.3417147568013191 0.2736013986013986 0.02225886232481451 0.0472027972027972
79 0.5956306677658697 0.2738927738927739 0.02225886232481451 0.047785547785547784
101 0.8322341302555647 0.2738927738927739 0.020610057708161583 0.046620046620046623
142 0.041220115416323165 0.3572261072261072 0.02967848309975268 0.06526806526806526
142 0.12530915086562242 0.3572261072261072 0.023083264633140973 0.06643356643356643
142 0.2003297609233306 0.3572261072261072 0.028029678483099753 0.06643356643356643
140 0.26215993404781535 0.3615967365967366 0.021434460016488046 0.05536130536130536
142 0.30502885408079145 0.3572261072261072 0.023083264633140973 0.06643356643356643
138 0.3408903544929926 0.36917249417249415 0.020610057708161583 0.050699300699300696
133 0.37469084913437756 0.3735431235431235 0.02720527617477329 0.05128205128205128
137 0.41962077493816985 0.35926573426573427 0.0247320692497939 0.06118881118881119
133 0.4542456718878813 0.36013986013986016 0.023083264633140973 0.05944055944055944
136 0.4971145919208574 0.3615967365967366 0.021434460016488046 0.057692307692307696
133 0.5333882934872217 0.36217948717948717 0.021434460016488046 0.05652680652680653
135 0.597691673536686 0.36363636363636365 0.026380873866446827 0.05128205128205128
131 0.6323165704863973 0.36509324009324007 0.023083264633140973 0.050699300699300696
134 0.6751854905193735 0.36596736596736595 0.021434460016488046 0.047785547785547784
131 0.7110469909315746 0.36713286713286714 0.02225886232481451 0.046620046620046623
133 0.7572135201978566 0.3685897435897436 0.025556471558120363 0.041375291375291376
131 0.7910140148392416 0.36917249417249415 0.02225886232481451 0.042540792540792544
132 0.8305853256389119 0.3688811188811189 0.020610057708161583 0.04195804195804196
130 0.8676834295136027 0.3717948717948718 0.02225886232481451 0.046620046620046623
105 0.16075845012366036 0.4828088578088578 0.01978565539983512 0.04603729603729604
105 0.2617477328936521 0.4831002331002331 0.020610057708161583 0.045454545454545456
76 0.34130255564715584 0.48572261072261075 0.021434460016488046 0.050699300699300696
76 0.596042868920033 0.48543123543123545 0.021434460016488046 0.05011655011655012
99 0.8305853256389119 0.4833916083916084 0.02225886232481451 0.0472027972027972
131 0.02225886232481451 0.7613636363636364 0.021434460016488046 0.042540792540792544
129 0.08862324814509481 0.7657342657342657 0.030502885408079144 0.05244755244755245
131 0.15704863973619126 0.7610722610722611 0.02225886232481451 0.04195804195804196
129 0.22093981863149217 0.7660256410256411 0.023083264633140973 0.05303030303030303
131 0.29183841714756803 0.7610722610722611 0.021434460016488046 0.04195804195804196
43 0.40807914262159933 0.8811188811188811 0.028029678483099753 0.05710955710955711
41 0.6747732893652102 0.8849067599067599 0.03215169002473207 0.06585081585081586
140 0.08161582852431987 0.36217948717948717 0.026380873866446827 0.05419580419580419
140 0.1615828524319868 0.36217948717948717 0.026380873866446827 0.05419580419580419
