12 0.09693877551020409 0.12445887445887446 0.014285714285714287 0.049783549783549784
12 0.6923469387755102 0.12445887445887446 0.017346938775510204 0.048340548340548344
14 0.5081632653061225 0.21428571428571427 0.014285714285714287 0.0101010101010101
12 0.09744897959183674 0.24458874458874458 0.01326530612244898 0.050505050505050504
12 0.6918367346938776 0.2435064935064935 0.0163265306122449 0.048340548340548344
14 0.7469387755102042 0.2261904761904762 0.014285714285714287 0.012265512265512266
12 0.09693877551020409 0.3924963924963925 0.014285714285714287 0.050505050505050504
12 0.6918367346938776 0.3921356421356421 0.018367346938775512 0.048340548340548344
14 0.7459183673469388 0.386002886002886 0.014285714285714287 0.012987012987012988
12 0.692857142857143 0.5111832611832612 0.018367346938775512 0.048340548340548344
12 0.09693877551020409 0.5122655122655123 0.012244897959183675 0.049062049062049064
12 0.09693877551020409 0.8051948051948052 0.014285714285714287 0.049062049062049064
12 0.9403061224489797 0.8048340548340548 0.017346938775510204 0.046897546897546896
12 0.09744897959183674 0.9253246753246753 0.015306122448979593 0.051226551226551224
12 0.9403061224489797 0.9242424242424242 0.015306122448979593 0.047619047619047616
8 0.2035714285714286 0.935064935064935 0.07857142857142858 0.05772005772005772
8 0.20408163265306123 0.816017316017316 0.07755102040816328 0.05916305916305916
8 0.2056122448979592 0.5061327561327561 0.08061224489795919 0.056998556998557
8 0.2056122448979592 0.3874458874458874 0.0826530612244898 0.06060606060606061
8 0.2056122448979592 0.23196248196248195 0.0826530612244898 0.05844155844155844
8 0.2045918367346939 0.13528138528138528 0.07857142857142858 0.05988455988455989
33 0.12908163265306125 0.13600288600288601 0.047959183673469394 0.07575757575757576
137 0.2938775510204082 0.1266233766233766 0.02448979591836735 0.056998556998557
135 0.3352040816326531 0.12842712842712842 0.025510204081632654 0.06060606060606061
134 0.3806122448979592 0.1305916305916306 0.02653061224489796 0.06349206349206349
133 0.4352040816326531 0.13275613275613277 0.0336734693877551 0.06782106782106782
101 0.4867346938775511 0.12157287157287157 0.02653061224489796 0.05555555555555555
108 0.5755102040816327 0.11832611832611832 0.02448979591836735 0.06204906204906205
139 0.7234693877551021 0.11868686868686869 0.02448979591836735 0.06277056277056277
138 0.7688775510204082 0.12121212121212122 0.025510204081632654 0.05772005772005772
15 0.8020408163265307 0.09415584415584416 0.022448979591836737 0.03823953823953824
139 0.828061224489796 0.11832611832611832 0.025510204081632654 0.06204906204906205
17 0.8581632653061225 0.08333333333333333 0.0163265306122449 0.03968253968253968
141 0.8770408163265306 0.11183261183261184 0.0336734693877551 0.07647907647907648
15 0.9142857142857144 0.08225108225108226 0.022448979591836737 0.03896103896103896
82 0.9418367346938776 0.11219336219336219 0.030612244897959186 0.07575757575757576
28 0.12959183673469388 0.24422799422799424 0.05102040816326531 0.051226551226551224
82 0.2938775510204082 0.23160173160173161 0.030612244897959186 0.0735930735930736
107 0.48469387755102045 0.240981240981241 0.02448979591836735 0.05772005772005772
15 0.5943877551020409 0.21392496392496393 0.023469387755102045 0.03823953823953824
139 0.6209183673469388 0.23845598845598845 0.02755102040816327 0.06277056277056277
33 0.6596938775510205 0.2536075036075036 0.039795918367346944 0.06854256854256854
105 0.7239795918367348 0.24639249639249639 0.025510204081632654 0.05555555555555555
137 0.8806122448979593 0.2435064935064935 0.02653061224489796 0.049783549783549784
79 0.9408163265306123 0.240981240981241 0.02653061224489796 0.05772005772005772
34 0.1306122448979592 0.386002886002886 0.0489795918367347 0.06204906204906205
102 0.29438775510204085 0.38636363636363635 0.025510204081632654 0.06132756132756133
15 0.35408163265306125 0.3917748917748918 0.022448979591836737 0.03751803751803752
134 0.3801020408163266 0.39935064935064934 0.025510204081632654 0.06565656565656566
15 0.41377551020408165 0.3856421356421356 0.023469387755102045 0.03823953823953824
135 0.4357142857142858 0.39790764790764793 0.0326530612244898 0.06421356421356421
77 0.48469387755102045 0.3943001443001443 0.02448979591836735 0.05555555555555555
104 0.7229591836734695 0.39790764790764793 0.025510204081632654 0.06277056277056277
15 0.8551020408163266 0.3917748917748918 0.022448979591836737 0.03896103896103896
134 0.8806122448979593 0.3997113997113997 0.02448979591836735 0.06637806637806638
76 0.9418367346938776 0.3971861471861472 0.02653061224489796 0.06132756132756133
27 0.12806122448979593 0.5115440115440115 0.047959183673469394 0.05194805194805195
76 0.2938775510204082 0.516955266955267 0.02653061224489796 0.06132756132756133
135 0.4852040816326531 0.5194805194805194 0.025510204081632654 0.06637806637806638
134 0.5301020408163266 0.5187590187590188 0.025510204081632654 0.06493506493506493
135 0.5750000000000001 0.5176767676767676 0.025510204081632654 0.06421356421356421
136 0.6173469387755103 0.5180375180375181 0.0326530612244898 0.06493506493506493
78 0.7229591836734695 0.5115440115440115 0.025510204081632654 0.050505050505050504
137 0.9408163265306123 0.5137085137085137 0.02653061224489796 0.05483405483405483
136 0.9852040816326532 0.5151515151515151 0.025510204081632654 0.05772005772005772
33 0.13010204081632654 0.816017316017316 0.047959183673469394 0.07503607503607504
80 0.2948979591836735 0.8001443001443002 0.028571428571428574 0.06637806637806638
79 0.6168367346938776 0.801948051948052 0.02755102040816327 0.05844155844155844
107 0.9826530612244899 0.801948051948052 0.02653061224489796 0.05844155844155844
33 0.13112244897959185 0.9365079365079365 0.05 0.07647907647907648
78 0.29336734693877553 0.9235209235209235 0.02959183673469388 0.05194805194805195
137 0.6153061224489796 0.9274891774891775 0.02653061224489796 0.056998556998557
137 0.6954081632653062 0.9285714285714286 0.02755102040816327 0.05916305916305916
136 0.7760204081632653 0.9296536796536796 0.025510204081632654 0.06132756132756133
15 0.8448979591836735 0.9188311688311688 0.02448979591836735 0.03823953823953824
135 0.8673469387755103 0.9310966810966811 0.03469387755102041 0.06421356421356421
77 0.9841836734693878 0.9282106782106783 0.02755102040816327 0.05844155844155844
