12 0.32040816326530613 0.023088023088023088 0.018367346938775512 0.044733044733044736
11 0.8464285714285715 0.023088023088023088 0.02755102040816327 0.044733044733044736
12 0.4244897959183674 0.24314574314574314 0.0163265306122449 0.049062049062049064
12 0.9020408163265307 0.2427849927849928 0.0163265306122449 0.048340548340548344
12 0.09846938775510206 0.24314574314574314 0.015306122448979593 0.047619047619047616
12 0.24744897959183676 0.2435064935064935 0.017346938775510204 0.048340548340548344
12 0.5693877551020409 0.24314574314574314 0.0163265306122449 0.047619047619047616
12 0.7367346938775511 0.24314574314574314 0.0163265306122449 0.047619047619047616
12 0.0989795918367347 0.465007215007215 0.018367346938775512 0.049783549783549784
12 0.4852040816326531 0.465007215007215 0.017346938775510204 0.049783549783549784
12 0.9025510204081634 0.465007215007215 0.017346938775510204 0.049783549783549784
12 0.7107142857142857 0.4653679653679654 0.01938775510204082 0.049062049062049064
12 0.25918367346938775 0.4653679653679654 0.0163265306122449 0.047619047619047616
12 0.18010204081632655 0.6868686868686869 0.017346938775510204 0.047619047619047616
12 0.40663265306122454 0.6868686868686869 0.017346938775510204 0.047619047619047616
12 0.6551020408163266 0.6868686868686869 0.0163265306122449 0.047619047619047616
12 0.9020408163265307 0.6868686868686869 0.0163265306122449 0.047619047619047616
12 0.1673469387755102 0.9087301587301587 0.018367346938775512 0.048340548340548344
12 0.6576530612244899 0.9083694083694084 0.02142857142857143 0.047619047619047616
12 0.9025510204081634 0.9087301587301587 0.01938775510204082 0.048340548340548344
12 0.43061224489795924 0.9090909090909091 0.018367346938775512 0.047619047619047616
20 0.6112244897959184 0.016955266955266956 0.022448979591836737 0.032467532467532464
136 0.030102040816326534 0.24675324675324675 0.02142857142857143 0.05772005772005772
134 0.06326530612244899 0.24963924963924963 0.02653061224489796 0.06349206349206349
102 0.125 0.23809523809523808 0.023469387755102045 0.06204906204906205
103 0.18877551020408165 0.237012987012987 0.020408163265306124 0.06854256854256854
135 0.275 0.24963924963924963 0.02142857142857143 0.06349206349206349
138 0.3198979591836735 0.24711399711399712 0.023469387755102045 0.07142857142857142
136 0.3561224489795919 0.2510822510822511 0.02448979591836735 0.06782106782106782
134 0.3903061224489796 0.25144300144300147 0.02755102040816327 0.06854256854256854
100 0.45102040816326533 0.2435064935064935 0.02448979591836735 0.051226551226551224
20 0.5117346938775511 0.23773448773448774 0.02142857142857143 0.03391053391053391
138 0.5974489795918367 0.240981240981241 0.023469387755102045 0.05627705627705628
110 0.6387755102040817 0.23160173160173161 0.02448979591836735 0.07503607503607504
140 0.7025510204081633 0.23484848484848486 0.025510204081632654 0.06854256854256854
136 0.7647959183673471 0.24639249639249639 0.023469387755102045 0.056998556998557
108 0.8056122448979592 0.23737373737373738 0.02142857142857143 0.06204906204906205
138 0.8688775510204082 0.24025974025974026 0.023469387755102045 0.05627705627705628
136 0.025 0.4725829725829726 0.023469387755102045 0.06782106782106782
134 0.061734693877551025 0.4733044733044733 0.02755102040816327 0.06926406926406926
100 0.12704081632653064 0.4653679653679654 0.023469387755102045 0.05194805194805195
107 0.20051020408163267 0.4624819624819625 0.023469387755102045 0.05627705627705628
138 0.28877551020408165 0.4624819624819625 0.022448979591836737 0.05627705627705628
167 0.33112244897959187 0.465007215007215 0.02142857142857143 0.051226551226551224
166 0.35816326530612247 0.4653679653679654 0.02448979591836735 0.050505050505050504
137 0.3913265306122449 0.4678932178932179 0.02142857142857143 0.056998556998557
166 0.43367346938775514 0.46933621933621933 0.020408163265306124 0.05988455988455989
165 0.4612244897959184 0.4707792207792208 0.02653061224489796 0.06277056277056277
136 0.5158163265306123 0.46825396825396826 0.023469387755102045 0.05772005772005772
165 0.5571428571428572 0.4696969696969697 0.020408163265306124 0.06060606060606061
164 0.5841836734693878 0.47113997113997114 0.025510204081632654 0.06349206349206349
135 0.6173469387755103 0.4715007215007215 0.022448979591836737 0.06565656565656566
164 0.6586734693877552 0.4733044733044733 0.02142857142857143 0.06782106782106782
163 0.6862244897959184 0.4751082251082251 0.02755102040816327 0.07142857142857142
134 0.739795918367347 0.4707792207792208 0.022448979591836737 0.06421356421356421
136 0.7821428571428573 0.4678932178932179 0.02959183673469388 0.056998556998557
137 0.828061224489796 0.465007215007215 0.02142857142857143 0.051226551226551224
138 0.8678571428571429 0.4621212121212121 0.02959183673469388 0.056998556998557
142 0.01479591836734694 0.672077922077922 0.02755102040816327 0.08152958152958154
173 0.06836734693877551 0.6691919191919192 0.02653061224489796 0.08441558441558442
172 0.1 0.6724386724386724 0.030612244897959186 0.0808080808080808
141 0.13214285714285715 0.6756854256854257 0.031632653061224494 0.07431457431457432
142 0.21530612244897962 0.6727994227994228 0.02653061224489796 0.08152958152958154
138 0.26071428571428573 0.6847041847041847 0.02142857142857143 0.05772005772005772
138 0.31275510204081636 0.6847041847041847 0.023469387755102045 0.05772005772005772
139 0.36071428571428577 0.6814574314574314 0.02959183673469388 0.06277056277056277
170 0.4387755102040817 0.6782106782106783 0.02653061224489796 0.06782106782106782
171 0.4714285714285715 0.6756854256854257 0.028571428571428574 0.07575757575757576
140 0.5061224489795919 0.6782106782106783 0.030612244897959186 0.06782106782106782
140 0.5612244897959184 0.6785714285714286 0.02653061224489796 0.06854256854256854
141 0.6086734693877551 0.6753246753246753 0.031632653061224494 0.07503607503607504
172 0.6872448979591838 0.6713564213564214 0.025510204081632654 0.08008658008658008
173 0.717857142857143 0.6695526695526696 0.031632653061224494 0.0836940836940837
142 0.753061224489796 0.6724386724386724 0.0326530612244898 0.07936507936507936
142 0.8091836734693878 0.672077922077922 0.02653061224489796 0.08008658008658008
143 0.8571428571428572 0.6695526695526696 0.0326530612244898 0.08658008658008658
136 0.015816326530612247 0.9105339105339105 0.02755102040816327 0.05339105339105339
111 0.08010204081632653 0.895021645021645 0.02755102040816327 0.08008658008658008
141 0.20255102040816328 0.8968253968253969 0.023469387755102045 0.07503607503607504
170 0.25867346938775515 0.8997113997113997 0.025510204081632654 0.06782106782106782
169 0.29183673469387755 0.9033189033189033 0.02653061224489796 0.06349206349206349
140 0.3316326530612245 0.9004329004329005 0.02448979591836735 0.06782106782106782
138 0.3806122448979592 0.9065656565656566 0.028571428571428574 0.056998556998557
17 0.4535714285714286 0.8906926406926406 0.017346938775510204 0.0367965367965368
106 0.476530612244898 0.9087301587301587 0.022448979591836737 0.051226551226551224
107 0.5719387755102041 0.9065656565656566 0.023469387755102045 0.056998556998557
139 0.692857142857143 0.9033189033189033 0.02448979591836735 0.06204906204906205
142 0.7540816326530613 0.8946608946608947 0.02653061224489796 0.08225108225108226
140 0.8045918367346939 0.90007215007215 0.025510204081632654 0.06854256854256854
138 0.853061224489796 0.9062049062049062 0.030612244897959186 0.05772005772005772
