12 0.2826530612244898 0.07106782106782107 0.018367346938775512 0.046897546897546896
12 0.9020408163265307 0.07142857142857142 0.0163265306122449 0.047619047619047616
12 0.2821428571428572 0.17604617604617603 0.01938775510204082 0.049062049062049064
12 0.9020408163265307 0.1764069264069264 0.0163265306122449 0.048340548340548344
12 0.9020408163265307 0.29834054834054835 0.0163265306122449 0.048340548340548344
12 0.28316326530612246 0.2987012987012987 0.017346938775510204 0.047619047619047616
12 0.9025510204081634 0.4033189033189033 0.01938775510204082 0.049062049062049064
12 0.28316326530612246 0.40295815295815296 0.017346938775510204 0.046897546897546896
12 0.35714285714285715 0.5418470418470418 0.018367346938775512 0.047619047619047616
12 0.9025510204081634 0.5418470418470418 0.01938775510204082 0.047619047619047616
12 0.35714285714285715 0.6461038961038961 0.0163265306122449 0.048340548340548344
12 0.9025510204081634 0.6464646464646464 0.01938775510204082 0.047619047619047616
12 0.903061224489796 0.7687590187590188 0.0163265306122449 0.048340548340548344
12 0.35663265306122455 0.7676767676767676 0.015306122448979593 0.044733044733044736
12 0.35714285714285715 0.8831168831168831 0.0163265306122449 0.047619047619047616
12 0.9025510204081634 0.8831168831168831 0.015306122448979593 0.047619047619047616
19 0.3107142857142857 0.04401154401154401 0.03571428571428572 0.015873015873015872
20 0.5969387755102041 0.045093795093795096 0.020408163265306124 0.03823953823953824
137 0.6790816326530613 0.07142857142857142 0.025510204081632654 0.050505050505050504
105 0.7418367346938776 0.07395382395382395 0.02448979591836735 0.05555555555555555
135 0.8214285714285715 0.07683982683982683 0.02448979591836735 0.06277056277056277
189 0.021938775510204084 0.18867243867243869 0.025510204081632654 0.07431457431457432
190 0.06020408163265307 0.18759018759018758 0.02653061224489796 0.07647907647907648
189 0.09948979591836736 0.18867243867243869 0.025510204081632654 0.07287157287157287
190 0.138265306122449 0.18795093795093795 0.025510204081632654 0.07575757575757576
189 0.17704081632653063 0.18831168831168832 0.025510204081632654 0.0735930735930736
188 0.21479591836734696 0.18795093795093795 0.025510204081632654 0.07431457431457432
189 0.2510204081632653 0.18831168831168832 0.0326530612244898 0.07503607503607504
104 0.30969387755102046 0.1821789321789322 0.025510204081632654 0.06132756132756133
137 0.39336734693877556 0.17604617604617603 0.025510204081632654 0.050505050505050504
105 0.4566326530612245 0.17857142857142858 0.023469387755102045 0.05555555555555555
135 0.5362244897959184 0.18181818181818182 0.025510204081632654 0.06204906204906205
103 0.6000000000000001 0.18434343434343434 0.02448979591836735 0.06565656565656566
103 0.7418367346938776 0.18398268398268397 0.02448979591836735 0.06493506493506493
133 0.8290816326530613 0.17063492063492064 0.039795918367346944 0.06132756132756133
28 0.8714285714285716 0.1764069264069264 0.03877551020408164 0.051226551226551224
72 0.3122448979591837 0.2990620490620491 0.028571428571428574 0.05266955266955267
101 0.4979591836734694 0.2958152958152958 0.02653061224489796 0.05627705627705628
74 0.6020408163265306 0.2925685425685426 0.02653061224489796 0.06132756132756133
103 0.7821428571428573 0.30627705627705626 0.025510204081632654 0.0670995670995671
17 0.16785714285714287 0.40295815295815296 0.017346938775510204 0.03823953823953824
134 0.18979591836734697 0.41089466089466087 0.02448979591836735 0.06565656565656566
102 0.3112244897959184 0.39790764790764793 0.02653061224489796 0.06132756132756133
132 0.40102040816326534 0.4007936507936508 0.03877551020408164 0.05411255411255411
102 0.4571428571428572 0.39790764790764793 0.02653061224489796 0.06132756132756133
134 0.5362244897959184 0.411976911976912 0.025510204081632654 0.06637806637806638
104 0.5994897959183674 0.40945165945165946 0.025510204081632654 0.06277056277056277
134 0.6775510204081633 0.4116161616161616 0.02448979591836735 0.06565656565656566
104 0.741326530612245 0.40945165945165946 0.025510204081632654 0.06277056277056277
136 0.8214285714285715 0.40584415584415584 0.02448979591836735 0.056998556998557
103 0.030612244897959186 0.5497835497835498 0.02448979591836735 0.06493506493506493
135 0.09081632653061225 0.5476190476190477 0.02448979591836735 0.06204906204906205
105 0.14183673469387756 0.5443722943722944 0.02448979591836735 0.05555555555555555
136 0.20306122448979594 0.5443722943722944 0.02448979591836735 0.05555555555555555
106 0.2535714285714286 0.5418470418470418 0.025510204081632654 0.050505050505050504
138 0.3153061224489796 0.538961038961039 0.02653061224489796 0.05627705627705628
108 0.3831632653061225 0.534992784992785 0.023469387755102045 0.06277056277056277
138 0.44489795918367353 0.538961038961039 0.02448979591836735 0.05627705627705628
108 0.4948979591836735 0.5357142857142857 0.02448979591836735 0.06277056277056277
140 0.5581632653061225 0.5328282828282829 0.028571428571428574 0.06998556998556998
107 0.6071428571428572 0.538961038961039 0.02448979591836735 0.05772005772005772
137 0.7122448979591838 0.5418470418470418 0.02653061224489796 0.050505050505050504
107 0.7994897959183674 0.5393217893217893 0.025510204081632654 0.056998556998557
105 0.030102040816326534 0.6486291486291487 0.023469387755102045 0.05483405483405483
105 0.1413265306122449 0.648989898989899 0.023469387755102045 0.05555555555555555
135 0.20255102040816328 0.6518759018759018 0.025510204081632654 0.06132756132756133
105 0.2535714285714286 0.648989898989899 0.023469387755102045 0.05555555555555555
137 0.314795918367347 0.6461038961038961 0.025510204081632654 0.049783549783549784
107 0.38265306122448983 0.6432178932178932 0.02448979591836735 0.056998556998557
141 0.4954081632653062 0.6338383838383839 0.02755102040816327 0.07864357864357864
106 0.6076530612244898 0.6461038961038961 0.025510204081632654 0.051226551226551224
20 0.7969387755102042 0.6446608946608947 0.022448979591836737 0.03968253968253968
103 0.06122448979591837 0.7766955266955267 0.02448979591836735 0.06421356421356421
74 0.14387755102040817 0.7622655122655123 0.02653061224489796 0.05988455988455989
102 0.38367346938775515 0.7637085137085137 0.02653061224489796 0.05988455988455989
132 0.4525510204081633 0.7662337662337663 0.039795918367346944 0.05483405483405483
102 0.4948979591836735 0.762987012987013 0.02653061224489796 0.06132756132756133
15 0.5311224489795919 0.7691197691197691 0.02142857142857143 0.03896103896103896
134 0.5571428571428572 0.7766955266955267 0.02448979591836735 0.06565656565656566
104 0.6066326530612245 0.7748917748917749 0.025510204081632654 0.06349206349206349
20 0.7969387755102042 0.7665945165945166 0.022448979591836737 0.03968253968253968
104 0.030612244897959186 0.8892496392496393 0.02653061224489796 0.06277056277056277
104 0.14081632653061227 0.8896103896103896 0.02448979591836735 0.06204906204906205
136 0.20306122448979594 0.8852813852813853 0.02448979591836735 0.05627705627705628
104 0.25306122448979596 0.8892496392496393 0.02448979591836735 0.06277056277056277
134 0.314795918367347 0.8914141414141414 0.025510204081632654 0.06565656565656566
74 0.38571428571428573 0.8773448773448773 0.02653061224489796 0.06060606060606061
132 0.6066326530612245 0.9036796536796536 0.025510204081632654 0.09163059163059163
213 0.6642857142857144 0.8993506493506493 0.02653061224489796 0.08297258297258298
217 0.6994897959183675 0.8975468975468975 0.025510204081632654 0.07936507936507936
218 0.7336734693877551 0.8964646464646464 0.02448979591836735 0.07575757575757576
219 0.7627551020408164 0.8914141414141414 0.02959183673469388 0.07864357864357864
108 0.7989795918367347 0.876984126984127 0.02448979591836735 0.06277056277056277
138 0.8617346938775511 0.8802308802308803 0.025510204081632654 0.05772005772005772
