12 0.6891402714932127 0.1404350607805502 0.017194570135746608 0.042866282789507354
12 0.09592760180995476 0.14139475367882276 0.016289592760180997 0.04222648752399232
14 0.7579185520361992 0.12476007677543186 0.013574660633484163 0.008957133717210491
14 0.2746606334841629 0.13499680102367242 0.011764705882352941 0.008957133717210491
12 0.09683257918552036 0.2600767754318618 0.014479638009049774 0.042866282789507354
12 0.6886877828054299 0.26039667306461933 0.01809954751131222 0.04350607805502239
14 0.7579185520361992 0.24408189379398593 0.011764705882352941 0.008317338451695458
14 0.7579185520361992 0.25015994881637876 0.013574660633484163 0.015355086372360844
14 0.2556561085972851 0.2549584133077415 0.011764705882352941 0.009596928982725527
14 0.758371040723982 0.255278310940499 0.014479638009049774 0.007677543186180422
12 0.09728506787330317 0.37076135636596286 0.015384615384615385 0.042866282789507354
12 0.6900452488687783 0.3710812539987204 0.017194570135746608 0.04350607805502239
14 0.758371040723982 0.3550863723608445 0.012669683257918552 0.008957133717210491
14 0.2556561085972851 0.3653230966090851 0.011764705882352941 0.008957133717210491
14 0.7579185520361992 0.3653230966090851 0.013574660633484163 0.007677543186180422
14 0.2556561085972851 0.37555982085732564 0.013574660633484163 0.007677543186180422
14 0.7506787330316742 0.4747280870121561 0.013574660633484163 0.008957133717210491
12 0.09728506787330317 0.5118362124120281 0.017194570135746608 0.04350607805502239
12 0.6891402714932127 0.5115163147792706 0.017194570135746608 0.042866282789507354
14 0.9714932126696832 0.527191298784389 0.011764705882352941 0.008957133717210491
12 0.6895927601809955 0.6202815099168266 0.01809954751131222 0.042866282789507354
12 0.09638009049773756 0.6209213051823417 0.015384615384615385 0.042866282789507354
12 0.09728506787330317 0.7555982085732565 0.017194570135746608 0.04350607805502239
12 0.6882352941176471 0.755278310940499 0.017194570135746608 0.04158669225847728
14 0.7579185520361992 0.7712731925783749 0.013574660633484163 0.009596928982725527
12 0.09683257918552036 0.8646833013435701 0.014479638009049774 0.042866282789507354
12 0.6891402714932127 0.8643634037108126 0.017194570135746608 0.04222648752399232
14 0.758371040723982 0.8483685220729367 0.012669683257918552 0.008957133717210491
14 0.2556561085972851 0.8486884197056942 0.011764705882352941 0.008317338451695458
12 0.09728506787330317 0.9724888035828535 0.015384615384615385 0.04222648752399232
12 0.6891402714932127 0.9724888035828535 0.01900452488687783 0.04222648752399232
26 0.12895927601809956 0.1381957773512476 0.046153846153846156 0.08317338451695457
16 0.16742081447963802 0.13403710812539987 0.01990950226244344 0.030070377479206652
15 0.20452488687782805 0.13531669865642995 0.02171945701357466 0.035188739603326934
20 0.2986425339366516 0.10652591170825336 0.01990950226244344 0.035188739603326934
18 0.37104072398190047 0.11132437619961612 0.03619909502262444 0.014075495841330773
20 0.7271493212669684 0.0946896992962252 0.017194570135746608 0.03326935380678183
52 0.7339366515837105 0.1404350607805502 0.027149321266968326 0.045425463851567496
21 0.8031674208144797 0.0982085732565579 0.02262443438914027 0.02111324376199616
130 0.8312217194570136 0.1420345489443378 0.028054298642533938 0.052463211772232884
15 0.8515837104072399 0.1513115802943058 0.01809954751131222 0.03390914907229686
132 0.8746606334841629 0.13755598208573255 0.02262443438914027 0.052463211772232884
17 0.8959276018099548 0.14139475367882276 0.014479638009049774 0.035828534868841966
134 0.9158371040723983 0.13403710812539987 0.02171945701357466 0.0582213691618682
136 0.9457013574660634 0.12603966730646193 0.027149321266968326 0.07549584133077415
137 0.967420814479638 0.12603966730646193 0.02171945701357466 0.07549584133077415
15 0.9895927601809955 0.11388355726167626 0.017194570135746608 0.0345489443378119
26 0.12895927601809956 0.2581573896353167 0.046153846153846156 0.08253358925143954
16 0.16787330316742083 0.25399872040946897 0.020814479638009052 0.030710172744721688
15 0.20452488687782805 0.254638515674984 0.02171945701357466 0.0345489443378119
50 0.232579185520362 0.26039667306461933 0.02895927601809955 0.046065259117082535
26 0.12895927601809956 0.36820217530390276 0.046153846153846156 0.08253358925143954
15 0.17013574660633485 0.3496481126039667 0.023529411764705882 0.035188739603326934
16 0.20542986425339368 0.36436340371081255 0.01809954751131222 0.03134996801023672
15 0.7067873303167421 0.3659628918746001 0.023529411764705882 0.03326935380678183
34 0.12760180995475115 0.5063979526551503 0.047058823529411764 0.05694177863083813
16 0.16787330316742083 0.5003198976327575 0.01900452488687783 0.030710172744721688
20 0.2253393665158371 0.4568138195777351 0.01809954751131222 0.0345489443378119
27 0.2737556561085973 0.5115163147792706 0.037104072398190045 0.045425463851567496
21 0.30180995475113126 0.4692898272552783 0.024434389140271493 0.02111324376199616
129 0.32805429864253394 0.5159948816378759 0.028054298642533938 0.05694177863083813
16 0.34705882352941175 0.5214331413947536 0.015384615384615385 0.029430582213691617
131 0.37013574660633486 0.5083173384516955 0.023529411764705882 0.05310300703774792
16 0.3918552036199095 0.5051183621241203 0.016289592760180997 0.02879078694817658
134 0.414027149321267 0.5041586692258477 0.02262443438914027 0.061420345489443376
34 0.44389140271493216 0.5089571337172105 0.03529411764705882 0.051823416506717845
108 0.47918552036199097 0.5073576455534229 0.020814479638009052 0.05758157389635316
16 0.5072398190045249 0.5051183621241203 0.017194570135746608 0.02879078694817658
134 0.5294117647058824 0.501919385796545 0.023529411764705882 0.06461932181701856
16 0.551131221719457 0.4894433781190019 0.014479638009049774 0.028150991682661546
137 0.5733031674208146 0.49744081893793984 0.02262443438914027 0.07357645553422905
139 0.5990950226244344 0.4952015355086372 0.02171945701357466 0.0780550223928343
16 0.6199095022624435 0.46865003198976324 0.014479638009049774 0.02879078694817658
110 0.6434389140271494 0.49008317338451696 0.023529411764705882 0.08957133717210493
110 0.7298642533936652 0.491362763915547 0.026244343891402715 0.08957133717210493
21 0.828054298642534 0.4910428662827895 0.02171945701357466 0.02111324376199616
18 0.8755656108597285 0.49264235444657706 0.028054298642533938 0.011516314779270634
46 0.9475113122171946 0.5115163147792706 0.03076923076923077 0.04798464491362764
20 0.569683257918552 0.5623800383877159 0.01900452488687783 0.0345489443378119
18 0.6425339366515838 0.5668586052463211 0.03257918552036199 0.011516314779270634
37 0.12714932126696832 0.6263595649392194 0.046153846153846156 0.058861164427383234
16 0.16787330316742083 0.6247600767754319 0.020814479638009052 0.03134996801023672
18 0.432579185520362 0.6122840690978887 0.02895927601809955 0.011516314779270634
18 0.9099547511312217 0.6119641714651312 0.02986425339366516 0.012156110044785668
26 0.12941176470588237 0.7527191298784389 0.04343891402714932 0.08253358925143954
18 0.4321266968325792 0.7370441458733206 0.02986425339366516 0.012795905310300703
45 0.7339366515837105 0.7575175943698016 0.02895927601809955 0.053742802303262956
26 0.12986425339366517 0.8618042226487523 0.046153846153846156 0.0818937939859245
16 0.20542986425339368 0.8426103646833013 0.016289592760180997 0.030710172744721688
20 0.2981900452488688 0.872680742162508 0.020814479638009052 0.0345489443378119
19 0.37013574660633486 0.8765195137555982 0.03076923076923077 0.012795905310300703
52 0.7339366515837105 0.8643634037108126 0.02895927601809955 0.046065259117082535
26 0.12895927601809956 0.9644913627639156 0.044343891402714934 0.0710172744721689
18 0.432579185520362 0.9545745361484325 0.02895927601809955 0.014075495841330773
18 0.9090497737556561 0.9542546385156749 0.02986425339366516 0.013435700575815739
