12 0.9031327287716405 0.10052447552447552 0.014014839241549877 0.03904428904428905
12 0.060181368507831824 0.10023310023310024 0.013190436933223413 0.037296037296037296
12 0.3474855729596043 0.10081585081585082 0.015663643858202802 0.038461538461538464
12 0.5820280296784831 0.10052447552447552 0.01483924154987634 0.03787878787878788
14 0.398598516075845 0.10547785547785547 0.014014839241549877 0.008158508158508158
12 0.06100577081615829 0.21445221445221446 0.01483924154987634 0.039627039627039624
12 0.5832646331409728 0.21416083916083917 0.015663643858202802 0.03904428904428905
12 0.9031327287716405 0.21445221445221446 0.014014839241549877 0.039627039627039624
12 0.34789777411376754 0.21474358974358973 0.01483924154987634 0.03787878787878788
12 0.060181368507831824 0.31614219114219116 0.01483924154987634 0.03904428904428905
12 0.5824402308326463 0.31614219114219116 0.015663643858202802 0.03904428904428905
12 0.9027205276174773 0.31643356643356646 0.01483924154987634 0.039627039627039624
12 0.34707337180544107 0.31614219114219116 0.01483924154987634 0.03787878787878788
14 0.39818631492168177 0.3208041958041958 0.013190436933223413 0.008741258741258742
12 0.0820280296784831 0.6115967365967366 0.014014839241549877 0.03904428904428905
12 0.9027205276174773 0.6115967365967366 0.01483924154987634 0.03904428904428905
12 0.34295136026380874 0.6115967365967366 0.013190436933223413 0.03787878787878788
12 0.6038746908491344 0.6118881118881119 0.014014839241549877 0.038461538461538464
12 0.9031327287716405 0.7255244755244755 0.014014839241549877 0.039627039627039624
12 0.0832646331409728 0.7258158508158508 0.016488046166529265 0.03904428904428905
12 0.343363561417972 0.7255244755244755 0.015663643858202802 0.038461538461538464
12 0.6042868920032977 0.7255244755244755 0.016488046166529265 0.038461538461538464
12 0.3437757625721352 0.8269230769230769 0.016488046166529265 0.039627039627039624
12 0.6042868920032977 0.8272144522144522 0.01483924154987634 0.04020979020979021
12 0.08244023083264633 0.8269230769230769 0.01483924154987634 0.038461538461538464
12 0.9031327287716405 0.8272144522144522 0.014014839241549877 0.03904428904428905
133 0.09727947238252267 0.09615384615384616 0.03297609233305853 0.05011655011655012
100 0.17889530090684255 0.10081585081585082 0.023083264633140973 0.04195804195804196
101 0.3775762572135202 0.09848484848484848 0.021434460016488046 0.046620046620046623
18 0.7390766694146744 0.09382284382284382 0.03544929925803792 0.011655011655011656
21 0.5004122011541633 0.23251748251748253 0.021434460016488046 0.018648018648018648
138 0.5074196207749382 0.1998834498834499 0.030502885408079144 0.06993006993006994
138 0.613767518549052 0.21241258741258742 0.02225886232481451 0.0472027972027972
167 0.7015663643858203 0.21503496503496503 0.021434460016488046 0.04312354312354312
166 0.7547403132728772 0.21445221445221446 0.020610057708161583 0.04312354312354312
167 0.8070898598516076 0.21474358974358973 0.021434460016488046 0.042540792540792544
168 0.8557295960428689 0.21212121212121213 0.028029678483099753 0.046620046620046623
135 0.09027205276174774 0.32226107226107226 0.020610057708161583 0.054778554778554776
136 0.17930750206100576 0.32634032634032634 0.020610057708161583 0.0641025641025641
129 0.2625721352019786 0.3301282051282051 0.02720527617477329 0.07167832167832168
101 0.3775762572135202 0.3141025641025641 0.021434460016488046 0.046620046620046623
141 0.6141797197032152 0.3068181818181818 0.0247320692497939 0.060023310023310024
140 0.7015663643858203 0.30914918414918413 0.026380873866446827 0.05536130536130536
136 0.8033800494641385 0.317016317016317 0.028854080791426217 0.04428904428904429
18 0.20857378400659524 0.6048951048951049 0.03462489694971146 0.01282051282051282
18 0.4694971145919209 0.6051864801864801 0.033800494641384994 0.012237762237762238
18 0.7502061005770816 0.6048951048951049 0.03462489694971146 0.01282051282051282
141 0.19497114591920858 0.7062937062937062 0.02720527617477329 0.08158508158508158
141 0.45589447650453424 0.7068764568764568 0.028029678483099753 0.08158508158508158
168 0.6846661170651278 0.7261072261072261 0.020610057708161583 0.05244755244755245
165 0.7295960428689201 0.7266899766899767 0.021434460016488046 0.04428904428904429
168 0.7765869744435284 0.7229020979020979 0.02967848309975268 0.04603729603729604
140 0.8314097279472382 0.717948717948718 0.028854080791426217 0.054778554778554776
141 0.011953833470733718 0.8184731934731935 0.02225886232481451 0.06235431235431235
106 0.11211871393239901 0.8275058275058275 0.021434460016488046 0.04079254079254079
138 0.2708161582852432 0.8251748251748252 0.023907666941467436 0.046620046620046623
143 0.7300082440230833 0.8210955710955711 0.023907666941467436 0.08624708624708624
142 0.8297609233305854 0.8155594405594405 0.033800494641384994 0.06701631701631702
