12 0.9025510204081634 0.20526695526695526 0.017346938775510204 0.048340548340548344
12 0.9025510204081634 0.3373015873015873 0.017346938775510204 0.048340548340548344
12 0.9025510204081634 0.46933621933621933 0.017346938775510204 0.048340548340548344
12 0.9025510204081634 0.6017316017316018 0.017346938775510204 0.047619047619047616
18 0.05816326530612245 0.1958874458874459 0.0326530612244898 0.013708513708513708
18 0.05816326530612245 0.32792207792207795 0.0326530612244898 0.013708513708513708
18 0.05816326530612245 0.4603174603174603 0.0326530612244898 0.012987012987012988
18 0.058673469387755105 0.591991341991342 0.031632653061224494 0.012265512265512266
164 0.07857142857142858 0.7157287157287158 0.03877551020408164 0.050505050505050504
134 0.17500000000000002 0.7157287157287158 0.025510204081632654 0.050505050505050504
164 0.3872448979591837 0.7157287157287158 0.025510204081632654 0.050505050505050504
134 0.49591836734693884 0.7171717171717171 0.03469387755102041 0.047619047619047616
134 0.703061224489796 0.7175324675324676 0.02448979591836735 0.048340548340548344
164 0.06938775510204082 0.8838383838383839 0.02448979591836735 0.05194805194805195
164 0.1739795918367347 0.8834776334776335 0.023469387755102045 0.051226551226551224
164 0.27908163265306124 0.8834776334776335 0.023469387755102045 0.051226551226551224
164 0.3816326530612245 0.8838383838383839 0.0326530612244898 0.050505050505050504
164 0.4908163265306123 0.8838383838383839 0.02448979591836735 0.05194805194805195
164 0.5954081632653062 0.8834776334776335 0.023469387755102045 0.051226551226551224
164 0.7010204081632654 0.8834776334776335 0.02448979591836735 0.051226551226551224
164 0.8015306122448981 0.8834776334776335 0.0336734693877551 0.049783549783549784
