2 0.1742081447963801 0.07485604606525911 0.02986425339366516 0.044785668586052464
12 0.09502262443438915 0.08957133717210493 0.014479638009049774 0.04222648752399232
12 0.4819004524886878 0.0892514395393474 0.015384615384615385 0.04158669225847728
12 0.7597285067873304 0.08957133717210493 0.015384615384615385 0.04222648752399232
14 0.33257918552036203 0.07389635316698656 0.013574660633484163 0.009596928982725527
14 0.6312217194570136 0.08445297504798464 0.013574660633484163 0.010236724248240563
2 0.1742081447963801 0.24088291746641075 0.02986425339366516 0.044145873320537425
12 0.09683257918552036 0.25559820857325655 0.012669683257918552 0.042866282789507354
14 0.3321266968325792 0.23896353166986564 0.012669683257918552 0.009596928982725527
12 0.4819004524886878 0.25559820857325655 0.015384615384615385 0.042866282789507354
12 0.7597285067873304 0.2559181062060141 0.015384615384615385 0.04222648752399232
14 0.6316742081447964 0.2495201535508637 0.012669683257918552 0.008957133717210491
14 0.27601809954751133 0.2706333973128599 0.012669683257918552 0.008957133717210491
14 0.542081447963801 0.2808701215611004 0.012669683257918552 0.008957133717210491
14 0.8113122171945701 0.28119001919385794 0.013574660633484163 0.009596928982725527
2 0.1742081447963801 0.3659628918746001 0.02986425339366516 0.044785668586052464
12 0.09638009049773756 0.3694817658349328 0.011764705882352941 0.042866282789507354
12 0.4819004524886878 0.3694817658349328 0.015384615384615385 0.042866282789507354
12 0.7601809954751132 0.36980166346769033 0.014479638009049774 0.04350607805502239
2 0.1742081447963801 0.5748560460652591 0.02986425339366516 0.044145873320537425
12 0.8085972850678733 0.5889315419065899 0.015384615384615385 0.042866282789507354
12 0.09547511312217195 0.5892514395393473 0.013574660633484163 0.04222648752399232
12 0.546606334841629 0.5889315419065899 0.014479638009049774 0.04158669225847728
14 0.6787330316742082 0.6046065259117083 0.01085972850678733 0.008957133717210491
2 0.17556561085972852 0.736084452975048 0.02895927601809955 0.045425463851567496
14 0.5945701357466063 0.7245681381957774 0.012669683257918552 0.008317338451695458
12 0.09683257918552036 0.7511196417146513 0.012669683257918552 0.04350607805502239
12 0.8076923076923077 0.7507997440818938 0.013574660633484163 0.042866282789507354
12 0.546606334841629 0.7511196417146513 0.014479638009049774 0.04222648752399232
14 0.26063348416289595 0.7348048624440179 0.012669683257918552 0.008317338451695458
14 0.8737556561085973 0.7661548304542546 0.013574660633484163 0.009596928982725527
14 0.679185520361991 0.7664747280870121 0.013574660633484163 0.008957133717210491
2 0.17511312217194572 0.8736404350607805 0.02986425339366516 0.045425463851567496
12 0.546606334841629 0.8771593090211132 0.016289592760180997 0.04350607805502239
12 0.8081447963800905 0.8771593090211132 0.016289592760180997 0.04350607805502239
12 0.09683257918552036 0.8771593090211132 0.012669683257918552 0.04222648752399232
26 0.12760180995475115 0.08701215611004479 0.041628959276018104 0.08317338451695457
100 0.23529411764705882 0.08989123480486244 0.023529411764705882 0.045425463851567496
105 0.31176470588235294 0.09245041586692258 0.02262443438914027 0.05054382597568778
137 0.4176470588235294 0.08989123480486244 0.02262443438914027 0.045425463851567496
105 0.5194570135746607 0.09213051823416507 0.02171945701357466 0.04990403071017274
104 0.6113122171945702 0.09500959692898273 0.02262443438914027 0.05566218809980806
132 0.7244343891402715 0.08701215611004479 0.03529411764705882 0.04990403071017274
103 0.7891402714932128 0.09628918746001279 0.02171945701357466 0.0582213691618682
133 0.8773755656108597 0.08509277031349968 0.037104072398190045 0.05630198336532309
132 0.9574660633484163 0.08765195137555981 0.03619909502262444 0.04990403071017274
26 0.12760180995475115 0.25271912987843886 0.041628959276018104 0.0818937939859245
105 0.31221719457013575 0.24472168905950095 0.023529411764705882 0.06717850287907869
137 0.42579185520361995 0.24280230326295585 0.03529411764705882 0.06973768394113883
104 0.611764705882353 0.24696097248880358 0.023529411764705882 0.06397952655150352
132 0.7248868778280543 0.2530390275111964 0.034389140271493215 0.05054382597568778
133 0.8742081447963801 0.25367882277671144 0.03076923076923077 0.05054382597568778
132 0.9506787330316743 0.25367882277671144 0.024434389140271493 0.05054382597568778
27 0.12669683257918551 0.3691618682021753 0.04524886877828054 0.046065259117082535
130 0.23574660633484165 0.3835572616762636 0.020814479638009052 0.07229686500319897
134 0.2746606334841629 0.38227767114523353 0.020814479638009052 0.07229686500319897
17 0.2918552036199095 0.3435700575815739 0.015384615384615385 0.0345489443378119
134 0.34434389140271493 0.3806781829814459 0.02262443438914027 0.0690978886756238
134 0.4149321266968326 0.3790786948176583 0.028054298642533938 0.06333973128598848
133 0.5194570135746607 0.3761996161228407 0.023529411764705882 0.058861164427383234
137 0.565158371040724 0.37460012795905306 0.02262443438914027 0.05566218809980806
140 0.611764705882353 0.3653230966090851 0.025339366515837104 0.06781829814459372
137 0.6438914027149322 0.37172104926423544 0.02262443438914027 0.04990403071017274
140 0.6841628959276018 0.36340371081253997 0.023529411764705882 0.06269993602047344
137 0.714027149321267 0.3704414587332054 0.02895927601809955 0.046065259117082535
129 0.7923076923076924 0.3608445297504798 0.0334841628959276 0.08573256557901471
133 0.830316742081448 0.35572616762635956 0.024434389140271493 0.07549584133077415
133 0.9511312217194571 0.35572616762635956 0.025339366515837104 0.07677543186180422
26 0.12805429864253395 0.5863723608445297 0.04253393665158371 0.08253358925143954
101 0.2402714932126697 0.5866922584772872 0.02262443438914027 0.04990403071017274
132 0.35158371040723985 0.5866922584772872 0.03529411764705882 0.04862444017914267
15 0.38687782805429866 0.6052463211772232 0.020814479638009052 0.03326935380678183
131 0.4171945701357466 0.5892514395393473 0.03619909502262444 0.044785668586052464
132 0.45927601809954754 0.5866922584772872 0.03529411764705882 0.04990403071017274
133 0.5180995475113123 0.5844529750479847 0.037104072398190045 0.05566218809980806
101 0.5737556561085974 0.5863723608445297 0.023529411764705882 0.05054382597568778
100 0.6588235294117647 0.5892514395393473 0.023529411764705882 0.046065259117082535
131 0.7800904977375566 0.5892514395393473 0.03800904977375566 0.044785668586052464
100 0.832579185520362 0.5889315419065899 0.025339366515837104 0.04670505438259757
107 0.9212669683257919 0.5866922584772872 0.023529411764705882 0.05118362124120281
26 0.12805429864253395 0.7488803582853487 0.04253393665158371 0.08253358925143954
17 0.21945701357466063 0.7351247600767754 0.015384615384615385 0.035828534868841966
132 0.34434389140271493 0.7623160588611644 0.02262443438914027 0.06845809341010876
15 0.38597285067873305 0.7667946257197696 0.01900452488687783 0.03390914907229686
131 0.4085972850678733 0.7623160588611644 0.02262443438914027 0.06973768394113883
132 0.45203619909502263 0.7616762635956493 0.02262443438914027 0.06717850287907869
133 0.5076923076923077 0.7610364683301343 0.02895927601809955 0.06717850287907869
100 0.6583710407239819 0.7623160588611644 0.02262443438914027 0.06973768394113883
131 0.7714932126696833 0.763275751759437 0.02262443438914027 0.07293666026871401
72 0.8321266968325792 0.7507997440818938 0.020814479638009052 0.045425463851567496
138 0.9226244343891403 0.736724248240563 0.02262443438914027 0.07485604606525911
27 0.12669683257918551 0.8768394113883557 0.04524886877828054 0.045425463851567496
16 0.2167420814479638 0.8710812539987204 0.015384615384615385 0.030070377479206652
134 0.23891402714932128 0.882597568777991 0.02171945701357466 0.05566218809980806
17 0.265158371040724 0.872040946896993 0.014479638009049774 0.03326935380678183
135 0.2850678733031674 0.8822776711452335 0.02171945701357466 0.05502239283429303
15 0.3036199095022625 0.8454894433781189 0.020814479638009052 0.03390914907229686
135 0.4090497737556561 0.8809980806142034 0.02171945701357466 0.052463211772232884
135 0.5072398190045249 0.8800383877159309 0.02986425339366516 0.04926423544465771
134 0.5728506787330317 0.882597568777991 0.023529411764705882 0.05694177863083813
136 0.6149321266968326 0.8822776711452335 0.02262443438914027 0.05502239283429303
136 0.6936651583710407 0.8803582853486884 0.02262443438914027 0.05118362124120281
136 0.7683257918552037 0.8784388995521433 0.02895927601809955 0.04862444017914267
130 0.8334841628959276 0.891234804862444 0.02171945701357466 0.07293666026871401
137 0.8751131221719457 0.8899552143314139 0.023529411764705882 0.07165706973768393
17 0.9018099547511312 0.8512476007677543 0.013574660633484163 0.03262955854126679
139 0.9217194570135747 0.8841970569417786 0.02262443438914027 0.08061420345489444
137 0.9678733031674208 0.8877159309021113 0.024434389140271493 0.06717850287907869
100 0.23484162895927602 0.255278310940499 0.020814479638009052 0.044785668586052464
72 0.2565610859728507 0.26711452335252717 0.02262443438914027 0.06589891234804862
105 0.5230769230769231 0.24504158669225848 0.023529411764705882 0.06653870761356366
71 0.5217194570135747 0.2677543186180422 0.02262443438914027 0.06973768394113883
103 0.7914027149321268 0.24920025591810618 0.02262443438914027 0.05950095969289827
72 0.8533936651583711 0.7623160588611644 0.01990950226244344 0.06845809341010876
