2 0.3268828451882845 0.22189349112426035 0.036610878661087864 0.05029585798816568
12 0.9884937238493723 0.23927514792899407 0.016736401673640166 0.049556213017751476
12 0.6898535564853556 0.23927514792899407 0.017782426778242676 0.04807692307692307
2 0.18462343096234307 0.4948224852071006 0.036610878661087864 0.05029585798816568
12 0.5538702928870293 0.5125739644970414 0.017782426778242676 0.04881656804733728
12 0.8901673640167364 0.5122041420118343 0.016736401673640166 0.04807692307692307
2 0.18514644351464435 0.768491124260355 0.03556485355648535 0.051775147928994084
12 0.3980125523012552 0.7855029585798816 0.0198744769874477 0.04881656804733728
14 0.6778242677824268 0.7677514792899408 0.014644351464435145 0.011834319526627219
26 0.2719665271966527 0.23742603550295857 0.046025104602510455 0.09171597633136094
21 0.43305439330543927 0.23927514792899407 0.02092050209205021 0.02440828402366864
17 0.4748953974895397 0.1963757396449704 0.014644351464435145 0.03920118343195266
141 0.4994769874476987 0.22707100591715976 0.0303347280334728 0.07692307692307693
141 0.5664225941422594 0.22670118343195267 0.02824267782426778 0.07618343195266272
141 0.6286610878661087 0.22707100591715976 0.03556485355648535 0.07692307692307693
17 0.707112970711297 0.19600591715976332 0.014644351464435145 0.038461538461538464
141 0.7311715481171548 0.22670118343195267 0.02719665271966527 0.07766272189349112
140 0.7939330543933054 0.23002958579881655 0.03765690376569037 0.07100591715976332
140 0.865062761506276 0.23002958579881655 0.02928870292887029 0.07100591715976332
139 0.9283472803347279 0.23298816568047337 0.036610878661087864 0.0650887573964497
26 0.13023012552301255 0.511094674556213 0.04707112970711297 0.09171597633136094
140 0.25523012552301255 0.5033284023668639 0.02719665271966527 0.07026627218934911
139 0.3263598326359832 0.5062869822485206 0.03765690376569037 0.0643491124260355
139 0.4105648535564853 0.5062869822485206 0.02824267782426778 0.06582840236686391
15 0.46077405857740583 0.4881656804733728 0.021966527196652718 0.03994082840236686
138 0.4832635983263598 0.5096153846153846 0.03347280334728033 0.05917159763313609
137 0.5873430962343096 0.5125739644970414 0.02615062761506276 0.05325443786982249
139 0.6642259414225941 0.5062869822485206 0.03556485355648535 0.0643491124260355
15 0.7196652719665272 0.48779585798816566 0.023012552301255228 0.03920118343195266
138 0.7463389121338911 0.5096153846153846 0.02615062761506276 0.05917159763313609
137 0.8195606694560669 0.5122041420118343 0.034518828451882845 0.05251479289940828
139 0.9236401673640167 0.5066568047337278 0.02719665271966527 0.0650887573964497
15 0.9748953974895397 0.48779585798816566 0.023012552301255228 0.03920118343195266
26 0.12918410041841003 0.7840236686390533 0.04497907949790795 0.09171597633136094
77 0.2557531380753138 0.7884615384615384 0.02824267782426778 0.05769230769230769
77 0.4503138075313807 0.7880917159763313 0.02824267782426778 0.058431952662721894
136 0.6532426778242677 0.7884615384615384 0.02615062761506276 0.05769230769230769
167 0.75418410041841 0.7851331360946745 0.0397489539748954 0.053994082840236685
166 0.8164225941422594 0.7925295857988166 0.02615062761506276 0.0673076923076923
15 0.8593096234309623 0.779215976331361 0.024058577405857737 0.03920118343195266
165 0.881276150627615 0.7943786982248521 0.03242677824267782 0.0695266272189349
134 0.9372384937238493 0.7962278106508875 0.03347280334728033 0.07322485207100592
