12 0.9025510204081634 0.17604617604617603 0.01938775510204082 0.049062049062049064
12 0.2683673469387755 0.17604617604617603 0.018367346938775512 0.047619047619047616
14 0.5311224489795919 0.1821789321789322 0.015306122448979593 0.010822510822510822
14 0.6275510204081634 0.18253968253968253 0.0163265306122449 0.011544011544011544
14 0.09438775510204082 0.20634920634920634 0.015306122448979593 0.0101010101010101
12 0.9025510204081634 0.3383838383838384 0.01938775510204082 0.049062049062049064
12 0.4923469387755102 0.3383838383838384 0.017346938775510204 0.047619047619047616
12 0.6974489795918368 0.33874458874458874 0.017346938775510204 0.046897546897546896
12 0.45051020408163267 0.5003607503607503 0.017346938775510204 0.048340548340548344
12 0.903061224489796 0.5007215007215007 0.0163265306122449 0.049062049062049064
12 0.048469387755102046 0.6626984126984127 0.015306122448979593 0.048340548340548344
12 0.48469387755102045 0.6626984126984127 0.0163265306122449 0.048340548340548344
12 0.9020408163265307 0.663059163059163 0.0163265306122449 0.049062049062049064
12 0.42908163265306126 0.8246753246753247 0.017346938775510204 0.049062049062049064
11 0.8984693877551021 0.825036075036075 0.02142857142857143 0.049783549783549784
12 0.6617346938775511 0.825036075036075 0.017346938775510204 0.048340548340548344
12 0.3122448979591837 0.8253968253968254 0.0163265306122449 0.047619047619047616
12 0.778061224489796 0.8253968253968254 0.017346938775510204 0.047619047619047616
12 0.07959183673469389 0.8257575757575758 0.0163265306122449 0.046897546897546896
12 0.1959183673469388 0.8257575757575758 0.0163265306122449 0.046897546897546896
12 0.5454081632653062 0.8257575757575758 0.017346938775510204 0.046897546897546896
159 0.020918367346938777 0.19552669552669552 0.023469387755102045 0.09523809523809523
129 0.06836734693877551 0.1958874458874459 0.030612244897959186 0.09163059163059163
99 0.16785714285714287 0.19264069264069264 0.023469387755102045 0.0836940836940837
52 0.3035714285714286 0.17676767676767677 0.02959183673469388 0.050505050505050504
132 0.37704081632653064 0.18831168831168832 0.025510204081632654 0.07647907647907648
162 0.4571428571428572 0.18867243867243869 0.02448979591836735 0.07575757575757576
132 0.503061224489796 0.18867243867243869 0.030612244897959186 0.07575757575757576
133 0.604591836734694 0.18686868686868688 0.025510204081632654 0.0735930735930736
162 0.6943877551020409 0.18831168831168832 0.03775510204081633 0.07647907647907648
132 0.7525510204081634 0.18759018759018758 0.025510204081632654 0.07215007215007214
131 0.8275510204081633 0.18831168831168832 0.0326530612244898 0.07647907647907648
157 0.07806122448979592 0.3661616161616162 0.03571428571428572 0.1075036075036075
157 0.1306122448979592 0.363997113997114 0.028571428571428574 0.10317460317460317
136 0.23316326530612247 0.32756132756132755 0.0336734693877551 0.07215007215007214
134 0.32602040816326533 0.32756132756132755 0.02755102040816327 0.07215007215007214
136 0.4239795918367347 0.32792207792207795 0.025510204081632654 0.07287157287157287
52 0.5443877551020408 0.33910533910533913 0.0336734693877551 0.050505050505050504
52 0.7494897959183674 0.33910533910533913 0.0336734693877551 0.05194805194805195
21 0.1306122448979592 0.43434343434343436 0.02653061224489796 0.024531024531024532
162 0.03826530612244898 0.49927849927849927 0.025510204081632654 0.05339105339105339
132 0.07142857142857144 0.49963924963924966 0.02448979591836735 0.05411255411255411
132 0.12040816326530614 0.5007215007215007 0.0326530612244898 0.050505050505050504
130 0.16071428571428573 0.5043290043290043 0.02959183673469388 0.05916305916305916
132 0.21377551020408164 0.49963924963924966 0.03571428571428572 0.05411255411255411
160 0.2556122448979592 0.5036075036075036 0.03571428571428572 0.06060606060606061
162 0.29030612244897963 0.49927849927849927 0.025510204081632654 0.05483405483405483
162 0.3275510204081633 0.5 0.03469387755102041 0.05627705627705628
160 0.35408163265306125 0.5025252525252525 0.028571428571428574 0.06132756132756133
162 0.3918367346938776 0.5 0.02653061224489796 0.05483405483405483
160 0.4209183673469388 0.5028860028860029 0.02959183673469388 0.05916305916305916
162 0.4785714285714286 0.49963924963924966 0.0326530612244898 0.05411255411255411
162 0.5096938775510205 0.5 0.025510204081632654 0.05339105339105339
132 0.5423469387755102 0.49963924963924966 0.025510204081632654 0.05411255411255411
132 0.5918367346938777 0.5010822510822511 0.0326530612244898 0.051226551226551224
130 0.6316326530612245 0.5046897546897547 0.028571428571428574 0.05844155844155844
132 0.6841836734693878 0.49963924963924966 0.0336734693877551 0.05411255411255411
160 0.7250000000000001 0.5028860028860029 0.03571428571428572 0.06060606060606061
162 0.7612244897959184 0.49927849927849927 0.02653061224489796 0.05483405483405483
162 0.7984693877551021 0.49386724386724384 0.0336734693877551 0.06421356421356421
163 0.8295918367346939 0.4945887445887446 0.02448979591836735 0.06421356421356421
133 0.8627551020408164 0.49314574314574317 0.025510204081632654 0.06565656565656566
132 0.07500000000000001 0.6616161616161617 0.031632653061224494 0.05483405483405483
132 0.1163265306122449 0.6616161616161617 0.02653061224489796 0.05483405483405483
132 0.16173469387755104 0.6616161616161617 0.02755102040816327 0.05483405483405483
130 0.20255102040816328 0.6652236652236653 0.02959183673469388 0.06204906204906205
132 0.2540816326530613 0.6616161616161617 0.03469387755102041 0.05483405483405483
160 0.29336734693877553 0.6652236652236653 0.03571428571428572 0.06060606060606061
162 0.3285714285714286 0.6616161616161617 0.02653061224489796 0.05483405483405483
162 0.3642857142857143 0.6623376623376623 0.0326530612244898 0.05627705627705628
160 0.39081632653061227 0.6645021645021645 0.028571428571428574 0.06204906204906205
162 0.42806122448979594 0.6623376623376623 0.025510204081632654 0.05627705627705628
160 0.4556122448979592 0.6645021645021645 0.02755102040816327 0.06060606060606061
132 0.5117346938775511 0.661976911976912 0.0336734693877551 0.05411255411255411
132 0.5540816326530613 0.6616161616161617 0.02653061224489796 0.05483405483405483
132 0.5989795918367348 0.6616161616161617 0.02653061224489796 0.05483405483405483
130 0.6387755102040817 0.6652236652236653 0.028571428571428574 0.06204906204906205
132 0.6908163265306123 0.661976911976912 0.03469387755102041 0.05411255411255411
160 0.7301020408163266 0.6652236652236653 0.03571428571428572 0.06060606060606061
162 0.7653061224489797 0.6612554112554112 0.02653061224489796 0.05555555555555555
162 0.8015306122448981 0.6565656565656566 0.0336734693877551 0.06349206349206349
162 0.8321428571428572 0.6565656565656566 0.023469387755102045 0.06493506493506493
133 0.8642857142857143 0.6558441558441559 0.02448979591836735 0.06637806637806638
52 0.11785714285714287 0.8257575757575758 0.0336734693877551 0.051226551226551224
52 0.23469387755102042 0.8253968253968254 0.0326530612244898 0.050505050505050504
52 0.35000000000000003 0.8257575757575758 0.0326530612244898 0.051226551226551224
137 0.4678571428571429 0.8257575757575758 0.031632653061224494 0.051226551226551224
137 0.5831632653061225 0.8261183261183261 0.031632653061224494 0.050505050505050504
137 0.7010204081632654 0.8257575757575758 0.0326530612244898 0.051226551226551224
137 0.8173469387755102 0.8253968253968254 0.0326530612244898 0.050505050505050504
19 0.07551020408163266 0.95995670995671 0.0326530612244898 0.016594516594516596
157 0.1806122448979592 0.3647186147186147 0.028571428571428574 0.10317460317460317
157 0.276530612244898 0.3647186147186147 0.028571428571428574 0.10317460317460317
157 0.37244897959183676 0.363997113997114 0.028571428571428574 0.10317460317460317
