12 0.09591836734693879 0.18506493506493507 0.014285714285714287 0.049783549783549784
12 0.8688775510204082 0.18434343434343434 0.017346938775510204 0.048340548340548344
12 0.5224489795918368 0.18434343434343434 0.0163265306122449 0.046897546897546896
14 0.3112244897959184 0.20202020202020202 0.014285714285714287 0.0101010101010101
12 0.09642857142857143 0.3409090909090909 0.015306122448979593 0.048340548340548344
12 0.5219387755102042 0.34054834054834054 0.015306122448979593 0.047619047619047616
12 0.8683673469387756 0.34054834054834054 0.018367346938775512 0.047619047619047616
14 0.3112244897959184 0.3225108225108225 0.014285714285714287 0.0101010101010101
12 0.5229591836734694 0.4963924963924964 0.017346938775510204 0.049062049062049064
12 0.8688775510204082 0.49603174603174605 0.01938775510204082 0.048340548340548344
12 0.09540816326530613 0.4967532467532468 0.015306122448979593 0.048340548340548344
14 0.3112244897959184 0.5137085137085137 0.014285714285714287 0.0101010101010101
12 0.09693877551020409 0.6525974025974026 0.014285714285714287 0.049783549783549784
12 0.8704081632653062 0.6525974025974026 0.018367346938775512 0.049783549783549784
12 0.5234693877551021 0.652958152958153 0.018367346938775512 0.049062049062049064
12 0.09744897959183674 0.7864357864357865 0.01326530612244898 0.049062049062049064
12 0.5219387755102042 0.7864357864357865 0.017346938775510204 0.049062049062049064
12 0.8683673469387756 0.786075036075036 0.0163265306122449 0.048340548340548344
26 0.13316326530612246 0.18181818181818182 0.047959183673469394 0.09235209235209235
128 0.2066326530612245 0.19336219336219337 0.03571428571428572 0.06926406926406926
130 0.24744897959183676 0.18722943722943722 0.025510204081632654 0.056998556998557
72 0.28877551020408165 0.18434343434343434 0.028571428571428574 0.051226551226551224
102 0.5520408163265307 0.17893217893217894 0.02653061224489796 0.06204906204906205
104 0.6362244897959184 0.19011544011544013 0.025510204081632654 0.06277056277056277
101 0.7137755102040817 0.18145743145743146 0.025510204081632654 0.056998556998557
103 0.7964285714285715 0.1919191919191919 0.025510204081632654 0.06637806637806638
100 0.8974489795918368 0.18434343434343434 0.02755102040816327 0.051226551226551224
71 0.9821428571428572 0.18722943722943722 0.02755102040816327 0.056998556998557
26 0.13316326530612246 0.33766233766233766 0.05 0.09235209235209235
104 0.20408163265306123 0.3463203463203463 0.02653061224489796 0.06349206349206349
77 0.288265306122449 0.3434343434343434 0.02755102040816327 0.05772005772005772
71 0.553061224489796 0.3434343434343434 0.028571428571428574 0.05916305916305916
70 0.7137755102040817 0.34595959595959597 0.02755102040816327 0.06277056277056277
98 0.8969387755102042 0.34559884559884557 0.02653061224489796 0.06349206349206349
69 0.9816326530612246 0.34884559884559885 0.0326530612244898 0.06998556998556998
27 0.1316326530612245 0.4967532467532468 0.05306122448979592 0.051226551226551224
102 0.20510204081632655 0.4898989898989899 0.02653061224489796 0.06060606060606061
72 0.288265306122449 0.4963924963924964 0.02959183673469388 0.05194805194805195
107 0.5510204081632654 0.4935064935064935 0.028571428571428574 0.05772005772005772
109 0.6367346938775511 0.48737373737373735 0.030612244897959186 0.06998556998556998
106 0.7127551020408164 0.49603174603174605 0.02959183673469388 0.051226551226551224
108 0.7969387755102042 0.4902597402597403 0.02653061224489796 0.06277056277056277
105 0.8959183673469389 0.49927849927849927 0.02653061224489796 0.05772005772005772
76 0.9816326530612246 0.5018037518037518 0.02653061224489796 0.06132756132756133
26 0.13316326530612246 0.6486291486291487 0.05 0.09235209235209235
128 0.20816326530612247 0.6612554112554112 0.03877551020408164 0.06998556998556998
130 0.24744897959183676 0.6533189033189033 0.02755102040816327 0.05988455988455989
133 0.28775510204081634 0.6464646464646464 0.02653061224489796 0.06349206349206349
136 0.32908163265306123 0.6428571428571429 0.025510204081632654 0.07215007215007214
138 0.3688775510204082 0.6493506493506493 0.025510204081632654 0.05772005772005772
140 0.4117346938775511 0.6435786435786436 0.02755102040816327 0.06926406926406926
143 0.4535714285714286 0.6341991341991342 0.02755102040816327 0.08513708513708514
128 0.5540816326530613 0.6605339105339105 0.03469387755102041 0.06998556998556998
130 0.5948979591836735 0.6547619047619048 0.02653061224489796 0.05844155844155844
133 0.6372448979591837 0.6486291486291487 0.02755102040816327 0.05772005772005772
135 0.6790816326530613 0.6453823953823954 0.025510204081632654 0.0670995670995671
127 0.7153061224489796 0.6641414141414141 0.03469387755102041 0.07431457431457432
129 0.7566326530612245 0.6576479076479076 0.02959183673469388 0.06421356421356421
132 0.7974489795918368 0.6497113997113997 0.02755102040816327 0.05555555555555555
134 0.839795918367347 0.6461038961038961 0.02448979591836735 0.06421356421356421
129 0.901530612244898 0.6562049062049062 0.03775510204081633 0.0670995670995671
132 0.9403061224489797 0.6475468975468975 0.02755102040816327 0.06132756132756133
135 0.9826530612244899 0.6432178932178932 0.02653061224489796 0.06998556998556998
27 0.1306122448979592 0.7867965367965368 0.05306122448979592 0.051226551226551224
134 0.7948979591836736 0.7936507936507936 0.02653061224489796 0.06637806637806638
137 0.8352040816326531 0.79004329004329 0.03571428571428572 0.05916305916305916
145 0.49438775510204086 0.6291486291486291 0.031632653061224494 0.09812409812409813
