12 0.09642857142857143 0.14935064935064934 0.01326530612244898 0.049062049062049064
12 0.09744897959183674 0.29004329004329005 0.01326530612244898 0.049062049062049064
12 0.09642857142857143 0.6295093795093795 0.01326530612244898 0.048340548340548344
12 0.09693877551020409 0.7532467532467533 0.012244897959183675 0.049062049062049064
26 0.1285714285714286 0.15043290043290045 0.04693877551020409 0.08441558441558442
22 0.23673469387755103 0.15476190476190477 0.02653061224489796 0.03391053391053391
162 0.28877551020408165 0.1608946608946609 0.02448979591836735 0.07503607503607504
164 0.3433673469387755 0.15981240981240982 0.025510204081632654 0.06998556998556998
166 0.3938775510204082 0.15548340548340547 0.03469387755102041 0.06421356421356421
167 0.45000000000000007 0.15151515151515152 0.02448979591836735 0.05772005772005772
166 0.503061224489796 0.15404040404040403 0.02448979591836735 0.06277056277056277
164 0.55 0.15764790764790765 0.02448979591836735 0.0670995670995671
162 0.5928571428571429 0.15873015873015872 0.030612244897959186 0.07215007215007214
22 0.6505102040816327 0.15404040404040403 0.025510204081632654 0.03391053391053391
162 0.701530612244898 0.1616161616161616 0.025510204081632654 0.07647907647907648
164 0.7566326530612245 0.15945165945165946 0.025510204081632654 0.0707070707070707
166 0.8071428571428572 0.15548340548340547 0.03469387755102041 0.06565656565656566
167 0.8637755102040817 0.15115440115440115 0.025510204081632654 0.05844155844155844
166 0.9158163265306123 0.15404040404040403 0.025510204081632654 0.06277056277056277
164 0.9637755102040817 0.15764790764790765 0.025510204081632654 0.06854256854256854
27 0.12806122448979593 0.29004329004329005 0.05 0.05194805194805195
108 0.23571428571428574 0.28354978354978355 0.02448979591836735 0.06349206349206349
106 0.451530612244898 0.2896825396825397 0.025510204081632654 0.051226551226551224
108 0.6489795918367347 0.2839105339105339 0.02448979591836735 0.06277056277056277
106 0.8653061224489796 0.2896825396825397 0.02653061224489796 0.051226551226551224
26 0.12806122448979593 0.6309523809523809 0.04591836734693878 0.08441558441558442
22 0.23673469387755103 0.6352813852813853 0.02448979591836735 0.03391053391053391
165 0.28775510204081634 0.6356421356421357 0.02653061224489796 0.06349206349206349
166 0.3392857142857143 0.6331168831168831 0.025510204081632654 0.05988455988455989
168 0.3903061224489796 0.6284271284271284 0.0336734693877551 0.06060606060606061
169 0.4459183673469388 0.6240981240981242 0.02448979591836735 0.06349206349206349
168 0.4984693877551021 0.626984126984127 0.023469387755102045 0.05772005772005772
166 0.5459183673469388 0.6295093795093795 0.02448979591836735 0.05266955266955267
165 0.5938775510204082 0.6309523809523809 0.0326530612244898 0.05411255411255411
22 0.6505102040816327 0.6349206349206349 0.025510204081632654 0.03463203463203463
165 0.7010204081632654 0.6352813852813853 0.02653061224489796 0.06421356421356421
166 0.7535714285714287 0.6327561327561327 0.025510204081632654 0.05916305916305916
168 0.8035714285714286 0.6284271284271284 0.0336734693877551 0.06060606060606061
169 0.8591836734693878 0.6240981240981242 0.022448979591836737 0.06349206349206349
168 0.9122448979591837 0.6266233766233766 0.02448979591836735 0.056998556998557
166 0.9602040816326531 0.6295093795093795 0.02448979591836735 0.05266955266955267
27 0.12806122448979593 0.7528860028860029 0.05 0.051226551226551224
107 0.23520408163265308 0.75 0.023469387755102045 0.056998556998557
103 0.44795918367346943 0.7608225108225108 0.02448979591836735 0.06565656565656566
107 0.6489795918367347 0.75 0.02448979591836735 0.056998556998557
103 0.8612244897959185 0.7608225108225108 0.02448979591836735 0.06565656565656566
