12 0.09693877551020409 0.14862914862914864 0.014285714285714287 0.049062049062049064
12 0.09693877551020409 0.28535353535353536 0.014285714285714287 0.048340548340548344
12 0.09642857142857143 0.6273448773448773 0.015306122448979593 0.048340548340548344
12 0.09693877551020409 0.7518037518037518 0.014285714285714287 0.047619047619047616
26 0.13010204081632654 0.1497113997113997 0.047959183673469394 0.07431457431457432
15 0.17500000000000002 0.12518037518037517 0.023469387755102045 0.03535353535353535
22 0.2341836734693878 0.15404040404040403 0.023469387755102045 0.032467532467532464
162 0.2862244897959184 0.16053391053391053 0.02142857142857143 0.07575757575757576
164 0.3408163265306123 0.1590909090909091 0.022448979591836737 0.06998556998556998
166 0.3913265306122449 0.15476190476190477 0.031632653061224494 0.06421356421356421
167 0.4484693877551021 0.15079365079365079 0.02142857142857143 0.05627705627705628
166 0.5 0.15331890331890333 0.020408163265306124 0.06277056277056277
164 0.5474489795918368 0.15692640692640691 0.02142857142857143 0.0670995670995671
162 0.5903061224489796 0.15836940836940838 0.02755102040816327 0.07142857142857142
22 0.6479591836734695 0.15367965367965367 0.022448979591836737 0.03318903318903319
162 0.6994897959183675 0.1608946608946609 0.02142857142857143 0.07647907647907648
164 0.7540816326530613 0.15836940836940838 0.022448979591836737 0.07142857142857142
166 0.8045918367346939 0.15476190476190477 0.031632653061224494 0.06565656565656566
167 0.8607142857142858 0.15079365079365079 0.02142857142857143 0.05772005772005772
166 0.913265306122449 0.15331890331890333 0.022448979591836737 0.06277056277056277
164 0.9602040816326531 0.15728715728715728 0.022448979591836737 0.06782106782106782
27 0.1285714285714286 0.2846320346320346 0.0489795918367347 0.051226551226551224
15 0.17653061224489797 0.27380952380952384 0.02448979591836735 0.03535353535353535
108 0.23316326530612247 0.27886002886002886 0.02142857142857143 0.06277056277056277
106 0.44897959183673475 0.2846320346320346 0.022448979591836737 0.051226551226551224
108 0.6464285714285715 0.27886002886002886 0.02142857142857143 0.06277056277056277
106 0.8622448979591838 0.2846320346320346 0.022448979591836737 0.051226551226551224
26 0.12959183673469388 0.6280663780663781 0.0489795918367347 0.07575757575757576
15 0.17500000000000002 0.6035353535353535 0.02142857142857143 0.03391053391053391
22 0.23367346938775513 0.6323953823953824 0.022448979591836737 0.03391053391053391
165 0.2852040816326531 0.6334776334776335 0.023469387755102045 0.06349206349206349
166 0.3372448979591837 0.6305916305916306 0.02142857142857143 0.05916305916305916
168 0.38775510204081637 0.626984126984127 0.030612244897959186 0.05916305916305916
169 0.44336734693877555 0.6222943722943723 0.02142857142857143 0.06277056277056277
168 0.4964285714285715 0.6251803751803752 0.02142857142857143 0.056998556998557
166 0.5433673469387755 0.626984126984127 0.02142857142857143 0.05194805194805195
165 0.5913265306122449 0.6287878787878788 0.02959183673469388 0.05411255411255411
22 0.6479591836734695 0.6323953823953824 0.022448979591836737 0.03391053391053391
165 0.6989795918367347 0.6331168831168831 0.022448979591836737 0.06421356421356421
166 0.7510204081632654 0.6302308802308803 0.020408163265306124 0.06132756132756133
168 0.8010204081632654 0.6262626262626263 0.030612244897959186 0.05916305916305916
169 0.8571428571428572 0.6219336219336219 0.020408163265306124 0.06349206349206349
168 0.9096938775510205 0.6244588744588745 0.02142857142857143 0.056998556998557
166 0.9576530612244899 0.626984126984127 0.02142857142857143 0.05194805194805195
27 0.1285714285714286 0.7507215007215007 0.0489795918367347 0.051226551226551224
15 0.17602040816326534 0.73989898989899 0.023469387755102045 0.03535353535353535
107 0.23316326530612247 0.7481962481962482 0.02142857142857143 0.05627705627705628
103 0.44489795918367353 0.759018759018759 0.020408163265306124 0.06493506493506493
107 0.6464285714285715 0.7481962481962482 0.02142857142857143 0.05627705627705628
103 0.8586734693877551 0.759018759018759 0.02142857142857143 0.06637806637806638
