12 0.23871527777777776 0.100920245398773 0.015625 0.04110429447852761
12 0.6714409722222222 0.10061349693251534 0.014756944444444444 0.04049079754601227
12 0.9713541666666666 0.10061349693251534 0.015625 0.04049079754601227
14 0.3884548611111111 0.09570552147239264 0.013020833333333332 0.011042944785276074
14 0.3880208333333333 0.13680981595092026 0.012152777777777776 0.0098159509202454
12 0.2400173611111111 0.2588957055214724 0.016493055555555556 0.044171779141104296
12 0.6723090277777778 0.2579754601226994 0.014756944444444444 0.04110429447852761
12 0.9717881944444444 0.25736196319018406 0.014756944444444444 0.03987730061349694
14 0.38715277777777773 0.26257668711656446 0.010416666666666666 0.008588957055214725
14 0.5434027777777778 0.2628834355828221 0.010416666666666666 0.007975460122699387
14 0.7213541666666666 0.2631901840490798 0.012152777777777776 0.008588957055214725
12 0.23958333333333331 0.41564417177914115 0.013888888888888888 0.04233128834355829
12 0.9717881944444444 0.4153374233128835 0.014756944444444444 0.04171779141104295
12 0.6714409722222222 0.41564417177914115 0.014756944444444444 0.04110429447852761
12 0.23914930555555555 0.5726993865030675 0.014756944444444444 0.04233128834355829
12 0.671875 0.5726993865030675 0.015625 0.04110429447852761
12 0.9713541666666666 0.5726993865030675 0.017361111111111112 0.04110429447852761
12 0.23914930555555555 0.7306748466257669 0.013020833333333332 0.044171779141104296
12 0.9717881944444444 0.7291411042944785 0.014756944444444444 0.03987730061349694
12 0.6723090277777778 0.7300613496932515 0.016493055555555556 0.04049079754601227
14 0.38715277777777773 0.7346625766871167 0.010416666666666666 0.007975460122699387
14 0.54296875 0.7346625766871167 0.011284722222222222 0.007975460122699387
14 0.7222222222222222 0.7349693251533743 0.012152777777777776 0.008588957055214725
28 0.2708333333333333 0.100920245398773 0.04513888888888889 0.04355828220858896
27 0.2703993055555555 0.25828220858895706 0.04253472222222222 0.044171779141104296
102 0.3693576388888889 0.25276073619631906 0.021701388888888888 0.05276073619631902
102 0.5243055555555556 0.2530674846625767 0.020833333333333332 0.05337423312883436
74 0.7022569444444444 0.2530674846625767 0.022569444444444444 0.05337423312883436
26 0.2703993055555555 0.4134969325153374 0.04253472222222222 0.0785276073619632
20 0.3650173611111111 0.41319018404907976 0.018229166666666664 0.03374233128834356
21 0.4704861111111111 0.4159509202453988 0.020833333333333332 0.020858895705521473
20 0.5203993055555556 0.41319018404907976 0.018229166666666664 0.03374233128834356
132 0.6319444444444444 0.4128834355828221 0.03298611111111111 0.04785276073619632
99 0.700954861111111 0.41840490797546015 0.0234375 0.049079754601226995
132 0.7942708333333333 0.4125766871165644 0.03298611111111111 0.047239263803680986
104 0.8402777777777777 0.42024539877300615 0.022569444444444444 0.053987730061349694
136 0.9249131944444444 0.4177914110429448 0.021701388888888888 0.04785276073619632
26 0.2708333333333333 0.5708588957055215 0.041666666666666664 0.07791411042944786
20 0.3650173611111111 0.5702453987730062 0.018229166666666664 0.03374233128834356
21 0.4700520833333333 0.5730061349693252 0.019965277777777776 0.020858895705521473
20 0.5203993055555556 0.5702453987730062 0.018229166666666664 0.03251533742331288
130 0.6319444444444444 0.5742331288343558 0.03298611111111111 0.04785276073619632
97 0.7005208333333333 0.5803680981595092 0.027777777777777776 0.060122699386503074
130 0.794704861111111 0.5751533742331288 0.033854166666666664 0.04846625766871166
99 0.841579861111111 0.5754601226993865 0.0234375 0.049079754601226995
131 0.9322916666666666 0.5726993865030675 0.03645833333333333 0.04355828220858896
37 0.2690972222222222 0.7346625766871167 0.041666666666666664 0.05582822085889571
102 0.3689236111111111 0.7242331288343559 0.022569444444444444 0.052147239263803685
102 0.5238715277777778 0.7245398773006135 0.021701388888888888 0.05276073619631902
74 0.7022569444444444 0.7251533742331289 0.022569444444444444 0.05276073619631902
