1 0.18663194444444445 0.11226993865030675 0.057291666666666664 0.06257668711656442
12 0.09505208333333333 0.12883435582822086 0.011284722222222222 0.04171779141104295
12 0.65625 0.1285276073619632 0.013888888888888888 0.03987730061349694
1 0.18880208333333331 0.24079754601226996 0.05295138888888889 0.06196319018404908
12 0.0954861111111111 0.24846625766871167 0.012152777777777776 0.04049079754601227
12 0.6558159722222222 0.24877300613496933 0.014756944444444444 0.04110429447852761
1 0.1814236111111111 0.448159509202454 0.05555555555555555 0.06073619631901841
12 0.09461805555555555 0.46472392638036814 0.010416666666666666 0.04110429447852761
12 0.5789930555555555 0.4650306748466258 0.013888888888888888 0.0392638036809816
14 0.8368055555555555 0.549079754601227 0.012152777777777776 0.008588957055214725
1 0.18012152777777776 0.5809815950920246 0.056423611111111105 0.06134969325153375
12 0.09505208333333333 0.584355828220859 0.011284722222222222 0.04110429447852761
1 0.1870659722222222 0.7834355828220859 0.05815972222222222 0.06257668711656442
12 0.09505208333333333 0.8006134969325154 0.011284722222222222 0.04049079754601227
12 0.6319444444444444 0.8006134969325154 0.013888888888888888 0.0392638036809816
1 0.18836805555555555 0.9052147239263805 0.05555555555555555 0.06196319018404908
14 0.947048611111111 0.887116564417178 0.013888888888888888 0.0098159509202454
12 0.0954861111111111 0.9128834355828221 0.012152777777777776 0.04049079754601227
12 0.6323784722222222 0.9125766871165645 0.013020833333333332 0.03865030674846626
14 0.5208333333333333 0.938036809815951 0.013888888888888888 0.0098159509202454
26 0.12630208333333331 0.1276073619631902 0.04600694444444444 0.09079754601226994
164 0.2599826388888889 0.12208588957055215 0.028645833333333332 0.05521472392638037
163 0.2903645833333333 0.12239263803680982 0.021701388888888888 0.054601226993865035
103 0.32421875 0.13466257668711656 0.021701388888888888 0.05582822085889571
21 0.4079861111111111 0.10797546012269939 0.022569444444444444 0.020858895705521473
21 0.45703125 0.10828220858895707 0.021701388888888888 0.02147239263803681
135 0.5099826388888888 0.1334355828220859 0.021701388888888888 0.05337423312883436
103 0.5568576388888888 0.1352760736196319 0.021701388888888888 0.057055214723926384
102 0.685329861111111 0.1236196319018405 0.021701388888888888 0.05337423312883436
20 0.7647569444444444 0.10920245398773007 0.020833333333333332 0.0343558282208589
19 0.8684895833333333 0.10521472392638037 0.03211805555555555 0.012883435582822086
27 0.13194444444444445 0.25030674846625767 0.05381944444444444 0.05030674846625767
97 0.2552083333333333 0.2558282208588957 0.024305555555555552 0.0588957055214724
132 0.3667534722222222 0.24754601226993866 0.02690972222222222 0.04601226993865031
128 0.4092881944444444 0.2561349693251534 0.02690972222222222 0.05828220858895706
128 0.4626736111111111 0.2561349693251534 0.03298611111111111 0.05950920245398773
132 0.509548611111111 0.24846625766871167 0.022569444444444444 0.044171779141104296
128 0.5572916666666666 0.2558282208588957 0.027777777777777776 0.060122699386503074
130 0.6106770833333333 0.25122699386503067 0.0234375 0.049693251533742336
100 0.6844618055555555 0.249079754601227 0.0234375 0.044171779141104296
136 0.7664930555555555 0.25030674846625767 0.022569444444444444 0.046625766871165646
135 0.8133680555555555 0.250920245398773 0.027777777777777776 0.04785276073619632
135 0.8663194444444444 0.250920245398773 0.022569444444444444 0.049079754601226995
138 0.9188368055555555 0.24846625766871167 0.0234375 0.05276073619631902
135 0.9652777777777777 0.25061349693251533 0.024305555555555552 0.047239263803680986
26 0.1271701388888889 0.46472392638036814 0.04427083333333333 0.09141104294478528
131 0.2530381944444444 0.4601226993865031 0.030381944444444444 0.05521472392638037
21 0.4079861111111111 0.444478527607362 0.022569444444444444 0.02147239263803681
21 0.49609375 0.47515337423312887 0.0234375 0.022699386503067485
21 0.6063368055555555 0.4447852760736197 0.021701388888888888 0.020858895705521473
21 0.8125 0.44417177914110434 0.022569444444444444 0.020858895705521473
15 0.8342013888888888 0.4837423312883436 0.01909722222222222 0.04233128834355829
21 0.9327256944444444 0.47453987730061353 0.0234375 0.02147239263803681
34 0.1267361111111111 0.5757668711656442 0.04513888888888889 0.06073619631901841
139 0.25 0.5794478527607362 0.020833333333333332 0.05337423312883436
138 0.2907986111111111 0.58159509202454 0.03125 0.04785276073619632
108 0.3394097222222222 0.5791411042944785 0.022569444444444444 0.053987730061349694
21 0.40842013888888884 0.5638036809815952 0.021701388888888888 0.022085889570552148
108 0.4522569444444444 0.5791411042944785 0.022569444444444444 0.053987730061349694
139 0.5403645833333333 0.5797546012269938 0.0234375 0.053987730061349694
139 0.6085069444444444 0.5797546012269938 0.024305555555555552 0.053987730061349694
21 0.6506076388888888 0.5634969325153375 0.021701388888888888 0.02147239263803681
20 0.6927083333333333 0.5641104294478528 0.020833333333333332 0.03496932515337423
27 0.7582465277777778 0.5840490797546013 0.04427083333333333 0.044171779141104296
140 0.8138020833333333 0.5763803680981595 0.0234375 0.05828220858895706
193 0.9036458333333333 0.5828220858895706 0.024305555555555552 0.05030674846625767
167 0.9375 0.5644171779141105 0.026041666666666664 0.0834355828220859
166 0.9631076388888888 0.5641104294478528 0.021701388888888888 0.08282208588957056
15 0.990017361111111 0.5785276073619632 0.018229166666666664 0.04294478527607362
26 0.12630208333333331 0.7996932515337424 0.04427083333333333 0.09018404907975461
21 0.2534722222222222 0.7800613496932516 0.022569444444444444 0.02147239263803681
21 0.43012152777777773 0.7803680981595092 0.021701388888888888 0.020858895705521473
15 0.4739583333333333 0.8254601226993865 0.01909722222222222 0.04233128834355829
21 0.5421006944444444 0.8110429447852762 0.0234375 0.022085889570552148
21 0.657986111111111 0.7803680981595092 0.022569444444444444 0.020858895705521473
21 0.84765625 0.7800613496932516 0.021701388888888888 0.02147239263803681
21 0.9691840277777777 0.8101226993865032 0.0234375 0.02147239263803681
27 0.13194444444444445 0.9141104294478528 0.05381944444444444 0.05030674846625767
139 0.2560763888888889 0.9082822085889571 0.022569444444444444 0.05337423312883436
107 0.3016493055555555 0.9107361963190185 0.021701388888888888 0.04846625766871166
21 0.3845486111111111 0.8929447852760737 0.022569444444444444 0.02147239263803681
161 0.4344618055555555 0.9122699386503068 0.028645833333333332 0.04539877300613497
160 0.4644097222222222 0.9150306748466258 0.020833333333333332 0.049693251533742336
129 0.49609375 0.9187116564417178 0.0234375 0.05582822085889571
130 0.6662326388888888 0.9165644171779141 0.033854166666666664 0.04785276073619632
21 0.70703125 0.892638036809816 0.021701388888888888 0.022085889570552148
140 0.7552083333333333 0.9055214723926381 0.024305555555555552 0.0588957055214724
139 0.7981770833333333 0.9079754601226995 0.028645833333333332 0.05276073619631902
139 0.849392361111111 0.9082822085889571 0.0234375 0.05337423312883436
107 0.9231770833333333 0.9110429447852761 0.021701388888888888 0.049079754601226995
194 0.8780381944444444 0.5791411042944785 0.021701388888888888 0.053987730061349694
