12 0.9035714285714287 0.03318903318903319 0.01938775510204082 0.049062049062049064
12 0.10204081632653061 0.03318903318903319 0.014285714285714287 0.047619047619047616
12 0.5362244897959184 0.032106782106782104 0.015306122448979593 0.04401154401154401
12 0.9040816326530613 0.09956709956709957 0.020408163265306124 0.049062049062049064
12 0.10255102040816327 0.09956709956709957 0.01326530612244898 0.047619047619047616
12 0.5357142857142858 0.09884559884559885 0.014285714285714287 0.044733044733044736
12 0.9035714285714287 0.1562049062049062 0.017346938775510204 0.048340548340548344
12 0.10204081632653061 0.15115440115440115 0.012244897959183675 0.0367965367965368
12 0.5357142857142858 0.15043290043290045 0.012244897959183675 0.03535353535353535
12 0.9040816326530613 0.21284271284271283 0.020408163265306124 0.049062049062049064
12 0.10306122448979593 0.21176046176046176 0.012244897959183675 0.04401154401154401
12 0.536734693877551 0.21176046176046176 0.014285714285714287 0.04256854256854257
12 0.10255102040816327 0.2676767676767677 0.01326530612244898 0.04329004329004329
12 0.9035714285714287 0.2702020202020202 0.01938775510204082 0.048340548340548344
12 0.536734693877551 0.26875901875901875 0.014285714285714287 0.04401154401154401
12 0.9040816326530613 0.32611832611832614 0.020408163265306124 0.049062049062049064
12 0.10153061224489797 0.32575757575757575 0.01326530612244898 0.045454545454545456
12 0.10153061224489797 0.38311688311688313 0.01326530612244898 0.047619047619047616
12 0.903061224489796 0.38311688311688313 0.018367346938775512 0.047619047619047616
12 0.5357142857142858 0.38275613275613274 0.014285714285714287 0.045454545454545456
12 0.9035714285714287 0.4401154401154401 0.017346938775510204 0.049062049062049064
12 0.10204081632653061 0.4401154401154401 0.012244897959183675 0.047619047619047616
12 0.5357142857142858 0.4401154401154401 0.014285714285714287 0.047619047619047616
12 0.9035714285714287 0.49783549783549785 0.017346938775510204 0.049062049062049064
12 0.5362244897959184 0.4981962481962482 0.015306122448979593 0.048340548340548344
12 0.9035714285714287 0.5541125541125541 0.017346938775510204 0.049062049062049064
12 0.5362244897959184 0.5541125541125541 0.015306122448979593 0.047619047619047616
12 0.9035714285714287 0.6107503607503607 0.01938775510204082 0.048340548340548344
12 0.5372448979591837 0.6103896103896104 0.015306122448979593 0.046176046176046176
12 0.5372448979591837 0.6901154401154401 0.015306122448979593 0.048340548340548344
12 0.5377551020408163 0.7435064935064936 0.0163265306122449 0.05844155844155844
12 0.5372448979591837 0.8005050505050505 0.017346938775510204 0.05555555555555555
12 0.5377551020408163 0.8737373737373737 0.018367346938775512 0.05194805194805195
12 0.5387755102040817 0.9242424242424242 0.020408163265306124 0.05627705627705628
12 0.903061224489796 0.9292929292929293 0.014285714285714287 0.050505050505050504
20 0.012244897959183675 0.03318903318903319 0.020408163265306124 0.03896103896103896
76 0.12806122448979593 0.03751803751803752 0.025510204081632654 0.06204906204906205
135 0.4484693877551021 0.03823953823953824 0.025510204081632654 0.06204906204906205
135 0.48061224489795923 0.0386002886002886 0.02448979591836735 0.06277056277056277
135 0.5137755102040816 0.03823953823953824 0.02755102040816327 0.06204906204906205
76 0.5637755102040817 0.03715728715728716 0.025510204081632654 0.05988455988455989
18 0.31938775510204087 0.09054834054834054 0.0326530612244898 0.013708513708513708
18 0.3188775510204082 0.14646464646464646 0.031632653061224494 0.01443001443001443
18 0.7193877551020409 0.14682539682539683 0.030612244897959186 0.013708513708513708
137 0.04591836734693878 0.21284271284271283 0.02448979591836735 0.050505050505050504
137 0.07755102040816328 0.21356421356421357 0.028571428571428574 0.050505050505050504
78 0.12959183673469388 0.21284271284271283 0.02653061224489796 0.05194805194805195
137 0.44897959183673475 0.2124819624819625 0.022448979591836737 0.051226551226551224
137 0.48061224489795923 0.21284271284271283 0.02448979591836735 0.050505050505050504
137 0.513265306122449 0.21284271284271283 0.028571428571428574 0.050505050505050504
78 0.5637755102040817 0.2124819624819625 0.025510204081632654 0.051226551226551224
137 0.8484693877551022 0.21284271284271283 0.023469387755102045 0.050505050505050504
137 0.8801020408163266 0.21212121212121213 0.02959183673469388 0.050505050505050504
20 0.01326530612244898 0.3268398268398268 0.020408163265306124 0.03751803751803752
18 0.31938775510204087 0.37373737373737376 0.03469387755102041 0.01443001443001443
18 0.31938775510204087 0.4292929292929293 0.0326530612244898 0.01443001443001443
18 0.7193877551020409 0.42893217893217894 0.028571428571428574 0.012265512265512266
20 0.12755102040816327 0.49603174603174605 0.022448979591836737 0.03823953823953824
20 0.5622448979591838 0.4967532467532468 0.022448979591836737 0.0367965367965368
18 0.31938775510204087 0.5450937950937951 0.030612244897959186 0.013708513708513708
18 0.7204081632653062 0.5454545454545454 0.0326530612244898 0.01443001443001443
