12 0.9035714285714287 0.1305916305916306 0.015306122448979593 0.049062049062049064
12 0.34132653061224494 0.13095238095238096 0.017346938775510204 0.048340548340548344
12 0.903061224489796 0.25577200577200576 0.0163265306122449 0.048340548340548344
12 0.3408163265306123 0.25613275613275616 0.0163265306122449 0.047619047619047616
12 0.34132653061224494 0.37337662337662336 0.015306122448979593 0.048340548340548344
12 0.9025510204081634 0.37337662337662336 0.015306122448979593 0.048340548340548344
12 0.3408163265306123 0.6356421356421357 0.018367346938775512 0.047619047619047616
12 0.9025510204081634 0.636002886002886 0.017346938775510204 0.048340548340548344
12 0.9025510204081634 0.7615440115440115 0.015306122448979593 0.049783549783549784
12 0.34132653061224494 0.7611832611832612 0.017346938775510204 0.047619047619047616
12 0.3403061224489796 0.8784271284271284 0.01938775510204082 0.048340548340548344
12 0.903061224489796 0.8784271284271284 0.0163265306122449 0.048340548340548344
141 0.06989795918367347 0.11940836940836941 0.03571428571428572 0.07575757575757576
170 0.16632653061224492 0.12229437229437229 0.030612244897959186 0.06998556998556998
169 0.21173469387755103 0.12481962481962482 0.025510204081632654 0.06349206349206349
168 0.2581632653061225 0.12806637806637808 0.02653061224489796 0.05844155844155844
167 0.3010204081632653 0.13095238095238096 0.0326530612244898 0.05266955266955267
142 0.38112244897959185 0.11616161616161616 0.02959183673469388 0.0808080808080808
174 0.4525510204081633 0.11075036075036075 0.031632653061224494 0.09018759018759019
173 0.4948979591836735 0.11327561327561328 0.036734693877551024 0.08658008658008658
142 0.5448979591836736 0.11616161616161616 0.030612244897959186 0.0808080808080808
141 0.6326530612244898 0.11940836940836941 0.03877551020408164 0.07575757575757576
170 0.7290816326530613 0.12229437229437229 0.031632653061224494 0.06998556998556998
169 0.7739795918367348 0.12481962481962482 0.025510204081632654 0.06493506493506493
168 0.8198979591836736 0.12842712842712842 0.025510204081632654 0.05772005772005772
167 0.863265306122449 0.13095238095238096 0.0326530612244898 0.05266955266955267
163 0.028571428571428574 0.24711399711399712 0.028571428571428574 0.06854256854256854
164 0.07551020408163266 0.24567099567099568 0.02653061224489796 0.07287157287157287
165 0.12091836734693878 0.2435064935064935 0.025510204081632654 0.0772005772005772
136 0.16632653061224492 0.2597402597402597 0.02448979591836735 0.05772005772005772
134 0.2540816326530613 0.26262626262626265 0.03469387755102041 0.06349206349206349
132 0.3852040816326531 0.25613275613275616 0.031632653061224494 0.050505050505050504
130 0.45204081632653065 0.2597402597402597 0.02653061224489796 0.05772005772005772
163 0.5433673469387755 0.268037518037518 0.025510204081632654 0.07575757575757576
164 0.5892857142857143 0.2665945165945166 0.025510204081632654 0.07287157287157287
165 0.6352040816326531 0.2644300144300144 0.025510204081632654 0.06998556998556998
166 0.676530612244898 0.26334776334776333 0.03469387755102041 0.06782106782106782
167 0.7275510204081633 0.2564935064935065 0.02653061224489796 0.05411255411255411
168 0.7688775510204082 0.2536075036075036 0.031632653061224494 0.056998556998557
139 0.8158163265306123 0.25072150072150073 0.0336734693877551 0.06277056277056277
99 0.1673469387755102 0.37662337662337664 0.02448979591836735 0.05772005772005772
102 0.38112244897959185 0.3676046176046176 0.025510204081632654 0.06132756132756133
20 0.5408163265306123 0.3712121212121212 0.022448979591836737 0.03823953823953824
100 0.7290816326530613 0.3740981240981241 0.025510204081632654 0.051226551226551224
168 0.029081632653061226 0.6331168831168831 0.025510204081632654 0.056998556998557
169 0.06836734693877551 0.6298701298701299 0.0326530612244898 0.06349206349206349
140 0.11275510204081633 0.626984126984127 0.0336734693877551 0.06926406926406926
134 0.20051020408163267 0.6424963924963925 0.025510204081632654 0.06421356421356421
136 0.28163265306122454 0.6385281385281385 0.03469387755102041 0.05627705627705628
167 0.3785714285714286 0.6421356421356421 0.02448979591836735 0.06493506493506493
164 0.41938775510204085 0.6421356421356421 0.02448979591836735 0.06493506493506493
165 0.46173469387755106 0.6417748917748918 0.02755102040816327 0.06565656565656566
15 0.5035714285714287 0.6244588744588745 0.023469387755102045 0.03823953823953824
166 0.5239795918367347 0.6417748917748918 0.0336734693877551 0.06421356421356421
167 0.5709183673469388 0.636002886002886 0.025510204081632654 0.05411255411255411
168 0.6142857142857143 0.6334776334776335 0.02653061224489796 0.05772005772005772
169 0.6566326530612245 0.6305916305916306 0.025510204081632654 0.06493506493506493
170 0.6969387755102041 0.6273448773448773 0.03469387755102041 0.06998556998556998
141 0.7433673469387756 0.6237373737373737 0.02959183673469388 0.07575757575757576
139 0.8229591836734694 0.6298701298701299 0.0336734693877551 0.06349206349206349
137 0.030612244897959186 0.766955266955267 0.02653061224489796 0.06349206349206349
15 0.08979591836734695 0.7557720057720058 0.02448979591836735 0.03968253968253968
165 0.11479591836734696 0.7673160173160173 0.023469387755102045 0.06421356421356421
166 0.15306122448979592 0.7673160173160173 0.03469387755102041 0.06421356421356421
167 0.19948979591836735 0.7615440115440115 0.025510204081632654 0.05411255411255411
168 0.23877551020408166 0.7579365079365079 0.030612244897959186 0.056998556998557
139 0.2811224489795919 0.7554112554112554 0.0336734693877551 0.06349206349206349
139 0.3790816326530613 0.7550505050505051 0.025510204081632654 0.06277056277056277
138 0.45765306122448984 0.7579365079365079 0.0336734693877551 0.05844155844155844
138 0.5709183673469388 0.7582972582972582 0.025510204081632654 0.05772005772005772
140 0.6535714285714286 0.7525252525252525 0.0336734693877551 0.06926406926406926
169 0.7408163265306124 0.7554112554112554 0.02448979591836735 0.06349206349206349
168 0.7841836734693878 0.7582972582972582 0.025510204081632654 0.05772005772005772
167 0.8270408163265307 0.7611832611832612 0.025510204081632654 0.05483405483405483
166 0.8673469387755103 0.7615440115440115 0.030612244897959186 0.05411255411255411
133 0.03520408163265307 0.8762626262626263 0.0336734693877551 0.05555555555555555
161 0.11938775510204083 0.8777056277056277 0.0326530612244898 0.05411255411255411
162 0.15867346938775512 0.8780663780663781 0.025510204081632654 0.05194805194805195
133 0.20612244897959187 0.873015873015873 0.03469387755102041 0.06349206349206349
131 0.28571428571428575 0.8759018759018758 0.02653061224489796 0.05772005772005772
103 0.3801020408163266 0.886002886002886 0.025510204081632654 0.06637806637806638
20 0.5683673469387756 0.8762626262626263 0.022448979591836737 0.03823953823953824
96 0.7433673469387756 0.8903318903318903 0.02959183673469388 0.07792207792207792
