12 0.09744897959183674 0.11652236652236653 0.015306122448979593 0.049783549783549784
12 0.7290816326530613 0.11616161616161616 0.015306122448979593 0.049062049062049064
12 0.47602040816326535 0.11616161616161616 0.015306122448979593 0.047619047619047616
14 0.2612244897959184 0.14574314574314573 0.014285714285714287 0.011544011544011544
12 0.09693877551020409 0.24242424242424243 0.012244897959183675 0.049062049062049064
12 0.476530612244898 0.24206349206349206 0.014285714285714287 0.046897546897546896
12 0.729591836734694 0.24242424242424243 0.014285714285714287 0.047619047619047616
14 0.6051020408163266 0.2362914862914863 0.014285714285714287 0.010822510822510822
14 0.7806122448979592 0.23593073593073594 0.014285714285714287 0.0101010101010101
14 0.26071428571428573 0.2601010101010101 0.01326530612244898 0.00937950937950938
12 0.09846938775510206 0.5122655122655123 0.015306122448979593 0.050505050505050504
12 0.4091836734693878 0.5111832611832612 0.018367346938775512 0.046897546897546896
12 0.6403061224489797 0.5119047619047619 0.017346938775510204 0.048340548340548344
12 0.9642857142857144 0.5115440115440115 0.0163265306122449 0.047619047619047616
12 0.0979591836734694 0.6385281385281385 0.014285714285714287 0.049062049062049064
12 0.964795918367347 0.6378066378066378 0.017346938775510204 0.047619047619047616
12 0.4086734693877551 0.6385281385281385 0.017346938775510204 0.047619047619047616
12 0.6403061224489797 0.6385281385281385 0.015306122448979593 0.047619047619047616
14 0.6918367346938776 0.6320346320346321 0.014285714285714287 0.011544011544011544
12 0.0979591836734694 0.9076479076479076 0.014285714285714287 0.049062049062049064
12 0.47500000000000003 0.9076479076479076 0.017346938775510204 0.047619047619047616
12 0.9224489795918368 0.9076479076479076 0.0163265306122449 0.047619047619047616
12 0.6586734693877552 0.9083694083694084 0.017346938775510204 0.047619047619047616
14 0.26071428571428573 0.9018759018759018 0.015306122448979593 0.0101010101010101
14 0.7086734693877552 0.9018759018759018 0.01326530612244898 0.0101010101010101
14 0.6071428571428572 0.9025974025974026 0.012244897959183675 0.008658008658008658
26 0.1306122448979592 0.11471861471861472 0.04693877551020409 0.08946608946608947
15 0.17602040816326534 0.09307359307359307 0.025510204081632654 0.0404040404040404
97 0.23877551020408166 0.12481962481962482 0.030612244897959186 0.0707070707070707
128 0.3091836734693878 0.12373737373737374 0.04285714285714286 0.06998556998556998
128 0.3535714285714286 0.12481962481962482 0.039795918367346944 0.0707070707070707
97 0.388265306122449 0.12518037518037517 0.02755102040816327 0.06998556998556998
128 0.45000000000000007 0.12445887445887446 0.04285714285714286 0.06998556998556998
96 0.5229591836734694 0.12842712842712842 0.031632653061224494 0.07647907647907648
96 0.5816326530612246 0.12734487734487734 0.030612244897959186 0.0772005772005772
96 0.6479591836734695 0.12806637806637808 0.030612244897959186 0.0772005772005772
21 0.7020408163265307 0.11688311688311688 0.022448979591836737 0.024531024531024532
127 0.7596938775510205 0.12878787878787878 0.03571428571428572 0.07575757575757576
127 0.7974489795918368 0.12806637806637808 0.02959183673469388 0.07575757575757576
127 0.8362244897959185 0.12734487734487734 0.02959183673469388 0.07575757575757576
127 0.8755102040816327 0.12734487734487734 0.028571428571428574 0.07575757575757576
127 0.916326530612245 0.12842712842712842 0.03469387755102041 0.07503607503607504
127 0.953061224489796 0.12878787878787878 0.030612244897959186 0.07431457431457432
26 0.1306122448979592 0.2417027417027417 0.0489795918367347 0.09090909090909091
15 0.17500000000000002 0.21897546897546896 0.02755102040816327 0.04112554112554113
99 0.2392857142857143 0.2453102453102453 0.02755102040816327 0.05772005772005772
130 0.3112244897959184 0.2453102453102453 0.03877551020408164 0.05772005772005772
130 0.3535714285714286 0.24567099567099568 0.03571428571428572 0.056998556998557
100 0.3887755102040817 0.24242424242424243 0.02653061224489796 0.05194805194805195
130 0.45051020408163267 0.24494949494949494 0.03775510204081633 0.056998556998557
15 0.4969387755102041 0.27200577200577203 0.022448979591836737 0.03751803751803752
98 0.5234693877551021 0.2481962481962482 0.02653061224489796 0.06349206349206349
75 0.5816326530612246 0.25 0.02653061224489796 0.06565656565656566
75 0.7576530612244898 0.25 0.025510204081632654 0.06565656565656566
20 0.9882653061224491 0.2398989898989899 0.01938775510204082 0.0367965367965368
26 0.13010204081632654 0.5111832611832612 0.05 0.09018759018759019
15 0.17551020408163268 0.4888167388167388 0.022448979591836737 0.03823953823953824
105 0.23877551020408166 0.5151515151515151 0.02653061224489796 0.05772005772005772
15 0.2668367346938776 0.5061327561327561 0.023469387755102045 0.03823953823953824
104 0.29285714285714287 0.516955266955267 0.02448979591836735 0.06277056277056277
75 0.3479591836734694 0.5183982683982684 0.02653061224489796 0.0670995670995671
106 0.4372448979591837 0.5119047619047619 0.02755102040816327 0.051226551226551224
103 0.489795918367347 0.5191197691197691 0.02653061224489796 0.0670995670995671
101 0.5428571428571429 0.509018759018759 0.028571428571428574 0.056998556998557
99 0.5918367346938777 0.5151515151515151 0.028571428571428574 0.05916305916305916
129 0.6724489795918368 0.5165945165945166 0.03469387755102041 0.06637806637806638
131 0.7117346938775511 0.509018759018759 0.02755102040816327 0.05844155844155844
133 0.7525510204081634 0.5064935064935064 0.02755102040816327 0.06349206349206349
15 0.7801020408163266 0.5054112554112554 0.02142857142857143 0.0367965367965368
135 0.8056122448979592 0.5028860028860029 0.02755102040816327 0.07215007215007214
135 0.8438775510204083 0.5147907647907648 0.028571428571428574 0.056998556998557
136 0.8785714285714287 0.5137085137085137 0.0326530612244898 0.05483405483405483
104 0.9198979591836736 0.5180375180375181 0.025510204081632654 0.06349206349206349
103 0.9882653061224491 0.5194805194805194 0.02142857142857143 0.06637806637806638
26 0.13010204081632654 0.6367243867243867 0.047959183673469394 0.09018759018759019
15 0.17602040816326534 0.6147186147186147 0.025510204081632654 0.03896103896103896
47 0.24540816326530615 0.6381673881673882 0.03775510204081633 0.051226551226551224
103 0.43673469387755104 0.6461038961038961 0.02653061224489796 0.0670995670995671
103 0.4892857142857143 0.6453823953823954 0.02755102040816327 0.0670995670995671
99 0.5418367346938776 0.6414141414141414 0.02653061224489796 0.05772005772005772
96 0.5923469387755103 0.65007215007215 0.02959183673469388 0.07792207792207792
75 0.6683673469387755 0.645021645021645 0.02653061224489796 0.06637806637806638
103 0.9214285714285715 0.6453823953823954 0.02653061224489796 0.06565656565656566
103 0.9882653061224491 0.6457431457431457 0.02142857142857143 0.06637806637806638
26 0.13010204081632654 0.9069264069264069 0.047959183673469394 0.09090909090909091
15 0.17551020408163268 0.8849206349206349 0.02448979591836735 0.03823953823953824
103 0.23775510204081635 0.9155844155844156 0.02448979591836735 0.06637806637806638
130 0.30969387755102046 0.9108946608946609 0.03775510204081633 0.05844155844155844
130 0.35306122448979593 0.9108946608946609 0.03469387755102041 0.056998556998557
101 0.388265306122449 0.9047619047619048 0.025510204081632654 0.05627705627705628
130 0.4484693877551021 0.9105339105339105 0.03775510204081633 0.05772005772005772
15 0.4954081632653062 0.937950937950938 0.023469387755102045 0.03751803751803752
98 0.5219387755102042 0.9141414141414141 0.025510204081632654 0.06349206349206349
75 0.5836734693877551 0.9152236652236653 0.02653061224489796 0.06565656565656566
103 0.6852040816326531 0.9155844155844156 0.025510204081632654 0.06637806637806638
130 0.7561224489795919 0.9108946608946609 0.036734693877551024 0.056998556998557
130 0.7984693877551021 0.9116161616161617 0.03775510204081633 0.056998556998557
100 0.8336734693877552 0.908008658008658 0.02653061224489796 0.051226551226551224
130 0.8959183673469389 0.9112554112554112 0.03877551020408164 0.05772005772005772
15 0.942857142857143 0.9372294372294372 0.022448979591836737 0.03751803751803752
98 0.9693877551020409 0.9141414141414141 0.02653061224489796 0.06349206349206349
