12 0.903061224489796 0.13347763347763347 0.018367346938775512 0.049062049062049064
12 0.1642857142857143 0.13347763347763347 0.0163265306122449 0.047619047619047616
12 0.5137755102040816 0.13383838383838384 0.01938775510204082 0.048340548340548344
12 0.513265306122449 0.26082251082251084 0.018367346938775512 0.048340548340548344
12 0.9025510204081634 0.26082251082251084 0.017346938775510204 0.048340548340548344
12 0.16377551020408165 0.2611832611832612 0.017346938775510204 0.047619047619047616
12 0.16377551020408165 0.3885281385281385 0.017346938775510204 0.048340548340548344
12 0.5137755102040816 0.3885281385281385 0.017346938775510204 0.048340548340548344
12 0.903061224489796 0.38816738816738816 0.018367346938775512 0.047619047619047616
12 0.16377551020408165 0.5155122655122655 0.017346938775510204 0.048340548340548344
12 0.513265306122449 0.5158730158730159 0.0163265306122449 0.049062049062049064
12 0.903061224489796 0.5158730158730159 0.0163265306122449 0.047619047619047616
12 0.04285714285714286 0.7914862914862915 0.0163265306122449 0.049062049062049064
12 0.9025510204081634 0.7911255411255411 0.015306122448979593 0.048340548340548344
12 0.3734693877551021 0.7914862914862915 0.0163265306122449 0.047619047619047616
12 0.7183673469387756 0.7918470418470418 0.0163265306122449 0.048340548340548344
14 0.8510204081632654 0.7972582972582972 0.014285714285714287 0.0101010101010101
12 0.37397959183673474 0.9188311688311688 0.017346938775510204 0.048340548340548344
12 0.7188775510204082 0.9188311688311688 0.015306122448979593 0.048340548340548344
12 0.9025510204081634 0.9188311688311688 0.015306122448979593 0.048340548340548344
12 0.04285714285714286 0.9195526695526696 0.0163265306122449 0.048340548340548344
14 0.8510204081632654 0.9487734487734488 0.014285714285714287 0.011544011544011544
16 0.04693877551020409 0.07900432900432901 0.018367346938775512 0.03391053391053391
143 0.015306122448979593 0.11652236652236653 0.028571428571428574 0.08585858585858586
83 0.07346938775510205 0.11976911976911978 0.030612244897959186 0.08225108225108226
111 0.19540816326530613 0.11904761904761904 0.031632653061224494 0.08225108225108226
83 0.3010204081632653 0.11940836940836941 0.030612244897959186 0.08152958152958154
20 0.44795918367346943 0.13131313131313133 0.022448979591836737 0.03896103896103896
104 0.5581632653061225 0.1396103896103896 0.02448979591836735 0.06277056277056277
138 0.6326530612244898 0.1305916305916306 0.02653061224489796 0.05772005772005772
137 0.6760204081632654 0.1331168831168831 0.031632653061224494 0.049783549783549784
136 0.7260204081632654 0.13672438672438672 0.025510204081632654 0.05844155844155844
135 0.7714285714285715 0.1378066378066378 0.02653061224489796 0.06060606060606061
134 0.8153061224489797 0.1396103896103896 0.0326530612244898 0.06421356421356421
21 0.866326530612245 0.1349206349206349 0.02448979591836735 0.025974025974025976
70 0.07448979591836735 0.2662337662337662 0.02653061224489796 0.06349206349206349
135 0.19387755102040818 0.26731601731601734 0.02653061224489796 0.06421356421356421
135 0.23673469387755103 0.2676767676767677 0.0326530612244898 0.06349206349206349
76 0.2989795918367347 0.26731601731601734 0.02653061224489796 0.06277056277056277
97 0.451530612244898 0.2698412698412698 0.02755102040816327 0.0707070707070707
102 0.5591836734693878 0.255050505050505 0.02653061224489796 0.06132756132756133
138 0.6331632653061225 0.2582972582972583 0.025510204081632654 0.05772005772005772
21 0.6795918367346939 0.2619047619047619 0.02448979591836735 0.024531024531024532
20 0.7224489795918368 0.2582972582972583 0.020408163265306124 0.03896103896103896
136 0.8193877551020409 0.26406926406926406 0.02653061224489796 0.05772005772005772
21 0.8668367346938777 0.2619047619047619 0.025510204081632654 0.025974025974025976
140 0.014285714285714287 0.3791486291486291 0.02653061224489796 0.06854256854256854
75 0.07295918367346939 0.3953823953823954 0.025510204081632654 0.06493506493506493
134 0.19438775510204084 0.39466089466089466 0.025510204081632654 0.06349206349206349
135 0.24081632653061227 0.39285714285714285 0.02653061224489796 0.05988455988455989
16 0.27346938775510204 0.3694083694083694 0.0163265306122449 0.03318903318903319
136 0.29438775510204085 0.39141414141414144 0.0336734693877551 0.056998556998557
21 0.3459183673469388 0.38924963924963923 0.02448979591836735 0.025252525252525252
16 0.3775510204081633 0.36363636363636365 0.018367346938775512 0.03318903318903319
78 0.403061224489796 0.38816738816738816 0.02653061224489796 0.05194805194805195
16 0.5326530612244899 0.3874458874458874 0.018367346938775512 0.03318903318903319
74 0.5602040816326531 0.38203463203463206 0.02653061224489796 0.06132756132756133
16 0.7005102040816327 0.37012987012987014 0.017346938775510204 0.03318903318903319
136 0.7260204081632654 0.3917748917748918 0.025510204081632654 0.05772005772005772
135 0.7719387755102042 0.39285714285714285 0.02755102040816327 0.06132756132756133
134 0.8153061224489797 0.395021645021645 0.0326530612244898 0.06421356421356421
21 0.866326530612245 0.38924963924963923 0.02653061224489796 0.026695526695526696
71 0.0739795918367347 0.5180375180375181 0.02755102040816327 0.05772005772005772
48 0.19897959183673472 0.5151515151515151 0.030612244897959186 0.05194805194805195
98 0.5586734693877552 0.5212842712842712 0.025510204081632654 0.06421356421356421
129 0.6362244897959184 0.522005772005772 0.0336734693877551 0.06421356421356421
130 0.6816326530612246 0.5194805194805194 0.02653061224489796 0.05772005772005772
131 0.729591836734694 0.5155122655122655 0.0326530612244898 0.05266955266955267
132 0.7734693877551021 0.5144300144300145 0.02448979591836735 0.05483405483405483
102 0.8204081632653062 0.51010101010101 0.02653061224489796 0.06349206349206349
133 0.07040816326530613 0.799062049062049 0.02653061224489796 0.06565656565656566
134 0.10918367346938776 0.7972582972582972 0.02448979591836735 0.06204906204906205
135 0.1479591836734694 0.7950937950937951 0.02448979591836735 0.05916305916305916
136 0.18316326530612245 0.7943722943722944 0.031632653061224494 0.05627705627705628
137 0.22500000000000003 0.7914862914862915 0.025510204081632654 0.050505050505050504
21 0.2642857142857143 0.7922077922077922 0.022448979591836737 0.024531024531024532
132 0.3051020408163266 0.79004329004329 0.030612244897959186 0.05339105339105339
133 0.3408163265306123 0.7896825396825397 0.02448979591836735 0.05555555555555555
134 0.41632653061224495 0.7983405483405484 0.02653061224489796 0.06421356421356421
135 0.45459183673469394 0.7958152958152959 0.025510204081632654 0.05916305916305916
136 0.49030612244897964 0.7947330447330447 0.031632653061224494 0.056998556998557
21 0.5321428571428571 0.7925685425685426 0.023469387755102045 0.025252525252525252
131 0.5739795918367347 0.79004329004329 0.0336734693877551 0.05483405483405483
132 0.6086734693877551 0.788961038961039 0.025510204081632654 0.056998556998557
133 0.6469387755102042 0.7875180375180375 0.02653061224489796 0.05988455988455989
134 0.686734693877551 0.786075036075036 0.02448979591836735 0.06421356421356421
135 0.7448979591836735 0.7972582972582972 0.02653061224489796 0.06204906204906205
21 0.788265306122449 0.7922077922077922 0.023469387755102045 0.024531024531024532
73 0.828061224489796 0.7886002886002886 0.02755102040816327 0.05627705627705628
131 0.07551020408163266 0.9177489177489178 0.0326530612244898 0.05483405483405483
132 0.11071428571428572 0.9163059163059163 0.025510204081632654 0.05627705627705628
133 0.14948979591836736 0.9145021645021645 0.025510204081632654 0.05988455988455989
134 0.18775510204081636 0.9126984126984127 0.02448979591836735 0.06349206349206349
135 0.22448979591836737 0.9242424242424242 0.02653061224489796 0.06204906204906205
21 0.2642857142857143 0.9195526695526696 0.022448979591836737 0.025252525252525252
130 0.3045918367346939 0.9227994227994228 0.031632653061224494 0.05772005772005772
131 0.3408163265306123 0.9195526695526696 0.02653061224489796 0.05266955266955267
132 0.41938775510204085 0.915945165945166 0.0326530612244898 0.056998556998557
133 0.45612244897959187 0.9152236652236653 0.02653061224489796 0.05988455988455989
134 0.4948979591836735 0.9126984126984127 0.02448979591836735 0.06349206349206349
21 0.5331632653061225 0.9199134199134199 0.023469387755102045 0.024531024531024532
129 0.5734693877551021 0.9253246753246753 0.03469387755102041 0.06421356421356421
130 0.6086734693877551 0.922077922077922 0.025510204081632654 0.05772005772005772
131 0.6479591836734695 0.9188311688311688 0.02653061224489796 0.051226551226551224
132 0.6857142857142857 0.9188311688311688 0.02448979591836735 0.051226551226551224
133 0.753061224489796 0.913059163059163 0.04081632653061225 0.06277056277056277
21 0.789795918367347 0.9199134199134199 0.022448979591836737 0.024531024531024532
69 0.8270408163265307 0.9282106782106783 0.02959183673469388 0.06998556998556998
