7 0.33673469387755106 0.13600288600288601 0.05306122448979592 0.05844155844155844
12 0.6943877551020409 0.14862914862914864 0.015306122448979593 0.047619047619047616
7 0.3352040816326531 0.19660894660894662 0.05408163265306123 0.05411255411255411
7 0.3352040816326531 0.25685425685425683 0.05408163265306123 0.05483405483405483
7 0.3362244897959184 0.3185425685425685 0.056122448979591844 0.05555555555555555
7 0.3352040816326531 0.3823953823953824 0.05408163265306123 0.05627705627705628
7 0.33571428571428574 0.44696969696969696 0.05510204081632654 0.05411255411255411
12 0.6933673469387756 0.5202020202020202 0.015306122448979593 0.049062049062049064
12 0.6933673469387756 0.5793650793650794 0.015306122448979593 0.050505050505050504
12 0.692857142857143 0.6403318903318903 0.014285714285714287 0.049783549783549784
12 0.6933673469387756 0.7005772005772006 0.01326530612244898 0.049062049062049064
7 0.33571428571428574 0.7622655122655123 0.05510204081632654 0.05411255411255411
7 0.3362244897959184 0.8178210678210678 0.056122448979591844 0.05555555555555555
14 0.478061224489796 0.8856421356421357 0.011224489795918368 0.00937950937950938
12 0.6933673469387756 0.9264069264069265 0.01326530612244898 0.046176046176046176
12 0.6933673469387756 0.9816017316017316 0.015306122448979593 0.0367965367965368
14 0.7469387755102042 0.8841991341991342 0.014285714285714287 0.012265512265512266
14 0.7474489795918368 0.9567099567099567 0.01326530612244898 0.0101010101010101
136 0.6668367346938776 0.15476190476190477 0.031632653061224494 0.06421356421356421
79 0.7229591836734695 0.14502164502164502 0.02755102040816327 0.05627705627705628
79 0.7219387755102041 0.2041847041847042 0.02755102040816327 0.05772005772005772
79 0.7224489795918368 0.26334776334776333 0.02653061224489796 0.05627705627705628
79 0.7219387755102041 0.325036075036075 0.025510204081632654 0.06277056277056277
19 0.45459183673469394 0.39285714285714285 0.0336734693877551 0.015151515151515152
20 0.5448979591836736 0.3917748917748918 0.020408163265306124 0.03751803751803752
19 0.45459183673469394 0.45670995670995673 0.031632653061224494 0.01443001443001443
20 0.5454081632653062 0.45707070707070707 0.02142857142857143 0.03823953823953824
18 0.55 0.5115440115440115 0.0326530612244898 0.01443001443001443
18 0.8994897959183674 0.5111832611832612 0.0336734693877551 0.015151515151515152
18 0.5510204081632654 0.5710678210678211 0.03469387755102041 0.015151515151515152
18 0.8994897959183674 0.5707070707070707 0.0336734693877551 0.015873015873015872
18 0.5505102040816326 0.6309523809523809 0.0336734693877551 0.015151515151515152
18 0.8994897959183674 0.6302308802308803 0.0336734693877551 0.016594516594516596
16 0.3188775510204082 0.6940836940836941 0.017346938775510204 0.031746031746031744
18 0.5510204081632654 0.6915584415584416 0.03469387755102041 0.015151515151515152
20 0.7173469387755103 0.6976911976911977 0.020408163265306124 0.03751803751803752
18 0.5505102040816326 0.7532467532467533 0.0336734693877551 0.01443001443001443
20 0.717857142857143 0.7604617604617605 0.02142857142857143 0.03751803751803752
18 0.5505102040816326 0.8091630591630592 0.031632653061224494 0.013708513708513708
20 0.717857142857143 0.8163780663780664 0.023469387755102045 0.03823953823953824
18 0.5510204081632654 0.862914862914863 0.0326530612244898 0.012987012987012988
18 0.9000000000000001 0.8636363636363636 0.0326530612244898 0.012987012987012988
19 0.4535714285714286 0.983044733044733 0.031632653061224494 0.013708513708513708
19 0.5489795918367347 0.9837662337662337 0.0326530612244898 0.013708513708513708
77 0.7219387755102041 0.9754689754689755 0.02755102040816327 0.049062049062049064
