12 0.03469387755102041 0.11616161616161616 0.018367346938775512 0.047619047619047616
12 0.4841836734693878 0.11652236652236653 0.017346938775510204 0.048340548340548344
12 0.903061224489796 0.11652236652236653 0.0163265306122449 0.048340548340548344
12 0.03520408163265307 0.2362914862914863 0.01938775510204082 0.048340548340548344
12 0.48469387755102045 0.23665223665223664 0.0163265306122449 0.049062049062049064
12 0.9020408163265307 0.2362914862914863 0.0163265306122449 0.048340548340548344
12 0.903061224489796 0.38492063492063494 0.0163265306122449 0.049783549783549784
12 0.03469387755102041 0.38455988455988455 0.018367346938775512 0.047619047619047616
12 0.4841836734693878 0.38492063492063494 0.017346938775510204 0.048340548340548344
12 0.03520408163265307 0.503968253968254 0.017346938775510204 0.048340548340548344
12 0.9020408163265307 0.5043290043290043 0.018367346938775512 0.049062049062049064
12 0.48469387755102045 0.5043290043290043 0.0163265306122449 0.047619047619047616
12 0.501530612244898 0.8001443001443002 0.015306122448979593 0.049062049062049064
12 0.9025510204081634 0.8001443001443002 0.017346938775510204 0.049062049062049064
12 0.07806122448979592 0.8005050505050505 0.017346938775510204 0.048340548340548344
12 0.07755102040816328 0.9199134199134199 0.0163265306122449 0.049062049062049064
12 0.501530612244898 0.9202741702741702 0.015306122448979593 0.049783549783549784
12 0.903061224489796 0.9202741702741702 0.0163265306122449 0.049783549783549784
18 0.2602040816326531 0.10678210678210678 0.0326530612244898 0.012987012987012988
18 0.6938775510204083 0.10714285714285714 0.0326530612244898 0.013708513708513708
134 0.08469387755102041 0.2305194805194805 0.028571428571428574 0.06277056277056277
15 0.11377551020408164 0.24927849927849927 0.01938775510204082 0.03391053391053391
132 0.1362244897959184 0.23376623376623376 0.02142857142857143 0.05772005772005772
17 0.17040816326530614 0.2362914862914863 0.0163265306122449 0.03391053391053391
103 0.19132653061224492 0.24422799422799424 0.02142857142857143 0.06565656565656566
19 0.3035714285714286 0.23376623376623376 0.031632653061224494 0.011544011544011544
18 0.6938775510204083 0.22655122655122656 0.0326530612244898 0.01443001443001443
15 0.0576530612244898 0.38455988455988455 0.01938775510204082 0.03463203463203463
103 0.08010204081632653 0.3917748917748918 0.02142857142857143 0.06637806637806638
130 0.19642857142857145 0.3878066378066378 0.02959183673469388 0.056998556998557
15 0.22448979591836737 0.4033189033189033 0.018367346938775512 0.03318903318903319
131 0.24744897959183676 0.3856421356421356 0.02142857142857143 0.05266955266955267
17 0.2795918367346939 0.38961038961038963 0.018367346938775512 0.03607503607503607
133 0.30408163265306126 0.38167388167388167 0.02653061224489796 0.05627705627705628
15 0.33418367346938777 0.3903318903318903 0.01938775510204082 0.03318903318903319
133 0.3576530612244898 0.3805916305916306 0.023469387755102045 0.05844155844155844
134 0.4025510204081633 0.3791486291486291 0.023469387755102045 0.06132756132756133
135 0.4459183673469388 0.37842712842712845 0.02448979591836735 0.06277056277056277
136 0.5285714285714286 0.3852813852813853 0.022448979591836737 0.05339105339105339
137 0.5811224489795919 0.3852813852813853 0.02142857142857143 0.05339105339105339
138 0.6362244897959184 0.3823953823953824 0.023469387755102045 0.05772005772005772
15 0.7102040816326531 0.3841991341991342 0.022448979591836737 0.03391053391053391
134 0.7331632653061225 0.38997113997113997 0.02142857142857143 0.06277056277056277
137 0.7816326530612245 0.38816738816738816 0.022448979591836737 0.05916305916305916
136 0.8260204081632654 0.3870851370851371 0.023469387755102045 0.056998556998557
137 0.8642857142857143 0.3856421356421356 0.030612244897959186 0.05411255411255411
134 0.07959183673469389 0.5111832611832612 0.02448979591836735 0.06854256854256854
17 0.11326530612244899 0.5025252525252525 0.018367346938775512 0.03535353535353535
134 0.1326530612244898 0.5108225108225108 0.02653061224489796 0.06637806637806638
15 0.16938775510204082 0.5057720057720058 0.020408163265306124 0.03463203463203463
103 0.19183673469387758 0.5122655122655123 0.022448979591836737 0.06637806637806638
20 0.29846938775510207 0.49927849927849927 0.02142857142857143 0.03463203463203463
103 0.4005102040816327 0.5126262626262627 0.02142857142857143 0.0670995670995671
15 0.5061224489795919 0.4981962481962482 0.022448979591836737 0.03535353535353535
135 0.5285714285714286 0.5108225108225108 0.022448979591836737 0.06349206349206349
17 0.5596938775510205 0.48484848484848486 0.017346938775510204 0.03607503607503607
137 0.5755102040816327 0.5075757575757576 0.030612244897959186 0.056998556998557
15 0.6153061224489796 0.48593073593073594 0.018367346938775512 0.03391053391053391
78 0.6408163265306123 0.5046897546897547 0.02653061224489796 0.051226551226551224
17 0.8051020408163266 0.4855699855699856 0.018367346938775512 0.03607503607503607
137 0.826530612244898 0.5072150072150072 0.022448979591836737 0.05772005772005772
135 0.8658163265306124 0.5104617604617605 0.02755102040816327 0.06421356421356421
141 0.01938775510204082 0.788961038961039 0.030612244897959186 0.07575757575757576
139 0.10867346938775511 0.7943722943722944 0.02142857142857143 0.06204906204906205
140 0.15612244897959185 0.7918470418470418 0.02448979591836735 0.06854256854256854
139 0.20051020408163267 0.7943722943722944 0.02142857142857143 0.06204906204906205
138 0.24183673469387756 0.7976190476190477 0.030612244897959186 0.056998556998557
137 0.2923469387755102 0.8001443001443002 0.02142857142857143 0.050505050505050504
138 0.3377551020408164 0.7976190476190477 0.022448979591836737 0.056998556998557
139 0.3841836734693878 0.7943722943722944 0.02142857142857143 0.06204906204906205
137 0.4372448979591837 0.8001443001443002 0.02755102040816327 0.050505050505050504
138 0.5311224489795919 0.7972582972582972 0.023469387755102045 0.05627705627705628
15 0.5658163265306123 0.7694805194805194 0.02142857142857143 0.03391053391053391
139 0.5831632653061225 0.7943722943722944 0.02959183673469388 0.06204906204906205
81 0.6464285714285715 0.7904040404040404 0.031632653061224494 0.06998556998556998
108 0.8219387755102041 0.7940115440115441 0.02142857142857143 0.06277056277056277
28 0.04591836734693878 0.9199134199134199 0.04081632653061225 0.050505050505050504
20 0.10816326530612246 0.9141414141414141 0.02448979591836735 0.03463203463203463
134 0.19948979591836735 0.9274891774891775 0.023469387755102045 0.06565656565656566
135 0.24234693877551022 0.9267676767676768 0.02959183673469388 0.06421356421356421
136 0.29285714285714287 0.9206349206349206 0.020408163265306124 0.05194805194805195
137 0.3377551020408164 0.9199134199134199 0.022448979591836737 0.050505050505050504
138 0.3841836734693878 0.9173881673881674 0.023469387755102045 0.056998556998557
15 0.41836734693877553 0.8896103896103896 0.022448979591836737 0.03463203463203463
139 0.4387755102040817 0.9148629148629148 0.028571428571428574 0.06204906204906205
33 0.46938775510204084 0.9292929292929293 0.036734693877551024 0.06926406926406926
136 0.5316326530612245 0.9217171717171717 0.022448979591836737 0.05411255411255411
137 0.5887755102040817 0.9217171717171717 0.022448979591836737 0.05266955266955267
17 0.6198979591836735 0.8953823953823954 0.017346938775510204 0.03463203463203463
138 0.6428571428571429 0.9184704184704184 0.022448979591836737 0.05772005772005772
136 0.6806122448979592 0.9213564213564214 0.028571428571428574 0.05339105339105339
134 0.7260204081632654 0.9264069264069265 0.02142857142857143 0.06349206349206349
137 0.7755102040816327 0.9238816738816739 0.022448979591836737 0.05988455988455989
136 0.8214285714285715 0.9231601731601732 0.020408163265306124 0.056998556998557
137 0.8637755102040817 0.9213564213564214 0.02959183673469388 0.05339105339105339
136 0.6755102040816328 0.38636363636363635 0.02448979591836735 0.05411255411255411
