12 0.9025510204081634 0.2132034632034632 0.017346938775510204 0.049783549783549784
12 0.0326530612244898 0.2132034632034632 0.0163265306122449 0.048340548340548344
12 0.4311224489795919 0.21356421356421357 0.017346938775510204 0.049062049062049064
12 0.0326530612244898 0.4657287157287157 0.0163265306122449 0.048340548340548344
12 0.4316326530612245 0.4657287157287157 0.0163265306122449 0.048340548340548344
12 0.9025510204081634 0.4657287157287157 0.017346938775510204 0.048340548340548344
14 0.49744897959183676 0.4592352092352092 0.01326530612244898 0.00937950937950938
14 0.09642857142857143 0.48304473304473305 0.01326530612244898 0.00937950937950938
20 0.0663265306122449 0.20815295815295815 0.02448979591836735 0.03391053391053391
15 0.1653061224489796 0.22474747474747475 0.02448979591836735 0.0367965367965368
101 0.1903061224489796 0.2106782106782107 0.02142857142857143 0.05772005772005772
134 0.3051020408163266 0.22041847041847043 0.022448979591836737 0.0670995670995671
21 0.3729591836734694 0.2132034632034632 0.025510204081632654 0.023809523809523808
134 0.47295918367346945 0.22077922077922077 0.02959183673469388 0.06782106782106782
134 0.5459183673469388 0.22077922077922077 0.04081632653061225 0.06637806637806638
134 0.6290816326530613 0.22041847041847043 0.02959183673469388 0.0670995670995671
134 0.6948979591836736 0.22005772005772006 0.04693877551020409 0.06926406926406926
136 0.778061224489796 0.21681096681096682 0.031632653061224494 0.06132756132756133
134 0.8377551020408164 0.21933621933621933 0.036734693877551024 0.06637806637806638
71 0.07295918367346939 0.46825396825396826 0.031632653061224494 0.05916305916305916
75 0.47295918367346945 0.47294372294372294 0.02755102040816327 0.0670995670995671
