14 0.8525510204081633 0.05519480519480519 0.017346938775510204 0.012265512265512266
14 0.3331632653061225 0.06818181818181818 0.017346938775510204 0.010822510822510822
12 0.09591836734693879 0.15656565656565657 0.014285714285714287 0.049062049062049064
0 0.20714285714285716 0.4880952380952381 0.06326530612244899 0.0670995670995671
12 0.09591836734693879 0.5014430014430015 0.012244897959183675 0.050505050505050504
0 0.20816326530612247 0.6259018759018758 0.0653061224489796 0.0670995670995671
12 0.09540816326530613 0.6392496392496393 0.017346938775510204 0.050505050505050504
0 0.2066326530612245 0.8466810966810967 0.0642857142857143 0.0670995670995671
12 0.09642857142857143 0.847041847041847 0.01326530612244898 0.049062049062049064
27 0.13724489795918368 0.15692640692640691 0.06224489795918368 0.05844155844155844
16 0.1836734693877551 0.16125541125541126 0.020408163265306124 0.04401154401154401
26 0.13214285714285715 0.5007215007215007 0.05204081632653062 0.1038961038961039
21 0.35102040816326535 0.5014430014430015 0.02653061224489796 0.025974025974025976
135 0.4372448979591837 0.5075757575757576 0.02755102040816327 0.06421356421356421
135 0.5234693877551021 0.5079365079365079 0.02653061224489796 0.06349206349206349
135 0.6066326530612245 0.5072150072150072 0.0336734693877551 0.06349206349206349
106 0.6984693877551021 0.5018037518037518 0.02755102040816327 0.051226551226551224
104 0.8494897959183674 0.5072150072150072 0.02755102040816327 0.06349206349206349
26 0.13214285714285715 0.63997113997114 0.05 0.10533910533910534
21 0.35102040816326535 0.6388888888888888 0.02653061224489796 0.025252525252525252
135 0.43775510204081636 0.6417748917748918 0.02653061224489796 0.056998556998557
134 0.5239795918367347 0.6439393939393939 0.02755102040816327 0.05988455988455989
133 0.6061224489795919 0.6443001443001443 0.03469387755102041 0.06204906204906205
101 0.6989795918367347 0.636002886002886 0.02653061224489796 0.056998556998557
103 0.8494897959183674 0.6461038961038961 0.025510204081632654 0.06565656565656566
21 0.3505102040816327 0.847041847041847 0.02755102040816327 0.024531024531024532
27 0.1403061224489796 0.8474025974025974 0.06224489795918368 0.05844155844155844
