6 0.18571428571428572 0.0202020202020202 0.04081632653061225 0.03896103896103896
12 0.09642857142857143 0.027777777777777776 0.01326530612244898 0.048340548340548344
6 0.18622448979591838 0.13924963924963926 0.039795918367346944 0.05627705627705628
12 0.09693877551020409 0.14357864357864358 0.012244897959183675 0.047619047619047616
14 0.2795918367346939 0.3492063492063492 0.014285714285714287 0.0101010101010101
6 0.18571428571428572 0.3759018759018759 0.04081632653061225 0.05483405483405483
12 0.791326530612245 0.39105339105339104 0.017346938775510204 0.049062049062049064
12 0.09693877551020409 0.3917748917748918 0.014285714285714287 0.049062049062049064
14 0.4540816326530613 0.373015873015873 0.014285714285714287 0.0101010101010101
14 0.6474489795918368 0.3841991341991342 0.015306122448979593 0.010822510822510822
6 0.18571428571428572 0.5122655122655123 0.04081632653061225 0.05627705627705628
12 0.791326530612245 0.5155122655122655 0.017346938775510204 0.048340548340548344
12 0.09744897959183674 0.5158730158730159 0.01326530612244898 0.047619047619047616
6 0.18622448979591838 0.7478354978354979 0.039795918367346944 0.05555555555555555
12 0.09642857142857143 0.7640692640692641 0.01326530612244898 0.049062049062049064
12 0.8336734693877552 0.7637085137085137 0.0163265306122449 0.048340548340548344
6 0.18673469387755104 0.8791486291486291 0.04081632653061225 0.05555555555555555
12 0.09693877551020409 0.8831168831168831 0.014285714285714287 0.049062049062049064
12 0.8336734693877552 0.8831168831168831 0.0163265306122449 0.046176046176046176
164 0.2566326530612245 0.03463203463203463 0.025510204081632654 0.06637806637806638
167 0.3321428571428572 0.03391053391053391 0.025510204081632654 0.06637806637806638
165 0.36173469387755103 0.03463203463203463 0.031632653061224494 0.06349206349206349
133 0.6622448979591837 0.026334776334776336 0.03877551020408164 0.051226551226551224
133 0.7321428571428572 0.027056277056277056 0.025510204081632654 0.05266955266955267
165 0.8438775510204083 0.03391053391053391 0.02448979591836735 0.06493506493506493
164 0.8790816326530613 0.03499278499278499 0.031632653061224494 0.0670995670995671
163 0.9198979591836736 0.03751803751803752 0.025510204081632654 0.07215007215007214
165 0.9617346938775511 0.03354978354978355 0.025510204081632654 0.06565656565656566
27 0.12806122448979593 0.1424963924963925 0.047959183673469394 0.051226551226551224
131 0.32806122448979597 0.15692640692640691 0.03571428571428572 0.08152958152958154
21 0.41785714285714287 0.1443001443001443 0.02142857142857143 0.024531024531024532
131 0.4755102040816327 0.14357864357864358 0.04081632653061225 0.050505050505050504
103 0.5219387755102042 0.15115440115440115 0.025510204081632654 0.06565656565656566
168 0.6979591836734694 0.1518759018759019 0.02653061224489796 0.08297258297258298
168 0.7668367346938776 0.1525974025974026 0.0336734693877551 0.08152958152958154
19 0.8132653061224491 0.13997113997113997 0.03469387755102041 0.012987012987012988
26 0.12908163265306125 0.38924963924963923 0.04591836734693878 0.09018759018759019
141 0.25867346938775515 0.37842712842712845 0.02755102040816327 0.07575757575757576
169 0.38469387755102047 0.3841991341991342 0.03469387755102041 0.06421356421356421
137 0.4311224489795919 0.3906926406926407 0.025510204081632654 0.051226551226551224
169 0.5586734693877552 0.3841991341991342 0.03571428571428572 0.06421356421356421
134 0.6239795918367348 0.40115440115440115 0.025510204081632654 0.07215007215007214
166 0.7535714285714287 0.39646464646464646 0.03775510204081633 0.06421356421356421
166 0.8214285714285715 0.3921356421356421 0.02653061224489796 0.05411255411255411
165 0.8653061224489796 0.3917748917748918 0.02653061224489796 0.05483405483405483
169 0.9117346938775511 0.386002886002886 0.025510204081632654 0.06637806637806638
168 0.9515306122448981 0.38961038961038963 0.0336734693877551 0.05916305916305916
27 0.12704081632653064 0.5155122655122655 0.05 0.051226551226551224
167 0.2556122448979592 0.5165945165945166 0.025510204081632654 0.05339105339105339
169 0.3035714285714286 0.5097402597402597 0.025510204081632654 0.06421356421356421
167 0.3433673469387755 0.5155122655122655 0.025510204081632654 0.05411255411255411
169 0.38775510204081637 0.5104617604617605 0.0326530612244898 0.06421356421356421
167 0.43061224489795924 0.5162337662337663 0.02653061224489796 0.05411255411255411
169 0.4785714285714286 0.5097402597402597 0.02653061224489796 0.06421356421356421
167 0.5183673469387755 0.5162337662337663 0.02653061224489796 0.05266955266955267
169 0.5607142857142857 0.5104617604617605 0.0336734693877551 0.06421356421356421
15 0.5989795918367348 0.4981962481962482 0.02448979591836735 0.03823953823953824
167 0.6239795918367348 0.5165945165945166 0.025510204081632654 0.05483405483405483
169 0.6714285714285715 0.5097402597402597 0.02653061224489796 0.06421356421356421
167 0.7112244897959185 0.5158730158730159 0.02653061224489796 0.05339105339105339
169 0.7540816326530613 0.51010101010101 0.030612244897959186 0.06349206349206349
107 0.8209183673469389 0.5126262626262627 0.025510204081632654 0.056998556998557
26 0.12908163265306125 0.7615440115440115 0.04591836734693878 0.09018759018759019
163 0.30408163265306126 0.75 0.02653061224489796 0.0772005772005772
168 0.4 0.7471139971139971 0.02653061224489796 0.08441558441558442
15 0.4352040816326531 0.7525252525252525 0.023469387755102045 0.03751803751803752
167 0.5086734693877552 0.7485569985569985 0.025510204081632654 0.08441558441558442
138 0.5556122448979592 0.7481962481962482 0.02755102040816327 0.0836940836940837
167 0.6005102040816327 0.7467532467532467 0.025510204081632654 0.08513708513708514
17 0.6321428571428572 0.7514430014430015 0.017346938775510204 0.03968253968253968
166 0.6591836734693878 0.7507215007215007 0.0326530612244898 0.0772005772005772
165 0.7010204081632654 0.7525252525252525 0.02653061224489796 0.0735930735930736
163 0.7938775510204082 0.7546897546897547 0.02448979591836735 0.06637806637806638
170 0.9867346938775511 0.7406204906204906 0.02448979591836735 0.09884559884559885
27 0.1285714285714286 0.8831168831168831 0.05102040816326531 0.05194805194805195
21 0.6525510204081634 0.8838383838383839 0.02142857142857143 0.024531024531024532
