12 0.24336734693877554 0.2287157287157287 0.01326530612244898 0.049062049062049064
12 0.6066326530612245 0.2287157287157287 0.015306122448979593 0.047619047619047616
12 0.9025510204081634 0.2287157287157287 0.015306122448979593 0.047619047619047616
12 0.528061224489796 0.41414141414141414 0.015306122448979593 0.047619047619047616
12 0.9025510204081634 0.4145021645021645 0.015306122448979593 0.048340548340548344
12 0.2908163265306123 0.4148629148629149 0.0163265306122449 0.047619047619047616
12 0.1153061224489796 0.6002886002886003 0.0163265306122449 0.049062049062049064
12 0.4311224489795919 0.59992784992785 0.017346938775510204 0.048340548340548344
12 0.6637755102040817 0.6002886002886003 0.017346938775510204 0.049062049062049064
12 0.9025510204081634 0.6002886002886003 0.017346938775510204 0.049062049062049064
12 0.188265306122449 0.7857142857142857 0.017346938775510204 0.049062049062049064
12 0.9025510204081634 0.7857142857142857 0.017346938775510204 0.049062049062049064
12 0.13571428571428573 0.9715007215007215 0.0163265306122449 0.048340548340548344
12 0.4602040816326531 0.9715007215007215 0.0163265306122449 0.048340548340548344
12 0.6428571428571429 0.9707792207792207 0.0163265306122449 0.046897546897546896
12 0.9025510204081634 0.9711399711399712 0.017346938775510204 0.047619047619047616
14 0.7704081632653061 0.6172438672438673 0.012244897959183675 0.007936507936507936
165 0.017346938775510204 0.23484848484848486 0.020408163265306124 0.06421356421356421
17 0.042346938775510205 0.227994227994228 0.017346938775510204 0.03463203463203463
164 0.06326530612244899 0.23593073593073594 0.020408163265306124 0.06349206349206349
163 0.08928571428571429 0.23556998556998557 0.02142857142857143 0.06421356421356421
164 0.11326530612244899 0.23593073593073594 0.02653061224489796 0.06637806637806638
165 0.14387755102040817 0.2344877344877345 0.022448979591836737 0.06349206349206349
166 0.17142857142857143 0.2326839826839827 0.022448979591836737 0.05988455988455989
167 0.1969387755102041 0.23160173160173161 0.020408163265306124 0.05772005772005772
168 0.22142857142857145 0.22763347763347763 0.02653061224489796 0.05844155844155844
139 0.27142857142857146 0.22294372294372294 0.020408163265306124 0.06204906204906205
137 0.30306122448979594 0.22943722943722944 0.020408163265306124 0.05194805194805195
15 0.33010204081632655 0.22294372294372294 0.02142857142857143 0.03463203463203463
135 0.351530612244898 0.23232323232323232 0.02142857142857143 0.05916305916305916
133 0.3806122448979592 0.2352092352092352 0.028571428571428574 0.06493506493506493
132 0.42346938775510207 0.22763347763347763 0.028571428571428574 0.05411255411255411
130 0.4525510204081633 0.2305194805194805 0.025510204081632654 0.05988455988455989
15 0.4785714285714286 0.2644300144300144 0.020408163265306124 0.03391053391053391
128 0.5020408163265306 0.23556998556998557 0.02448979591836735 0.07142857142857142
132 0.5377551020408163 0.2269119769119769 0.028571428571428574 0.05266955266955267
28 0.576530612244898 0.22763347763347763 0.04081632653061225 0.049783549783549784
97 0.6301020408163266 0.23665223665223664 0.025510204081632654 0.06926406926406926
26 0.6775510204081633 0.2326839826839827 0.03469387755102041 0.05988455988455989
133 0.7234693877551021 0.21861471861471862 0.028571428571428574 0.0707070707070707
138 0.7627551020408164 0.2132034632034632 0.023469387755102045 0.08152958152958154
106 0.8525510204081633 0.21392496392496393 0.023469387755102045 0.07864357864357864
74 0.02295918367346939 0.4072871572871573 0.02755102040816327 0.05844155844155844
132 0.10051020408163266 0.41305916305916307 0.02959183673469388 0.05411255411255411
131 0.13367346938775512 0.4148629148629149 0.022448979591836737 0.05339105339105339
160 0.1719387755102041 0.4184704184704185 0.02755102040816327 0.05627705627705628
159 0.1979591836734694 0.4199134199134199 0.022448979591836737 0.06204906204906205
15 0.22346938775510206 0.45021645021645024 0.0163265306122449 0.03318903318903319
158 0.24540816326530615 0.4227994227994228 0.023469387755102045 0.06926406926406926
159 0.2724489795918368 0.420995670995671 0.022448979591836737 0.06132756132756133
15 0.33265306122448984 0.45021645021645024 0.018367346938775512 0.03607503607503607
20 0.4331632653061225 0.43398268398268397 0.02142857142857143 0.03535353535353535
102 0.48877551020408166 0.408008658008658 0.022448979591836737 0.06132756132756133
105 0.6193877551020409 0.41738816738816736 0.020408163265306124 0.05555555555555555
107 0.6790816326530613 0.411976911976912 0.02142857142857143 0.05627705627705628
138 0.7321428571428572 0.4116161616161616 0.02142857142857143 0.056998556998557
137 0.7627551020408164 0.4145021645021645 0.02142857142857143 0.051226551226551224
136 0.7903061224489797 0.4148629148629149 0.025510204081632654 0.05194805194805195
135 0.8224489795918368 0.41774891774891776 0.022448979591836737 0.05772005772005772
134 0.851530612244898 0.41919191919191917 0.023469387755102045 0.05916305916305916
133 0.8831632653061225 0.4199134199134199 0.0336734693877551 0.06349206349206349
135 0.015816326530612247 0.5937950937950938 0.02142857142857143 0.06349206349206349
133 0.0489795918367347 0.5941558441558441 0.022448979591836737 0.06421356421356421
131 0.07908163265306123 0.5934343434343434 0.023469387755102045 0.06421356421356421
127 0.14183673469387756 0.6118326118326118 0.030612244897959186 0.0735930735930736
129 0.1806122448979592 0.6053391053391053 0.02448979591836735 0.06204906204906205
132 0.22040816326530616 0.5977633477633477 0.022448979591836737 0.056998556998557
134 0.26071428571428573 0.5941558441558441 0.023469387755102045 0.06421356421356421
136 0.2979591836734694 0.601010101010101 0.022448979591836737 0.05194805194805195
139 0.33877551020408164 0.5948773448773449 0.022448979591836737 0.06277056277056277
141 0.3790816326530613 0.5887445887445888 0.025510204081632654 0.07503607503607504
139 0.40765306122448985 0.5945165945165946 0.02755102040816327 0.06204906204906205
78 0.47908163265306125 0.6002886002886003 0.02755102040816327 0.050505050505050504
20 0.5576530612244899 0.5710678210678211 0.02142857142857143 0.03391053391053391
97 0.6127551020408164 0.6085858585858586 0.025510204081632654 0.06854256854256854
100 0.6892857142857144 0.59992784992785 0.023469387755102045 0.051226551226551224
72 0.7489795918367348 0.59992784992785 0.030612244897959186 0.05266955266955267
16 0.8295918367346939 0.6194083694083694 0.018367346938775512 0.02958152958152958
139 0.03877551020408164 0.7813852813852814 0.022448979591836737 0.06493506493506493
137 0.07551020408163266 0.7886002886002886 0.022448979591836737 0.05627705627705628
135 0.11275510204081633 0.7914862914862915 0.02142857142857143 0.06349206349206349
134 0.15204081632653063 0.7943722943722944 0.028571428571428574 0.06926406926406926
133 0.21683673469387757 0.7795815295815296 0.02959183673469388 0.06421356421356421
135 0.25918367346938775 0.7799422799422799 0.02448979591836735 0.06349206349206349
131 0.29642857142857143 0.7795815295815296 0.025510204081632654 0.06421356421356421
133 0.34132653061224494 0.7795815295815296 0.023469387755102045 0.06421356421356421
132 0.3862244897959184 0.7795815295815296 0.02959183673469388 0.06421356421356421
134 0.4285714285714286 0.7788600288600288 0.02448979591836735 0.06565656565656566
130 0.4658163265306123 0.7817460317460317 0.023469387755102045 0.07287157287157287
135 0.5102040816326531 0.7774170274170275 0.02448979591836735 0.06854256854256854
131 0.5750000000000001 0.7828282828282829 0.02959183673469388 0.05772005772005772
133 0.6188775510204082 0.7817460317460317 0.025510204081632654 0.05844155844155844
129 0.6551020408163266 0.7864357864357865 0.02448979591836735 0.07215007215007214
134 0.7005102040816327 0.7795815295815296 0.023469387755102045 0.06277056277056277
128 0.7408163265306124 0.7929292929292929 0.03469387755102041 0.07215007215007214
133 0.7831632653061226 0.7846320346320347 0.023469387755102045 0.05411255411255411
127 0.8198979591836736 0.7958152958152959 0.025510204081632654 0.07792207792207792
132 0.8658163265306124 0.7846320346320347 0.02142857142857143 0.05411255411255411
131 0.03316326530612245 0.9700577200577201 0.023469387755102045 0.05844155844155844
130 0.0673469387755102 0.9718614718614719 0.02448979591836735 0.05627705627705628
131 0.10306122448979593 0.9718614718614719 0.022448979591836737 0.05339105339105339
132 0.2392857142857143 0.9696969696969697 0.023469387755102045 0.05772005772005772
134 0.2785714285714286 0.9657287157287158 0.02448979591836735 0.06421356421356421
136 0.314795918367347 0.9725829725829725 0.023469387755102045 0.05339105339105339
139 0.35510204081632657 0.9664502164502164 0.022448979591836737 0.06277056277056277
141 0.39540816326530615 0.9603174603174603 0.025510204081632654 0.07647907647907648
143 0.4311224489795919 0.9541847041847041 0.031632653061224494 0.08585858585858586
73 0.5714285714285715 0.9686147186147186 0.028571428571428574 0.05844155844155844
100 0.6678571428571429 0.9711399711399712 0.02142857142857143 0.05194805194805195
75 0.7821428571428573 0.963924963924964 0.02959183673469388 0.06926406926406926
