18 0.028571428571428574 0.09090909090909091 0.03469387755102041 0.01443001443001443
20 0.238265306122449 0.29184704184704185 0.02142857142857143 0.03391053391053391
18 0.7693877551020409 0.2878787878787879 0.036734693877551024 0.015873015873015872
18 0.028571428571428574 0.48412698412698413 0.03469387755102041 0.01443001443001443
23 0.10561224489795919 0.6497113997113997 0.023469387755102045 0.04256854256854257
20 0.238265306122449 0.6457431457431457 0.02142857142857143 0.03463203463203463
18 0.7693877551020409 0.6414141414141414 0.03469387755102041 0.01443001443001443
23 0.1066326530612245 0.29617604617604615 0.023469387755102045 0.04256854256854257
24 0.03826530612244898 0.29978354978354976 0.02142857142857143 0.05266955266955267
24 0.03826530612244898 0.6540404040404041 0.02142857142857143 0.05266955266955267
25 0.010714285714285714 0.29473304473304474 0.01938775510204082 0.0670995670995671
25 0.010204081632653062 0.6479076479076479 0.018367346938775512 0.06782106782106782
