12 0.33877551020408164 0.11868686868686869 0.018367346938775512 0.048340548340548344
12 0.9025510204081634 0.11868686868686869 0.017346938775510204 0.048340548340548344
12 0.33877551020408164 0.3777056277056277 0.018367346938775512 0.046897546897546896
12 0.9025510204081634 0.3787878787878788 0.01938775510204082 0.047619047619047616
12 0.903061224489796 0.777056277056277 0.014285714285714287 0.049062049062049064
14 0.13010204081632654 0.759018759018759 0.01326530612244898 0.0101010101010101
12 0.33877551020408164 0.7781385281385281 0.018367346938775512 0.048340548340548344
168 0.037244897959183676 0.11616161616161616 0.0336734693877551 0.05627705627705628
139 0.10714285714285715 0.11327561327561328 0.02653061224489796 0.06349206349206349
140 0.2295918367346939 0.10966810966810966 0.03469387755102041 0.06926406926406926
141 0.3943877551020408 0.10714285714285714 0.02959183673469388 0.0772005772005772
137 0.5112244897959184 0.11868686868686869 0.0326530612244898 0.051226551226551224
167 0.6642857142857144 0.12085137085137085 0.02653061224489796 0.05555555555555555
165 0.7239795918367348 0.1204906204906205 0.02959183673469388 0.05483405483405483
166 0.788265306122449 0.12012987012987013 0.02755102040816327 0.05555555555555555
166 0.8464285714285715 0.11976911976911978 0.03571428571428572 0.05483405483405483
167 0.03928571428571429 0.37842712842712845 0.0336734693877551 0.05266955266955267
136 0.10714285714285715 0.37987012987012986 0.02653061224489796 0.05555555555555555
17 0.2122448979591837 0.37193362193362195 0.014285714285714287 0.03823953823953824
135 0.23214285714285715 0.3805916305916306 0.031632653061224494 0.056998556998557
134 0.3928571428571429 0.38455988455988455 0.02653061224489796 0.06349206349206349
15 0.49030612244897964 0.36544011544011545 0.023469387755102045 0.0367965367965368
136 0.5127551020408164 0.3805916305916306 0.0336734693877551 0.056998556998557
106 0.664795918367347 0.3777056277056277 0.025510204081632654 0.051226551226551224
15 0.017346938775510204 0.7709235209235209 0.02448979591836735 0.03823953823953824
165 0.03826530612244898 0.7842712842712842 0.03571428571428572 0.06493506493506493
136 0.10765306122448981 0.7835497835497836 0.025510204081632654 0.06493506493506493
17 0.26377551020408163 0.7709235209235209 0.015306122448979593 0.03823953823953824
165 0.2806122448979592 0.7853535353535354 0.03469387755102041 0.06565656565656566
165 0.39336734693877556 0.7842712842712842 0.025510204081632654 0.06637806637806638
163 0.45306122448979597 0.7846320346320347 0.02653061224489796 0.0670995670995671
164 0.516326530612245 0.7846320346320347 0.02653061224489796 0.0670995670995671
164 0.5750000000000001 0.7839105339105339 0.031632653061224494 0.06565656565656566
103 0.6653061224489797 0.7846320346320347 0.02653061224489796 0.06565656565656566
