12 0.09540816326530613 0.11868686868686869 0.015306122448979593 0.048340548340548344
12 0.4311224489795919 0.11796536796536797 0.017346938775510204 0.046897546897546896
12 0.7316326530612246 0.11868686868686869 0.0163265306122449 0.045454545454545456
14 0.5918367346938777 0.1240981240981241 0.012244897959183675 0.0101010101010101
14 0.31173469387755104 0.16017316017316016 0.011224489795918368 0.0101010101010101
12 0.09540816326530613 0.2481962481962482 0.015306122448979593 0.049062049062049064
12 0.7326530612244898 0.24783549783549783 0.0163265306122449 0.048340548340548344
12 0.43061224489795924 0.24783549783549783 0.0163265306122449 0.046897546897546896
14 0.31173469387755104 0.30122655122655123 0.01326530612244898 0.010822510822510822
12 0.09540816326530613 0.3777056277056277 0.017346938775510204 0.048340548340548344
12 0.4311224489795919 0.3777056277056277 0.015306122448979593 0.046897546897546896
12 0.7321428571428572 0.3777056277056277 0.015306122448979593 0.046897546897546896
14 0.5928571428571429 0.4072871572871573 0.012244897959183675 0.00937950937950938
12 0.09642857142857143 0.5075757575757576 0.015306122448979593 0.048340548340548344
12 0.7326530612244898 0.5072150072150072 0.014285714285714287 0.047619047619047616
12 0.4316326530612245 0.5075757575757576 0.0163265306122449 0.046897546897546896
14 0.22551020408163266 0.5133477633477633 0.012244897959183675 0.00937950937950938
14 0.5918367346938777 0.5133477633477633 0.012244897959183675 0.00937950937950938
14 0.3112244897959184 0.5375180375180375 0.012244897959183675 0.0101010101010101
12 0.09540816326530613 0.7994227994227994 0.015306122448979593 0.049062049062049064
12 0.5331632653061225 0.799062049062049 0.015306122448979593 0.046897546897546896
12 0.8653061224489796 0.7987012987012987 0.0163265306122449 0.046176046176046176
14 0.32397959183673475 0.7932900432900433 0.01326530612244898 0.010822510822510822
14 0.6821428571428572 0.7929292929292929 0.01326530612244898 0.0101010101010101
12 0.09540816326530613 0.9292929292929293 0.015306122448979593 0.049062049062049064
12 0.5336734693877552 0.9292929292929293 0.014285714285714287 0.047619047619047616
12 0.864795918367347 0.9285714285714286 0.015306122448979593 0.046176046176046176
14 0.6816326530612246 0.9347041847041847 0.012244897959183675 0.010822510822510822
26 0.12959183673469388 0.11616161616161616 0.04489795918367347 0.08946608946608947
127 0.20918367346938777 0.13131313131313133 0.04285714285714286 0.07503607503607504
21 0.24234693877551022 0.11904761904761904 0.02142857142857143 0.025974025974025976
96 0.288265306122449 0.13023088023088022 0.031632653061224494 0.07575757575757576
21 0.4025510204081633 0.11904761904761904 0.02142857142857143 0.024531024531024532
15 0.45102040816326533 0.11255411255411256 0.022448979591836737 0.03751803751803752
104 0.478061224489796 0.12373737373737374 0.025510204081632654 0.06277056277056277
102 0.5704081632653062 0.11255411255411256 0.02448979591836735 0.06060606060606061
135 0.6994897959183675 0.12373737373737374 0.025510204081632654 0.06132756132756133
105 0.7785714285714287 0.12193362193362194 0.02448979591836735 0.05627705627705628
15 0.8438775510204083 0.11327561327561328 0.022448979591836737 0.03896103896103896
76 0.8704081632653062 0.1240981240981241 0.02653061224489796 0.06204906204906205
26 0.12908163265306125 0.24603174603174602 0.04591836734693878 0.08802308802308802
126 0.20867346938775513 0.26262626262626265 0.04183673469387755 0.08225108225108226
21 0.24234693877551022 0.2474747474747475 0.02142857142857143 0.024531024531024532
15 0.2622448979591837 0.3023088023088023 0.022448979591836737 0.03751803751803752
94 0.29030612244897963 0.26551226551226553 0.031632653061224494 0.08658008658008658
21 0.40204081632653066 0.24891774891774893 0.020408163265306124 0.024531024531024532
130 0.48163265306122455 0.2510822510822511 0.0326530612244898 0.05916305916305916
15 0.5045918367346939 0.26587301587301587 0.02142857142857143 0.0367965367965368
131 0.5326530612244899 0.24783549783549783 0.02653061224489796 0.051226551226551224
131 0.5729591836734694 0.24783549783549783 0.031632653061224494 0.051226551226551224
130 0.6096938775510204 0.25144300144300147 0.025510204081632654 0.05844155844155844
15 0.6362244897959184 0.27705627705627706 0.02142857142857143 0.03751803751803752
129 0.6658163265306123 0.2536075036075036 0.031632653061224494 0.06421356421356421
130 0.7020408163265307 0.25144300144300147 0.02653061224489796 0.05844155844155844
130 0.7826530612244899 0.2510822510822511 0.0326530612244898 0.05916305916305916
15 0.8056122448979592 0.2662337662337662 0.02142857142857143 0.03751803751803752
131 0.8331632653061225 0.24783549783549783 0.025510204081632654 0.051226551226551224
131 0.8739795918367348 0.2481962481962482 0.031632653061224494 0.05194805194805195
130 0.9107142857142858 0.25216450216450215 0.025510204081632654 0.05988455988455989
15 0.9367346938775512 0.2766955266955267 0.020408163265306124 0.03823953823953824
129 0.9658163265306123 0.25396825396825395 0.031632653061224494 0.06493506493506493
28 0.13112244897959185 0.37662337662337664 0.05 0.050505050505050504
15 0.17704081632653063 0.4137806637806638 0.02142857142857143 0.0367965367965368
128 0.21122448979591837 0.3856421356421356 0.04081632653061225 0.06854256854256854
21 0.24234693877551022 0.35425685425685427 0.02142857142857143 0.024531024531024532
129 0.29132653061224495 0.3841991341991342 0.0336734693877551 0.06277056277056277
130 0.32806122448979597 0.38275613275613274 0.025510204081632654 0.05555555555555555
130 0.3688775510204082 0.3813131313131313 0.031632653061224494 0.056998556998557
129 0.40510204081632656 0.3852813852813853 0.02653061224489796 0.06204906204906205
101 0.47908163265306125 0.37481962481962483 0.02755102040816327 0.05555555555555555
98 0.5693877551020409 0.3834776334776335 0.028571428571428574 0.06421356421356421
132 0.7066326530612246 0.37481962481962483 0.03775510204081633 0.05555555555555555
102 0.7795918367346939 0.37265512265512263 0.02653061224489796 0.06132756132756133
73 0.8719387755102042 0.37445887445887444 0.02755102040816327 0.05627705627705628
27 0.12908163265306125 0.5068542568542569 0.05 0.051226551226551224
132 0.20612244897959187 0.5061327561327561 0.0326530612244898 0.05266955266955267
162 0.2622448979591837 0.5054112554112554 0.02448979591836735 0.05266955266955267
97 0.28877551020408165 0.5158730158730159 0.028571428571428574 0.06926406926406926
21 0.401530612244898 0.48412698412698413 0.01938775510204082 0.023088023088023088
131 0.478061224489796 0.5072150072150072 0.02755102040816327 0.050505050505050504
15 0.5433673469387755 0.5137085137085137 0.023469387755102045 0.03896103896103896
102 0.5709183673469388 0.5014430014430015 0.025510204081632654 0.06060606060606061
131 0.7066326530612246 0.5075757575757576 0.039795918367346944 0.051226551226551224
15 0.7525510204081634 0.5306637806637806 0.02142857142857143 0.03823953823953824
99 0.7790816326530613 0.5115440115440115 0.025510204081632654 0.05627705627705628
72 0.8729591836734695 0.5068542568542569 0.025510204081632654 0.051226551226551224
26 0.12908163265306125 0.7983405483405484 0.047959183673469394 0.08874458874458875
15 0.17602040816326534 0.7763347763347763 0.02142857142857143 0.03751803751803752
138 0.20255102040816328 0.7968975468975469 0.023469387755102045 0.05844155844155844
15 0.27448979591836736 0.7940115440115441 0.02448979591836735 0.03823953823953824
104 0.3010204081632653 0.8048340548340548 0.02653061224489796 0.06277056277056277
133 0.4984693877551021 0.7932900432900433 0.03571428571428572 0.06277056277056277
105 0.5821428571428572 0.8026695526695526 0.025510204081632654 0.05555555555555555
15 0.6336734693877552 0.7932900432900433 0.022448979591836737 0.03823953823953824
104 0.6591836734693878 0.8051948051948052 0.02653061224489796 0.06349206349206349
133 0.8301020408163267 0.7932900432900433 0.03775510204081633 0.06277056277056277
130 0.9209183673469389 0.803030303030303 0.03775510204081633 0.05772005772005772
21 0.9642857142857144 0.8001443001443002 0.020408163265306124 0.025974025974025976
26 0.12959183673469388 0.9278499278499278 0.0489795918367347 0.08946608946608947
133 0.2066326530612245 0.9224386724386724 0.0336734693877551 0.06421356421356421
134 0.2525510204081633 0.9217171717171717 0.025510204081632654 0.06565656565656566
133 0.3056122448979592 0.9267676767676768 0.0336734693877551 0.05555555555555555
15 0.338265306122449 0.9419191919191919 0.02142857142857143 0.0367965367965368
132 0.364795918367347 0.9271284271284271 0.025510204081632654 0.05339105339105339
15 0.40102040816326534 0.9653679653679653 0.022448979591836737 0.03751803751803752
128 0.43214285714285716 0.9375901875901876 0.03571428571428572 0.06854256854256854
15 0.46479591836734696 0.9466089466089466 0.023469387755102045 0.03751803751803752
131 0.4923469387755102 0.9292929292929293 0.025510204081632654 0.05194805194805195
102 0.5836734693877551 0.9231601731601732 0.02653061224489796 0.06132756132756133
102 0.6602040816326531 0.9231601731601732 0.02653061224489796 0.06277056277056277
130 0.8306122448979593 0.9325396825396826 0.03877551020408164 0.056998556998557
129 0.9214285714285715 0.9354256854256854 0.03877551020408164 0.06421356421356421
21 0.9637755102040817 0.9296536796536796 0.02142857142857143 0.025252525252525252
15 0.9908163265306124 0.9642857142857143 0.0163265306122449 0.0367965367965368
