11 0.8943877551020409 0.11580086580086581 0.02959183673469388 0.051226551226551224
12 0.2923469387755102 0.11616161616161616 0.017346938775510204 0.049062049062049064
12 0.5489795918367347 0.11616161616161616 0.0163265306122449 0.049062049062049064
11 0.8938775510204082 0.3088023088023088 0.028571428571428574 0.050505050505050504
12 0.2923469387755102 0.30916305916305914 0.017346938775510204 0.048340548340548344
12 0.5489795918367347 0.30916305916305914 0.0163265306122449 0.048340548340548344
11 0.8938775510204082 0.5021645021645021 0.028571428571428574 0.049062049062049064
12 0.2923469387755102 0.5025252525252525 0.015306122448979593 0.048340548340548344
12 0.5494897959183674 0.5025252525252525 0.015306122448979593 0.046897546897546896
14 0.3775510204081633 0.5198412698412699 0.014285714285714287 0.012265512265512266
14 0.21020408163265308 0.5443722943722944 0.014285714285714287 0.010822510822510822
11 0.8943877551020409 0.6951659451659452 0.02959183673469388 0.049783549783549784
12 0.2923469387755102 0.6958874458874459 0.017346938775510204 0.048340548340548344
12 0.5489795918367347 0.6958874458874459 0.0163265306122449 0.048340548340548344
11 0.8943877551020409 0.8881673881673882 0.02959183673469388 0.050505050505050504
12 0.2923469387755102 0.8892496392496393 0.017346938775510204 0.048340548340548344
12 0.5489795918367347 0.8892496392496393 0.0163265306122449 0.048340548340548344
18 0.02653061224489796 0.10714285714285714 0.0326530612244898 0.013708513708513708
18 0.4209183673469388 0.10678210678210678 0.031632653061224494 0.012987012987012988
18 0.7183673469387756 0.10678210678210678 0.030612244897959186 0.012987012987012988
18 0.027040816326530614 0.30014430014430016 0.031632653061224494 0.01443001443001443
18 0.4209183673469388 0.30014430014430016 0.031632653061224494 0.012987012987012988
18 0.7183673469387756 0.3005050505050505 0.0326530612244898 0.013708513708513708
16 0.03112244897959184 0.5072150072150072 0.01938775510204082 0.03318903318903319
73 0.058673469387755105 0.49963924963924966 0.02755102040816327 0.056998556998557
96 0.18571428571428572 0.5144300144300145 0.028571428571428574 0.07792207792207792
45 0.3494897959183674 0.5046897546897547 0.031632653061224494 0.05988455988455989
71 0.5872448979591838 0.5050505050505051 0.02959183673469388 0.05772005772005772
18 0.7193877551020409 0.49386724386724384 0.0326530612244898 0.013708513708513708
18 0.4209183673469388 0.6868686868686869 0.031632653061224494 0.012987012987012988
18 0.7188775510204082 0.6868686868686869 0.031632653061224494 0.012987012987012988
18 0.4209183673469388 0.8795093795093795 0.031632653061224494 0.012987012987012988
18 0.7188775510204082 0.8798701298701299 0.031632653061224494 0.013708513708513708
