12 0.5545918367346939 0.22655122655122656 0.017346938775510204 0.049062049062049064
12 0.903061224489796 0.22655122655122656 0.0163265306122449 0.049062049062049064
12 0.20867346938775513 0.2269119769119769 0.017346938775510204 0.048340548340548344
12 0.20612244897959187 0.3740981240981241 0.020408163265306124 0.049783549783549784
12 0.5545918367346939 0.37373737373737376 0.015306122448979593 0.047619047619047616
12 0.2066326530612245 0.5205627705627706 0.01938775510204082 0.048340548340548344
12 0.9020408163265307 0.5209235209235209 0.018367346938775512 0.049062049062049064
12 0.5540816326530613 0.5212842712842712 0.022448979591836737 0.048340548340548344
12 0.2066326530612245 0.6684704184704184 0.017346938775510204 0.048340548340548344
12 0.5540816326530613 0.6681096681096681 0.020408163265306124 0.047619047619047616
12 0.9020408163265307 0.6684704184704184 0.018367346938775512 0.048340548340548344
12 0.20612244897959187 0.8156565656565656 0.020408163265306124 0.049783549783549784
12 0.5540816326530613 0.8152958152958153 0.020408163265306124 0.049062049062049064
12 0.9025510204081634 0.8156565656565656 0.01938775510204082 0.048340548340548344
21 0.05204081632653062 0.20346320346320346 0.020408163265306124 0.024531024531024532
67 0.053571428571428575 0.2536075036075036 0.02959183673469388 0.10461760461760462
135 0.13367346938775512 0.21464646464646464 0.028571428571428574 0.0772005772005772
21 0.2326530612244898 0.2031024531024531 0.022448979591836737 0.025252525252525252
67 0.23520408163265308 0.2528860028860029 0.02959183673469388 0.10317460317460317
135 0.3188775510204082 0.21464646464646464 0.02959183673469388 0.0772005772005772
21 0.39948979591836736 0.2031024531024531 0.02142857142857143 0.025252525252525252
71 0.4035714285714286 0.24242424242424243 0.02959183673469388 0.08225108225108226
135 0.48367346938775513 0.21464646464646464 0.028571428571428574 0.0772005772005772
21 0.5801020408163265 0.20274170274170275 0.02142857142857143 0.024531024531024532
67 0.5826530612244899 0.2528860028860029 0.028571428571428574 0.10461760461760462
135 0.6668367346938776 0.215007215007215 0.02959183673469388 0.07792207792207792
21 0.7479591836734695 0.2031024531024531 0.020408163265306124 0.025252525252525252
71 0.751530612244898 0.24314574314574314 0.02755102040816327 0.08225108225108226
135 0.828061224489796 0.21464646464646464 0.02755102040816327 0.0772005772005772
74 0.05561224489795919 0.36904761904761907 0.02959183673469388 0.06421356421356421
135 0.23367346938775513 0.38023088023088025 0.02653061224489796 0.06349206349206349
134 0.275 0.3813131313131313 0.025510204081632654 0.06565656565656566
135 0.3163265306122449 0.38167388167388167 0.02653061224489796 0.06782106782106782
133 0.35663265306122455 0.38275613275613274 0.02959183673469388 0.06854256854256854
135 0.401530612244898 0.38023088023088025 0.025510204081632654 0.06349206349206349
134 0.44030612244897965 0.38095238095238093 0.025510204081632654 0.06493506493506493
135 0.48010204081632657 0.38167388167388167 0.025510204081632654 0.06782106782106782
133 0.5178571428571429 0.3823953823953824 0.031632653061224494 0.06782106782106782
130 0.5872448979591838 0.37518037518037517 0.0336734693877551 0.06204906204906205
133 0.6239795918367348 0.36976911976911975 0.02755102040816327 0.06132756132756133
135 0.6668367346938776 0.3658008658008658 0.02755102040816327 0.06926406926406926
137 0.7081632653061225 0.3621933621933622 0.02448979591836735 0.07503607503607504
76 0.7510204081632654 0.38023088023088025 0.02653061224489796 0.06349206349206349
136 0.012244897959183675 0.5277777777777778 0.022448979591836737 0.06421356421356421
135 0.05306122448979592 0.527056277056277 0.02653061224489796 0.06421356421356421
134 0.09081632653061225 0.5284992784992785 0.02448979591836735 0.06565656565656566
135 0.1326530612244898 0.5288600288600288 0.02653061224489796 0.06782106782106782
133 0.16938775510204082 0.5299422799422799 0.030612244897959186 0.06854256854256854
104 0.23520408163265308 0.527056277056277 0.02755102040816327 0.06277056277056277
102 0.31836734693877555 0.5151515151515151 0.02653061224489796 0.06204906204906205
74 0.40408163265306124 0.5155122655122655 0.02653061224489796 0.06277056277056277
104 0.5826530612244899 0.5266955266955267 0.02653061224489796 0.06349206349206349
130 0.6704081632653062 0.5241702741702742 0.030612244897959186 0.056998556998557
133 0.7091836734693878 0.5194805194805194 0.02448979591836735 0.05339105339105339
104 0.7500000000000001 0.525974025974026 0.02653061224489796 0.06204906204906205
102 0.8285714285714286 0.5155122655122655 0.02653061224489796 0.06277056277056277
129 0.01326530612244898 0.6727994227994228 0.02448979591836735 0.0670995670995671
133 0.05714285714285715 0.665945165945166 0.0326530612244898 0.05627705627705628
130 0.09234693877551022 0.6695526695526696 0.02755102040816327 0.06349206349206349
133 0.13418367346938775 0.665945165945166 0.02755102040816327 0.05627705627705628
130 0.17244897959183675 0.6691919191919192 0.028571428571428574 0.06277056277056277
130 0.2392857142857143 0.6681096681096681 0.031632653061224494 0.05916305916305916
133 0.276530612244898 0.6637806637806638 0.02653061224489796 0.06060606060606061
135 0.31836734693877555 0.6601731601731602 0.02653061224489796 0.06782106782106782
137 0.35969387755102045 0.6572871572871573 0.025510204081632654 0.07503607503607504
81 0.403061224489796 0.6590909090909091 0.030612244897959186 0.06998556998556998
109 0.5831632653061225 0.6605339105339105 0.02959183673469388 0.06998556998556998
137 0.6658163265306123 0.670995670995671 0.025510204081632654 0.05772005772005772
135 0.7051020408163265 0.6735209235209235 0.0326530612244898 0.06277056277056277
106 0.7500000000000001 0.6681096681096681 0.02653061224489796 0.050505050505050504
104 0.8270408163265307 0.6746031746031746 0.025510204081632654 0.06349206349206349
134 0.01326530612244898 0.8095238095238095 0.02448979591836735 0.06349206349206349
74 0.05561224489795919 0.8106060606060606 0.02959183673469388 0.06421356421356421
100 0.2362244897959184 0.8156565656565656 0.02755102040816327 0.051226551226551224
133 0.3168367346938776 0.8217893217893217 0.025510204081632654 0.06349206349206349
135 0.35714285714285715 0.8189033189033189 0.030612244897959186 0.05772005772005772
74 0.40408163265306124 0.8095238095238095 0.02653061224489796 0.06349206349206349
100 0.5831632653061225 0.816017316017316 0.02755102040816327 0.05194805194805195
102 0.6673469387755102 0.8095238095238095 0.02653061224489796 0.06204906204906205
100 0.7505102040816327 0.816017316017316 0.02755102040816327 0.05194805194805195
102 0.8285714285714286 0.8098845598845599 0.02653061224489796 0.06277056277056277
