12 0.22824074074074074 0.11387434554973823 0.015740740740740743 0.044502617801047126
12 0.5569444444444445 0.11354712041884818 0.019444444444444445 0.04384816753926702
12 0.9032407407407408 0.11354712041884818 0.015740740740740743 0.04384816753926702
12 0.22777777777777777 0.2156413612565445 0.016666666666666666 0.04384816753926702
12 0.5592592592592592 0.2156413612565445 0.018518518518518517 0.04384816753926702
12 0.9023148148148149 0.2156413612565445 0.017592592592592594 0.04384816753926702
12 0.5583333333333333 0.3174083769633508 0.016666666666666666 0.04581151832460733
12 0.22870370370370371 0.3174083769633508 0.018518518518518517 0.044502617801047126
12 0.9027777777777778 0.3174083769633508 0.016666666666666666 0.044502617801047126
12 0.5578703703703703 0.4191753926701571 0.015740740740740743 0.04384816753926702
12 0.22777777777777777 0.41950261780104714 0.018518518518518517 0.043193717277486915
12 0.9032407407407408 0.4198298429319372 0.01388888888888889 0.04384816753926702
12 0.029166666666666667 0.605693717277487 0.015740740740740743 0.04384816753926702
12 0.30462962962962964 0.6050392670157069 0.016666666666666666 0.04253926701570681
12 0.5972222222222222 0.605693717277487 0.016666666666666666 0.04384816753926702
12 0.9032407407407408 0.6053664921465969 0.015740740740740743 0.043193717277486915
12 0.028703703703703703 0.7074607329842932 0.018518518518518517 0.043193717277486915
12 0.3037037037037037 0.7074607329842932 0.016666666666666666 0.043193717277486915
12 0.5972222222222222 0.7074607329842932 0.016666666666666666 0.043193717277486915
12 0.9027777777777778 0.7081151832460734 0.014814814814814815 0.043193717277486915
12 0.028703703703703703 0.8092277486910995 0.018518518518518517 0.04384816753926702
12 0.9027777777777778 0.8098821989528796 0.014814814814814815 0.04515706806282723
12 0.3041666666666667 0.8095549738219896 0.015740740740740743 0.043193717277486915
12 0.5967592592592593 0.8095549738219896 0.017592592592592594 0.043193717277486915
12 0.028703703703703703 0.911649214659686 0.016666666666666666 0.044502617801047126
12 0.3037037037037037 0.9113219895287958 0.016666666666666666 0.04384816753926702
12 0.9032407407407408 0.911649214659686 0.015740740740740743 0.044502617801047126
12 0.5967592592592593 0.911649214659686 0.017592592592592594 0.043193717277486915
135 0.02592592592592593 0.11878272251308901 0.02962962962962963 0.058246073298429325
133 0.06851851851851852 0.12009162303664922 0.024074074074074074 0.06086387434554974
136 0.1125 0.11812827225130891 0.02314814814814815 0.056937172774869114
135 0.1550925925925926 0.11616492146596859 0.02314814814814815 0.05431937172774869
136 0.19398148148148148 0.11551047120418849 0.030555555555555558 0.05170157068062828
103 0.2569444444444445 0.12041884816753927 0.02314814814814815 0.060209424083769635
101 0.3231481481481482 0.11060209424083771 0.024074074074074074 0.05235602094240838
19 0.40740740740740744 0.11092931937172776 0.03333333333333333 0.0137434554973822
18 0.7305555555555556 0.10503926701570682 0.031481481481481485 0.01243455497382199
72 0.0699074074074074 0.21596858638743457 0.025 0.04712041884816754
101 0.25787037037037036 0.21269633507853405 0.025 0.05104712041884817
105 0.32222222222222224 0.21793193717277487 0.024074074074074074 0.05235602094240838
80 0.40601851851851856 0.21073298429319373 0.025 0.05759162303664922
80 0.5861111111111111 0.21007853403141363 0.02592592592592593 0.05759162303664922
79 0.7449074074074075 0.212369109947644 0.025 0.05301047120418848
78 0.06898148148148149 0.3170811518324608 0.026851851851851852 0.047774869109947646
107 0.2564814814814815 0.3147905759162304 0.024074074074074074 0.05235602094240838
140 0.32222222222222224 0.3089005235602094 0.02592592592592593 0.06282722513089006
139 0.36064814814814816 0.31282722513089006 0.028703703703703703 0.05759162303664922
140 0.4064814814814815 0.3154450261780105 0.02592592592592593 0.07460732984293195
133 0.4425925925925926 0.32329842931937175 0.024074074074074074 0.05759162303664922
134 0.4842592592592593 0.32329842931937175 0.024074074074074074 0.05759162303664922
135 0.5222222222222223 0.3226439790575916 0.031481481481481485 0.05759162303664922
136 0.5861111111111111 0.31871727748691103 0.024074074074074074 0.04973821989528796
137 0.6268518518518519 0.31839005235602097 0.024074074074074074 0.047774869109947646
135 0.6648148148148149 0.31871727748691103 0.024074074074074074 0.04842931937172775
136 0.7032407407407407 0.31871727748691103 0.028703703703703703 0.04842931937172775
103 0.7449074074074075 0.32460732984293195 0.02314814814814815 0.05890052356020943
108 0.8314814814814815 0.31184554973821993 0.022222222222222223 0.056937172774869114
18 0.05416666666666667 0.41132198952879584 0.032407407407407406 0.01243455497382199
19 0.2587962962962963 0.4165575916230367 0.03425925925925926 0.0137434554973822
27 0.36712962962962964 0.41950261780104714 0.036111111111111115 0.04712041884816754
21 0.40370370370370373 0.42048429319371733 0.018518518518518517 0.022905759162303665
137 0.44351851851851853 0.41950261780104714 0.024074074074074074 0.04712041884816754
138 0.4842592592592593 0.41721204188481675 0.024074074074074074 0.05170157068062828
139 0.5226851851851853 0.41459424083769636 0.030555555555555558 0.056937172774869114
140 0.5856481481481481 0.4116492146596859 0.026851851851851852 0.06282722513089006
141 0.6268518518518519 0.40903141361256545 0.02592592592592593 0.0693717277486911
139 0.6643518518518519 0.41459424083769636 0.02314814814814815 0.056937172774869114
140 0.7041666666666667 0.41132198952879584 0.030555555555555558 0.06348167539267016
138 0.7449074074074075 0.41721204188481675 0.02314814814814815 0.05170157068062828
141 0.7907407407407407 0.4080497382198953 0.02592592592592593 0.0700261780104712
140 0.8319444444444445 0.41132198952879584 0.025 0.06348167539267016
141 0.8708333333333333 0.4087041884816754 0.030555555555555558 0.068717277486911
103 0.05601851851851852 0.6119109947643979 0.02314814814814815 0.060209424083769635
99 0.11342592592592593 0.6083115183246074 0.02314814814814815 0.05170157068062828
19 0.17453703703703705 0.6027486910994765 0.03425925925925926 0.013089005235602094
20 0.34351851851851856 0.6047120418848168 0.022222222222222223 0.034031413612565446
107 0.4046296296296297 0.6034031413612566 0.022222222222222223 0.05235602094240838
105 0.46435185185185185 0.6083115183246074 0.02314814814814815 0.05170157068062828
15 0.5023148148148149 0.6001308900523561 0.021296296296296296 0.03534031413612566
135 0.5259259259259259 0.6109293193717278 0.022222222222222223 0.058246073298429325
134 0.5625 0.6132198952879582 0.028703703703703703 0.061518324607329845
15 0.6162037037037037 0.6004581151832461 0.019444444444444445 0.03468586387434555
104 0.6393518518518518 0.6115837696335079 0.02314814814814815 0.056937172774869114
100 0.6962962962962963 0.605693717277487 0.024074074074074074 0.046465968586387435
104 0.7569444444444444 0.6112565445026178 0.02314814814814815 0.05890052356020943
15 0.7939814814814815 0.5955497382198953 0.019444444444444445 0.03534031413612566
105 0.8171296296296297 0.6086387434554974 0.02314814814814815 0.05104712041884817
19 0.05787037037037037 0.7048429319371728 0.036111111111111115 0.014397905759162305
78 0.1726851851851852 0.7081151832460734 0.025 0.04842931937172775
15 0.32222222222222224 0.7405104712041886 0.020370370370370372 0.03337696335078534
97 0.3476851851851852 0.7149869109947644 0.025 0.06217277486910995
98 0.40601851851851856 0.7130235602094241 0.02314814814814815 0.058246073298429325
19 0.4671296296296297 0.7051701570680629 0.03425925925925926 0.0137434554973822
20 0.6370370370370371 0.706151832460733 0.020370370370370372 0.034031413612565446
100 0.6962962962962963 0.7081151832460734 0.02592592592592593 0.04712041884816754
100 0.7574074074074074 0.7077879581151832 0.02592592592592593 0.047774869109947646
100 0.8180555555555555 0.7077879581151832 0.025 0.047774869109947646
19 0.058333333333333334 0.8072643979057592 0.03518518518518519 0.0137434554973822
81 0.17500000000000002 0.8013743455497383 0.02777777777777778 0.06348167539267016
15 0.3226851851851852 0.7830497382198953 0.021296296296296296 0.03468586387434555
108 0.34675925925925927 0.8043193717277487 0.02314814814814815 0.05759162303664922
109 0.4050925925925926 0.8023560209424084 0.025 0.06413612565445026
19 0.4675925925925926 0.8069371727748692 0.03333333333333333 0.013089005235602094
20 0.6365740740740741 0.8082460732984293 0.021296296296296296 0.034031413612565446
105 0.6949074074074074 0.8125 0.02314814814814815 0.05170157068062828
15 0.7333333333333334 0.8098821989528796 0.018518518518518517 0.03468586387434555
103 0.7578703703703704 0.8167539267015708 0.02314814814814815 0.060209424083769635
133 0.8217592592592593 0.8075916230366492 0.028703703703703703 0.05104712041884817
15 0.8476851851851852 0.8210078534031414 0.019444444444444445 0.03468586387434555
132 0.8717592592592593 0.8082460732984293 0.02314814814814815 0.04973821989528796
20 0.05277777777777778 0.9106675392670157 0.020370370370370372 0.03468586387434555
107 0.11203703703703705 0.9093586387434556 0.024074074074074074 0.05170157068062828
106 0.1726851851851852 0.911649214659686 0.025 0.04581151832460733
136 0.2337962962962963 0.9136125654450262 0.02314814814814815 0.05104712041884817
135 0.27083333333333337 0.9136125654450262 0.030555555555555558 0.05104712041884817
105 0.3472222222222222 0.9139397905759162 0.024074074074074074 0.05170157068062828
101 0.4064814814814815 0.9093586387434556 0.024074074074074074 0.05170157068062828
19 0.4671296296296297 0.9087041884816754 0.032407407407407406 0.01243455497382199
20 0.6361111111111112 0.9106675392670157 0.022222222222222223 0.03468586387434555
108 0.6958333333333334 0.9064136125654451 0.02314814814814815 0.05759162303664922
107 0.7574074074074074 0.9093586387434556 0.024074074074074074 0.05170157068062828
137 0.8171296296296297 0.912303664921466 0.02314814814814815 0.04712041884816754
136 0.8675925925925926 0.9132853403141362 0.02962962962962963 0.04908376963350786
