12 0.7423469387755103 0.04292929292929293 0.017346938775510204 0.048340548340548344
12 0.9877551020408164 0.04292929292929293 0.0163265306122449 0.048340548340548344
12 0.4642857142857143 0.04329004329004329 0.0163265306122449 0.047619047619047616
12 0.5545918367346939 0.22835497835497837 0.015306122448979593 0.048340548340548344
12 0.8785714285714287 0.22835497835497837 0.0163265306122449 0.048340548340548344
12 0.7056122448979593 0.4126984126984127 0.017346938775510204 0.049062049062049064
12 0.5505102040816326 0.41305916305916307 0.01326530612244898 0.048340548340548344
12 0.9372448979591838 0.41305916305916307 0.017346938775510204 0.046897546897546896
26 0.13214285714285715 0.048340548340548344 0.047959183673469394 0.09523809523809523
16 0.17551020408163268 0.03571428571428571 0.022448979591836737 0.04256854256854257
15 0.26887755102040817 0.07611832611832611 0.023469387755102045 0.05266955266955267
15 0.48469387755102045 0.0772005772005772 0.022448979591836737 0.05194805194805195
17 0.5469387755102041 0.08585858585858586 0.018367346938775512 0.05772005772005772
15 0.8020408163265307 0.05988455988455989 0.022448979591836737 0.05194805194805195
17 0.8658163265306124 0.04256854256854257 0.01938775510204082 0.05916305916305916
15 0.9214285714285715 0.03643578643578643 0.02653061224489796 0.05266955266955267
26 0.13214285714285715 0.22763347763347763 0.05204081632653062 0.10461760461760462
16 0.17448979591836736 0.22113997113997114 0.020408163265306124 0.04256854256854257
138 0.23571428571428574 0.22546897546897546 0.02448979591836735 0.056998556998557
140 0.2785714285714286 0.21933621933621933 0.028571428571428574 0.06926406926406926
136 0.3112244897959184 0.22835497835497837 0.02653061224489796 0.051226551226551224
138 0.3489795918367347 0.22582972582972582 0.0326530612244898 0.05772005772005772
137 0.3918367346938776 0.2305194805194805 0.02653061224489796 0.05555555555555555
139 0.4326530612244898 0.22438672438672438 0.02653061224489796 0.06637806637806638
15 0.4602040816326531 0.2215007215007215 0.022448979591836737 0.047619047619047616
135 0.48724489795918374 0.23088023088023088 0.025510204081632654 0.05627705627705628
137 0.5255102040816327 0.2305194805194805 0.03469387755102041 0.05555555555555555
136 0.5831632653061225 0.23412698412698413 0.025510204081632654 0.06421356421356421
138 0.6244897959183674 0.2305194805194805 0.02653061224489796 0.06998556998556998
134 0.6591836734693878 0.23376623376623376 0.02653061224489796 0.06349206349206349
139 0.6954081632653062 0.227994227994228 0.03571428571428572 0.07503607503607504
133 0.7346938775510204 0.23845598845598845 0.02653061224489796 0.07287157287157287
138 0.7755102040816327 0.2352092352092352 0.028571428571428574 0.07792207792207792
132 0.8102040816326531 0.23809523809523808 0.02653061224489796 0.0735930735930736
137 0.8484693877551022 0.23809523809523808 0.03571428571428572 0.0707070707070707
131 0.9066326530612245 0.227994227994228 0.0336734693877551 0.05194805194805195
133 0.9464285714285715 0.227994227994228 0.02755102040816327 0.05194805194805195
129 0.979591836734694 0.2344877344877345 0.02653061224489796 0.06493506493506493
26 0.1316326530612245 0.4137806637806638 0.05102040816326531 0.10461760461760462
16 0.17500000000000002 0.4062049062049062 0.02142857142857143 0.04184704184704185
125 0.23775510204081635 0.43073593073593075 0.036734693877551024 0.08658008658008658
127 0.2785714285714286 0.4253246753246753 0.030612244897959186 0.07287157287157287
129 0.3198979591836735 0.41955266955266957 0.02959183673469388 0.06277056277056277
132 0.36173469387755103 0.411976911976912 0.025510204081632654 0.05339105339105339
134 0.39948979591836736 0.4199134199134199 0.025510204081632654 0.06349206349206349
136 0.4408163265306123 0.4163059163059163 0.02653061224489796 0.05627705627705628
139 0.48265306122448987 0.4083694083694084 0.02653061224489796 0.06349206349206349
141 0.5214285714285715 0.4018759018759019 0.036734693877551024 0.07503607503607504
74 0.5770408163265307 0.408008658008658 0.02755102040816327 0.06132756132756133
78 0.6489795918367347 0.4145021645021645 0.02653061224489796 0.051226551226551224
15 0.8653061224489796 0.43073593073593075 0.022448979591836737 0.050505050505050504
