1 0.1903061224489796 0.20346320346320346 0.05408163265306123 0.05627705627705628
12 0.09540816326530613 0.22258297258297258 0.015306122448979593 0.049783549783549784
12 0.6913265306122449 0.22258297258297258 0.01938775510204082 0.048340548340548344
1 0.1903061224489796 0.37518037518037517 0.05408163265306123 0.05627705627705628
12 0.09591836734693879 0.3939393939393939 0.0163265306122449 0.049062049062049064
12 0.6908163265306123 0.3939393939393939 0.018367346938775512 0.047619047619047616
1 0.19081632653061226 0.5461760461760462 0.05510204081632654 0.05627705627705628
12 0.09591836734693879 0.564935064935065 0.0163265306122449 0.049062049062049064
12 0.6903061224489797 0.5645743145743146 0.017346938775510204 0.048340548340548344
1 0.1903061224489796 0.7283549783549783 0.05408163265306123 0.056998556998557
12 0.6903061224489797 0.7352092352092352 0.01938775510204082 0.049062049062049064
12 0.09540816326530613 0.7355699855699855 0.015306122448979593 0.048340548340548344
26 0.13010204081632654 0.2233044733044733 0.04591836734693878 0.07575757575757576
110 0.2642857142857143 0.21176046176046176 0.02448979591836735 0.07431457431457432
109 0.40765306122448985 0.21356421356421357 0.025510204081632654 0.06926406926406926
17 0.5076530612244898 0.19877344877344877 0.017346938775510204 0.03535353535353535
107 0.5295918367346939 0.22005772005772006 0.020408163265306124 0.05772005772005772
106 0.7270408163265307 0.22258297258297258 0.023469387755102045 0.051226551226551224
105 0.8617346938775511 0.22510822510822512 0.023469387755102045 0.05772005772005772
26 0.12959183673469388 0.3943001443001443 0.04693877551020409 0.07575757575757576
137 0.2653061224489796 0.3935786435786436 0.022448979591836737 0.051226551226551224
17 0.31173469387755104 0.36832611832611833 0.017346938775510204 0.03535353535353535
138 0.3352040816326531 0.39141414141414144 0.023469387755102045 0.056998556998557
17 0.38571428571428573 0.36327561327561325 0.018367346938775512 0.03535353535353535
139 0.40816326530612246 0.3885281385281385 0.022448979591836737 0.06277056277056277
138 0.4642857142857143 0.39141414141414144 0.030612244897959186 0.056998556998557
134 0.528061224489796 0.40115440115440115 0.02142857142857143 0.06637806637806638
135 0.5954081632653062 0.4004329004329004 0.02959183673469388 0.06349206349206349
136 0.7270408163265307 0.39574314574314573 0.02142857142857143 0.05411255411255411
135 0.7862244897959184 0.3961038961038961 0.02755102040816327 0.05627705627705628
17 0.8392857142857144 0.3870851370851371 0.017346938775510204 0.0367965367965368
135 0.8602040816326532 0.39935064935064934 0.020408163265306124 0.06277056277056277
134 0.9275510204081634 0.40115440115440115 0.030612244897959186 0.06637806637806638
26 0.13010204081632654 0.5645743145743146 0.047959183673469394 0.07864357864357864
135 0.26887755102040817 0.5559163059163059 0.02959183673469388 0.0670995670995671
134 0.3352040816326531 0.556998556998557 0.025510204081632654 0.06637806637806638
15 0.3852040816326531 0.5707070707070707 0.02142857142857143 0.03463203463203463
133 0.4091836734693878 0.5577200577200577 0.02448979591836735 0.06349206349206349
134 0.47040816326530616 0.5580808080808081 0.022448979591836737 0.06277056277056277
134 0.5336734693877552 0.5573593073593074 0.030612244897959186 0.06565656565656566
17 0.5785714285714286 0.5703463203463204 0.018367346938775512 0.0367965367965368
133 0.6005102040816327 0.5580808080808081 0.02142857142857143 0.06277056277056277
28 0.6576530612244899 0.564935064935065 0.04183673469387755 0.050505050505050504
138 0.726530612244898 0.562049062049062 0.022448979591836737 0.05772005772005772
139 0.7846938775510205 0.5595238095238095 0.030612244897959186 0.06277056277056277
17 0.8392857142857144 0.5461760461760462 0.017346938775510204 0.03607503607503607
78 0.864795918367347 0.5652958152958153 0.02755102040816327 0.051226551226551224
27 0.13010204081632654 0.7359307359307359 0.047959183673469394 0.05194805194805195
145 0.26377551020408163 0.711038961038961 0.025510204081632654 0.09740259740259741
103 0.3352040816326531 0.7431457431457431 0.023469387755102045 0.06782106782106782
141 0.4688775510204082 0.7243867243867244 0.023469387755102045 0.07647907647907648
131 0.6056122448979593 0.7352092352092352 0.03571428571428572 0.05194805194805195
131 0.7270408163265307 0.7481962481962482 0.023469387755102045 0.0735930735930736
138 0.7846938775510205 0.7359307359307359 0.0326530612244898 0.06349206349206349
127 0.8627551020408164 0.7463924963924964 0.02755102040816327 0.07431457431457432
17 0.9102040816326531 0.7647907647907648 0.018367346938775512 0.03607503607503607
129 0.9321428571428573 0.7420634920634921 0.02142857142857143 0.06277056277056277
