12 0.9025510204081634 0.11507936507936507 0.01938775510204082 0.048340548340548344
12 0.04948979591836735 0.11507936507936507 0.015306122448979593 0.046897546897546896
12 0.47040816326530616 0.11544011544011544 0.0163265306122449 0.047619047619047616
14 0.7775510204081634 0.19264069264069264 0.014285714285714287 0.011544011544011544
12 0.9025510204081634 0.2453102453102453 0.01938775510204082 0.047619047619047616
12 0.04948979591836735 0.2453102453102453 0.015306122448979593 0.046176046176046176
14 0.11479591836734696 0.22763347763347763 0.01326530612244898 0.010822510822510822
12 0.903061224489796 0.37554112554112556 0.018367346938775512 0.049783549783549784
12 0.04948979591836735 0.37554112554112556 0.015306122448979593 0.048340548340548344
12 0.04948979591836735 0.5050505050505051 0.015306122448979593 0.047619047619047616
12 0.4698979591836735 0.5054112554112554 0.017346938775510204 0.048340548340548344
12 0.903061224489796 0.5054112554112554 0.018367346938775512 0.048340548340548344
12 0.9025510204081634 0.7987012987012987 0.017346938775510204 0.049062049062049064
12 0.04948979591836735 0.7987012987012987 0.015306122448979593 0.047619047619047616
12 0.4698979591836735 0.799062049062049 0.015306122448979593 0.046897546897546896
14 0.7770408163265307 0.8762626262626263 0.015306122448979593 0.012265512265512266
12 0.903061224489796 0.9289321789321789 0.018367346938775512 0.048340548340548344
12 0.04948979591836735 0.9285714285714286 0.015306122448979593 0.046176046176046176
14 0.11479591836734696 0.9116161616161617 0.01326530612244898 0.010822510822510822
18 0.2596938775510204 0.10606060606060606 0.031632653061224494 0.012987012987012988
18 0.686734693877551 0.10678210678210678 0.0326530612244898 0.01443001443001443
137 0.011734693877551022 0.2453102453102453 0.02142857142857143 0.05194805194805195
106 0.09132653061224491 0.24567099567099568 0.025510204081632654 0.051226551226551224
17 0.20765306122448982 0.21536796536796537 0.015306122448979593 0.03823953823953824
139 0.23112244897959186 0.24025974025974026 0.025510204081632654 0.06349206349206349
139 0.276530612244898 0.24025974025974026 0.02448979591836735 0.06349206349206349
17 0.3081632653061225 0.22077922077922077 0.0163265306122449 0.03896103896103896
138 0.3306122448979592 0.24314574314574314 0.02448979591836735 0.05772005772005772
137 0.3775510204081633 0.2453102453102453 0.02448979591836735 0.050505050505050504
16 0.4091836734693878 0.20887445887445888 0.018367346938775512 0.03391053391053391
139 0.4311224489795919 0.24025974025974026 0.0336734693877551 0.06349206349206349
139 0.49897959183673474 0.24025974025974026 0.02448979591836735 0.06204906204906205
83 0.5469387755102041 0.23088023088023088 0.030612244897959186 0.0808080808080808
111 0.7535714285714287 0.23088023088023088 0.02959183673469388 0.08225108225108226
133 0.012244897959183675 0.36976911976911975 0.022448979591836737 0.06421356421356421
17 0.06836734693877551 0.3708513708513709 0.0163265306122449 0.03896103896103896
135 0.09081632653061225 0.38203463203463206 0.02448979591836735 0.06421356421356421
135 0.13724489795918368 0.38203463203463206 0.025510204081632654 0.06421356421356421
135 0.1836734693877551 0.38167388167388167 0.02448979591836735 0.06349206349206349
135 0.22755102040816327 0.3813131313131313 0.030612244897959186 0.06421356421356421
135 0.276530612244898 0.38167388167388167 0.02448979591836735 0.06349206349206349
135 0.33112244897959187 0.38167388167388167 0.025510204081632654 0.06349206349206349
135 0.37704081632653064 0.38203463203463206 0.025510204081632654 0.06421356421356421
135 0.4311224489795919 0.38167388167388167 0.031632653061224494 0.06349206349206349
135 0.5 0.38203463203463206 0.02448979591836735 0.06421356421356421
135 0.5464285714285715 0.38167388167388167 0.025510204081632654 0.06349206349206349
135 0.5923469387755103 0.38167388167388167 0.025510204081632654 0.06349206349206349
135 0.6362244897959184 0.38167388167388167 0.031632653061224494 0.06349206349206349
165 0.6852040816326531 0.3813131313131313 0.025510204081632654 0.06421356421356421
165 0.7168367346938777 0.3813131313131313 0.02755102040816327 0.06277056277056277
135 0.751530612244898 0.38167388167388167 0.02959183673469388 0.06349206349206349
165 0.7989795918367347 0.3813131313131313 0.02448979591836735 0.06277056277056277
165 0.8311224489795919 0.38095238095238093 0.02755102040816327 0.06349206349206349
135 0.8668367346938777 0.38095238095238093 0.02959183673469388 0.06349206349206349
18 0.2602040816326531 0.49603174603174605 0.0326530612244898 0.013708513708513708
18 0.686734693877551 0.49603174603174605 0.0326530612244898 0.013708513708513708
18 0.2596938775510204 0.7896825396825397 0.031632653061224494 0.013708513708513708
18 0.6627551020408163 0.79004329004329 0.0336734693877551 0.01443001443001443
137 0.012244897959183675 0.9292929292929293 0.022448979591836737 0.050505050505050504
106 0.09132653061224491 0.9292929292929293 0.025510204081632654 0.05194805194805195
17 0.20816326530612247 0.898989898989899 0.0163265306122449 0.03751803751803752
139 0.2306122448979592 0.9238816738816739 0.02653061224489796 0.06277056277056277
139 0.27602040816326534 0.9235209235209235 0.025510204081632654 0.06349206349206349
17 0.30867346938775514 0.9047619047619048 0.017346938775510204 0.03896103896103896
138 0.3306122448979592 0.9267676767676768 0.02448979591836735 0.056998556998557
137 0.37704081632653064 0.9285714285714286 0.025510204081632654 0.050505050505050504
16 0.4091836734693878 0.8924963924963925 0.018367346938775512 0.03318903318903319
139 0.43061224489795924 0.9238816738816739 0.03469387755102041 0.06277056277056277
139 0.49897959183673474 0.9238816738816739 0.02448979591836735 0.06277056277056277
83 0.5479591836734694 0.9145021645021645 0.030612244897959186 0.08152958152958154
111 0.7540816326530613 0.9155844155844156 0.028571428571428574 0.0808080808080808
34 0.8714285714285716 0.926046176046176 0.04081632653061225 0.056998556998557
