12 0.09774436090225563 0.1337466784765279 0.017543859649122806 0.06023029229406555
12 0.5776942355889724 0.1341895482728078 0.022556390977443608 0.05934455270150576
12 0.8790726817042606 0.1341895482728078 0.021303258145363407 0.05934455270150576
12 0.09774436090225563 0.3122232063773251 0.015037593984962405 0.05934455270150576
12 0.5783208020050125 0.312666076173605 0.018796992481203006 0.06023029229406555
12 0.8790726817042606 0.3122232063773251 0.018796992481203006 0.05934455270150576
12 0.09711779448621553 0.6634189548272807 0.016290726817042606 0.06023029229406555
12 0.6967418546365914 0.6634189548272807 0.020050125313283207 0.05845881310894597
12 0.09774436090225563 0.8153232949512843 0.015037593984962405 0.05934455270150576
12 0.6967418546365914 0.8153232949512843 0.020050125313283207 0.05934455270150576
0 0.21428571428571427 0.11913197519929142 0.06766917293233082 0.06820194862710363
0 0.21616541353383456 0.31355181576616475 0.06892230576441102 0.06731620903454384
0 0.21553884711779447 0.6483613817537645 0.06516290726817042 0.06554472984942428
0 0.21616541353383456 0.8144375553587245 0.07142857142857142 0.06997342781222321
26 0.13659147869674185 0.13463241806908768 0.05513784461152882 0.10451727192205491
103 0.3151629072681704 0.14437555358724535 0.03132832080200501 0.07971656333038087
20 0.3972431077694235 0.10451727192205491 0.022556390977443608 0.04428697962798937
17 0.45175438596491224 0.1421612046058459 0.021303258145363407 0.043401240035429584
135 0.5300751879699248 0.14348981399468558 0.040100250626566414 0.08148804251550044
103 0.6159147869674185 0.14437555358724535 0.03132832080200501 0.07971656333038087
20 0.6986215538847117 0.10496014171833482 0.023809523809523808 0.04517271922054916
17 0.7531328320802004 0.1421612046058459 0.022556390977443608 0.043401240035429584
135 0.8308270676691729 0.14348981399468558 0.040100250626566414 0.08148804251550044
103 0.9172932330827067 0.14393268379096547 0.03258145363408521 0.08237378210806023
27 0.13659147869674185 0.31355181576616475 0.06015037593984962 0.0637732506643047
20 0.39786967418546365 0.2838795394154119 0.023809523809523808 0.04517271922054916
20 0.6979949874686716 0.2838795394154119 0.02506265664160401 0.04517271922054916
26 0.13659147869674185 0.6656333038086802 0.05513784461152882 0.10363153232949514
17 0.2888471177944862 0.6935341009743136 0.018796992481203006 0.04074402125775022
130 0.3214285714285714 0.6678476527900797 0.03884711779448621 0.06908768821966342
131 0.38032581453634084 0.6647475642161205 0.03383458646616541 0.06288751107174491
132 0.44862155388471175 0.6620903454384411 0.040100250626566414 0.06465899025686449
131 0.5075187969924811 0.6638618246235607 0.03258145363408521 0.06465899025686449
133 0.5808270676691729 0.6612046058458814 0.03884711779448621 0.06820194862710363
17 0.6134085213032581 0.7152347209920283 0.021303258145363407 0.04162976085031001
127 0.644110275689223 0.6784765279007972 0.03258145363408521 0.09034543844109832
97 0.7330827067669172 0.674933569530558 0.03508771929824561 0.08325952170062002
20 0.837719298245614 0.6346324180690877 0.021303258145363407 0.04517271922054916
27 0.13659147869674185 0.8148804251550045 0.06015037593984962 0.06200177147918512
17 0.287593984962406 0.8086802480070859 0.021303258145363407 0.042515500442869794
135 0.3151629072681704 0.8193091231178034 0.03132832080200501 0.06908768821966342
136 0.3740601503759398 0.8175376439326838 0.041353383458646614 0.06554472984942428
137 0.44360902255639095 0.8157661647475642 0.03007518796992481 0.0637732506643047
136 0.5031328320802004 0.8175376439326838 0.03884711779448621 0.06554472984942428
138 0.5758145363408521 0.8162090345438441 0.03132832080200501 0.07883082373782108
17 0.612781954887218 0.8299379982285209 0.020050125313283207 0.04074402125775022
132 0.6397243107769424 0.8286093888396812 0.03383458646616541 0.08768821966341896
102 0.7349624060150376 0.8091231178033659 0.03132832080200501 0.07351638618246235
109 0.8414786967418546 0.8051372896368468 0.03383458646616541 0.08503100088573959
26 0.9279448621553884 0.8193091231178034 0.046365914786967416 0.08325952170062002
20 0.9893483709273182 0.6337466784765279 0.021303258145363407 0.04517271922054916
