13 0.8992133726647001 0.17489568845618914 0.022615535889872175 0.04798331015299026
12 0.1376597836774828 0.1752433936022253 0.015732546705998034 0.04728789986091794
12 0.5265486725663717 0.17489568845618914 0.016715830875122913 0.045201668984700974
12 0.13815142576204523 0.29450625869262864 0.016715830875122913 0.04659248956884562
12 0.5260570304818093 0.2948539638386648 0.015732546705998034 0.04589707927677329
11 0.8977384464110129 0.2948539638386648 0.02359882005899705 0.04589707927677329
12 0.4872173058013766 0.558066759388039 0.018682399213372666 0.04659248956884562
12 0.9021632251720748 0.558066759388039 0.016715830875122913 0.04659248956884562
12 0.04818092428711898 0.5584144645340751 0.017699115044247787 0.04589707927677329
12 0.04818092428711898 0.6985396383866481 0.017699115044247787 0.04659248956884562
12 0.4867256637168142 0.6985396383866481 0.019665683382497544 0.04659248956884562
12 0.9021632251720748 0.6985396383866481 0.016715830875122913 0.04659248956884562
12 0.9021632251720748 0.9617524339360222 0.016715830875122913 0.04728789986091794
12 0.0058997050147492625 0.9621001390820584 0.009832841691248772 0.04659248956884562
12 0.48869223205506396 0.9621001390820584 0.017699115044247787 0.04659248956884562
18 0.3279252704031465 0.16689847009735742 0.04228121927236972 0.015299026425591097
20 0.5521140609636185 0.17593880389429764 0.022615535889872175 0.03894297635605007
159 0.7910521140609637 0.1808066759388039 0.032448377581120944 0.06258692628650904
15 0.8249754178957719 0.2041029207232267 0.019665683382497544 0.045201668984700974
159 0.8510324483775812 0.1808066759388039 0.024582104228121928 0.06258692628650904
168 0.01720747295968535 0.2913769123783032 0.032448377581120944 0.054242002781641166
137 0.06784660766961652 0.2948539638386648 0.033431661750245825 0.048678720445062586
21 0.632251720747296 0.271557719054242 0.025565388397246806 0.024339360222531293
21 0.7851524090462144 0.271557719054242 0.024582104228121928 0.024339360222531293
159 0.7885939036381515 0.5771905424200278 0.02359882005899705 0.09179415855354658
15 0.8303834808259587 0.5858831710709318 0.02064896755162242 0.045201668984700974
159 0.8529990167158309 0.5824061196105702 0.028515240904621438 0.09944367176634214
137 0.08357915437561456 0.6988873435326842 0.025565388397246806 0.05006954102920723
137 0.30186823992133727 0.6988873435326842 0.025565388397246806 0.05006954102920723
133 0.5211406096361849 0.704798331015299 0.025565388397246806 0.061891515994436715
15 0.02753195673549656 0.937760778859527 0.021632251720747297 0.050764951321279554
170 0.11111111111111112 0.9530598052851181 0.025565388397246806 0.06606397774687064
172 0.17158308751229107 0.9474965229485396 0.028515240904621438 0.07858136300417246
173 0.3377581120943953 0.9450625869262864 0.028515240904621438 0.08205841446453407
172 0.39331366764995085 0.9478442280945758 0.02753195673549656 0.07927677329624479
170 0.44051130776794495 0.9544506258692628 0.029498525073746316 0.06884561891515995
