12 0.05205348615090735 0.12896691424713033 0.014326647564469913 0.04456448345712357
12 0.9025787965616046 0.12896691424713033 0.015281757402101241 0.04456448345712357
12 0.05253104106972302 0.26704929101958136 0.015281757402101241 0.045239702903443625
12 0.9025787965616046 0.2673869007427414 0.015281757402101241 0.04456448345712357
12 0.9025787965616046 0.4713031735313977 0.015281757402101241 0.04591492234976367
12 0.05253104106972302 0.47164078325455777 0.015281757402101241 0.045239702903443625
12 0.05205348615090735 0.6090479405806888 0.014326647564469913 0.04591492234976367
12 0.9030563514804202 0.6093855503038488 0.01623686723973257 0.045239702903443625
20 0.08452722063037249 0.2224848075624578 0.018147086914995225 0.03443619176232276
20 0.4890162368672397 0.2224848075624578 0.019102196752626553 0.03443619176232276
166 0.1766953199617956 0.6137744767049291 0.022922636103151862 0.05671843349088454
170 0.23113658070678128 0.6026333558406483 0.034383954154727794 0.06684672518568535
139 0.2898758357211079 0.6046590141796084 0.02387774594078319 0.06009453072248481
169 0.38013371537726837 0.6043214044564484 0.022922636103151862 0.05941931127616476
170 0.43218720152817575 0.6029709655638082 0.029608404966571154 0.0675219446320054
170 0.546800382043935 0.6070222822417286 0.0276981852913085 0.07697501688048616
169 0.6017191977077364 0.6097231600270088 0.024832855778414518 0.07157326130992574
170 0.6537726838586437 0.6073598919648886 0.03533906399235912 0.07629979743416611
139 0.712989493791786 0.6046590141796084 0.02387774594078319 0.06009453072248481
169 0.8037249283667621 0.6043214044564484 0.02387774594078319 0.05941931127616476
170 0.8567335243553008 0.6016205266711682 0.034383954154727794 0.06482106684672519
94 0.1781279847182426 0.15597569209993248 0.025787965616045846 0.09993247805536801
94 0.6031518624641834 0.15530047265361244 0.025787965616045846 0.09993247805536801
126 0.38156638013371535 0.15665091154625255 0.029608404966571154 0.1012829169480081
126 0.8046800382043935 0.15665091154625255 0.029608404966571154 0.1012829169480081
