12 0.09642857142857143 0.11652236652236653 0.015306122448979593 0.049783549783549784
12 0.7607142857142858 0.11616161616161616 0.017346938775510204 0.047619047619047616
12 0.09693877551020409 0.30952380952380953 0.0163265306122449 0.049062049062049064
12 0.7607142857142858 0.30916305916305914 0.017346938775510204 0.048340548340548344
12 0.09642857142857143 0.5028860028860029 0.015306122448979593 0.049062049062049064
12 0.7612244897959184 0.5025252525252525 0.0163265306122449 0.048340548340548344
12 0.09642857142857143 0.6955266955266955 0.01938775510204082 0.049062049062049064
12 0.7607142857142858 0.6955266955266955 0.017346938775510204 0.047619047619047616
14 0.23571428571428574 0.7251082251082251 0.014285714285714287 0.0101010101010101
12 0.09693877551020409 0.8892496392496393 0.0163265306122449 0.049783549783549784
12 0.7612244897959184 0.8888888888888888 0.0163265306122449 0.047619047619047616
14 0.23673469387755103 0.9184704184704184 0.014285714285714287 0.011544011544011544
26 0.1326530612244898 0.11327561327561328 0.0489795918367347 0.09235209235209235
18 0.4602040816326531 0.10678210678210678 0.0326530612244898 0.01443001443001443
26 0.13316326530612246 0.30663780663780665 0.047959183673469394 0.09235209235209235
45 0.20969387755102042 0.3120490620490621 0.0336734693877551 0.05844155844155844
19 0.576530612244898 0.30627705627705626 0.0326530612244898 0.013708513708513708
26 0.1326530612244898 0.4989177489177489 0.0489795918367347 0.09307359307359307
44 0.20969387755102042 0.5137085137085137 0.039795918367346944 0.07647907647907648
127 0.5831632653061225 0.5137085137085137 0.04387755102040817 0.07503607503607504
21 0.6372448979591837 0.5032467532467533 0.023469387755102045 0.025252525252525252
20 0.6852040816326531 0.5 0.02142857142857143 0.03896103896103896
102 0.7984693877551021 0.4963924963924964 0.025510204081632654 0.06204906204906205
132 0.8867346938775511 0.49603174603174605 0.03469387755102041 0.06421356421356421
134 0.9403061224489797 0.4963924963924964 0.02755102040816327 0.06349206349206349
132 0.9857142857142858 0.49603174603174605 0.02448979591836735 0.06421356421356421
28 0.13418367346938775 0.6958874458874459 0.056122448979591844 0.05266955266955267
44 0.20969387755102042 0.7016594516594516 0.0336734693877551 0.06421356421356421
98 0.7984693877551021 0.7016594516594516 0.02755102040816327 0.06277056277056277
20 0.879591836734694 0.6933621933621934 0.020408163265306124 0.03896103896103896
18 0.9846938775510204 0.6865079365079365 0.028571428571428574 0.012265512265512266
27 0.1316326530612245 0.8888888888888888 0.05306122448979592 0.05194805194805195
43 0.20918367346938777 0.8964646464646464 0.036734693877551024 0.07287157287157287
97 0.7984693877551021 0.8971861471861472 0.031632653061224494 0.06998556998556998
20 0.8790816326530613 0.8863636363636364 0.02142857142857143 0.03823953823953824
18 0.9846938775510204 0.8795093795093795 0.028571428571428574 0.011544011544011544
