12 0.7398785425101214 0.08876163206871868 0.018218623481781375 0.048675733715103794
12 0.08552631578947369 0.08876163206871868 0.01720647773279352 0.047244094488188976
12 0.2550607287449393 0.08876163206871868 0.018218623481781375 0.047244094488188976
12 0.9018218623481782 0.08911954187544738 0.016194331983805668 0.047959914101646385
14 0.3638663967611336 0.09520400858983535 0.013157894736842105 0.010021474588403722
14 0.7742914979757085 0.5042949176807444 0.01417004048582996 0.01073729420186113
12 0.11336032388663968 0.5340014316392269 0.018218623481781375 0.048675733715103794
12 0.3142712550607287 0.5336435218324982 0.01720647773279352 0.047959914101646385
12 0.7186234817813765 0.5336435218324982 0.018218623481781375 0.047959914101646385
12 0.31376518218623484 0.6649964209019327 0.018218623481781375 0.048675733715103794
12 0.7181174089068826 0.6649964209019327 0.019230769230769232 0.048675733715103794
12 0.11285425101214575 0.6653543307086613 0.01720647773279352 0.047959914101646385
14 0.6093117408906883 0.7065139584824623 0.012145748987854251 0.010021474588403722
12 0.11285425101214575 0.7967072297780959 0.01720647773279352 0.047244094488188976
12 0.3142712550607287 0.7967072297780959 0.01720647773279352 0.047244094488188976
12 0.7181174089068826 0.7970651395848246 0.01720647773279352 0.047959914101646385
14 0.6072874493927125 0.8031496062992126 0.012145748987854251 0.010021474588403722
21 0.03643724696356275 0.08876163206871868 0.022267206477732795 0.024337866857551897
101 0.12044534412955465 0.08625626342161775 0.02631578947368421 0.0579813886900501
21 0.2049595141700405 0.0898353614889048 0.02125506072874494 0.025053686471009303
160 0.30516194331983804 0.08947745168217609 0.03744939271255061 0.06156048675733715
133 0.3410931174089069 0.08303507516105942 0.02631578947368421 0.06299212598425197
21 0.41042510121457493 0.0898353614889048 0.02125506072874494 0.025053686471009303
98 0.6072874493927125 0.09448818897637795 0.02834008097165992 0.06299212598425197
21 0.6902834008097166 0.08947745168217609 0.022267206477732795 0.024337866857551897
98 0.7747975708502024 0.09484609878310665 0.027327935222672066 0.06370794559770937
21 0.8577935222672065 0.08911954187544738 0.025303643724696356 0.025053686471009303
129 0.07489878542510121 0.5390121689334287 0.038461538461538464 0.06299212598425197
96 0.1437246963562753 0.5450966356478167 0.02834008097165992 0.07802433786685754
27 0.22722672064777327 0.5332856120257695 0.039473684210526314 0.050107372942018606
21 0.26720647773279355 0.5343593414459556 0.020242914979757085 0.025053686471009303
100 0.34615384615384615 0.5332856120257695 0.02631578947368421 0.050107372942018606
21 0.42459514170040485 0.5347172512526843 0.02125506072874494 0.024337866857551897
28 0.4681174089068826 0.5336435218324982 0.043522267206477734 0.050823192555476016
21 0.06680161943319839 0.6653543307086613 0.022267206477732795 0.025053686471009303
162 0.14777327935222673 0.6653543307086613 0.03036437246963563 0.052254831782390834
159 0.1791497975708502 0.6710808876163207 0.02631578947368421 0.06227630637079456
21 0.2125506072874494 0.6664280601288475 0.020242914979757085 0.024337866857551897
133 0.2758097165991903 0.6596277738010021 0.039473684210526314 0.06227630637079456
18 0.38309716599190285 0.6567644953471725 0.0354251012145749 0.013600572655690766
96 0.5870445344129555 0.6768074445239799 0.02834008097165992 0.07659269863994272
18 0.7965587044534413 0.6567644953471725 0.03643724696356275 0.013600572655690766
21 0.06680161943319839 0.7974230493915533 0.022267206477732795 0.025769506084466712
21 0.14119433198380568 0.7981388690050107 0.02125506072874494 0.025769506084466712
132 0.222165991902834 0.794201861130995 0.03744939271255061 0.05511811023622047
21 0.2667004048582996 0.797780959198282 0.02125506072874494 0.025053686471009303
98 0.34615384615384615 0.8024337866857552 0.02631578947368421 0.06299212598425197
21 0.423582995951417 0.7981388690050107 0.02125506072874494 0.024337866857551897
101 0.5870445344129555 0.7934860415175375 0.02631578947368421 0.05511811023622047
143 0.7515182186234818 0.7791696492483894 0.03137651821862348 0.08518253400143164
105 0.8026315789473685 0.7999284180386542 0.02631578947368421 0.05654974946313529
108 0.7520242914979757 0.5168217609162491 0.024291497975708502 0.08589835361488904
