12 0.09642857142857143 0.11688311688311688 0.015306122448979593 0.049062049062049064
12 0.6336734693877552 0.11688311688311688 0.018367346938775512 0.049062049062049064
12 0.6336734693877552 0.23593073593073594 0.018367346938775512 0.049062049062049064
12 0.09744897959183674 0.237012987012987 0.015306122448979593 0.049783549783549784
8 0.19846938775510206 0.24675324675324675 0.06224489795918368 0.05916305916305916
12 0.09693877551020409 0.3852813852813853 0.0163265306122449 0.050505050505050504
12 0.6336734693877552 0.38455988455988455 0.018367346938775512 0.047619047619047616
14 0.30714285714285716 0.3903318903318903 0.012244897959183675 0.008658008658008658
8 0.19744897959183674 0.49855699855699853 0.06224489795918368 0.05772005772005772
12 0.6331632653061225 0.503968253968254 0.017346938775510204 0.048340548340548344
12 0.09693877551020409 0.5050505050505051 0.014285714285714287 0.049062049062049064
14 0.4892857142857143 0.4989177489177489 0.015306122448979593 0.010822510822510822
12 0.09693877551020409 0.8001443001443002 0.014285714285714287 0.049062049062049064
12 0.6622448979591837 0.8001443001443002 0.0163265306122449 0.049062049062049064
8 0.19846938775510206 0.810966810966811 0.06224489795918368 0.05916305916305916
12 0.09744897959183674 0.9202741702741702 0.015306122448979593 0.049783549783549784
12 0.6622448979591837 0.9202741702741702 0.0163265306122449 0.048340548340548344
8 0.19744897959183674 0.9303751803751804 0.06224489795918368 0.05844155844155844
8 0.20051020408163267 0.12806637806637808 0.07040816326530613 0.05266955266955267
8 0.20051020408163267 0.38095238095238093 0.0663265306122449 0.06204906204906205
33 0.12908163265306125 0.1266233766233766 0.04591836734693878 0.07431457431457432
107 0.27908163265306124 0.11363636363636363 0.02142857142857143 0.056998556998557
106 0.36836734693877554 0.11616161616161616 0.022448979591836737 0.050505050505050504
105 0.4683673469387756 0.11904761904761904 0.020408163265306124 0.05627705627705628
15 0.5357142857142858 0.11075036075036075 0.020408163265306124 0.03391053391053391
104 0.5581632653061225 0.12265512265512266 0.020408163265306124 0.06204906204906205
75 0.6683673469387755 0.12373737373737374 0.028571428571428574 0.06421356421356421
19 0.8566326530612246 0.11363636363636363 0.031632653061224494 0.010822510822510822
33 0.12908163265306125 0.24675324675324675 0.047959183673469394 0.0735930735930736
132 0.2826530612244898 0.23376623376623376 0.02653061224489796 0.05627705627705628
133 0.32397959183673475 0.23232323232323232 0.023469387755102045 0.05916305916305916
134 0.36938775510204086 0.2305194805194805 0.022448979591836737 0.06277056277056277
15 0.401530612244898 0.2297979797979798 0.01938775510204082 0.03391053391053391
135 0.4244897959183674 0.227994227994228 0.022448979591836737 0.06782106782106782
136 0.4683673469387756 0.23809523809523808 0.020408163265306124 0.05483405483405483
137 0.5091836734693878 0.2362914862914863 0.028571428571428574 0.051226551226551224
107 0.5576530612244899 0.23376623376623376 0.02142857142857143 0.05483405483405483
138 0.6642857142857144 0.23376623376623376 0.022448979591836737 0.05627705627705628
137 0.7091836734693878 0.2362914862914863 0.022448979591836737 0.051226551226551224
136 0.7525510204081634 0.237012987012987 0.02142857142857143 0.05266955266955267
15 0.7862244897959184 0.2297979797979798 0.02142857142857143 0.03535353535353535
135 0.8066326530612246 0.23917748917748918 0.025510204081632654 0.05555555555555555
75 0.8576530612244899 0.24458874458874458 0.02755102040816327 0.06637806637806638
34 0.1285714285714286 0.37842712842712845 0.04693877551020409 0.06132756132756133
74 0.28469387755102044 0.3787878787878788 0.028571428571428574 0.05916305916305916
17 0.5372448979591837 0.38997113997113997 0.017346938775510204 0.0367965367965368
102 0.5591836734693878 0.37842712842712845 0.020408163265306124 0.06132756132756133
102 0.664795918367347 0.3787878787878788 0.02142857142857143 0.06060606060606061
99 0.754591836734694 0.38672438672438675 0.02142857142857143 0.05627705627705628
106 0.8535714285714286 0.38455988455988455 0.023469387755102045 0.05194805194805195
136 0.9535714285714286 0.386002886002886 0.02142857142857143 0.05483405483405483
27 0.12806122448979593 0.503968253968254 0.04591836734693878 0.051226551226551224
76 0.2826530612244898 0.5097402597402597 0.028571428571428574 0.06132756132756133
103 0.4688775510204082 0.5126262626262627 0.02142857142857143 0.06565656565656566
133 0.6010204081632654 0.49963924963924966 0.0326530612244898 0.06132756132756133
73 0.6688775510204082 0.5014430014430015 0.02959183673469388 0.05627705627705628
132 0.8576530612244899 0.503968253968254 0.02959183673469388 0.051226551226551224
15 0.8877551020408164 0.523088023088023 0.020408163265306124 0.03463203463203463
131 0.9091836734693879 0.503968253968254 0.022448979591836737 0.05411255411255411
132 0.9535714285714286 0.5028860028860029 0.02142857142857143 0.05483405483405483
33 0.12959183673469388 0.8102453102453102 0.04693877551020409 0.0735930735930736
20 0.2826530612244898 0.7947330447330447 0.020408163265306124 0.03391053391053391
134 0.3744897959183674 0.8073593073593074 0.022448979591836737 0.06637806637806638
15 0.4091836734693878 0.7936507936507936 0.020408163265306124 0.03463203463203463
135 0.4270408163265306 0.8055555555555556 0.02959183673469388 0.06421356421356421
15 0.46734693877551026 0.7871572871572872 0.022448979591836737 0.03318903318903319
136 0.4908163265306123 0.8001443001443002 0.022448979591836737 0.05194805194805195
137 0.5346938775510205 0.8001443001443002 0.022448979591836737 0.05194805194805195
138 0.5816326530612246 0.7976190476190477 0.02448979591836735 0.056998556998557
139 0.6239795918367348 0.7943722943722944 0.02755102040816327 0.06204906204906205
140 0.7071428571428572 0.7911255411255411 0.028571428571428574 0.06854256854256854
141 0.7520408163265306 0.7882395382395382 0.02448979591836735 0.07575757575757576
142 0.7989795918367347 0.7857142857142857 0.02448979591836735 0.08225108225108226
140 0.8387755102040817 0.7918470418470418 0.028571428571428574 0.06854256854256854
138 0.8821428571428572 0.797979797979798 0.02142857142857143 0.05772005772005772
141 0.9321428571428573 0.7878787878787878 0.023469387755102045 0.07503607503607504
140 0.9785714285714286 0.7918470418470418 0.02448979591836735 0.06854256854256854
33 0.12959183673469388 0.9310966810966811 0.0489795918367347 0.07575757575757576
18 0.44489795918367353 0.9105339105339105 0.03469387755102041 0.01443001443001443
18 0.8464285714285715 0.9112554112554112 0.0336734693877551 0.01443001443001443
