12 0.48061224489795923 0.08838383838383838 0.018367346938775512 0.048340548340548344
12 0.7627551020408164 0.08838383838383838 0.01938775510204082 0.048340548340548344
12 0.09693877551020409 0.0891053391053391 0.012244897959183675 0.046897546897546896
12 0.8525510204081633 0.3625541125541126 0.01938775510204082 0.046897546897546896
12 0.09642857142857143 0.3643578643578644 0.01326530612244898 0.049062049062049064
12 0.5454081632653062 0.36363636363636365 0.02142857142857143 0.047619047619047616
12 0.5459183673469388 0.4816017316017316 0.022448979591836737 0.048340548340548344
12 0.851530612244898 0.48124098124098125 0.01938775510204082 0.047619047619047616
12 0.09693877551020409 0.4816017316017316 0.012244897959183675 0.046897546897546896
12 0.6581632653061225 0.7557720057720058 0.0163265306122449 0.048340548340548344
12 0.9020408163265307 0.7564935064935064 0.0163265306122449 0.049783549783549784
12 0.09693877551020409 0.7564935064935064 0.014285714285714287 0.048340548340548344
12 0.4214285714285715 0.7561327561327561 0.0163265306122449 0.047619047619047616
14 0.22602040816326532 0.7384559884559885 0.015306122448979593 0.010822510822510822
14 0.22602040816326532 0.7738095238095238 0.01326530612244898 0.010822510822510822
12 0.09693877551020409 0.8820346320346321 0.014285714285714287 0.048340548340548344
12 0.901530612244898 0.8820346320346321 0.017346938775510204 0.048340548340548344
12 0.4209183673469388 0.8823953823953824 0.017346938775510204 0.047619047619047616
12 0.6576530612244899 0.8823953823953824 0.017346938775510204 0.047619047619047616
27 0.1285714285714286 0.08838383838383838 0.05102040816326531 0.051226551226551224
15 0.17653061224489797 0.06998556998556998 0.022448979591836737 0.03751803751803752
15 0.17755102040816328 0.11291486291486291 0.020408163265306124 0.03823953823953824
129 0.5153061224489797 0.10894660894660894 0.02653061224489796 0.09090909090909091
132 0.7056122448979593 0.09884559884559885 0.0336734693877551 0.07215007215007214
133 0.7969387755102042 0.09523809523809523 0.02653061224489796 0.06349206349206349
26 0.13010204081632654 0.3621933621933622 0.047959183673469394 0.09090909090909091
15 0.45765306122448984 0.39105339105339104 0.02142857142857143 0.04184704184704185
15 0.4785714285714286 0.38275613275613274 0.020408163265306124 0.03823953823953824
27 0.1285714285714286 0.48124098124098125 0.0489795918367347 0.05194805194805195
21 0.27040816326530615 0.481962481962482 0.020408163265306124 0.024531024531024532
20 0.3408163265306123 0.4801587301587302 0.022448979591836737 0.0367965367965368
133 0.5831632653061225 0.48773448773448774 0.025510204081632654 0.06349206349206349
130 0.7877551020408164 0.49747474747474746 0.0326530612244898 0.08441558441558442
133 0.8897959183673471 0.48773448773448774 0.02653061224489796 0.06349206349206349
26 0.12959183673469388 0.7543290043290043 0.04693877551020409 0.08874458874458875
27 0.12806122448979593 0.8820346320346321 0.05 0.051226551226551224
133 0.20204081632653062 0.8888888888888888 0.02653061224489796 0.06349206349206349
16 0.35408163265306125 0.8935786435786436 0.018367346938775512 0.03391053391053391
131 0.37806122448979596 0.8957431457431457 0.031632653061224494 0.07864357864357864
130 0.4602040816326531 0.8751803751803752 0.03877551020408164 0.0808080808080808
130 0.616326530612245 0.8766233766233766 0.028571428571428574 0.07936507936507936
133 0.6918367346938776 0.8683261183261183 0.03469387755102041 0.08008658008658008
15 0.8316326530612246 0.8885281385281385 0.022448979591836737 0.03823953823953824
133 0.8581632653061225 0.8683261183261183 0.02653061224489796 0.07864357864357864
134 0.9341836734693878 0.88997113997114 0.025510204081632654 0.0670995670995671
21 0.9892857142857143 0.8831168831168831 0.01938775510204082 0.025974025974025976
