12 0.10714285714285715 0.1479076479076479 0.014285714285714287 0.047619047619047616
12 0.5362244897959184 0.14826839826839827 0.017346938775510204 0.048340548340548344
12 0.903061224489796 0.14935064935064934 0.0163265306122449 0.047619047619047616
12 0.9040816326530613 0.20995670995670995 0.0163265306122449 0.049062049062049064
12 0.901530612244898 0.2702020202020202 0.01938775510204082 0.048340548340548344
12 0.8994897959183674 0.33080808080808083 0.02142857142857143 0.048340548340548344
12 0.8994897959183674 0.395021645021645 0.01938775510204082 0.048340548340548344
12 0.9025510204081634 0.4592352092352092 0.017346938775510204 0.048340548340548344
12 0.10612244897959185 0.5202020202020202 0.0163265306122449 0.049062049062049064
12 0.5352040816326531 0.5205627705627706 0.015306122448979593 0.049783549783549784
12 0.9035714285714287 0.5209235209235209 0.015306122448979593 0.050505050505050504
12 0.1066326530612245 0.5797258297258298 0.015306122448979593 0.049783549783549784
12 0.5357142857142858 0.5797258297258298 0.0163265306122449 0.049783549783549784
12 0.9040816326530613 0.5800865800865801 0.0163265306122449 0.049062049062049064
12 0.1066326530612245 0.63997113997114 0.01326530612244898 0.049062049062049064
12 0.5357142857142858 0.6403318903318903 0.014285714285714287 0.048340548340548344
12 0.9035714285714287 0.6406926406926406 0.017346938775510204 0.049062049062049064
12 0.9035714285714287 0.7005772005772006 0.017346938775510204 0.050505050505050504
12 0.5362244897959184 0.7002164502164502 0.01326530612244898 0.046897546897546896
12 0.10612244897959185 0.7016594516594516 0.012244897959183675 0.048340548340548344
12 0.903061224489796 0.762987012987013 0.018367346938775512 0.049783549783549784
12 0.5357142857142858 0.7619047619047619 0.012244897959183675 0.044733044733044736
12 0.9035714285714287 0.8181818181818182 0.01938775510204082 0.047619047619047616
12 0.538265306122449 0.8189033189033189 0.017346938775510204 0.046176046176046176
12 0.5357142857142858 0.8697691197691197 0.014285714285714287 0.04401154401154401
12 0.903061224489796 0.8722943722943723 0.020408163265306124 0.049062049062049064
14 0.5877551020408164 0.8856421356421357 0.010204081632653062 0.010822510822510822
12 0.9035714285714287 0.9267676767676768 0.02142857142857143 0.049783549783549784
12 0.5362244897959184 0.926046176046176 0.01326530612244898 0.045454545454545456
12 0.1066326530612245 0.9267676767676768 0.01326530612244898 0.045454545454545456
12 0.9040816326530613 0.9812409812409812 0.020408163265306124 0.03751803751803752
12 0.10714285714285715 0.9812409812409812 0.014285714285714287 0.03607503607503607
12 0.5362244897959184 0.9816017316017316 0.015306122448979593 0.0367965367965368
136 0.051530612244897966 0.14826839826839827 0.025510204081632654 0.051226551226551224
138 0.0836734693877551 0.14682539682539683 0.03469387755102041 0.05844155844155844
138 0.0826530612244898 0.2067099567099567 0.036734693877551024 0.05844155844155844
17 0.15714285714285717 0.40115440115440115 0.0163265306122449 0.03751803751803752
138 0.25204081632653064 0.39321789321789324 0.028571428571428574 0.06060606060606061
132 0.7459183673469388 0.3917748917748918 0.03877551020408164 0.05627705627705628
21 0.7801020408163266 0.3953823953823954 0.02142857142857143 0.025974025974025976
20 0.8107142857142858 0.3917748917748918 0.017346938775510204 0.03896103896103896
136 0.08010204081632653 0.4621212121212121 0.03571428571428572 0.06421356421356421
17 0.15816326530612246 0.465007215007215 0.0163265306122449 0.03823953823953824
132 0.7454081632653062 0.45670995670995673 0.03775510204081633 0.05772005772005772
21 0.7806122448979592 0.45995670995670995 0.022448979591836737 0.025252525252525252
20 0.8107142857142858 0.455988455988456 0.01938775510204082 0.03896103896103896
18 0.32040816326530613 0.5115440115440115 0.0326530612244898 0.015873015873015872
18 0.7193877551020409 0.5115440115440115 0.030612244897959186 0.01443001443001443
18 0.3209183673469388 0.5710678210678211 0.0336734693877551 0.015151515151515152
18 0.7198979591836735 0.5707070707070707 0.031632653061224494 0.01443001443001443
18 0.3209183673469388 0.6295093795093795 0.0336734693877551 0.015151515151515152
18 0.7188775510204082 0.6298701298701299 0.031632653061224494 0.01443001443001443
20 0.12959183673469388 0.6973304473304474 0.020408163265306124 0.03823953823953824
20 0.5596938775510205 0.6976911976911977 0.02142857142857143 0.03751803751803752
20 0.13010204081632654 0.7597402597402597 0.02142857142857143 0.03751803751803752
20 0.5602040816326531 0.7597402597402597 0.022448979591836737 0.03751803751803752
20 0.13112244897959185 0.8163780663780664 0.023469387755102045 0.03823953823953824
20 0.5602040816326531 0.816017316017316 0.022448979591836737 0.03751803751803752
18 0.3209183673469388 0.8632756132756133 0.031632653061224494 0.013708513708513708
18 0.7188775510204082 0.8636363636363636 0.031632653061224494 0.012987012987012988
