6 0.19438775510204084 0.11580086580086581 0.04183673469387755 0.06854256854256854
12 0.09642857142857143 0.13347763347763347 0.011224489795918368 0.049062049062049064
12 0.828061224489796 0.13347763347763347 0.017346938775510204 0.047619047619047616
6 0.19438775510204084 0.26731601731601734 0.04183673469387755 0.06998556998556998
12 0.8285714285714286 0.2857142857142857 0.018367346938775512 0.049062049062049064
12 0.09642857142857143 0.28643578643578643 0.01326530612244898 0.049062049062049064
14 0.28316326530612246 0.4090909090909091 0.015306122448979593 0.0101010101010101
12 0.09591836734693879 0.43903318903318905 0.014285714285714287 0.048340548340548344
12 0.828061224489796 0.43867243867243866 0.015306122448979593 0.047619047619047616
14 0.6459183673469389 0.4329004329004329 0.018367346938775512 0.0101010101010101
14 0.8862244897959185 0.45634920634920634 0.015306122448979593 0.00937950937950938
12 0.09591836734693879 0.5909090909090909 0.014285714285714287 0.047619047619047616
12 0.8285714285714286 0.5912698412698413 0.0163265306122449 0.048340548340548344
12 0.09540816326530613 0.7435064935064936 0.015306122448979593 0.048340548340548344
12 0.828061224489796 0.7438672438672439 0.017346938775510204 0.049062049062049064
14 0.2836734693877551 0.8084415584415584 0.020408163265306124 0.012265512265512266
26 0.1326530612244898 0.13275613275613277 0.05102040816326531 0.10533910533910534
143 0.25510204081632654 0.11580086580086581 0.030612244897959186 0.08585858585858586
143 0.2994897959183674 0.11616161616161616 0.03571428571428572 0.08513708513708514
136 0.3433673469387755 0.13528138528138528 0.025510204081632654 0.05411255411255411
15 0.3755102040816327 0.12085137085137085 0.022448979591836737 0.048340548340548344
136 0.3989795918367347 0.13528138528138528 0.0326530612244898 0.05266955266955267
137 0.4612244897959184 0.13383838383838384 0.02653061224489796 0.051226551226551224
15 0.49438775510204086 0.11544011544011544 0.02142857142857143 0.047619047619047616
137 0.516326530612245 0.13383838383838384 0.0326530612244898 0.051226551226551224
107 0.6168367346938776 0.13095238095238096 0.02755102040816327 0.05844155844155844
109 0.6836734693877552 0.12481962481962482 0.030612244897959186 0.06926406926406926
21 0.7479591836734695 0.13383838383838384 0.02653061224489796 0.025252525252525252
138 0.7933673469387755 0.1305916305916306 0.02959183673469388 0.05772005772005772
104 0.8576530612244899 0.1396103896103896 0.025510204081632654 0.06277056277056277
106 0.9255102040816328 0.13383838383838384 0.02653061224489796 0.051226551226551224
21 0.9867346938775511 0.1341991341991342 0.02448979591836735 0.025974025974025976
26 0.1316326530612245 0.2857142857142857 0.05102040816326531 0.10533910533910534
136 0.25510204081632654 0.28643578643578643 0.02653061224489796 0.05194805194805195
138 0.2969387755102041 0.2831890331890332 0.030612244897959186 0.056998556998557
136 0.3433673469387755 0.288961038961039 0.025510204081632654 0.05844155844155844
134 0.39795918367346944 0.29184704184704185 0.0326530612244898 0.06421356421356421
15 0.4352040816326531 0.2968975468975469 0.02142857142857143 0.051226551226551224
132 0.4668367346938776 0.2824675324675325 0.0336734693877551 0.05555555555555555
134 0.5209183673469389 0.2795815295815296 0.025510204081632654 0.06277056277056277
100 0.6178571428571429 0.2860750360750361 0.02755102040816327 0.051226551226551224
20 0.6806122448979592 0.28679653679653677 0.02653061224489796 0.04112554112554113
100 0.7500000000000001 0.2860750360750361 0.028571428571428574 0.051226551226551224
97 0.8576530612244899 0.2943722943722944 0.02959183673469388 0.06926406926406926
20 0.9214285714285715 0.28679653679653677 0.02448979591836735 0.04112554112554113
26 0.1316326530612245 0.43867243867243866 0.05306122448979592 0.1038961038961039
15 0.18571428571428572 0.41305916305916307 0.02448979591836735 0.051226551226551224
108 0.25510204081632654 0.4318181818181818 0.028571428571428574 0.06421356421356421
75 0.6183673469387756 0.4458874458874459 0.02653061224489796 0.06493506493506493
72 0.8602040816326532 0.43903318903318905 0.028571428571428574 0.051226551226551224
27 0.14081632653061227 0.591991341991342 0.0673469387755102 0.05844155844155844
133 0.25918367346938775 0.5847763347763347 0.03469387755102041 0.06421356421356421
133 0.30153061224489797 0.5851370851370852 0.025510204081632654 0.06349206349206349
135 0.34285714285714286 0.597041847041847 0.02653061224489796 0.06421356421356421
135 0.39795918367346944 0.597041847041847 0.03469387755102041 0.06421356421356421
137 0.46173469387755106 0.5912698412698413 0.025510204081632654 0.051226551226551224
137 0.5168367346938776 0.5912698412698413 0.0336734693877551 0.051226551226551224
20 0.6137755102040817 0.5916305916305916 0.025510204081632654 0.0404040404040404
102 0.6846938775510205 0.5851370851370852 0.02653061224489796 0.06204906204906205
102 0.7500000000000001 0.5847763347763347 0.02653061224489796 0.06132756132756133
20 0.8556122448979593 0.5916305916305916 0.025510204081632654 0.0404040404040404
101 0.9260204081632654 0.5876623376623377 0.02755102040816327 0.056998556998557
27 0.13877551020408163 0.7438672438672439 0.0673469387755102 0.05772005772005772
95 0.6178571428571429 0.7582972582972582 0.031632653061224494 0.0808080808080808
19 0.6872448979591838 0.7417027417027418 0.039795918367346944 0.01443001443001443
94 0.8586734693877551 0.7608225108225108 0.031632653061224494 0.0873015873015873
19 0.928061224489796 0.7413419913419913 0.03775510204081633 0.013708513708513708
64 0.25765306122448983 0.7673160173160173 0.03571428571428572 0.09884559884559885
