1 0.1903061224489796 0.11183261183261184 0.05408163265306123 0.05627705627705628
12 0.09693877551020409 0.13023088023088022 0.014285714285714287 0.049783549783549784
12 0.4994897959183674 0.13023088023088022 0.017346938775510204 0.048340548340548344
1 0.1903061224489796 0.40764790764790765 0.05408163265306123 0.05627705627705628
12 0.0979591836734694 0.42712842712842713 0.014285714285714287 0.050505050505050504
12 0.5 0.42676767676767674 0.0163265306122449 0.048340548340548344
1 0.1903061224489796 0.7045454545454546 0.05408163265306123 0.05555555555555555
12 0.09591836734693879 0.724025974025974 0.014285714285714287 0.049783549783549784
12 0.5 0.7229437229437229 0.0163265306122449 0.047619047619047616
26 0.1306122448979592 0.13167388167388167 0.0489795918367347 0.07575757575757576
142 0.26581632653061227 0.11616161616161616 0.025510204081632654 0.0808080808080808
21 0.32551020408163267 0.12950937950937952 0.022448979591836737 0.023809523809523808
143 0.3872448979591837 0.11327561327561328 0.02755102040816327 0.08513708513708514
21 0.4484693877551021 0.12950937950937952 0.023469387755102045 0.023809523809523808
26 0.12959183673469388 0.4282106782106782 0.04693877551020409 0.07575757575757576
139 0.26377551020408163 0.42207792207792205 0.02142857142857143 0.06204906204906205
21 0.32551020408163267 0.42604617604617606 0.022448979591836737 0.023809523809523808
141 0.3862244897959184 0.4163059163059163 0.025510204081632654 0.07503607503607504
21 0.44897959183673475 0.42712842712842713 0.022448979591836737 0.024531024531024532
57 0.5928571428571429 0.41305916305916307 0.04081632653061225 0.08008658008658008
26 0.13010204081632654 0.7243867243867244 0.04591836734693878 0.07503607503607504
137 0.2642857142857143 0.724025974025974 0.022448979591836737 0.051226551226551224
21 0.326530612244898 0.7236652236652237 0.022448979591836737 0.024531024531024532
139 0.38571428571428573 0.7182539682539683 0.022448979591836737 0.06277056277056277
21 0.44897959183673475 0.7236652236652237 0.022448979591836737 0.024531024531024532
55 0.5933673469387756 0.7157287157287158 0.03571428571428572 0.06782106782106782
59 0.5948979591836735 0.10894660894660894 0.0489795918367347 0.09379509379509379
