14 0.6890625 0.053019145802650956 0.013541666666666667 0.010309278350515464
14 0.17604166666666665 0.06443298969072164 0.014583333333333334 0.009572901325478646
14 0.24791666666666667 0.06480117820324005 0.0125 0.010309278350515464
12 0.09947916666666666 0.09425625920471281 0.015625 0.048600883652430045
11 0.7979166666666666 0.09462444771723122 0.03125 0.04933726067746686
12 0.9026041666666667 0.09462444771723122 0.019791666666666666 0.04933726067746686
12 0.3729166666666667 0.09462444771723122 0.01875 0.04786450662739322
14 0.42552083333333335 0.07658321060382917 0.015625 0.011782032400589101
12 0.6390625 0.09536082474226804 0.017708333333333333 0.04933726067746686
12 0.10677083333333333 0.5250368188512519 0.019791666666666666 0.050073637702503684
12 0.6286458333333333 0.5246686303387335 0.017708333333333333 0.04933726067746686
12 0.903125 0.5246686303387335 0.016666666666666666 0.04933726067746686
12 0.10677083333333333 0.6575846833578792 0.019791666666666666 0.050073637702503684
12 0.628125 0.6572164948453608 0.01875 0.04933726067746686
12 0.9026041666666667 0.6579528718703976 0.019791666666666666 0.04933726067746686
12 0.10677083333333333 0.8059646539027983 0.017708333333333333 0.04933726067746686
12 0.6286458333333333 0.8063328424153167 0.019791666666666666 0.048600883652430045
12 0.903125 0.8067010309278351 0.01875 0.04933726067746686
140 0.059375 0.08652430044182621 0.03333333333333333 0.07142857142857142
107 0.15208333333333332 0.09167893961708394 0.029166666666666667 0.05817378497790869
16 0.19791666666666666 0.06296023564064801 0.020833333333333332 0.03608247422680412
107 0.22395833333333334 0.09241531664212077 0.025 0.05817378497790869
78 0.40208333333333335 0.09499263622974963 0.029166666666666667 0.053019145802650956
109 0.6666666666666666 0.0861561119293078 0.03125 0.07069219440353461
20 0.7213541666666666 0.093519882179676 0.02395833333333333 0.03829160530191458
21 0.7666666666666666 0.09646539027982327 0.022916666666666665 0.026509572901325478
174 0.1359375 0.5036818851251841 0.028125 0.09278350515463918
173 0.17083333333333334 0.5066273932253313 0.027083333333333334 0.08689248895434462
172 0.2046875 0.5103092783505154 0.028125 0.08100147275405008
171 0.23802083333333332 0.5128865979381443 0.028125 0.07731958762886598
170 0.27239583333333334 0.5154639175257731 0.028125 0.07069219440353461
169 0.30104166666666665 0.5191458026509573 0.03125 0.0662739322533137
168 0.6572916666666666 0.5213549337260678 0.025 0.05743740795287187
169 0.6901041666666666 0.5187776141384389 0.026041666666666668 0.06406480117820323
170 0.7223958333333333 0.5150957290132547 0.028125 0.06995581737849779
171 0.75625 0.5128865979381443 0.027083333333333334 0.07731958762886598
172 0.7901041666666666 0.509941089837997 0.028125 0.08026509572901325
173 0.821875 0.5066273932253313 0.03333333333333333 0.08689248895434462
21 0.13541666666666666 0.658321060382916 0.025 0.026509572901325478
162 0.20781249999999998 0.6509572901325479 0.034375 0.0662739322533137
164 0.24010416666666667 0.6509572901325479 0.026041666666666668 0.06480117820324005
162 0.2734375 0.6516936671575847 0.026041666666666668 0.06480117820324005
21 0.65625 0.6586892488954345 0.022916666666666665 0.027245949926362298
161 0.7270833333333333 0.658321060382916 0.035416666666666666 0.053019145802650956
160 0.7578125 0.6601620029455081 0.026041666666666668 0.05817378497790869
161 0.7911458333333333 0.6579528718703976 0.028125 0.05522827687776141
137 0.1375 0.8059646539027983 0.027083333333333334 0.05228276877761414
139 0.2046875 0.8008100147275404 0.026041666666666668 0.06406480117820323
141 0.26927083333333335 0.7938144329896907 0.036458333333333336 0.07658321060382917
137 0.6598958333333333 0.8052282768777614 0.028125 0.05228276877761414
140 0.7223958333333333 0.7982326951399116 0.030208333333333334 0.07069219440353461
141 0.7859375 0.7941826215022091 0.040625 0.07731958762886598
