12 0.09683257918552036 0.08157389635316699 0.01809954751131222 0.042866282789507354
12 0.6886877828054299 0.0818937939859245 0.01809954751131222 0.04222648752399232
12 0.09638009049773756 0.19033909149072295 0.015384615384615385 0.042866282789507354
12 0.6891402714932127 0.19033909149072295 0.01900452488687783 0.042866282789507354
12 0.6891402714932127 0.2987843889955214 0.017194570135746608 0.04350607805502239
12 0.09592760180995476 0.29942418426103645 0.014479638009049774 0.04350607805502239
12 0.09728506787330317 0.4341010876519514 0.015384615384615385 0.044145873320537425
12 0.6886877828054299 0.4344209852847089 0.016289592760180997 0.04350607805502239
12 0.6877828054298643 0.5428662827895073 0.016289592760180997 0.044145873320537425
12 0.09683257918552036 0.5428662827895073 0.016289592760180997 0.042866282789507354
12 0.09728506787330317 0.6519513755598209 0.01900452488687783 0.04350607805502239
12 0.6891402714932127 0.6519513755598209 0.017194570135746608 0.04350607805502239
12 0.6891402714932127 0.7600767754318618 0.017194570135746608 0.04350607805502239
12 0.09683257918552036 0.7603966730646193 0.016289592760180997 0.042866282789507354
12 0.6886877828054299 0.8688419705694178 0.01809954751131222 0.04222648752399232
12 0.09638009049773756 0.8694817658349328 0.015384615384615385 0.04222648752399232
28 0.12805429864253395 0.08093410108765195 0.046153846153846156 0.045425463851567496
16 0.16923076923076924 0.08221369161868201 0.023529411764705882 0.03134996801023672
18 0.432579185520362 0.06301983365323097 0.02895927601809955 0.013435700575815739
18 0.9090497737556561 0.06333973128598848 0.02986425339366516 0.012795905310300703
27 0.12760180995475115 0.19033909149072295 0.04524886877828054 0.04670505438259757
16 0.16832579185520363 0.1948176583493282 0.01990950226244344 0.03134996801023672
18 0.432579185520362 0.1820217530390275 0.02895927601809955 0.012156110044785668
18 0.9095022624434389 0.1820217530390275 0.02895927601809955 0.012156110044785668
27 0.12760180995475115 0.29942418426103645 0.04524886877828054 0.0473448496481126
18 0.432579185520362 0.290467050543826 0.02895927601809955 0.012795905310300703
18 0.9090497737556561 0.29078694817658346 0.028054298642533938 0.012156110044785668
26 0.12895927601809956 0.4321817018554063 0.046153846153846156 0.08253358925143954
16 0.16696832579185522 0.42866282789507354 0.01900452488687783 0.030710172744721688
16 0.20497737556561088 0.41650671785028787 0.01900452488687783 0.029430582213691617
136 0.23076923076923078 0.4238643634037108 0.02895927601809955 0.06333973128598848
16 0.2520361990950226 0.4334612923864363 0.017194570135746608 0.030070377479206652
133 0.27601809954751133 0.4245041586692258 0.025339366515837104 0.06461932181701856
136 0.30135746606334846 0.42418426103646834 0.02171945701357466 0.06269993602047344
133 0.32714932126696833 0.42482405630198333 0.024434389140271493 0.06397952655150352
136 0.37013574660633486 0.42482405630198333 0.025339366515837104 0.06397952655150352
133 0.414027149321267 0.42482405630198333 0.024434389140271493 0.06525911708253358
136 0.4823529411764706 0.4245041586692258 0.03076923076923077 0.06333973128598848
133 0.5294117647058824 0.42514395393474086 0.025339366515837104 0.06461932181701856
136 0.5728506787330317 0.4245041586692258 0.023529411764705882 0.06333973128598848
133 0.5995475113122172 0.4254638515674984 0.024434389140271493 0.06525911708253358
136 0.642081447963801 0.42514395393474086 0.024434389140271493 0.06461932181701856
133 0.6669683257918553 0.4254638515674984 0.023529411764705882 0.06525911708253358
17 0.7090497737556561 0.4341010876519514 0.017194570135746608 0.035188739603326934
134 0.7343891402714933 0.42674344209852844 0.02986425339366516 0.05630198336532309
15 0.753393665158371 0.4459373000639795 0.017194570135746608 0.03326935380678183
132 0.7764705882352941 0.4273832373640435 0.023529411764705882 0.05758157389635316
134 0.8031674208144797 0.42706333973128596 0.02262443438914027 0.0582213691618682
132 0.8285067873303168 0.427703134996801 0.024434389140271493 0.0582213691618682
134 0.8746606334841629 0.42834293026231607 0.024434389140271493 0.05950095969289827
132 0.9144796380090499 0.427703134996801 0.02262443438914027 0.0582213691618682
134 0.9461538461538462 0.42674344209852844 0.028054298642533938 0.05758157389635316
132 0.9687782805429864 0.4273832373640435 0.02262443438914027 0.05758157389635316
26 0.12850678733031676 0.5403071017274472 0.04343891402714932 0.08253358925143954
16 0.16787330316742083 0.535828534868842 0.01900452488687783 0.030070377479206652
16 0.20407239819004525 0.5415866922584772 0.01900452488687783 0.030070377479206652
133 0.2321266968325792 0.5406269993602048 0.02986425339366516 0.04990403071017274
16 0.2515837104072398 0.5633397312859885 0.016289592760180997 0.02879078694817658
129 0.2742081447963801 0.5460652591170825 0.023529411764705882 0.060780550223928344
133 0.30226244343891406 0.5399872040946897 0.023529411764705882 0.04990403071017274
129 0.32714932126696833 0.54638515674984 0.024434389140271493 0.061420345489443376
133 0.37013574660633486 0.5409468969929623 0.023529411764705882 0.05054382597568778
129 0.414027149321267 0.5460652591170825 0.024434389140271493 0.06206014075495841
133 0.4828054298642534 0.5409468969929623 0.02986425339366516 0.05054382597568778
129 0.5294117647058824 0.5467050543825975 0.025339366515837104 0.06206014075495841
133 0.5733031674208146 0.5406269993602048 0.024434389140271493 0.04990403071017274
129 0.6 0.5467050543825975 0.023529411764705882 0.06206014075495841
133 0.6425339366515838 0.5406269993602048 0.023529411764705882 0.04990403071017274
129 0.6674208144796381 0.5460652591170825 0.024434389140271493 0.060780550223928344
15 0.7067873303167421 0.5527831094049904 0.023529411764705882 0.0345489443378119
132 0.7343891402714933 0.5415866922584772 0.02986425339366516 0.04798464491362764
129 0.7760180995475113 0.5470249520153551 0.024434389140271493 0.058861164427383234
132 0.8031674208144797 0.5412667946257198 0.02262443438914027 0.0473448496481126
129 0.8289592760180996 0.5470249520153551 0.023529411764705882 0.058861164427383234
132 0.8746606334841629 0.5415866922584772 0.024434389140271493 0.04798464491362764
129 0.9144796380090499 0.5473448496481126 0.024434389140271493 0.05950095969289827
132 0.9457013574660634 0.5412667946257198 0.027149321266968326 0.0473448496481126
129 0.9683257918552036 0.5470249520153551 0.023529411764705882 0.060140754958413305
28 0.12941176470588237 0.6513115802943058 0.048868778280542986 0.046065259117082535
16 0.16877828054298644 0.6509916826615483 0.020814479638009052 0.03134996801023672
15 0.20497737556561088 0.6778630838131797 0.020814479638009052 0.03390914907229686
129 0.2321266968325792 0.6564299424184261 0.02986425339366516 0.05630198336532309
15 0.2520361990950226 0.6676263595649392 0.01900452488687783 0.03390914907229686
131 0.2746606334841629 0.6513115802943058 0.02262443438914027 0.044785668586052464
129 0.30180995475113126 0.6564299424184261 0.02262443438914027 0.05630198336532309
131 0.32714932126696833 0.6513115802943058 0.02262443438914027 0.046065259117082535
129 0.37013574660633486 0.6570697376839412 0.023529411764705882 0.05630198336532309
131 0.4135746606334842 0.6519513755598209 0.023529411764705882 0.046065259117082535
129 0.4823529411764706 0.6570697376839412 0.03076923076923077 0.058861164427383234
131 0.5289592760180996 0.6513115802943058 0.024434389140271493 0.046065259117082535
129 0.5728506787330317 0.6564299424184261 0.023529411764705882 0.05630198336532309
131 0.5995475113122172 0.6516314779270633 0.02262443438914027 0.045425463851567496
129 0.642081447963801 0.6564299424184261 0.02262443438914027 0.05630198336532309
131 0.6678733031674209 0.6519513755598209 0.023529411764705882 0.046065259117082535
129 0.732579185520362 0.6567498400511836 0.02986425339366516 0.05694177863083813
15 0.7529411764705882 0.6673064619321817 0.01809954751131222 0.0345489443378119
131 0.7769230769230769 0.6513115802943058 0.02262443438914027 0.046065259117082535
129 0.8031674208144797 0.6567498400511836 0.020814479638009052 0.05566218809980806
131 0.8285067873303168 0.6519513755598209 0.02262443438914027 0.046065259117082535
129 0.8746606334841629 0.6567498400511836 0.024434389140271493 0.05694177863083813
131 0.9149321266968327 0.6516314779270633 0.023529411764705882 0.04670505438259757
129 0.9447963800904978 0.6567498400511836 0.027149321266968326 0.05694177863083813
131 0.9683257918552036 0.6522712731925784 0.02171945701357466 0.04670505438259757
27 0.12714932126696832 0.7607165706973769 0.046153846153846156 0.0473448496481126
16 0.16787330316742083 0.7645553422904671 0.017194570135746608 0.029430582213691617
105 0.22805429864253396 0.7626359564939219 0.023529411764705882 0.04990403071017274
20 0.2981900452488688 0.7584772872680742 0.01900452488687783 0.035188739603326934
18 0.37013574660633486 0.7520793346129239 0.027149321266968326 0.010876519513755598
104 0.7298642533936652 0.765195137555982 0.02262443438914027 0.05630198336532309
20 0.8 0.7584772872680742 0.01990950226244344 0.035188739603326934
18 0.8751131221719457 0.7520793346129239 0.027149321266968326 0.010876519513755598
37 0.12805429864253395 0.8749200255918106 0.046153846153846156 0.0582213691618682
16 0.16787330316742083 0.873960332693538 0.017194570135746608 0.030710172744721688
105 0.22805429864253396 0.8710812539987204 0.023529411764705882 0.05054382597568778
20 0.2981900452488688 0.8669225847728727 0.01900452488687783 0.0345489443378119
18 0.37013574660633486 0.8608445297504799 0.02895927601809955 0.012156110044785668
104 0.7294117647058824 0.873960332693538 0.02171945701357466 0.05630198336532309
20 0.8 0.8669225847728727 0.01990950226244344 0.0345489443378119
18 0.8742081447963801 0.8608445297504799 0.02895927601809955 0.012156110044785668
