12 0.9031674208144796 0.1385156749840051 0.016289592760180997 0.042866282789507354
12 0.08371040723981901 0.1385156749840051 0.015384615384615385 0.04158669225847728
12 0.5235294117647059 0.13883557261676263 0.017194570135746608 0.04222648752399232
14 0.569683257918552 0.12316058861164426 0.013574660633484163 0.009596928982725527
14 0.13076923076923078 0.14395393474088292 0.011764705882352941 0.007677543186180422
14 0.755656108597285 0.14395393474088292 0.01085972850678733 0.007677543186180422
12 0.08371040723981901 0.24632117722328853 0.015384615384615385 0.04222648752399232
12 0.9031674208144796 0.24664107485604606 0.016289592760180997 0.042866282789507354
12 0.5235294117647059 0.24664107485604606 0.015384615384615385 0.04158669225847728
12 0.3773755656108597 0.45745361484325014 0.016289592760180997 0.04222648752399232
12 0.9031674208144796 0.45745361484325014 0.016289592760180997 0.04222648752399232
12 0.3769230769230769 0.5652591170825336 0.017194570135746608 0.042866282789507354
12 0.9027149321266968 0.5652591170825336 0.015384615384615385 0.042866282789507354
12 0.2746606334841629 0.7763915547024952 0.015384615384615385 0.042866282789507354
12 0.2746606334841629 0.8845169545745362 0.017194570135746608 0.042866282789507354
102 0.11085972850678734 0.13371721049264235 0.02262443438914027 0.05502239283429303
20 0.2828054298642534 0.13691618682021753 0.01900452488687783 0.0345489443378119
21 0.44253393665158375 0.13979526551503518 0.02171945701357466 0.022392834293026232
105 0.548868778280543 0.14139475367882276 0.02262443438914027 0.04990403071017274
102 0.7357466063348417 0.13371721049264235 0.023529411764705882 0.05630198336532309
128 0.0248868778280543 0.24536148432501598 0.02986425339366516 0.08125399872040946
138 0.10995475113122172 0.24504158669225848 0.02262443438914027 0.053742802303262956
135 0.16832579185520363 0.2504798464491363 0.023529411764705882 0.05438259756877799
133 0.22262443438914029 0.25399872040946897 0.03076923076923077 0.061420345489443376
131 0.2850678733031674 0.2571976967370441 0.023529411764705882 0.06653870761356366
168 0.35113122171945704 0.2533589251439539 0.02171945701357466 0.0690978886756238
167 0.3959276018099548 0.2549584133077415 0.02262443438914027 0.06333973128598848
166 0.44208144796380094 0.2533589251439539 0.02262443438914027 0.061420345489443376
165 0.4846153846153846 0.25271912987843886 0.02986425339366516 0.058861164427383234
134 0.5497737556561086 0.2530390275111964 0.024434389140271493 0.05950095969289827
136 0.6149321266968326 0.2533589251439539 0.024434389140271493 0.060140754958413305
134 0.6692307692307693 0.2530390275111964 0.03167420814479638 0.05950095969289827
133 0.7389140271493213 0.24440179142674343 0.02986425339366516 0.04990403071017274
131 0.7941176470588236 0.24440179142674343 0.026244343891402715 0.05118362124120281
133 0.8597285067873304 0.24408189379398593 0.023529411764705882 0.05054382597568778
134 0.13076923076923078 0.46289187460012793 0.02262443438914027 0.05694177863083813
135 0.2158371040723982 0.46129238643634035 0.024434389140271493 0.053742802303262956
136 0.29502262443438915 0.4596928982725528 0.03257918552036199 0.05054382597568778
136 0.4063348416289593 0.4590531030070377 0.023529411764705882 0.04926423544465771
138 0.4914027149321267 0.45841330774152267 0.025339366515837104 0.0582213691618682
133 0.5719457013574661 0.4625719769673704 0.03076923076923077 0.05630198336532309
132 0.6683257918552037 0.45489443378119 0.03529411764705882 0.04990403071017274
132 0.730316742081448 0.4568138195777351 0.025339366515837104 0.04222648752399232
100 0.7561085972850679 0.45745361484325014 0.02262443438914027 0.046065259117082535
134 0.037104072398190045 0.5716570697376839 0.03076923076923077 0.05950095969289827
137 0.13122171945701358 0.5652591170825336 0.023529411764705882 0.045425463851567496
21 0.2153846153846154 0.5658989123480486 0.02171945701357466 0.022392834293026232
21 0.3 0.5652591170825336 0.020814479638009052 0.02111324376199616
136 0.40542986425339367 0.5674984005118362 0.023529411764705882 0.04990403071017274
21 0.49185520361990953 0.5658989123480486 0.020814479638009052 0.02111324376199616
21 0.5751131221719458 0.5658989123480486 0.020814479638009052 0.02111324376199616
133 0.6647058823529413 0.5601407549584133 0.03167420814479638 0.05694177863083813
134 0.7561085972850679 0.5601407549584133 0.024434389140271493 0.05694177863083813
15 0.8176470588235294 0.5860524632117722 0.01900452488687783 0.03326935380678183
130 0.8411764705882353 0.5623800383877159 0.02262443438914027 0.06269993602047344
168 0.01493212669683258 0.77447216890595 0.028054298642533938 0.05054382597568778
169 0.05656108597285068 0.7709532949456174 0.02262443438914027 0.05630198336532309
168 0.09592760180995476 0.7741522712731925 0.02171945701357466 0.04990403071017274
167 0.13122171945701358 0.7757517594369802 0.03076923076923077 0.045425463851567496
166 0.1742081447963801 0.7818298144593729 0.020814479638009052 0.05630198336532309
165 0.21266968325791857 0.783109404990403 0.02171945701357466 0.060140754958413305
164 0.2493212669683258 0.7850287907869481 0.028054298642533938 0.06269993602047344
163 0.3266968325791855 0.7699936020473448 0.02895927601809955 0.0582213691618682
162 0.3728506787330317 0.7706333973128598 0.023529411764705882 0.05694177863083813
102 0.4235294117647059 0.7709532949456174 0.023529411764705882 0.05630198336532309
22 0.5624434389140271 0.782469609724888 0.02262443438914027 0.03198976327575176
166 0.6013574660633484 0.7770313499680102 0.02262443438914027 0.04670505438259757
167 0.6361990950226245 0.7767114523352527 0.02895927601809955 0.046065259117082535
168 0.6787330316742082 0.7735124760076775 0.02171945701357466 0.04990403071017274
167 0.7171945701357466 0.7754318618042226 0.02262443438914027 0.044785668586052464
166 0.7529411764705882 0.7760716570697377 0.02895927601809955 0.044785668586052464
165 0.795475113122172 0.7815099168266154 0.02171945701357466 0.05694177863083813
164 0.8334841628959276 0.7840690978886756 0.02171945701357466 0.060780550223928344
163 0.8705882352941177 0.7850287907869481 0.027149321266968326 0.06269993602047344
133 0.058823529411764705 0.8790786948176583 0.025339366515837104 0.05758157389635316
133 0.17556561085972852 0.8790786948176583 0.023529411764705882 0.05758157389635316
136 0.3217194570135747 0.8857965451055662 0.02262443438914027 0.04926423544465771
136 0.4230769230769231 0.8854766474728086 0.02262443438914027 0.04862444017914267
136 0.4895927601809955 0.8854766474728086 0.03076923076923077 0.04862444017914267
132 0.5656108597285068 0.8829174664107485 0.02895927601809955 0.0473448496481126
132 0.6796380090497738 0.8835572616762636 0.023529411764705882 0.0473448496481126
132 0.7968325791855204 0.8829174664107485 0.02262443438914027 0.04862444017914267
