2 0.17239819004524887 0.08125399872040946 0.02986425339366516 0.04094689699296225
12 0.09502262443438915 0.09341010876519514 0.014479638009049774 0.04350607805502239
12 0.47918552036199097 0.0927703134996801 0.015384615384615385 0.04222648752399232
12 0.7579185520361992 0.0927703134996801 0.015384615384615385 0.04222648752399232
14 0.3262443438914027 0.07741522712731926 0.011764705882352941 0.008957133717210491
14 0.6257918552036199 0.0873320537428023 0.013574660633484163 0.009596928982725527
2 0.17239819004524887 0.24632117722328853 0.02986425339366516 0.04094689699296225
12 0.09683257918552036 0.2587971849008317 0.014479638009049774 0.044145873320537425
14 0.3262443438914027 0.24248240563019832 0.011764705882352941 0.008957133717210491
12 0.47918552036199097 0.25943698016634675 0.015384615384615385 0.042866282789507354
12 0.758371040723982 0.25943698016634675 0.016289592760180997 0.042866282789507354
14 0.6262443438914027 0.2533589251439539 0.01085972850678733 0.008957133717210491
14 0.2710407239819005 0.2741522712731926 0.011764705882352941 0.008317338451695458
14 0.8122171945701357 0.28438899552143315 0.011764705882352941 0.009596928982725527
14 0.5425339366515838 0.28438899552143315 0.011764705882352941 0.008317338451695458
2 0.17375565610859728 0.3710812539987204 0.02895927601809955 0.04222648752399232
12 0.47918552036199097 0.37268074216250796 0.015384615384615385 0.044145873320537425
12 0.09683257918552036 0.37268074216250796 0.012669683257918552 0.042866282789507354
12 0.7579185520361992 0.37268074216250796 0.015384615384615385 0.042866282789507354
2 0.17239819004524887 0.5818937939859244 0.02986425339366516 0.04030710172744722
12 0.09547511312217195 0.5934101087651951 0.013574660633484163 0.042866282789507354
12 0.8022624434389141 0.5934101087651951 0.015384615384615385 0.042866282789507354
12 0.5402714932126697 0.5934101087651951 0.014479638009049774 0.04158669225847728
14 0.6701357466063349 0.6090850927703135 0.00995475113122172 0.008957133717210491
2 0.17285067873303167 0.7415227127319257 0.03076923076923077 0.04094689699296225
14 0.5904977375565611 0.72808701215611 0.011764705882352941 0.007677543186180422
12 0.09683257918552036 0.754638515674984 0.014479638009049774 0.044145873320537425
12 0.8022624434389141 0.7543186180422264 0.015384615384615385 0.04222648752399232
14 0.26018099547511314 0.738003838771593 0.011764705882352941 0.008317338451695458
12 0.5402714932126697 0.7543186180422264 0.014479638009049774 0.04094689699296225
14 0.6701357466063349 0.7696737044145873 0.011764705882352941 0.008957133717210491
14 0.8665158371040724 0.7696737044145873 0.011764705882352941 0.008957133717210491
2 0.17330316742081447 0.8758797184900832 0.02986425339366516 0.04350607805502239
12 0.8027149321266969 0.8771593090211132 0.016289592760180997 0.04350607805502239
12 0.09638009049773756 0.8771593090211132 0.013574660633484163 0.04222648752399232
12 0.5402714932126697 0.8774792066538707 0.016289592760180997 0.042866282789507354
26 0.1257918552036199 0.09404990403071017 0.03981900452488688 0.06653870761356366
100 0.23122171945701359 0.0927703134996801 0.020814479638009052 0.044785668586052464
105 0.3090497737556561 0.09532949456174024 0.01900452488687783 0.05118362124120281
137 0.4158371040723982 0.09404990403071017 0.01900452488687783 0.046065259117082535
105 0.5171945701357467 0.09532949456174024 0.01900452488687783 0.04990403071017274
104 0.6085972850678734 0.09788867562380038 0.01900452488687783 0.05630198336532309
132 0.7194570135746606 0.09085092770313499 0.027149321266968326 0.05118362124120281
103 0.7877828054298643 0.09916826615483045 0.01900452488687783 0.05758157389635316
133 0.8742081447963801 0.08893154190658989 0.02895927601809955 0.05758157389635316
132 0.9538461538461539 0.0911708253358925 0.02895927601809955 0.05054382597568778
26 0.1257918552036199 0.25943698016634675 0.03981900452488688 0.06589891234804862
105 0.3085972850678733 0.24824056301983363 0.01990950226244344 0.06781829814459372
137 0.41945701357466064 0.24600127959053103 0.026244343891402715 0.0710172744721689
104 0.6090497737556562 0.24984005118362124 0.01990950226244344 0.06333973128598848
132 0.720814479638009 0.2559181062060141 0.028054298642533938 0.05118362124120281
133 0.8733031674208145 0.2565579014715291 0.027149321266968326 0.04990403071017274
132 0.9497737556561087 0.2568777991042866 0.020814479638009052 0.05054382597568778
27 0.1248868778280543 0.37268074216250796 0.041628959276018104 0.045425463851567496
130 0.2321266968325792 0.38643634037108127 0.017194570135746608 0.07293666026871401
134 0.2714932126696833 0.38515674984005116 0.01809954751131222 0.07165706973768393
17 0.2900452488687783 0.34644913627639157 0.015384615384615385 0.03134996801023672
134 0.3411764705882353 0.3838771593090211 0.01990950226244344 0.06781829814459372
134 0.4122171945701358 0.3816378758797185 0.024434389140271493 0.06333973128598848
133 0.5171945701357467 0.37939859245041585 0.01900452488687783 0.058861164427383234
137 0.56289592760181 0.37747920665387075 0.01990950226244344 0.05502239283429303
140 0.6090497737556562 0.36884197056941775 0.023529411764705882 0.06717850287907869
137 0.6416289592760182 0.37460012795905306 0.01990950226244344 0.04926423544465771
140 0.6828054298642534 0.3666026871401151 0.02262443438914027 0.061420345489443376
137 0.711764705882353 0.373320537428023 0.024434389140271493 0.045425463851567496
129 0.7895927601809956 0.36340371081253997 0.02986425339366516 0.08445297504798464
133 0.8285067873303168 0.3582853486884197 0.020814479638009052 0.07549584133077415
133 0.9497737556561087 0.3579654510556622 0.020814479638009052 0.07485604606525911
26 0.1257918552036199 0.5943698016634676 0.041628959276018104 0.06781829814459372
101 0.23710407239819006 0.5905310300703774 0.01990950226244344 0.05118362124120281
132 0.34524886877828054 0.590850927703135 0.028054298642533938 0.04926423544465771
15 0.3778280542986425 0.6097248880358285 0.01900452488687783 0.029430582213691617
131 0.40271493212669685 0.5934101087651951 0.03076923076923077 0.045425463851567496
132 0.4515837104072398 0.590850927703135 0.02895927601809955 0.05054382597568778
133 0.5104072398190046 0.5886116442738324 0.02895927601809955 0.05502239283429303
101 0.5665158371040724 0.590850927703135 0.01990950226244344 0.05054382597568778
100 0.6524886877828054 0.5934101087651951 0.01990950226244344 0.045425463851567496
131 0.7733031674208145 0.5934101087651951 0.02986425339366516 0.045425463851567496
100 0.8271493212669684 0.5934101087651951 0.02171945701357466 0.045425463851567496
107 0.9180995475113123 0.5911708253358925 0.020814479638009052 0.05118362124120281
26 0.1257918552036199 0.755278310940499 0.041628959276018104 0.06589891234804862
17 0.2167420814479638 0.737364043506078 0.015384615384615385 0.03134996801023672
132 0.3398190045248869 0.7655150351887395 0.01900452488687783 0.06845809341010876
15 0.3773755656108597 0.7699936020473448 0.016289592760180997 0.030070377479206652
131 0.3972850678733032 0.7658349328214971 0.01990950226244344 0.06781829814459372
132 0.4461538461538462 0.7648752399232246 0.01990950226244344 0.06717850287907869
133 0.502262443438914 0.7645553422904671 0.025339366515837104 0.06781829814459372
100 0.6524886877828054 0.7658349328214971 0.01809954751131222 0.07037747920665387
131 0.7674208144796381 0.7667946257197696 0.01809954751131222 0.0710172744721689
100 0.8271493212669684 0.7543186180422264 0.01809954751131222 0.044785668586052464
138 0.9190045248868779 0.7402431222008957 0.01900452488687783 0.07421625079974407
27 0.1244343891402715 0.8768394113883557 0.04072398190045249 0.045425463851567496
16 0.21402714932126699 0.873320537428023 0.015384615384615385 0.026871401151631478
134 0.23574660633484165 0.8829174664107485 0.01900452488687783 0.05630198336532309
17 0.2642533936651584 0.8714011516314779 0.014479638009049774 0.03198976327575176
135 0.2832579185520362 0.8822776711452335 0.01809954751131222 0.05502239283429303
15 0.3063348416289593 0.846129238643634 0.017194570135746608 0.030070377479206652
135 0.397737556561086 0.8809980806142034 0.01900452488687783 0.052463211772232884
135 0.5018099547511312 0.8797184900831734 0.024434389140271493 0.04990403071017274
134 0.5660633484162896 0.8832373640435061 0.020814479638009052 0.05694177863083813
136 0.6085972850678734 0.8822776711452335 0.01900452488687783 0.05502239283429303
136 0.6886877828054299 0.8803582853486884 0.01809954751131222 0.05118362124120281
136 0.7647058823529412 0.8784388995521433 0.025339366515837104 0.0473448496481126
130 0.828054298642534 0.8915547024952015 0.01809954751131222 0.07229686500319897
137 0.8705882352941177 0.8899552143314139 0.01990950226244344 0.07165706973768393
17 0.8986425339366516 0.8506078055022392 0.014479638009049774 0.030070377479206652
139 0.9180995475113123 0.8848368522072937 0.01900452488687783 0.08061420345489444
137 0.9638009049773756 0.8880358285348688 0.02171945701357466 0.06653870761356366
72 0.846606334841629 0.7658349328214971 0.020814479638009052 0.06653870761356366
72 0.2520361990950226 0.2706333973128599 0.02262443438914027 0.06781829814459372
100 0.2321266968325792 0.2587971849008317 0.017194570135746608 0.044145873320537425
