12 0.09642857142857143 0.11616161616161616 0.015306122448979593 0.049062049062049064
12 0.09693877551020409 0.23304473304473305 0.014285714285714287 0.049062049062049064
12 0.09693877551020409 0.3759018759018759 0.0163265306122449 0.049062049062049064
12 0.09642857142857143 0.5003607503607503 0.015306122448979593 0.049783549783549784
12 0.09693877551020409 0.6251803751803752 0.018367346938775512 0.049783549783549784
12 0.09591836734693879 0.7496392496392497 0.0163265306122449 0.049062049062049064
12 0.09591836734693879 0.8740981240981242 0.014285714285714287 0.048340548340548344
26 0.13367346938775512 0.11291486291486291 0.05102040816326531 0.09307359307359307
16 0.17704081632653063 0.10966810966810966 0.02142857142857143 0.03463203463203463
18 0.6193877551020409 0.09451659451659451 0.0326530612244898 0.01443001443001443
26 0.1326530612244898 0.23088023088023088 0.05102040816326531 0.09379509379509379
16 0.17653061224489797 0.22582972582972582 0.020408163265306124 0.03463203463203463
18 0.6188775510204082 0.2124819624819625 0.0336734693877551 0.015151515151515152
26 0.13214285714285715 0.37337662337662336 0.05 0.09451659451659451
16 0.17653061224489797 0.36832611832611833 0.020408163265306124 0.03391053391053391
132 0.23775510204081635 0.386002886002886 0.02653061224489796 0.07215007215007214
134 0.30969387755102046 0.38167388167388167 0.025510204081632654 0.06349206349206349
136 0.37704081632653064 0.3787878787878788 0.0336734693877551 0.05772005772005772
134 0.4591836734693878 0.36796536796536794 0.03469387755102041 0.06637806637806638
132 0.5193877551020408 0.36832611832611833 0.02653061224489796 0.06565656565656566
134 0.5913265306122449 0.36832611832611833 0.025510204081632654 0.0670995670995671
136 0.6602040816326531 0.3791486291486291 0.02653061224489796 0.05844155844155844
134 0.7239795918367348 0.38203463203463206 0.025510204081632654 0.06421356421356421
132 0.7836734693877552 0.386002886002886 0.0326530612244898 0.07215007215007214
134 0.8612244897959185 0.38311688311688313 0.02448979591836735 0.06637806637806638
136 0.9326530612244899 0.38311688311688313 0.02653061224489796 0.06782106782106782
26 0.13214285714285715 0.49783549783549785 0.047959183673469394 0.09379509379509379
16 0.17653061224489797 0.49278499278499277 0.020408163265306124 0.03318903318903319
73 0.24081632653061227 0.4967532467532468 0.02653061224489796 0.05555555555555555
73 0.5214285714285715 0.49747474747474746 0.02653061224489796 0.056998556998557
68 0.791326530612245 0.5119047619047619 0.031632653061224494 0.07575757575757576
28 0.1326530612244898 0.6240981240981242 0.05306122448979592 0.050505050505050504
16 0.17908163265306123 0.6251803751803752 0.025510204081632654 0.03535353535353535
18 0.6193877551020409 0.6161616161616161 0.0326530612244898 0.01443001443001443
27 0.13112244897959185 0.75 0.05204081632653062 0.051226551226551224
16 0.17653061224489797 0.753968253968254 0.020408163265306124 0.03318903318903319
96 0.23877551020408166 0.7611832611832612 0.028571428571428574 0.07792207792207792
96 0.3831632653061225 0.7611832611832612 0.02959183673469388 0.07792207792207792
99 0.5193877551020408 0.7528860028860029 0.02653061224489796 0.05844155844155844
99 0.6617346938775511 0.7528860028860029 0.025510204081632654 0.05844155844155844
96 0.7892857142857144 0.7615440115440115 0.02959183673469388 0.07864357864357864
96 0.9336734693877552 0.7611832611832612 0.028571428571428574 0.07792207792207792
37 0.13214285714285715 0.8802308802308803 0.05204081632653062 0.06493506493506493
16 0.17704081632653063 0.8791486291486291 0.02142857142857143 0.03391053391053391
101 0.238265306122449 0.8715728715728716 0.025510204081632654 0.05627705627705628
132 0.39081632653061227 0.8712121212121212 0.04081632653061225 0.05555555555555555
101 0.4556122448979592 0.8715728715728716 0.025510204081632654 0.05627705627705628
19 0.6617346938775511 0.8708513708513709 0.02959183673469388 0.011544011544011544
