14 0.12091836734693878 0.10317460317460317 0.01326530612244898 0.0101010101010101
14 0.4142857142857143 0.11507936507936507 0.012244897959183675 0.00937950937950938
12 0.9020408163265307 0.1443001443001443 0.0163265306122449 0.047619047619047616
12 0.3346938775510204 0.1443001443001443 0.018367346938775512 0.046176046176046176
12 0.9020408163265307 0.48593073593073594 0.0163265306122449 0.048340548340548344
12 0.3346938775510204 0.4855699855699856 0.0163265306122449 0.046176046176046176
14 0.12091836734693878 0.4678932178932179 0.01326530612244898 0.00937950937950938
14 0.41479591836734697 0.4797979797979798 0.01326530612244898 0.0101010101010101
12 0.9025510204081634 0.8268398268398268 0.017346938775510204 0.049062049062049064
12 0.3346938775510204 0.8268398268398268 0.018367346938775512 0.047619047619047616
110 0.1 0.1331168831168831 0.02448979591836735 0.07864357864357864
108 0.3948979591836735 0.1388888888888889 0.022448979591836737 0.06277056277056277
109 0.6551020408163266 0.13600288600288601 0.02653061224489796 0.06854256854256854
144 0.8229591836734694 0.1240981240981241 0.025510204081632654 0.09379509379509379
105 0.10102040816326531 0.48917748917748916 0.022448979591836737 0.05772005772005772
15 0.37142857142857144 0.48593073593073594 0.020408163265306124 0.03391053391053391
103 0.3959183673469388 0.49422799422799424 0.022448979591836737 0.06637806637806638
104 0.6556122448979592 0.49098124098124096 0.02142857142857143 0.06277056277056277
139 0.8224489795918368 0.48088023088023085 0.020408163265306124 0.06277056277056277
139 0.01479591836734694 0.8217893217893217 0.02755102040816327 0.06493506493506493
136 0.10153061224489797 0.8308080808080808 0.023469387755102045 0.05844155844155844
107 0.18775510204081636 0.8246753246753247 0.02448979591836735 0.05772005772005772
21 0.3959183673469388 0.8026695526695526 0.02448979591836735 0.025252525252525252
135 0.48061224489795923 0.8336940836940837 0.022448979591836737 0.06421356421356421
137 0.5673469387755102 0.8297258297258298 0.030612244897959186 0.05772005772005772
134 0.6551020408163266 0.8351370851370852 0.022448979591836737 0.0670995670995671
106 0.7433673469387756 0.8272005772005772 0.023469387755102045 0.051226551226551224
