103 0.32704081632653065 0.20887445887445888 0.025510204081632654 0.048340548340548344
103 0.3974489795918368 0.2085137085137085 0.025510204081632654 0.049062049062049064
103 0.46734693877551026 0.20887445887445888 0.02448979591836735 0.048340548340548344
103 0.5622448979591838 0.20815295815295815 0.02653061224489796 0.045454545454545456
19 0.6331632653061225 0.1893939393939394 0.03571428571428572 0.013708513708513708
18 0.8734693877551021 0.19624819624819625 0.04285714285714286 0.01443001443001443
18 0.4005102040816327 0.3430735930735931 0.04183673469387755 0.013708513708513708
20 0.5586734693877552 0.33946608946608947 0.025510204081632654 0.04112554112554113
103 0.6301020408163266 0.35533910533910534 0.025510204081632654 0.048340548340548344
103 0.7005102040816327 0.3556998556998557 0.025510204081632654 0.049062049062049064
103 0.7943877551020408 0.35533910533910534 0.025510204081632654 0.048340548340548344
103 0.8642857142857143 0.35533910533910534 0.02448979591836735 0.048340548340548344
103 0.9352040816326531 0.35533910533910534 0.025510204081632654 0.049783549783549784
18 0.22244897959183677 0.4862914862914863 0.04285714285714286 0.01443001443001443
103 0.39642857142857146 0.49855699855699853 0.025510204081632654 0.049062049062049064
103 0.47346938775510206 0.49855699855699853 0.02653061224489796 0.049062049062049064
103 0.5505102040816326 0.49855699855699853 0.025510204081632654 0.049062049062049064
103 0.653061224489796 0.4989177489177489 0.02653061224489796 0.048340548340548344
103 0.7301020408163266 0.4981962481962482 0.025510204081632654 0.048340548340548344
20 0.8040816326530613 0.48268398268398266 0.02448979591836735 0.0404040404040404
103 0.14234693877551022 0.6414141414141414 0.025510204081632654 0.049062049062049064
103 0.2198979591836735 0.6417748917748918 0.025510204081632654 0.049783549783549784
20 0.2938775510204082 0.6259018759018758 0.02448979591836735 0.04112554112554113
18 0.48469387755102045 0.6298701298701299 0.04285714285714286 0.01443001443001443
19 0.6571428571428573 0.6219336219336219 0.036734693877551024 0.012987012987012988
103 0.8076530612244899 0.6421356421356421 0.025510204081632654 0.047619047619047616
103 0.9076530612244899 0.6424963924963925 0.025510204081632654 0.048340548340548344
103 0.9846938775510204 0.6424963924963925 0.02448979591836735 0.049783549783549784
18 0.325 0.7727272727272727 0.04183673469387755 0.01443001443001443
18 0.7836734693877552 0.7727272727272727 0.04081632653061225 0.012987012987012988
103 0.17551020408163268 0.8928571428571429 0.02448979591836735 0.049783549783549784
103 0.3091836734693878 0.8924963924963925 0.02448979591836735 0.050505050505050504
103 0.44336734693877555 0.8921356421356421 0.025510204081632654 0.049783549783549784
103 0.6168367346938776 0.8928571428571429 0.025510204081632654 0.049783549783549784
103 0.7510204081632654 0.8921356421356421 0.02653061224489796 0.049783549783549784
103 0.8841836734693879 0.8921356421356421 0.025510204081632654 0.049783549783549784
