12 0.11466165413533834 0.3024800708591674 0.021303258145363407 0.05934455270150576
12 0.5018796992481203 0.3029229406554473 0.021303258145363407 0.05845881310894597
12 0.9041353383458646 0.3029229406554473 0.018796992481203006 0.05845881310894597
12 0.11466165413533834 0.44331266607617364 0.018796992481203006 0.05934455270150576
12 0.9041353383458646 0.44331266607617364 0.021303258145363407 0.05934455270150576
12 0.08333333333333333 0.7267493356953056 0.018796992481203006 0.05934455270150576
12 0.9041353383458646 0.7267493356953056 0.018796992481203006 0.05934455270150576
12 0.08395989974937343 0.8923826395039859 0.017543859649122806 0.05934455270150576
12 0.9035087719298245 0.8919397697077059 0.022556390977443608 0.05845881310894597
20 0.394110275689223 0.2759078830823738 0.03132832080200501 0.050487156775907885
16 0.5319548872180451 0.2577502214348982 0.023809523809523808 0.0566873339238264
20 0.7976190476190476 0.275022143489814 0.03383458646616541 0.050487156775907885
20 0.15601503759398494 0.4162976085031001 0.03132832080200501 0.049601417183348095
20 0.5595238095238095 0.4158547387068202 0.03132832080200501 0.050487156775907885
17 0.6522556390977443 0.4154118689105403 0.021303258145363407 0.070859167404783
103 0.13095238095238093 0.7369353410097431 0.03383458646616541 0.08148804251550044
20 0.2550125313283208 0.6984056687333924 0.03132832080200501 0.050487156775907885
16 0.3515037593984962 0.6824623560673162 0.023809523809523808 0.054030115146147036
139 0.3822055137844611 0.7201062887511072 0.03007518796992481 0.0779450841452613
138 0.45300751879699247 0.7240921169176262 0.043859649122807015 0.06997342781222321
17 0.762531328320802 0.7360496014171833 0.023809523809523808 0.07263064658990256
20 0.2550125313283208 0.8649247121346324 0.03132832080200501 0.050487156775907885
20 0.37969924812030076 0.8649247121346324 0.03007518796992481 0.050487156775907885
