12 0.09693877551020409 0.03499278499278499 0.012244897959183675 0.048340548340548344
12 0.5438775510204082 0.03535353535353535 0.0163265306122449 0.047619047619047616
12 0.8556122448979593 0.03535353535353535 0.015306122448979593 0.047619047619047616
12 0.09642857142857143 0.3235930735930736 0.01326530612244898 0.048340548340548344
12 0.5857142857142857 0.3232323232323232 0.0163265306122449 0.047619047619047616
12 0.09693877551020409 0.44264069264069267 0.012244897959183675 0.046897546897546896
12 0.5862244897959185 0.44264069264069267 0.017346938775510204 0.046897546897546896
12 0.09693877551020409 0.7305194805194806 0.014285714285714287 0.048340548340548344
12 0.629591836734694 0.7301587301587301 0.0163265306122449 0.047619047619047616
12 0.09693877551020409 0.8495670995670995 0.014285714285714287 0.048340548340548344
12 0.6290816326530613 0.8495670995670995 0.017346938775510204 0.048340548340548344
27 0.1306122448979592 0.03535353535353535 0.05306122448979592 0.05194805194805195
21 0.24438775510204083 0.03607503607503607 0.023469387755102045 0.024531024531024532
132 0.2867346938775511 0.03354978354978355 0.030612244897959186 0.05266955266955267
133 0.3346938775510204 0.03282828282828283 0.02448979591836735 0.05555555555555555
15 0.36275510204081635 0.02958152958152958 0.023469387755102045 0.03751803751803752
135 0.3872448979591837 0.0404040404040404 0.025510204081632654 0.06204906204906205
21 0.4316326530612245 0.03607503607503607 0.022448979591836737 0.024531024531024532
132 0.47346938775510206 0.03391053391053391 0.030612244897959186 0.05339105339105339
133 0.5112244897959184 0.03354978354978355 0.02448979591836735 0.05555555555555555
15 0.5637755102040817 0.029942279942279944 0.023469387755102045 0.03823953823953824
135 0.589795918367347 0.04112554112554113 0.02653061224489796 0.06204906204906205
21 0.6331632653061225 0.03607503607503607 0.023469387755102045 0.024531024531024532
20 0.6678571428571429 0.03318903318903319 0.01938775510204082 0.03896103896103896
17 0.7602040816326532 0.030303030303030304 0.018367346938775512 0.03896103896103896
21 0.826530612244898 0.03715728715728716 0.02448979591836735 0.025252525252525252
26 0.13367346938775512 0.3203463203463203 0.0489795918367347 0.09235209235209235
15 0.29744897959183675 0.3051948051948052 0.023469387755102045 0.03751803751803752
15 0.29744897959183675 0.3477633477633478 0.02142857142857143 0.03751803751803752
21 0.3688775510204082 0.32395382395382394 0.025510204081632654 0.025974025974025976
21 0.5505102040816326 0.3246753246753247 0.025510204081632654 0.025974025974025976
15 0.7443877551020409 0.3051948051948052 0.023469387755102045 0.03751803751803752
15 0.7448979591836735 0.3477633477633478 0.020408163265306124 0.03751803751803752
17 0.8010204081632654 0.30483405483405485 0.018367346938775512 0.03968253968253968
17 0.8010204081632654 0.3466810966810967 0.0163265306122449 0.03823953823953824
15 0.9892857142857143 0.3059163059163059 0.015306122448979593 0.03751803751803752
27 0.13316326530612246 0.443001443001443 0.05408163265306123 0.05194805194805195
15 0.18010204081632655 0.424963924963925 0.02755102040816327 0.0404040404040404
15 0.6275510204081634 0.4531024531024531 0.02448979591836735 0.03751803751803752
15 0.6275510204081634 0.49567099567099565 0.022448979591836737 0.03607503607503607
26 0.13316326530612246 0.7276334776334776 0.047959183673469394 0.09307359307359307
15 0.24183673469387756 0.7121212121212122 0.02448979591836735 0.03751803751803752
15 0.24234693877551022 0.7543290043290043 0.02142857142857143 0.0367965367965368
17 0.4591836734693878 0.7121212121212122 0.018367346938775512 0.03896103896103896
17 0.4596938775510204 0.753968253968254 0.017346938775510204 0.03751803751803752
17 0.5153061224489797 0.7052669552669553 0.018367346938775512 0.03823953823953824
17 0.5158163265306123 0.7485569985569985 0.017346938775510204 0.03823953823953824
135 0.7239795918367348 0.7171717171717171 0.025510204081632654 0.07792207792207792
15 0.8091836734693878 0.753968253968254 0.022448979591836737 0.03751803751803752
15 0.8096938775510205 0.7121212121212122 0.025510204081632654 0.03751803751803752
140 0.9367346938775512 0.7081529581529582 0.028571428571428574 0.09884559884559885
27 0.1306122448979592 0.84992784992785 0.05306122448979592 0.05194805194805195
15 0.1795918367346939 0.9025974025974026 0.020408163265306124 0.03607503607503607
15 0.18112244897959184 0.8607503607503607 0.023469387755102045 0.03896103896103896
20 0.6719387755102041 0.8481240981240982 0.023469387755102045 0.03968253968253968
15 0.8086734693877552 0.8441558441558441 0.025510204081632654 0.03896103896103896
15 0.8091836734693878 0.886002886002886 0.020408163265306124 0.03607503607503607
21 0.9367346938775512 0.8502886002886003 0.02653061224489796 0.025252525252525252
