7 0.2 0.06746031746031746 0.05306122448979592 0.06421356421356421
12 0.09591836734693879 0.07539682539682539 0.014285714285714287 0.049783549783549784
12 0.663265306122449 0.07503607503607504 0.0163265306122449 0.049062049062049064
7 0.2 0.2012987012987013 0.05306122448979592 0.06349206349206349
12 0.09591836734693879 0.2041847041847042 0.014285714285714287 0.047619047619047616
12 0.663265306122449 0.20382395382395382 0.0163265306122449 0.046897546897546896
7 0.2 0.4769119769119769 0.05102040816326531 0.06349206349206349
12 0.09540816326530613 0.4906204906204906 0.01326530612244898 0.049062049062049064
12 0.692857142857143 0.4906204906204906 0.018367346938775512 0.047619047619047616
7 0.20051020408163267 0.6056998556998557 0.05204081632653062 0.06421356421356421
12 0.09591836734693879 0.6194083694083694 0.014285714285714287 0.048340548340548344
12 0.692857142857143 0.6186868686868687 0.0163265306122449 0.046897546897546896
7 0.2 0.7402597402597403 0.05102040816326531 0.06493506493506493
12 0.09591836734693879 0.7481962481962482 0.014285714285714287 0.049062049062049064
12 0.692857142857143 0.7478354978354979 0.0163265306122449 0.048340548340548344
0 0.2 0.8744588744588745 0.05306122448979592 0.06349206349206349
12 0.09591836734693879 0.8766233766233766 0.014285714285714287 0.047619047619047616
12 0.6923469387755102 0.8780663780663781 0.015306122448979593 0.044733044733044736
28 0.13316326530612246 0.07431457431457432 0.056122448979591844 0.06637806637806638
18 0.438265306122449 0.06637806637806638 0.04183673469387755 0.01443001443001443
132 0.6964285714285715 0.07395382395382395 0.03571428571428572 0.05411255411255411
129 0.7403061224489796 0.0808080808080808 0.031632653061224494 0.06782106782106782
132 0.7933673469387755 0.07395382395382395 0.02755102040816327 0.05411255411255411
129 0.8367346938775511 0.08008658008658008 0.030612244897959186 0.06782106782106782
133 0.8923469387755103 0.07395382395382395 0.0336734693877551 0.05411255411255411
129 0.9331632653061225 0.08152958152958154 0.02959183673469388 0.06493506493506493
131 0.9846938775510204 0.07503607503607504 0.02653061224489796 0.05194805194805195
27 0.13979591836734695 0.2049062049062049 0.06326530612244899 0.05916305916305916
131 0.28163265306122454 0.20238095238095238 0.03469387755102041 0.05411255411255411
132 0.32602040816326533 0.20093795093795094 0.02755102040816327 0.056998556998557
133 0.37397959183673474 0.1994949494949495 0.02755102040816327 0.05988455988455989
134 0.4229591836734694 0.19805194805194806 0.025510204081632654 0.06421356421356421
135 0.46938775510204084 0.20995670995670995 0.02653061224489796 0.06493506493506493
136 0.5168367346938776 0.21103896103896103 0.02755102040816327 0.06565656565656566
135 0.5653061224489796 0.2124819624819625 0.02653061224489796 0.0670995670995671
16 0.6005102040816327 0.1958874458874459 0.01938775510204082 0.04256854256854257
134 0.6229591836734695 0.21284271284271283 0.0336734693877551 0.06926406926406926
132 0.6989795918367347 0.2012987012987013 0.04081632653061225 0.05627705627705628
99 0.741326530612245 0.20707070707070707 0.02755102040816327 0.05772005772005772
97 0.8387755102040817 0.21212121212121213 0.028571428571428574 0.06926406926406926
99 0.9336734693877552 0.20707070707070707 0.028571428571428574 0.05772005772005772
26 0.13367346938775512 0.4902597402597403 0.05306122448979592 0.10461760461760462
18 0.4525510204081633 0.4816017316017316 0.04387755102040817 0.015151515151515152
140 0.726530612244898 0.48124098124098125 0.030612244897959186 0.06926406926406926
137 0.7688775510204082 0.4902597402597403 0.025510204081632654 0.051226551226551224
140 0.8198979591836736 0.48088023088023085 0.02959183673469388 0.06998556998556998
137 0.8571428571428572 0.4902597402597403 0.0326530612244898 0.051226551226551224
141 0.9112244897959184 0.4787157287157287 0.030612244897959186 0.07431457431457432
137 0.9515306122448981 0.4902597402597403 0.025510204081632654 0.051226551226551224
26 0.13316326530612246 0.6190476190476191 0.05204081632653062 0.10678210678210678
133 0.27704081632653066 0.6266233766233766 0.025510204081632654 0.06565656565656566
134 0.3755102040816327 0.6237373737373737 0.02653061224489796 0.05988455988455989
135 0.4209183673469388 0.6226551226551227 0.025510204081632654 0.05772005772005772
136 0.4637755102040817 0.6215728715728716 0.0336734693877551 0.056998556998557
137 0.5102040816326531 0.6194083694083694 0.02448979591836735 0.051226551226551224
138 0.553061224489796 0.6172438672438673 0.02653061224489796 0.05988455988455989
137 0.6000000000000001 0.6208513708513709 0.02653061224489796 0.05411255411255411
16 0.6311224489795919 0.5995670995670995 0.01938775510204082 0.04184704184704185
136 0.6535714285714286 0.6219336219336219 0.0336734693877551 0.05627705627705628
135 0.7250000000000001 0.6251803751803752 0.02755102040816327 0.06277056277056277
102 0.7704081632653061 0.6132756132756133 0.02653061224489796 0.06204906204906205
101 0.8622448979591838 0.6158008658008658 0.02653061224489796 0.056998556998557
99 0.9525510204081633 0.6222943722943723 0.02755102040816327 0.056998556998557
28 0.1326530612244898 0.7471139971139971 0.05510204081632654 0.06565656565656566
132 0.2821428571428572 0.746031746031746 0.0336734693877551 0.05339105339105339
131 0.376530612244898 0.7463924963924964 0.030612244897959186 0.05555555555555555
132 0.42193877551020414 0.7456709956709957 0.02755102040816327 0.05555555555555555
133 0.46734693877551026 0.7456709956709957 0.02653061224489796 0.056998556998557
131 0.514795918367347 0.7478354978354979 0.0336734693877551 0.05266955266955267
129 0.5556122448979592 0.7546897546897547 0.02755102040816327 0.06493506493506493
20 0.5969387755102041 0.7485569985569985 0.02448979591836735 0.04112554112554113
136 0.7255102040816327 0.7510822510822511 0.030612244897959186 0.05772005772005772
106 0.7688775510204082 0.7481962481962482 0.02755102040816327 0.05194805194805195
107 0.8602040816326532 0.7449494949494949 0.02653061224489796 0.056998556998557
108 0.9515306122448981 0.7417027417027418 0.025510204081632654 0.06349206349206349
27 0.1392857142857143 0.8777056277056277 0.0642857142857143 0.05844155844155844
140 0.2780612244897959 0.8676046176046176 0.031632653061224494 0.06854256854256854
34 0.32551020408163267 0.8690476190476191 0.04489795918367347 0.06421356421356421
107 0.3760204081632653 0.8737373737373737 0.02755102040816327 0.05772005772005772
108 0.4668367346938776 0.8712121212121212 0.02959183673469388 0.06277056277056277
109 0.5551020408163265 0.8679653679653679 0.030612244897959186 0.06926406926406926
141 0.6586734693877552 0.8643578643578643 0.031632653061224494 0.07647907647907648
141 0.7260204081632654 0.8650793650793651 0.031632653061224494 0.07647907647907648
109 0.7688775510204082 0.8686868686868687 0.02959183673469388 0.0707070707070707
108 0.8596938775510204 0.8712121212121212 0.02755102040816327 0.06277056277056277
107 0.9515306122448981 0.8737373737373737 0.02755102040816327 0.05772005772005772
