12 0.9025510204081634 0.03535353535353535 0.017346938775510204 0.049062049062049064
12 0.12551020408163266 0.03535353535353535 0.018367346938775512 0.047619047619047616
12 0.5178571428571429 0.03571428571428571 0.017346938775510204 0.048340548340548344
12 0.4892857142857143 0.3232323232323232 0.017346938775510204 0.049062049062049064
12 0.9025510204081634 0.32287157287157287 0.015306122448979593 0.048340548340548344
12 0.06122448979591837 0.3232323232323232 0.0163265306122449 0.047619047619047616
12 0.06122448979591837 0.44264069264069267 0.0163265306122449 0.048340548340548344
12 0.4892857142857143 0.44264069264069267 0.017346938775510204 0.048340548340548344
12 0.9025510204081634 0.443001443001443 0.017346938775510204 0.049062049062049064
12 0.5168367346938776 0.7297979797979798 0.017346938775510204 0.048340548340548344
12 0.9020408163265307 0.7294372294372294 0.0163265306122449 0.047619047619047616
12 0.07448979591836735 0.7301587301587301 0.0163265306122449 0.047619047619047616
12 0.0739795918367347 0.8492063492063492 0.015306122448979593 0.049062049062049064
12 0.5178571428571429 0.8492063492063492 0.015306122448979593 0.049062049062049064
12 0.9020408163265307 0.8495670995670995 0.0163265306122449 0.048340548340548344
21 0.01938775510204082 0.03607503607503607 0.02448979591836735 0.024531024531024532
19 0.05816326530612245 0.032467532467532464 0.030612244897959186 0.011544011544011544
15 0.2219387755102041 0.3412698412698413 0.023469387755102045 0.03751803751803752
15 0.22244897959183677 0.2994227994227994 0.02448979591836735 0.03751803751803752
21 0.3887755102040817 0.3246753246753247 0.02448979591836735 0.025974025974025976
20 0.4295918367346939 0.32142857142857145 0.022448979591836737 0.03968253968253968
15 0.5683673469387756 0.30447330447330445 0.02448979591836735 0.03896103896103896
15 0.5688775510204083 0.34704184704184704 0.02142857142857143 0.03751803751803752
21 0.6857142857142857 0.32395382395382394 0.02653061224489796 0.025974025974025976
21 0.8678571428571429 0.32395382395382394 0.025510204081632654 0.025974025974025976
15 0.10459183673469388 0.4725829725829726 0.02142857142857143 0.03463203463203463
15 0.10510204081632654 0.4296536796536797 0.022448979591836737 0.0367965367965368
20 0.4301020408163266 0.4401154401154401 0.023469387755102045 0.03896103896103896
21 0.15714285714285717 0.7308802308802309 0.02448979591836735 0.024531024531024532
127 0.20612244897959187 0.7427849927849928 0.03469387755102041 0.07431457431457432
128 0.26581632653061227 0.7391774891774892 0.02959183673469388 0.06998556998556998
15 0.3010204081632653 0.753968253968254 0.022448979591836737 0.03896103896103896
130 0.3352040816326531 0.733044733044733 0.03775510204081633 0.05627705627705628
21 0.37959183673469393 0.7312409812409812 0.022448979591836737 0.025252525252525252
127 0.42908163265306126 0.7427849927849928 0.0336734693877551 0.07431457431457432
128 0.47602040816326535 0.7395382395382395 0.031632653061224494 0.06926406926406926
15 0.5403061224489797 0.7536075036075036 0.023469387755102045 0.03823953823953824
130 0.5750000000000001 0.7334054834054834 0.03775510204081633 0.056998556998557
21 0.6193877551020409 0.7312409812409812 0.02448979591836735 0.025252525252525252
20 0.6622448979591837 0.7276334776334776 0.020408163265306124 0.03823953823953824
17 0.7892857142857144 0.753968253968254 0.017346938775510204 0.03896103896103896
21 0.8653061224489796 0.7312409812409812 0.02448979591836735 0.025252525252525252
21 0.15714285714285717 0.8506493506493507 0.02448979591836735 0.025974025974025976
132 0.20765306122448982 0.8477633477633477 0.031632653061224494 0.05339105339105339
133 0.26479591836734695 0.847041847041847 0.023469387755102045 0.05627705627705628
15 0.3010204081632653 0.8434343434343434 0.02448979591836735 0.03751803751803752
135 0.326530612244898 0.8546176046176046 0.02653061224489796 0.06277056277056277
21 0.37959183673469393 0.84992784992785 0.02448979591836735 0.024531024531024532
132 0.4301020408163266 0.8477633477633477 0.031632653061224494 0.05339105339105339
133 0.47500000000000003 0.847041847041847 0.025510204081632654 0.05627705627705628
15 0.5403061224489797 0.8430735930735931 0.023469387755102045 0.03823953823953824
135 0.5658163265306123 0.8546176046176046 0.025510204081632654 0.06277056277056277
21 0.6193877551020409 0.8506493506493507 0.02448979591836735 0.024531024531024532
20 0.6622448979591837 0.8474025974025974 0.020408163265306124 0.03823953823953824
17 0.7887755102040817 0.8441558441558441 0.018367346938775512 0.0404040404040404
21 0.8653061224489796 0.851010101010101 0.02653061224489796 0.026695526695526696
15 0.08316326530612246 0.44877344877344877 0.02142857142857143 0.03463203463203463
