12 0.03469387755102041 0.1176046176046176 0.0163265306122449 0.047619047619047616
12 0.3163265306122449 0.11832611832611832 0.0163265306122449 0.047619047619047616
12 0.9020408163265307 0.11868686868686869 0.0163265306122449 0.048340548340548344
12 0.6178571428571429 0.11868686868686869 0.015306122448979593 0.046897546897546896
14 0.7785714285714287 0.10028860028860029 0.012244897959183675 0.0101010101010101
14 0.18112244897959184 0.11219336219336219 0.01326530612244898 0.00937950937950938
14 0.47704081632653067 0.1240981240981241 0.011224489795918368 0.008658008658008658
12 0.9025510204081634 0.2474747474747475 0.015306122448979593 0.049062049062049064
12 0.034183673469387756 0.24783549783549783 0.015306122448979593 0.048340548340548344
12 0.31734693877551023 0.24783549783549783 0.0163265306122449 0.048340548340548344
12 0.6178571428571429 0.24783549783549783 0.017346938775510204 0.048340548340548344
12 0.03469387755102041 0.37734487734487737 0.0163265306122449 0.047619047619047616
12 0.9025510204081634 0.3777056277056277 0.015306122448979593 0.048340548340548344
12 0.3163265306122449 0.3777056277056277 0.0163265306122449 0.046897546897546896
12 0.6178571428571429 0.3777056277056277 0.015306122448979593 0.046897546897546896
12 0.03469387755102041 0.5072150072150072 0.0163265306122449 0.047619047619047616
12 0.3168367346938776 0.5072150072150072 0.015306122448979593 0.047619047619047616
12 0.6178571428571429 0.5072150072150072 0.015306122448979593 0.047619047619047616
12 0.9025510204081634 0.5075757575757576 0.015306122448979593 0.048340548340548344
14 0.1806122448979592 0.5014430014430015 0.012244897959183675 0.008658008658008658
12 0.5693877551020409 0.7994227994227994 0.0163265306122449 0.049062049062049064
12 0.9020408163265307 0.7994227994227994 0.018367346938775512 0.049062049062049064
12 0.23112244897959186 0.799062049062049 0.015306122448979593 0.046897546897546896
14 0.04285714285714286 0.8170995670995671 0.012244897959183675 0.00937950937950938
12 0.9025510204081634 0.9289321789321789 0.017346938775510204 0.048340548340548344
12 0.23214285714285715 0.9285714285714286 0.015306122448979593 0.046176046176046176
12 0.5704081632653062 0.9289321789321789 0.0163265306122449 0.046897546897546896
106 0.0816326530612245 0.11832611832611832 0.02653061224489796 0.050505050505050504
15 0.1316326530612245 0.11255411255411256 0.022448979591836737 0.03751803751803752
104 0.15816326530612246 0.12445887445887446 0.02653061224489796 0.06277056277056277
137 0.28469387755102044 0.11796536796536797 0.02653061224489796 0.049783549783549784
15 0.33673469387755106 0.09487734487734488 0.022448979591836737 0.03823953823953824
138 0.36275510204081635 0.11544011544011544 0.025510204081632654 0.05772005772005772
137 0.413265306122449 0.1176046176046176 0.0326530612244898 0.050505050505050504
102 0.45459183673469394 0.11291486291486291 0.025510204081632654 0.06132756132756133
140 0.588265306122449 0.10930735930735931 0.031632653061224494 0.06854256854256854
15 0.6377551020408164 0.0891053391053391 0.022448979591836737 0.03823953823953824
108 0.6627551020408163 0.11183261183261184 0.025510204081632654 0.06349206349206349
106 0.7556122448979593 0.11832611832611832 0.025510204081632654 0.05194805194805195
15 0.8454081632653062 0.11255411255411256 0.023469387755102045 0.03751803751803752
135 0.8714285714285716 0.12301587301587301 0.02653061224489796 0.06277056277056277
132 0.08418367346938777 0.24603174603174602 0.031632653061224494 0.05339105339105339
133 0.12040816326530614 0.24458874458874458 0.02448979591836735 0.05483405483405483
133 0.16122448979591839 0.24386724386724387 0.030612244897959186 0.05483405483405483
132 0.19540816326530613 0.24603174603174602 0.025510204081632654 0.05339105339105339
15 0.2219387755102041 0.26551226551226553 0.02142857142857143 0.03751803751803752
131 0.25204081632653064 0.24711399711399712 0.0326530612244898 0.05266955266955267
132 0.28571428571428575 0.24675324675324675 0.02448979591836735 0.05339105339105339
132 0.36683673469387756 0.24603174603174602 0.0336734693877551 0.05339105339105339
133 0.4168367346938776 0.2453102453102453 0.025510204081632654 0.05627705627705628
133 0.4581632653061225 0.24458874458874458 0.030612244897959186 0.05483405483405483
132 0.4948979591836735 0.24603174603174602 0.02448979591836735 0.05339105339105339
132 0.5377551020408163 0.24603174603174602 0.0326530612244898 0.05194805194805195
15 0.5612244897959184 0.26515151515151514 0.020408163265306124 0.0367965367965368
131 0.5867346938775511 0.2481962481962482 0.02653061224489796 0.05339105339105339
134 0.6642857142857144 0.2554112554112554 0.02653061224489796 0.06493506493506493
15 0.6913265306122449 0.2417027417027417 0.02142857142857143 0.03751803751803752
135 0.7137755102040817 0.25396825396825395 0.031632653061224494 0.06349206349206349
134 0.7607142857142858 0.24062049062049062 0.031632653061224494 0.06421356421356421
133 0.7943877551020408 0.24242424242424243 0.025510204081632654 0.06349206349206349
130 0.8321428571428572 0.2518037518037518 0.02959183673469388 0.05916305916305916
133 0.8729591836734695 0.24675324675324675 0.025510204081632654 0.05339105339105339
132 0.0836734693877551 0.37518037518037517 0.030612244897959186 0.05627705627705628
138 0.15714285714285717 0.37518037518037517 0.02653061224489796 0.05772005772005772
136 0.19132653061224492 0.37842712842712845 0.02959183673469388 0.049783549783549784
15 0.22244897959183677 0.3777056277056277 0.022448979591836737 0.03823953823953824
134 0.2489795918367347 0.3856421356421356 0.02653061224489796 0.0670995670995671
132 0.2826530612244898 0.3878066378066378 0.030612244897959186 0.07142857142857142
101 0.3642857142857143 0.37481962481962483 0.02653061224489796 0.056998556998557
15 0.4275510204081633 0.37806637806637805 0.022448979591836737 0.03751803751803752
134 0.45510204081632655 0.3838383838383838 0.02653061224489796 0.06349206349206349
136 0.49132653061224496 0.3805916305916306 0.031632653061224494 0.056998556998557
136 0.5326530612244899 0.3791486291486291 0.02448979591836735 0.05555555555555555
135 0.5831632653061225 0.38023088023088025 0.031632653061224494 0.05627705627705628
104 0.664795918367347 0.38311688311688313 0.025510204081632654 0.06204906204906205
15 0.729591836734694 0.37806637806637805 0.022448979591836737 0.03751803751803752
103 0.7561224489795919 0.3852813852813853 0.02653061224489796 0.06637806637806638
101 0.8311224489795919 0.37481962481962483 0.02755102040816327 0.056998556998557
15 0.05459183673469388 0.5133477633477633 0.023469387755102045 0.03823953823953824
102 0.0826530612244898 0.5007215007215007 0.02653061224489796 0.06204906204906205
104 0.15816326530612246 0.5133477633477633 0.02653061224489796 0.06277056277056277
133 0.2908163265306123 0.5021645021645021 0.03877551020408164 0.06204906204906205
15 0.33673469387755106 0.5198412698412699 0.022448979591836737 0.03823953823953824
132 0.36683673469387756 0.5061327561327561 0.02959183673469388 0.05411255411255411
15 0.3903061224489796 0.5137085137085137 0.02142857142857143 0.03751803751803752
133 0.4168367346938776 0.5046897546897547 0.025510204081632654 0.05555555555555555
104 0.45459183673469394 0.5126262626262627 0.02755102040816327 0.06277056277056277
134 0.5377551020408163 0.49927849927849927 0.0326530612244898 0.06782106782106782
127 0.588265306122449 0.5180375180375181 0.02959183673469388 0.07792207792207792
97 0.6642857142857144 0.5158730158730159 0.030612244897959186 0.06926406926406926
131 0.7561224489795919 0.5079365079365079 0.028571428571428574 0.05194805194805195
15 0.803061224489796 0.5133477633477633 0.02448979591836735 0.03968253968253968
102 0.8301020408163267 0.5028860028860029 0.025510204081632654 0.06204906204906205
99 0.02142857142857143 0.801948051948052 0.02653061224489796 0.056998556998557
130 0.1969387755102041 0.8023088023088023 0.03877551020408164 0.05627705627705628
100 0.26173469387755105 0.7997835497835498 0.02755102040816327 0.051226551226551224
99 0.3602040816326531 0.8023088023088023 0.02653061224489796 0.05772005772005772
21 0.4698979591836735 0.8005050505050505 0.02142857142857143 0.025252525252525252
130 0.5352040816326531 0.8023088023088023 0.03775510204081633 0.05627705627705628
100 0.6010204081632654 0.7997835497835498 0.02653061224489796 0.051226551226551224
21 0.6964285714285715 0.8001443001443002 0.02142857142857143 0.024531024531024532
131 0.753061224489796 0.7994227994227994 0.04081632653061225 0.05194805194805195
102 0.7969387755102042 0.7904040404040404 0.02653061224489796 0.05555555555555555
69 0.022448979591836737 0.9372294372294372 0.030612244897959186 0.06926406926406926
97 0.2612244897959184 0.9368686868686869 0.028571428571428574 0.06998556998556998
15 0.33265306122448984 0.9646464646464646 0.020408163265306124 0.03751803751803752
97 0.3602040816326531 0.9368686868686869 0.028571428571428574 0.0670995670995671
21 0.4698979591836735 0.93001443001443 0.02142857142857143 0.024531024531024532
128 0.5341836734693878 0.9375901875901876 0.04387755102040817 0.06854256854256854
97 0.5994897959183674 0.9372294372294372 0.02959183673469388 0.06926406926406926
21 0.6959183673469388 0.9296536796536796 0.020408163265306124 0.025252525252525252
17 0.7229591836734695 0.9646464646464646 0.015306122448979593 0.03751803751803752
128 0.7535714285714287 0.9368686868686869 0.04183673469387755 0.06854256854256854
100 0.7979591836734694 0.9289321789321789 0.02653061224489796 0.051226551226551224
