12 0.5025510204081634 0.13600288600288601 0.015306122448979593 0.048340548340548344
12 0.238265306122449 0.1370851370851371 0.01326530612244898 0.049062049062049064
12 0.7979591836734694 0.13636363636363635 0.0163265306122449 0.047619047619047616
12 0.24081632653061227 0.3564213564213564 0.014285714285714287 0.050505050505050504
12 0.5025510204081634 0.3556998556998557 0.015306122448979593 0.047619047619047616
12 0.7979591836734694 0.3556998556998557 0.0163265306122449 0.047619047619047616
12 0.2392857142857143 0.575036075036075 0.01326530612244898 0.049062049062049064
12 0.5025510204081634 0.575036075036075 0.015306122448979593 0.047619047619047616
12 0.7979591836734694 0.575036075036075 0.0163265306122449 0.047619047619047616
26 0.27448979591836736 0.1370851370851371 0.05306122448979592 0.10533910533910534
18 0.42040816326530617 0.12698412698412698 0.04489795918367347 0.01443001443001443
18 0.6454081632653061 0.12734487734487734 0.04183673469387755 0.013708513708513708
18 0.976530612244898 0.1277056277056277 0.04285714285714286 0.01443001443001443
31 0.275 0.36327561327561325 0.05204081632653062 0.1176046176046176
18 0.4198979591836735 0.3463203463203463 0.04387755102040817 0.01443001443001443
18 0.6459183673469389 0.34704184704184704 0.04285714285714286 0.01443001443001443
18 0.976530612244898 0.3474025974025974 0.04285714285714286 0.015151515151515152
37 0.2821428571428572 0.5804473304473304 0.05816326530612245 0.06998556998556998
18 0.42040816326530617 0.5656565656565656 0.04285714285714286 0.01443001443001443
18 0.6459183673469389 0.5663780663780664 0.04285714285714286 0.01443001443001443
18 0.976530612244898 0.5667388167388168 0.04285714285714286 0.015151515151515152
