12 0.9025510204081634 0.21356421356421357 0.01938775510204082 0.049062049062049064
12 0.48469387755102045 0.21392496392496393 0.020408163265306124 0.048340548340548344
12 0.07500000000000001 0.21392496392496393 0.017346938775510204 0.046897546897546896
12 0.903061224489796 0.4653679653679654 0.018367346938775512 0.049062049062049064
12 0.07448979591836735 0.4657287157287157 0.014285714285714287 0.048340548340548344
12 0.48367346938775513 0.4657287157287157 0.018367346938775512 0.048340548340548344
14 0.5489795918367347 0.44733044733044736 0.014285714285714287 0.0101010101010101
14 0.13979591836734695 0.45995670995670995 0.012244897959183675 0.00937950937950938
105 0.11173469387755103 0.21608946608946608 0.023469387755102045 0.056998556998557
19 0.24132653061224493 0.2113997113997114 0.0336734693877551 0.01443001443001443
77 0.5255102040816327 0.21717171717171718 0.030612244897959186 0.05627705627705628
21 0.7739795918367348 0.2132034632034632 0.023469387755102045 0.023809523809523808
15 0.8234693877551021 0.23124098124098125 0.020408163265306124 0.03391053391053391
131 0.8520408163265307 0.2132034632034632 0.03469387755102041 0.049783549783549784
75 0.11479591836734696 0.47294372294372294 0.02755102040816327 0.0670995670995671
77 0.5255102040816327 0.46825396825396826 0.030612244897959186 0.05772005772005772
