12 0.9034090909090908 0.12851405622489961 0.015909090909090907 0.05461847389558233
12 0.9028409090909091 0.26867469879518074 0.019318181818181818 0.05381526104417671
12 0.9034090909090908 0.5417670682730924 0.01818181818181818 0.05381526104417671
12 0.9028409090909091 0.6755020080321286 0.017045454545454544 0.05301204819277109
12 0.049999999999999996 0.9485943775100402 0.01818181818181818 0.05461847389558233
12 0.9034090909090908 0.9485943775100402 0.015909090909090907 0.05461847389558233
191 0.026704545454545453 0.13293172690763053 0.035227272727272725 0.06666666666666667
137 0.09090909090909091 0.12851405622489961 0.031818181818181815 0.05622489959839358
194 0.3414772727272727 0.12208835341365462 0.028409090909090908 0.07068273092369479
193 0.41363636363636364 0.12530120481927712 0.02727272727272727 0.06425702811244981
192 0.48522727272727273 0.12811244979919678 0.029545454545454545 0.0570281124497992
193 0.5494318181818182 0.12570281124497992 0.0375 0.06345381526104418
192 0.6278409090909091 0.12851405622489961 0.03068181818181818 0.05943775100401607
193 0.7005681818181818 0.12570281124497992 0.028409090909090908 0.06345381526104418
194 0.7715909090909091 0.12248995983935744 0.029545454545454545 0.0746987951807229
193 0.8392045454545454 0.12610441767068273 0.035227272727272725 0.06425702811244981
162 0.09431818181818181 0.2674698795180723 0.03636363636363636 0.06104417670682731
160 0.175 0.27188755020080324 0.031818181818181815 0.06345381526104418
158 0.2568181818181818 0.27871485943775104 0.029545454545454545 0.07710843373493977
156 0.3443181818181818 0.28473895582329317 0.04318181818181818 0.09076305220883535
158 0.4375 0.2783132530120482 0.031818181818181815 0.07630522088353414
161 0.5335227272727272 0.26907630522088355 0.03068181818181818 0.05783132530120482
163 0.6323863636363636 0.2674698795180723 0.035227272727272725 0.05943775100401607
161 0.7261363636363636 0.26947791164658635 0.031818181818181815 0.0570281124497992
158 0.81875 0.27871485943775104 0.03068181818181818 0.07550200803212852
188 0.019318181818181818 0.5325301204819277 0.02727272727272727 0.07550200803212852
187 0.07613636363636363 0.5341365461847389 0.029545454545454545 0.07228915662650602
133 0.1431818181818182 0.5341365461847389 0.04318181818181818 0.06746987951807229
165 0.39147727272727273 0.5293172690763053 0.0375 0.07871485943775101
164 0.5238636363636363 0.5325301204819277 0.029545454545454545 0.07228915662650602
162 0.6556818181818181 0.5369477911646586 0.029545454545454545 0.06666666666666667
160 0.7852272727272727 0.5457831325301205 0.024999999999999998 0.07148594377510041
168 0.01534090909090909 0.6738955823293173 0.028409090909090908 0.06746987951807229
170 0.1346590909090909 0.6666666666666667 0.03068181818181818 0.07710843373493977
168 0.21704545454545454 0.672289156626506 0.02727272727272727 0.06425702811244981
166 0.29659090909090907 0.6771084337349398 0.03636363636363636 0.06104417670682731
163 0.3852272727272727 0.6871485943775101 0.029545454545454545 0.07951807228915662
167 0.4784090909090909 0.6807228915662651 0.029545454545454545 0.07148594377510041
169 0.5590909090909091 0.6698795180722892 0.038636363636363635 0.07228915662650602
170 0.6545454545454545 0.665863453815261 0.031818181818181815 0.07710843373493977
169 0.7420454545454546 0.6678714859437751 0.02727272727272727 0.06987951807228916
167 0.8238636363636364 0.6755020080321286 0.038636363636363635 0.05783132530120482
107 0.08579545454545454 0.9457831325301205 0.028409090909090908 0.06345381526104418
106 0.35 0.9481927710843374 0.029545454545454545 0.0570281124497992
194 0.6840909090909091 0.942570281124498 0.02727272727272727 0.07309236947791165
193 0.71875 0.9461847389558233 0.028409090909090908 0.06425702811244981
192 0.7511363636363636 0.948995983935743 0.03409090909090909 0.0570281124497992
169 0.7909090909090909 0.9449799196787149 0.02727272727272727 0.06506024096385543
170 0.8494318181818181 0.9389558232931727 0.03977272727272727 0.07710843373493977
168 0.6159090909090909 0.9449799196787149 0.031818181818181815 0.06345381526104418
