12 0.5592592592592592 0.11256544502617802 0.020370370370370372 0.044502617801047126
12 0.9037037037037038 0.11256544502617802 0.016666666666666666 0.044502617801047126
12 0.22592592592592595 0.11321989528795812 0.016666666666666666 0.044502617801047126
12 0.5620370370370371 0.21433246073298431 0.020370370370370372 0.04384816753926702
12 0.22592592592592595 0.2149869109947644 0.018518518518518517 0.04384816753926702
12 0.9023148148148149 0.2149869109947644 0.017592592592592594 0.04384816753926702
12 0.2263888888888889 0.31642670157068065 0.019444444444444445 0.04384816753926702
12 0.5601851851851852 0.3170811518324608 0.016666666666666666 0.04515706806282723
12 0.9027777777777778 0.3167539267015707 0.016666666666666666 0.044502617801047126
12 0.5597222222222222 0.418520942408377 0.015740740740740743 0.04384816753926702
12 0.22546296296296298 0.418848167539267 0.017592592592592594 0.043193717277486915
12 0.9027777777777778 0.4191753926701571 0.014814814814814815 0.04384816753926702
12 0.9027777777777778 0.6050392670157069 0.016666666666666666 0.04384816753926702
12 0.030555555555555558 0.605693717277487 0.016666666666666666 0.04384816753926702
12 0.3078703703703704 0.6050392670157069 0.017592592592592594 0.04253926701570681
12 0.5986111111111111 0.605693717277487 0.017592592592592594 0.04384816753926702
12 0.030555555555555558 0.7074607329842932 0.018518518518518517 0.043193717277486915
12 0.3078703703703704 0.7074607329842932 0.017592592592592594 0.043193717277486915
12 0.5990740740740741 0.7074607329842932 0.016666666666666666 0.043193717277486915
12 0.9027777777777778 0.7077879581151832 0.016666666666666666 0.04384816753926702
12 0.030555555555555558 0.8092277486910995 0.018518518518518517 0.04384816753926702
12 0.3078703703703704 0.8095549738219896 0.017592592592592594 0.043193717277486915
12 0.5986111111111111 0.8095549738219896 0.017592592592592594 0.043193717277486915
12 0.9027777777777778 0.8102094240837697 0.014814814814814815 0.044502617801047126
12 0.030092592592592594 0.911649214659686 0.017592592592592594 0.044502617801047126
12 0.3078703703703704 0.9113219895287958 0.017592592592592594 0.04384816753926702
12 0.9027777777777778 0.911649214659686 0.016666666666666666 0.044502617801047126
12 0.5995370370370371 0.911649214659686 0.017592592592592594 0.043193717277486915
135 0.024537037037037038 0.11780104712041886 0.025 0.05759162303664922
133 0.06620370370370371 0.11943717277486912 0.019444444444444445 0.06086387434554974
136 0.11018518518518519 0.11780104712041886 0.020370370370370372 0.05628272251308901
135 0.1513888888888889 0.11551047120418849 0.019444444444444445 0.05431937172774869
136 0.1902777777777778 0.11452879581151833 0.026851851851851852 0.05104712041884817
103 0.25462962962962965 0.11943717277486912 0.020370370370370372 0.06086387434554974
101 0.32453703703703707 0.1099476439790576 0.019444444444444445 0.05235602094240838
19 0.4083333333333333 0.1099476439790576 0.031481481481481485 0.013089005235602094
18 0.7319444444444445 0.1043848167539267 0.028703703703703703 0.01243455497382199
72 0.07037037037037037 0.2149869109947644 0.02777777777777778 0.047774869109947646
101 0.2550925925925926 0.2117146596858639 0.021296296296296296 0.05170157068062828
105 0.3231481481481482 0.21695026178010474 0.020370370370370372 0.05170157068062828
80 0.4083333333333333 0.21073298429319373 0.02592592592592593 0.05759162303664922
80 0.5907407407407408 0.20975130890052357 0.02592592592592593 0.058246073298429325
79 0.7481481481481482 0.21204188481675393 0.02592592592592593 0.05235602094240838
78 0.06944444444444445 0.3170811518324608 0.02777777777777778 0.047774869109947646
107 0.25462962962962965 0.31380890052356025 0.020370370370370372 0.05170157068062828
140 0.3236111111111111 0.3085732984293194 0.02314814814814815 0.06217277486910995
139 0.3611111111111111 0.31217277486911 0.02592592592592593 0.05628272251308901
140 0.40740740740740744 0.3147905759162304 0.024074074074074074 0.07329842931937174
133 0.4444444444444445 0.3223167539267016 0.020370370370370372 0.058246073298429325
134 0.4851851851851852 0.3223167539267016 0.020370370370370372 0.058246073298429325
135 0.5226851851851853 0.32198952879581155 0.026851851851851852 0.05759162303664922
136 0.5875 0.31773560209424084 0.021296296296296296 0.04908376963350786
137 0.6287037037037038 0.31773560209424084 0.020370370370370372 0.047774869109947646
135 0.6652777777777779 0.3180628272251309 0.019444444444444445 0.04842931937172775
136 0.7037037037037037 0.31773560209424084 0.02592592592592593 0.04908376963350786
103 0.7449074074074075 0.3236256544502618 0.019444444444444445 0.05955497382198953
108 0.8305555555555556 0.3111910994764398 0.018518518518518517 0.056937172774869114
18 0.05324074074074074 0.4103403141361257 0.030555555555555558 0.011780104712041885
19 0.2569444444444445 0.4162303664921466 0.030555555555555558 0.013089005235602094
27 0.3717592592592593 0.418848167539267 0.03425925925925926 0.04712041884816754
21 0.40694444444444444 0.4191753926701571 0.019444444444444445 0.021596858638743457
137 0.4444444444444445 0.418848167539267 0.020370370370370372 0.04712041884816754
138 0.48564814814814816 0.4165575916230367 0.019444444444444445 0.05170157068062828
139 0.5236111111111111 0.4142670157068063 0.026851851851851852 0.05628272251308901
140 0.5875 0.4109947643979058 0.025 0.06282722513089006
141 0.6277777777777778 0.4087041884816754 0.022222222222222223 0.068717277486911
139 0.6652777777777779 0.4142670157068063 0.019444444444444445 0.05628272251308901
140 0.7037037037037037 0.4109947643979058 0.02777777777777778 0.06282722513089006
138 0.7449074074074075 0.4165575916230367 0.019444444444444445 0.05170157068062828
141 0.7898148148148149 0.40772251308900526 0.022222222222222223 0.0693717277486911
140 0.8305555555555556 0.4109947643979058 0.022222222222222223 0.06282722513089006
141 0.8689814814814815 0.4083769633507854 0.028703703703703703 0.0693717277486911
103 0.05694444444444444 0.6119109947643979 0.021296296296296296 0.060209424083769635
99 0.11574074074074074 0.6079842931937173 0.020370370370370372 0.05104712041884817
19 0.18055555555555555 0.6034031413612566 0.031481481481481485 0.013089005235602094
20 0.34444444444444444 0.6011125654450262 0.022222222222222223 0.030759162303664923
107 0.40694444444444444 0.6030759162303665 0.019444444444444445 0.05170157068062828
105 0.46805555555555556 0.6079842931937173 0.019444444444444445 0.05235602094240838
15 0.5092592592592593 0.6001308900523561 0.020370370370370372 0.03141361256544503
135 0.5305555555555556 0.6112565445026178 0.018518518518518517 0.05890052356020943
134 0.5648148148148149 0.6132198952879582 0.024074074074074074 0.061518324607329845
15 0.6185185185185186 0.6001308900523561 0.016666666666666666 0.03141361256544503
104 0.638425925925926 0.6112565445026178 0.019444444444444445 0.05759162303664922
100 0.6976851851851852 0.6053664921465969 0.021296296296296296 0.04712041884816754
104 0.7601851851851852 0.6112565445026178 0.018518518518518517 0.05890052356020943
15 0.8013888888888889 0.5948952879581152 0.017592592592592594 0.03141361256544503
105 0.8212962962962963 0.6089659685863875 0.020370370370370372 0.05170157068062828
19 0.05925925925925926 0.7051701570680629 0.03333333333333333 0.0137434554973822
78 0.1800925925925926 0.7081151832460734 0.026851851851851852 0.04712041884816754
15 0.32592592592592595 0.7398560209424084 0.018518518518518517 0.030759162303664923
97 0.34675925925925927 0.7146596858638744 0.021296296296296296 0.061518324607329845
98 0.40740740740740744 0.712369109947644 0.020370370370370372 0.056937172774869114
19 0.4712962962962963 0.705497382198953 0.031481481481481485 0.013089005235602094
20 0.6365740740740741 0.7025523560209425 0.021296296296296296 0.030759162303664923
100 0.6981481481481482 0.7077879581151832 0.022222222222222223 0.046465968586387435
100 0.7606481481481482 0.7074607329842932 0.021296296296296296 0.04712041884816754
100 0.8226851851851852 0.7074607329842932 0.021296296296296296 0.04712041884816754
19 0.059722222222222225 0.8072643979057592 0.032407407407407406 0.01243455497382199
81 0.18055555555555555 0.8020287958115184 0.02962962962962963 0.06348167539267016
15 0.32592592592592595 0.7830497382198953 0.020370370370370372 0.03206806282722513
108 0.3472222222222222 0.8046465968586388 0.020370370370370372 0.056937172774869114
109 0.4064814814814815 0.8023560209424084 0.022222222222222223 0.06282722513089006
19 0.47175925925925927 0.8079188481675393 0.030555555555555558 0.01243455497382199
20 0.6361111111111112 0.8046465968586388 0.020370370370370372 0.030759162303664923
105 0.6967592592592593 0.8125 0.019444444444444445 0.05301047120418848
15 0.7402777777777778 0.8102094240837697 0.017592592592592594 0.03141361256544503
103 0.7611111111111112 0.8160994764397906 0.020370370370370372 0.060209424083769635
133 0.8250000000000001 0.8075916230366492 0.024074074074074074 0.05104712041884817
15 0.850462962962963 0.8203534031413613 0.017592592592592594 0.030759162303664923
132 0.8722222222222222 0.8082460732984293 0.020370370370370372 0.04973821989528796
20 0.05462962962962963 0.9070680628272252 0.020370370370370372 0.032722513089005235
107 0.11481481481481481 0.9093586387434556 0.020370370370370372 0.05170157068062828
106 0.17731481481481481 0.911649214659686 0.021296296296296296 0.04581151832460733
136 0.2388888888888889 0.9132853403141362 0.018518518518518517 0.05039267015706807
135 0.274537037037037 0.9139397905759162 0.025 0.05170157068062828
105 0.3472222222222222 0.9142670157068064 0.020370370370370372 0.05235602094240838
101 0.4083333333333333 0.9093586387434556 0.020370370370370372 0.05301047120418848
19 0.4708333333333333 0.9090314136125655 0.030555555555555558 0.011780104712041885
20 0.6365740740740741 0.9070680628272252 0.02314814814814815 0.03141361256544503
108 0.6976851851851852 0.9067408376963352 0.019444444444444445 0.056937172774869114
107 0.7601851851851852 0.9096858638743456 0.020370370370370372 0.05104712041884817
137 0.8212962962962963 0.912303664921466 0.020370370370370372 0.04712041884816754
136 0.8675925925925926 0.9129581151832461 0.02592592592592593 0.04973821989528796
