12 0.0971590909090909 0.26787148594377513 0.014772727272727272 0.052208835341365466
12 0.0971590909090909 0.5433734939759036 0.012499999999999999 0.05381526104417671
12 0.0971590909090909 0.6755020080321286 0.014772727272727272 0.05301204819277109
12 0.0971590909090909 0.948995983935743 0.014772727272727272 0.05381526104417671
14 0.8267045454545454 0.9421686746987952 0.017045454545454544 0.01285140562248996
12 0.09886363636363636 0.12811244979919678 0.015909090909090907 0.055421686746987955
26 0.13522727272727272 0.12851405622489961 0.056818181818181816 0.11887550200803214
16 0.18352272727272725 0.12048192771084337 0.02386363636363636 0.04819277108433735
105 0.25170454545454546 0.13212851405622492 0.028409090909090908 0.06506024096385543
167 0.7846590909090909 0.12931726907630522 0.03068181818181818 0.05943775100401607
193 0.9147727272727272 0.12771084337349398 0.02727272727272727 0.06746987951807229
192 0.9732954545454545 0.13172690763052208 0.028409090909090908 0.06265060240963856
26 0.13579545454545455 0.26947791164658635 0.05568181818181818 0.11807228915662651
16 0.18295454545454545 0.26064257028112453 0.022727272727272728 0.04738955823293173
157 0.2551136363636364 0.2819277108433735 0.03977272727272727 0.085140562248996
159 0.34602272727272726 0.27550200803212854 0.028409090909090908 0.07068273092369479
161 0.43920454545454546 0.26867469879518074 0.03068181818181818 0.058634538152610445
164 0.5357954545454545 0.25702811244979923 0.0375 0.08032128514056225
161 0.6153409090909091 0.26224899598393575 0.03295454545454545 0.07309236947791165
159 0.7 0.27349397590361446 0.029545454545454545 0.07630522088353414
157 0.7863636363636364 0.2819277108433735 0.038636363636363635 0.085140562248996
158 0.8710227272727272 0.27911646586345384 0.03068181818181818 0.07630522088353414
160 0.9744318181818181 0.27228915662650605 0.028409090909090908 0.06425702811244981
26 0.13522727272727272 0.5421686746987951 0.056818181818181816 0.11887550200803214
16 0.18352272727272725 0.5337349397590362 0.02386363636363636 0.04738955823293173
192 0.2505681818181818 0.5534136546184739 0.028409090909090908 0.0819277108433735
191 0.32386363636363635 0.5538152610441768 0.02727272727272727 0.08273092369477912
15 0.36534090909090905 0.5333333333333333 0.02386363636363636 0.05622489959839358
190 0.39659090909090905 0.5542168674698795 0.029545454545454545 0.08353413654618475
191 0.45909090909090905 0.5546184738955824 0.04090909090909091 0.08755020080321285
192 0.5369318181818181 0.5534136546184739 0.028409090909090908 0.08353413654618475
191 0.6096590909090909 0.555421686746988 0.028409090909090908 0.0859437751004016
17 0.6545454545454545 0.5353413654618474 0.020454545454545454 0.06345381526104418
190 0.6818181818181818 0.5574297188755021 0.02727272727272727 0.08674698795180723
189 0.7465909090909091 0.559437751004016 0.04090909090909091 0.09397590361445783
163 0.8329545454545454 0.5357429718875503 0.04318181818181818 0.06746987951807229
189 0.9653409090909091 0.529718875502008 0.0375 0.07951807228915662
26 0.13636363636363635 0.6767068273092369 0.056818181818181816 0.11807228915662651
16 0.18238636363636362 0.6674698795180724 0.02386363636363636 0.04819277108433735
156 0.2545454545454545 0.6891566265060242 0.04090909090909091 0.0819277108433735
159 0.3477272727272727 0.6823293172690763 0.029545454545454545 0.06987951807228916
161 0.4426136363636363 0.6759036144578313 0.03068181818181818 0.058634538152610445
162 0.5409090909090909 0.6751004016064257 0.03636363636363636 0.0570281124497992
161 0.6346590909090909 0.6763052208835342 0.03068181818181818 0.05783132530120482
159 0.727840909090909 0.6827309236947792 0.028409090909090908 0.07228915662650602
27 0.7721590909090909 0.6751004016064257 0.053409090909090906 0.0570281124497992
163 0.8232954545454545 0.6867469879518072 0.028409090909090908 0.07871485943775101
166 0.9164772727272726 0.6819277108433736 0.028409090909090908 0.07068273092369479
26 0.13579545454545455 0.9449799196787149 0.05795454545454545 0.11004016064257029
16 0.1909090909090909 0.9409638554216868 0.022727272727272728 0.04738955823293173
101 0.2602272727272727 0.9449799196787149 0.029545454545454545 0.06345381526104418
131 0.5329545454545455 0.948995983935743 0.045454545454545456 0.0570281124497992
21 0.6670454545454545 0.9220883534136547 0.029545454545454545 0.027309236947791166
135 0.796590909090909 0.9558232931726908 0.029545454545454545 0.07068273092369479
