12 0.9025510204081634 0.11652236652236653 0.017346938775510204 0.048340548340548344
12 0.9025510204081634 0.31313131313131315 0.017346938775510204 0.049062049062049064
12 0.9025510204081634 0.5097402597402597 0.017346938775510204 0.048340548340548344
12 0.9025510204081634 0.902958152958153 0.017346938775510204 0.048340548340548344
24 0.037244897959183676 0.12337662337662338 0.0336734693877551 0.05772005772005772
22 0.0739795918367347 0.1240981240981241 0.025510204081632654 0.03607503607503607
213 0.30612244897959184 0.10678210678210678 0.04285714285714286 0.0735930735930736
22 0.4739795918367347 0.1240981240981241 0.025510204081632654 0.03607503607503607
18 0.5260204081632653 0.1075036075036075 0.031632653061224494 0.012987012987012988
18 0.04438775510204082 0.3041125541125541 0.0336734693877551 0.013708513708513708
23 0.2525510204081633 0.512987012987013 0.02959183673469388 0.049062049062049064
21 0.29744897959183675 0.5108225108225108 0.023469387755102045 0.025974025974025976
24 0.5760204081632654 0.516955266955267 0.031632653061224494 0.05844155844155844
23 0.6193877551020409 0.512987012987013 0.028571428571428574 0.047619047619047616
22 0.6673469387755102 0.5173160173160173 0.02653061224489796 0.03607503607503607
21 0.717857142857143 0.51010101010101 0.023469387755102045 0.024531024531024532
20 0.7729591836734695 0.5075757575757576 0.01938775510204082 0.03823953823953824
19 0.8372448979591838 0.5079365079365079 0.0336734693877551 0.01443001443001443
18 0.04642857142857143 0.7103174603174603 0.0336734693877551 0.015151515151515152
18 0.04438775510204082 0.8943001443001443 0.0336734693877551 0.013708513708513708
24 0.3474489795918368 0.12265512265512266 0.0336734693877551 0.05772005772005772
24 0.4331632653061225 0.12193362193362194 0.0336734693877551 0.05772005772005772
210 0.3943877551020408 0.11976911976911978 0.04387755102040817 0.06782106782106782
24 0.037244897959183676 0.5155122655122655 0.031632653061224494 0.05844155844155844
25 0.12755102040816327 0.51010101010101 0.04081632653061225 0.06926406926406926
25 0.21122448979591837 0.5093795093795094 0.04081632653061225 0.06926406926406926
