14 0.21275510204081635 0.07756132756132757 0.01326530612244898 0.00937950937950938
14 0.3051020408163266 0.08982683982683982 0.012244897959183675 0.00937950937950938
14 0.40408163265306124 0.113997113997114 0.012244897959183675 0.008658008658008658
12 0.16581632653061226 0.14285714285714285 0.015306122448979593 0.049062049062049064
12 0.9025510204081634 0.14321789321789322 0.015306122448979593 0.049783549783549784
12 0.35663265306122455 0.1424963924963925 0.015306122448979593 0.046897546897546896
12 0.6290816326530613 0.1424963924963925 0.017346938775510204 0.046897546897546896
14 0.5 0.12518037518037517 0.012244897959183675 0.00937950937950938
14 0.7387755102040817 0.1370851370851371 0.014285714285714287 0.0101010101010101
14 0.8122448979591838 0.13744588744588745 0.012244897959183675 0.00937950937950938
12 0.1653061224489796 0.2702020202020202 0.0163265306122449 0.048340548340548344
12 0.9025510204081634 0.2702020202020202 0.01938775510204082 0.048340548340548344
12 0.35663265306122455 0.2702020202020202 0.015306122448979593 0.046897546897546896
12 0.629591836734694 0.2702020202020202 0.0163265306122449 0.046897546897546896
12 0.16632653061224492 0.4253246753246753 0.0163265306122449 0.048340548340548344
12 0.35663265306122455 0.424963924963925 0.017346938775510204 0.047619047619047616
12 0.6301020408163266 0.4253246753246753 0.017346938775510204 0.048340548340548344
12 0.903061224489796 0.42568542568542567 0.018367346938775512 0.049062049062049064
14 0.7387755102040817 0.5122655122655123 0.014285714285714287 0.008658008658008658
12 0.629591836734694 0.5526695526695526 0.0163265306122449 0.049062049062049064
12 0.16581632653061226 0.5526695526695526 0.017346938775510204 0.047619047619047616
12 0.35663265306122455 0.5526695526695526 0.017346938775510204 0.047619047619047616
12 0.9025510204081634 0.5526695526695526 0.017346938775510204 0.047619047619047616
12 0.13316326530612246 0.8286435786435786 0.015306122448979593 0.049783549783549784
12 0.903061224489796 0.8286435786435786 0.0163265306122449 0.049783549783549784
12 0.49438775510204086 0.8282828282828283 0.017346938775510204 0.047619047619047616
12 0.4938775510204082 0.9556277056277056 0.0163265306122449 0.048340548340548344
12 0.903061224489796 0.9559884559884559 0.0163265306122449 0.049062049062049064
12 0.13316326530612246 0.9556277056277056 0.015306122448979593 0.046897546897546896
14 0.5581632653061225 0.9502164502164502 0.012244897959183675 0.008658008658008658
14 0.5581632653061225 0.9617604617604617 0.012244897959183675 0.008658008658008658
20 0.011734693877551022 0.14321789321789322 0.017346938775510204 0.03968253968253968
166 0.05204081632653062 0.14357864357864358 0.02448979591836735 0.05339105339105339
168 0.08316326530612246 0.14033189033189034 0.025510204081632654 0.056998556998557
170 0.1153061224489796 0.13383838383838384 0.02653061224489796 0.06854256854256854
173 0.14387755102040817 0.12518037518037517 0.030612244897959186 0.08874458874458875
114 0.19234693877551023 0.11940836940836941 0.031632653061224494 0.09595959595959595
144 0.2510204081632653 0.12229437229437229 0.030612244897959186 0.09451659451659451
112 0.28469387755102044 0.12554112554112554 0.028571428571428574 0.08658008658008658
140 0.33265306122448984 0.13455988455988455 0.030612244897959186 0.06854256854256854
107 0.3816326530612245 0.13997113997113997 0.02653061224489796 0.05772005772005772
137 0.4454081632653062 0.14321789321789322 0.025510204081632654 0.051226551226551224
105 0.4785714285714286 0.14574314574314573 0.02448979591836735 0.05627705627705628
133 0.5872448979591838 0.1370851370851371 0.039795918367346944 0.06204906204906205
103 0.6719387755102041 0.15115440115440115 0.025510204081632654 0.06854256854256854
164 0.717857142857143 0.15367965367965367 0.023469387755102045 0.07215007215007214
164 0.751530612244898 0.15367965367965367 0.03775510204081633 0.07215007215007214
103 0.791326530612245 0.15115440115440115 0.025510204081632654 0.0670995670995671
163 0.8566326530612246 0.15476190476190477 0.023469387755102045 0.07575757575757576
164 0.8836734693877552 0.1525974025974026 0.030612244897959186 0.07287157287157287
73 0.6739795918367347 0.26731601731601734 0.02755102040816327 0.05555555555555555
73 0.7928571428571429 0.26731601731601734 0.02653061224489796 0.05555555555555555
78 0.6729591836734694 0.42568542568542567 0.025510204081632654 0.05194805194805195
78 0.7908163265306123 0.42568542568542567 0.02653061224489796 0.05194805194805195
19 0.0163265306122449 0.5494227994227994 0.030612244897959186 0.013708513708513708
103 0.19234693877551023 0.560966810966811 0.025510204081632654 0.0670995670995671
96 0.23112244897959186 0.5656565656565656 0.02755102040816327 0.07792207792207792
19 0.2862244897959184 0.5505050505050505 0.031632653061224494 0.012987012987012988
110 0.38367346938775515 0.5404040404040404 0.028571428571428574 0.07503607503607504
103 0.42346938775510207 0.5616883116883117 0.02448979591836735 0.06565656565656566
20 0.4755102040816327 0.5526695526695526 0.022448979591836737 0.03896103896103896
161 0.5168367346938776 0.566017316017316 0.025510204081632654 0.0772005772005772
164 0.5479591836734694 0.5616883116883117 0.02448979591836735 0.06854256854256854
166 0.5790816326530612 0.5573593073593074 0.023469387755102045 0.05988455988455989
168 0.6081632653061225 0.5523088023088023 0.030612244897959186 0.05988455988455989
110 0.6729591836734694 0.5404040404040404 0.02959183673469388 0.07503607503607504
141 0.7183673469387756 0.5404040404040404 0.028571428571428574 0.0735930735930736
171 0.7540816326530613 0.5414862914862915 0.03469387755102041 0.07575757575757576
110 0.7923469387755103 0.5411255411255411 0.02755102040816327 0.07503607503607504
110 0.8362244897959185 0.5407647907647908 0.02755102040816327 0.07575757575757576
161 0.015306122448979593 0.841991341991342 0.02448979591836735 0.07792207792207792
163 0.047959183673469394 0.8373015873015873 0.02653061224489796 0.06854256854256854
165 0.08061224489795919 0.8333333333333334 0.02448979591836735 0.06060606060606061
168 0.11071428571428572 0.827922077922078 0.031632653061224494 0.05988455988455989
140 0.16173469387755104 0.8203463203463204 0.02959183673469388 0.06926406926406926
139 0.21122448979591837 0.8232323232323232 0.02653061224489796 0.06349206349206349
138 0.24642857142857144 0.8261183261183261 0.025510204081632654 0.05772005772005772
135 0.27704081632653066 0.8315295815295816 0.02959183673469388 0.05555555555555555
133 0.31734693877551023 0.8207070707070707 0.0326530612244898 0.0670995670995671
131 0.34540816326530616 0.8203463203463204 0.025510204081632654 0.0707070707070707
128 0.37704081632653064 0.8261183261183261 0.02959183673469388 0.09235209235209235
138 0.44234693877551023 0.8124098124098124 0.02755102040816327 0.0836940836940837
107 0.5362244897959184 0.8261183261183261 0.025510204081632654 0.05772005772005772
106 0.6229591836734695 0.829004329004329 0.025510204081632654 0.050505050505050504
20 0.7122448979591838 0.8286435786435786 0.020408163265306124 0.03823953823953824
163 0.7857142857142858 0.8351370851370852 0.02448979591836735 0.06421356421356421
165 0.8183673469387756 0.8315295815295816 0.02448979591836735 0.056998556998557
168 0.8510204081632654 0.8264790764790765 0.02448979591836735 0.056998556998557
170 0.8836734693877552 0.81998556998557 0.036734693877551024 0.06998556998556998
128 0.6790816326530613 0.9632034632034632 0.04183673469387755 0.06926406926406926
128 0.717857142857143 0.9642857142857143 0.031632653061224494 0.06854256854256854
128 0.7505102040816327 0.965007215007215 0.02755102040816327 0.06998556998556998
128 0.7872448979591837 0.9646464646464646 0.02755102040816327 0.06926406926406926
128 0.8520408163265307 0.9642857142857143 0.030612244897959186 0.06854256854256854
