14 0.6061224489795919 0.0707070707070707 0.014285714285714287 0.0101010101010101
14 0.9750000000000001 0.08297258297258298 0.01326530612244898 0.0101010101010101
14 0.6051020408163266 0.10606060606060606 0.014285714285714287 0.0101010101010101
12 0.09693877551020409 0.13672438672438672 0.014285714285714287 0.048340548340548344
12 0.766326530612245 0.13636363636363635 0.0163265306122449 0.047619047619047616
14 0.9755102040816327 0.11832611832611832 0.014285714285714287 0.0101010101010101
12 0.7658163265306123 0.3935786435786436 0.015306122448979593 0.048340548340548344
12 0.09744897959183674 0.3943001443001443 0.015306122448979593 0.048340548340548344
12 0.09693877551020409 0.7896825396825397 0.014285714285714287 0.048340548340548344
12 0.7658163265306123 0.79004329004329 0.015306122448979593 0.047619047619047616
26 0.13367346938775512 0.13383838383838384 0.05102040816326531 0.09307359307359307
16 0.17653061224489797 0.13023088023088022 0.018367346938775512 0.03391053391053391
19 0.238265306122449 0.1331168831168831 0.031632653061224494 0.012265512265512266
15 0.29183673469387755 0.3448773448773449 0.02448979591836735 0.03751803751803752
26 0.1346938775510204 0.3921356421356421 0.05306122448979592 0.09451659451659451
16 0.17704081632653063 0.3878066378066378 0.02142857142857143 0.03391053391053391
15 0.29030612244897963 0.38961038961038963 0.025510204081632654 0.03896103896103896
27 0.1316326530612245 0.79004329004329 0.05102040816326531 0.05194805194805195
16 0.17602040816326534 0.7940115440115441 0.023469387755102045 0.03535353535353535
21 0.38265306122448983 0.7904040404040404 0.02653061224489796 0.025252525252525252
20 0.9464285714285715 0.7871572871572872 0.025510204081632654 0.0404040404040404
