12 0.09591836734693879 0.11616161616161616 0.014285714285714287 0.049062049062049064
12 0.6025510204081633 0.11652236652236653 0.017346938775510204 0.048340548340548344
12 0.09642857142857143 0.2976190476190476 0.015306122448979593 0.048340548340548344
12 0.6025510204081633 0.2976190476190476 0.017346938775510204 0.048340548340548344
12 0.09693877551020409 0.4790764790764791 0.014285714285714287 0.049062049062049064
12 0.6030612244897959 0.4790764790764791 0.018367346938775512 0.047619047619047616
12 0.09693877551020409 0.6277056277056277 0.014285714285714287 0.047619047619047616
12 0.6025510204081633 0.6277056277056277 0.017346938775510204 0.047619047619047616
12 0.09591836734693879 0.8272005772005772 0.0163265306122449 0.048340548340548344
12 0.6030612244897959 0.8268398268398268 0.018367346938775512 0.047619047619047616
26 0.13010204081632654 0.113997113997114 0.05 0.09090909090909091
18 0.37704081632653064 0.10678210678210678 0.03775510204081633 0.015873015873015872
18 0.8183673469387756 0.10714285714285714 0.036734693877551024 0.015151515151515152
26 0.13010204081632654 0.29545454545454547 0.05204081632653062 0.09018759018759019
18 0.3775510204081633 0.28823953823953824 0.036734693877551024 0.015151515151515152
18 0.8183673469387756 0.2886002886002886 0.036734693877551024 0.01443001443001443
26 0.12908163265306125 0.47655122655122656 0.047959183673469394 0.08874458874458875
140 0.6372448979591837 0.4707792207792208 0.02959183673469388 0.06998556998556998
139 0.6877551020408164 0.4733044733044733 0.02653061224489796 0.06349206349206349
137 0.7341836734693878 0.4790764790764791 0.025510204081632654 0.05194805194805195
139 0.7862244897959184 0.4733044733044733 0.0336734693877551 0.06349206349206349
138 0.839795918367347 0.47619047619047616 0.02653061224489796 0.05772005772005772
137 0.891326530612245 0.4801587301587302 0.02755102040816327 0.05266955266955267
135 0.9387755102040817 0.4823232323232323 0.02653061224489796 0.05844155844155844
133 0.9852040816326532 0.48448773448773447 0.02755102040816327 0.06421356421356421
27 0.1285714285714286 0.6262626262626263 0.0489795918367347 0.050505050505050504
18 0.3775510204081633 0.6183261183261183 0.036734693877551024 0.01443001443001443
18 0.8188775510204083 0.6179653679653679 0.03571428571428572 0.015151515151515152
26 0.13010204081632654 0.825036075036075 0.05 0.09018759018759019
113 0.20204081632653062 0.8055555555555556 0.0326530612244898 0.09163059163059163
113 0.3056122448979592 0.8062770562770563 0.02959183673469388 0.09163059163059163
112 0.4091836734693878 0.8098845598845599 0.028571428571428574 0.08874458874458875
110 0.5122448979591837 0.8145743145743146 0.028571428571428574 0.07647907647907648
111 0.6367346938775511 0.812049062049062 0.030612244897959186 0.08152958152958154
110 0.7346938775510204 0.814935064935065 0.028571428571428574 0.07575757575757576
81 0.8403061224489796 0.8181818181818182 0.031632653061224494 0.06926406926406926
