12 0.03469387755102041 0.06782106782106782 0.0163265306122449 0.047619047619047616
12 0.513265306122449 0.06854256854256854 0.0163265306122449 0.049062049062049064
12 0.9025510204081634 0.06854256854256854 0.015306122448979593 0.049062049062049064
12 0.034183673469387756 0.18795093795093795 0.015306122448979593 0.049783549783549784
12 0.9025510204081634 0.18831168831168832 0.017346938775510204 0.049062049062049064
12 0.5142857142857143 0.18867243867243869 0.0163265306122449 0.048340548340548344
14 0.5734693877551021 0.21753246753246752 0.014285714285714287 0.012265512265512266
12 0.49438775510204086 0.48412698412698413 0.015306122448979593 0.047619047619047616
12 0.903061224489796 0.48448773448773447 0.014285714285714287 0.048340548340548344
12 0.09081632653061225 0.4888167388167388 0.014285714285714287 0.03968253968253968
12 0.08979591836734695 0.6035353535353535 0.0163265306122449 0.048340548340548344
12 0.4948979591836735 0.6035353535353535 0.0163265306122449 0.048340548340548344
12 0.903061224489796 0.6038961038961039 0.014285714285714287 0.049062049062049064
12 0.08979591836734695 0.7521645021645021 0.018367346938775512 0.048340548340548344
12 0.4954081632653062 0.7518037518037518 0.01938775510204082 0.047619047619047616
12 0.903061224489796 0.7518037518037518 0.0163265306122449 0.047619047619047616
12 0.901530612244898 0.8715728715728716 0.017346938775510204 0.049062049062049064
12 0.4938775510204082 0.8719336219336219 0.018367346938775512 0.048340548340548344
12 0.08979591836734695 0.8722943722943723 0.0163265306122449 0.047619047619047616
101 0.08010204081632653 0.06493506493506493 0.02142857142857143 0.05627705627705628
98 0.19234693877551023 0.0735930735930736 0.023469387755102045 0.06349206349206349
133 0.3403061224489796 0.06565656565656566 0.02959183673469388 0.05627705627705628
132 0.38265306122448983 0.06746031746031746 0.022448979591836737 0.05266955266955267
131 0.42602040816326536 0.06782106782106782 0.023469387755102045 0.05194805194805195
130 0.4709183673469388 0.0707070707070707 0.023469387755102045 0.05627705627705628
129 0.5484693877551021 0.0735930735930736 0.02959183673469388 0.06204906204906205
128 0.5903061224489796 0.07575757575757576 0.02755102040816327 0.06926406926406926
96 0.6346938775510205 0.07900432900432901 0.02448979591836735 0.07431457431457432
127 0.7285714285714286 0.07972582972582973 0.030612244897959186 0.07431457431457432
128 0.7698979591836735 0.07683982683982683 0.02755102040816327 0.06854256854256854
129 0.8158163265306123 0.07287157287157287 0.023469387755102045 0.06349206349206349
130 0.8607142857142858 0.0707070707070707 0.023469387755102045 0.05627705627705628
15 0.056122448979591844 0.20562770562770563 0.020408163265306124 0.03463203463203463
131 0.0836734693877551 0.18759018759018758 0.028571428571428574 0.050505050505050504
15 0.11377551020408164 0.20093795093795094 0.01938775510204082 0.03391053391053391
132 0.1362244897959184 0.18614718614718614 0.02142857142857143 0.05339105339105339
102 0.19285714285714287 0.18181818181818182 0.022448979591836737 0.06060606060606061
102 0.33673469387755106 0.18181818181818182 0.022448979591836737 0.06060606060606061
97 0.426530612244898 0.19516594516594515 0.02448979591836735 0.0670995670995671
70 0.5505102040816326 0.19444444444444445 0.02959183673469388 0.06421356421356421
128 0.8173469387755102 0.19660894660894662 0.0326530612244898 0.06854256854256854
129 0.8612244897959185 0.19408369408369408 0.02448979591836735 0.06349206349206349
76 0.12448979591836735 0.48917748917748916 0.02653061224489796 0.06204906204906205
75 0.313265306122449 0.49134199134199136 0.028571428571428574 0.06493506493506493
134 0.525 0.49206349206349204 0.02142857142857143 0.06637806637806638
106 0.5719387755102041 0.4834054834054834 0.023469387755102045 0.050505050505050504
15 0.6362244897959184 0.4722222222222222 0.01938775510204082 0.03391053391053391
136 0.6586734693877552 0.48773448773448774 0.02142857142857143 0.05916305916305916
78 0.7081632653061225 0.4837662337662338 0.02653061224489796 0.051226551226551224
136 0.04642857142857143 0.6053391053391053 0.02959183673469388 0.05483405483405483
137 0.12091836734693878 0.6053391053391053 0.02142857142857143 0.05483405483405483
136 0.16785714285714287 0.6067821067821068 0.02142857142857143 0.05772005772005772
135 0.21479591836734696 0.6078643578643579 0.02142857142857143 0.06132756132756133
134 0.25867346938775515 0.6103896103896104 0.02755102040816327 0.06349206349206349
102 0.3091836734693878 0.5981240981240982 0.022448979591836737 0.06204906204906205
105 0.403061224489796 0.6064213564213564 0.022448979591836737 0.056998556998557
77 0.5275510204081633 0.6064213564213564 0.02653061224489796 0.05555555555555555
136 0.7061224489795919 0.6031746031746031 0.020408163265306124 0.05194805194805195
15 0.7418367346938776 0.5916305916305916 0.020408163265306124 0.03463203463203463
136 0.7642857142857143 0.6035353535353535 0.020408163265306124 0.051226551226551224
137 0.8107142857142858 0.6035353535353535 0.023469387755102045 0.051226551226551224
17 0.8454081632653062 0.5793650793650794 0.017346938775510204 0.03607503607503607
138 0.8642857142857143 0.6017316017316018 0.028571428571428574 0.05627705627705628
131 0.048469387755102046 0.75 0.023469387755102045 0.05555555555555555
99 0.12142857142857144 0.7543290043290043 0.02448979591836735 0.056998556998557
131 0.2178571428571429 0.7518037518037518 0.02959183673469388 0.05194805194805195
132 0.2622448979591837 0.7507215007215007 0.020408163265306124 0.05411255411255411
102 0.3091836734693878 0.7463924963924964 0.022448979591836737 0.06132756132756133
105 0.40204081632653066 0.7554112554112554 0.022448979591836737 0.05772005772005772
98 0.5244897959183674 0.7572150072150072 0.022448979591836737 0.06277056277056277
19 0.614795918367347 0.7492784992784993 0.031632653061224494 0.010822510822510822
105 0.8112244897959184 0.7543290043290043 0.020408163265306124 0.056998556998557
133 0.04489795918367347 0.8791486291486291 0.028571428571428574 0.0670995670995671
101 0.1229591836734694 0.8690476190476191 0.023469387755102045 0.056998556998557
133 0.21887755102040818 0.8654401154401155 0.02959183673469388 0.06421356421356421
134 0.26275510204081637 0.8647186147186147 0.02142857142857143 0.06565656565656566
135 0.31275510204081636 0.8643578643578643 0.02959183673469388 0.06493506493506493
134 0.35663265306122455 0.8658008658008658 0.02142857142857143 0.06204906204906205
133 0.4035714285714286 0.8679653679653679 0.02142857142857143 0.05916305916305916
132 0.45051020408163267 0.8690476190476191 0.023469387755102045 0.056998556998557
100 0.525 0.8719336219336219 0.023469387755102045 0.051226551226551224
138 0.6117346938775511 0.8690476190476191 0.02142857142857143 0.056998556998557
137 0.6551020408163266 0.8712121212121212 0.028571428571428574 0.049783549783549784
107 0.7056122448979593 0.8690476190476191 0.02142857142857143 0.056998556998557
100 0.8112244897959184 0.8722943722943723 0.022448979591836737 0.05194805194805195
