12 0.9341836734693878 0.1782106782106782 0.015306122448979593 0.049062049062049064
12 0.2392857142857143 0.17857142857142858 0.01326530612244898 0.048340548340548344
12 0.5153061224489797 0.1782106782106782 0.0163265306122449 0.047619047619047616
12 0.763265306122449 0.1821789321789322 0.018367346938775512 0.05555555555555555
14 0.8122448979591838 0.19660894660894662 0.012244897959183675 0.00937950937950938
14 0.8122448979591838 0.24494949494949494 0.014285714285714287 0.00937950937950938
12 0.9336734693877552 0.2857142857142857 0.0163265306122449 0.049062049062049064
12 0.23979591836734696 0.2857142857142857 0.012244897959183675 0.047619047619047616
12 0.514795918367347 0.28535353535353536 0.015306122448979593 0.046897546897546896
14 0.8122448979591838 0.268037518037518 0.014285714285714287 0.00937950937950938
14 0.8127551020408164 0.2922077922077922 0.01326530612244898 0.008658008658008658
14 0.8306122448979593 0.3997113997113997 0.012244897959183675 0.008658008658008658
12 0.9693877551020409 0.42893217893217894 0.0163265306122449 0.049783549783549784
12 0.09693877551020409 0.4296536796536797 0.014285714285714287 0.048340548340548344
12 0.451530612244898 0.4292929292929293 0.017346938775510204 0.047619047619047616
12 0.6326530612244898 0.4292929292929293 0.018367346938775512 0.047619047619047616
12 0.7821428571428573 0.4292929292929293 0.017346938775510204 0.047619047619047616
14 0.6836734693877552 0.4231601731601732 0.014285714285714287 0.00937950937950938
14 0.6826530612244899 0.4953102453102453 0.012244897959183675 0.00937950937950938
12 0.09693877551020409 0.5357142857142857 0.012244897959183675 0.048340548340548344
12 0.451530612244898 0.5364357864357865 0.017346938775510204 0.048340548340548344
12 0.6331632653061225 0.5364357864357865 0.017346938775510204 0.048340548340548344
12 0.7816326530612245 0.536075036075036 0.018367346938775512 0.047619047619047616
14 0.6826530612244899 0.5183982683982684 0.012244897959183675 0.00937950937950938
12 0.9698979591836736 0.5371572871572872 0.015306122448979593 0.046897546897546896
14 0.6821428571428572 0.5425685425685426 0.011224489795918368 0.008658008658008658
12 0.09642857142857143 0.6796536796536796 0.01326530612244898 0.049062049062049064
12 0.8586734693877551 0.6796536796536796 0.015306122448979593 0.049062049062049064
12 0.3418367346938776 0.68001443001443 0.0163265306122449 0.048340548340548344
12 0.675 0.68001443001443 0.01938775510204082 0.048340548340548344
14 0.5984693877551021 0.7550505050505051 0.01326530612244898 0.00937950937950938
12 0.09744897959183674 0.7958152958152959 0.01326530612244898 0.047619047619047616
12 0.3438775510204082 0.7961760461760462 0.018367346938775512 0.048340548340548344
12 0.675 0.7958152958152959 0.02142857142857143 0.047619047619047616
14 0.5989795918367348 0.7777777777777778 0.012244897959183675 0.008658008658008658
14 0.5989795918367348 0.79004329004329 0.012244897959183675 0.008658008658008658
12 0.09642857142857143 0.9397546897546898 0.015306122448979593 0.048340548340548344
12 0.4785714285714286 0.9393939393939394 0.020408163265306124 0.047619047619047616
12 0.9107142857142858 0.9393939393939394 0.017346938775510204 0.047619047619047616
26 0.2719387755102041 0.17893217893217894 0.04591836734693878 0.08513708513708514
73 0.3903061224489796 0.17496392496392496 0.025510204081632654 0.05555555555555555
73 0.45510204081632655 0.17496392496392496 0.02653061224489796 0.05555555555555555
73 0.539795918367347 0.17496392496392496 0.02653061224489796 0.056998556998557
133 0.6545918367346939 0.17316017316017315 0.039795918367346944 0.06204906204906205
21 0.6887755102040817 0.1782106782106782 0.020408163265306124 0.025974025974025976
99 0.7229591836734695 0.18181818181818182 0.025510204081632654 0.05772005772005772
71 0.7923469387755103 0.18145743145743146 0.02755102040816327 0.05844155844155844
132 0.8693877551020409 0.17676767676767677 0.0326530612244898 0.05483405483405483
133 0.9040816326530613 0.17676767676767677 0.02448979591836735 0.05627705627705628
134 0.9607142857142859 0.18398268398268397 0.025510204081632654 0.06349206349206349
27 0.2719387755102041 0.2857142857142857 0.05 0.05194805194805195
18 0.4285714285714286 0.2763347763347763 0.0326530612244898 0.012987012987012988
21 0.538265306122449 0.28535353535353536 0.023469387755102045 0.022366522366522368
21 0.5704081632653062 0.284992784992785 0.020408163265306124 0.023088023088023088
20 0.6010204081632654 0.2860750360750361 0.020408163265306124 0.03823953823953824
21 0.6464285714285715 0.28535353535353536 0.02142857142857143 0.023809523809523808
21 0.6877551020408164 0.2857142857142857 0.022448979591836737 0.024531024531024532
20 0.864795918367347 0.2860750360750361 0.02142857142857143 0.03968253968253968
20 0.9581632653061225 0.2857142857142857 0.022448979591836737 0.03896103896103896
26 0.1306122448979592 0.4296536796536797 0.04693877551020409 0.08441558441558442
141 0.20306122448979594 0.417027417027417 0.02653061224489796 0.07503607503607504
142 0.23775510204081635 0.41414141414141414 0.0326530612244898 0.08225108225108226
109 0.2729591836734694 0.42063492063492064 0.02755102040816327 0.06926406926406926
106 0.35867346938775513 0.42893217893217894 0.025510204081632654 0.051226551226551224
21 0.4255102040816327 0.4282106782106782 0.022448979591836737 0.023809523809523808
83 0.47908163265306125 0.4137806637806638 0.02959183673469388 0.08152958152958154
19 0.5744897959183674 0.42676767676767674 0.03469387755102041 0.013708513708513708
19 0.6607142857142858 0.42712842712842713 0.031632653061224494 0.01443001443001443
103 0.7403061224489796 0.43686868686868685 0.025510204081632654 0.0670995670995671
107 0.8102040816326531 0.42712842712842713 0.02653061224489796 0.05627705627705628
16 0.8484693877551022 0.3986291486291486 0.015306122448979593 0.032467532467532464
138 0.8729591836734695 0.42676767676767674 0.025510204081632654 0.056998556998557
27 0.12908163265306125 0.5367965367965368 0.05 0.05194805194805195
20 0.2 0.5364357864357865 0.020408163265306124 0.03823953823953824
20 0.27040816326530615 0.5364357864357865 0.020408163265306124 0.03823953823953824
21 0.32244897959183677 0.5357142857142857 0.022448979591836737 0.023809523809523808
20 0.476530612244898 0.5364357864357865 0.022448979591836737 0.03968253968253968
20 0.5224489795918368 0.5367965367965368 0.022448979591836737 0.0404040404040404
20 0.7372448979591837 0.536075036075036 0.023469387755102045 0.03896103896103896
19 0.8107142857142858 0.5335497835497836 0.031632653061224494 0.012265512265512266
26 0.13010204081632654 0.6803751803751804 0.047959183673469394 0.0836940836940837
104 0.20204081632653062 0.6854256854256854 0.028571428571428574 0.06349206349206349
70 0.24438775510204083 0.6854256854256854 0.02755102040816327 0.06493506493506493
97 0.30408163265306126 0.687950937950938 0.028571428571428574 0.06854256854256854
43 0.38112244897959185 0.689033189033189 0.03775510204081633 0.0707070707070707
141 0.5045918367346939 0.6677489177489178 0.025510204081632654 0.07431457431457432
142 0.5341836734693878 0.6652236652236653 0.031632653061224494 0.08225108225108226
80 0.578061224489796 0.6746031746031746 0.02755102040816327 0.06204906204906205
109 0.6377551020408164 0.6717171717171717 0.02653061224489796 0.0707070707070707
138 0.7010204081632654 0.6764069264069265 0.02448979591836735 0.056998556998557
139 0.7316326530612246 0.6742424242424242 0.030612244897959186 0.06277056277056277
20 0.7678571428571429 0.6796536796536796 0.02142857142857143 0.03751803751803752
134 0.8908163265306124 0.6713564213564214 0.0326530612244898 0.0670995670995671
135 0.9214285714285715 0.6727994227994228 0.02448979591836735 0.06421356421356421
132 0.9515306122448981 0.6742424242424242 0.025510204081632654 0.06132756132756133
130 0.9811224489795919 0.6792929292929293 0.025510204081632654 0.06421356421356421
27 0.13010204081632654 0.7965367965367965 0.05 0.05194805194805195
21 0.5040816326530613 0.7954545454545454 0.022448979591836737 0.023809523809523808
26 0.12908163265306125 0.9397546897546898 0.04591836734693878 0.08585858585858586
78 0.20204081632653062 0.939033189033189 0.02653061224489796 0.051226551226551224
77 0.3459183673469388 0.9419191919191919 0.02448979591836735 0.05555555555555555
108 0.5153061224489797 0.9336219336219336 0.02448979591836735 0.06204906204906205
106 0.6142857142857143 0.9393939393939394 0.02653061224489796 0.050505050505050504
104 0.7127551020408164 0.9455266955266955 0.025510204081632654 0.06421356421356421
102 0.8142857142857144 0.9336219336219336 0.02448979591836735 0.06060606060606061
20 0.19744897959183674 0.7958152958152959 0.02142857142857143 0.03751803751803752
