12 0.903061224489796 0.11652236652236653 0.018367346938775512 0.048340548340548344
12 0.9025510204081634 0.22510822510822512 0.01938775510204082 0.049062049062049064
12 0.9025510204081634 0.32792207792207795 0.017346938775510204 0.048340548340548344
12 0.903061224489796 0.534992784992785 0.018367346938775512 0.048340548340548344
12 0.9025510204081634 0.6385281385281385 0.01938775510204082 0.049062049062049064
12 0.9025510204081634 0.7417027417027418 0.017346938775510204 0.047619047619047616
12 0.9025510204081634 0.8737373737373737 0.017346938775510204 0.047619047619047616
12 0.9020408163265307 0.9733044733044733 0.018367346938775512 0.047619047619047616
18 0.04285714285714286 0.10714285714285714 0.0326530612244898 0.012265512265512266
22 0.011224489795918368 0.23015873015873015 0.020408163265306124 0.03463203463203463
214 0.213265306122449 0.21356421356421357 0.030612244897959186 0.07503607503607504
211 0.2510204081632653 0.22005772005772006 0.02653061224489796 0.0735930735930736
23 0.2969387755102041 0.22510822510822512 0.030612244897959186 0.046176046176046176
22 0.3448979591836735 0.23015873015873015 0.02653061224489796 0.03463203463203463
18 0.5198979591836735 0.21572871572871574 0.031632653061224494 0.012987012987012988
18 0.042346938775510205 0.31926406926406925 0.031632653061224494 0.012265512265512266
18 0.04285714285714286 0.43506493506493504 0.03469387755102041 0.01443001443001443
105 0.5188775510204082 0.5378787878787878 0.025510204081632654 0.056998556998557
105 0.7668367346938776 0.5378787878787878 0.025510204081632654 0.056998556998557
19 0.8346938775510205 0.5331890331890332 0.0326530612244898 0.01443001443001443
24 0.08928571428571429 0.6435786435786436 0.0336734693877551 0.05772005772005772
23 0.16173469387755104 0.6381673881673882 0.02959183673469388 0.046897546897546896
210 0.21683673469387757 0.6424963924963925 0.039795918367346944 0.06854256854256854
24 0.2571428571428572 0.6443001443001443 0.030612244897959186 0.05772005772005772
23 0.29642857142857143 0.6388888888888888 0.02755102040816327 0.046897546897546896
246 0.3438775510204082 0.6554834054834054 0.02653061224489796 0.08585858585858586
24 0.4239795918367347 0.6446608946608947 0.0336734693877551 0.056998556998557
23 0.47040816326530616 0.6392496392496393 0.028571428571428574 0.047619047619047616
18 0.5193877551020408 0.6291486291486291 0.0326530612244898 0.012987012987012988
18 0.04183673469387755 0.733044733044733 0.0326530612244898 0.012987012987012988
246 0.08316326530612246 0.8910533910533911 0.02755102040816327 0.0836940836940837
25 0.12142857142857144 0.873015873015873 0.036734693877551024 0.06926406926406926
23 0.16173469387755104 0.8740981240981242 0.02959183673469388 0.046897546897546896
21 0.20816326530612247 0.8740981240981242 0.022448979591836737 0.023809523809523808
24 0.561734693877551 0.8798701298701299 0.0336734693877551 0.05844155844155844
23 0.6076530612244898 0.8744588744588745 0.02959183673469388 0.046176046176046176
22 0.6561224489795919 0.8795093795093795 0.02653061224489796 0.03463203463203463
21 0.7071428571428572 0.8737373737373737 0.022448979591836737 0.024531024531024532
20 0.7647959183673471 0.8740981240981242 0.01938775510204082 0.03823953823953824
19 0.8336734693877552 0.8722943722943723 0.0326530612244898 0.01443001443001443
18 0.042346938775510205 0.9642857142857143 0.0336734693877551 0.013708513708513708
25 0.38469387755102047 0.637085137085137 0.036734693877551024 0.06926406926406926
25 0.04591836734693878 0.8722943722943723 0.036734693877551024 0.06926406926406926
223 0.5193877551020408 0.8596681096681097 0.028571428571428574 0.08008658008658008
