12 0.09642857142857143 0.09956709956709957 0.015306122448979593 0.049062049062049064
12 0.09540816326530613 0.29653679653679654 0.017346938775510204 0.047619047619047616
12 0.09693877551020409 0.49314574314574317 0.0163265306122449 0.048340548340548344
12 0.09642857142857143 0.6507936507936508 0.015306122448979593 0.047619047619047616
38 0.13112244897959185 0.10822510822510822 0.05204081632653062 0.06926406926406926
15 0.17448979591836736 0.0873015873015873 0.02653061224489796 0.03751803751803752
33 0.1306122448979592 0.30735930735930733 0.05102040816326531 0.07647907647907648
15 0.17346938775510207 0.30158730158730157 0.02448979591836735 0.03751803751803752
15 0.17448979591836736 0.48088023088023085 0.02653061224489796 0.03823953823953824
27 0.1285714285714286 0.6507936507936508 0.0489795918367347 0.05194805194805195
15 0.1739795918367347 0.6388888888888888 0.025510204081632654 0.0367965367965368
239 0.22704081632653064 0.6475468975468975 0.03571428571428572 0.07864357864357864
25 0.25867346938775515 0.2943722943722944 0.023469387755102045 0.06493506493506493
25 0.32704081632653065 0.2950937950937951 0.023469387755102045 0.06493506493506493
25 0.39540816326530615 0.2943722943722944 0.023469387755102045 0.06493506493506493
25 0.5168367346938776 0.2950937950937951 0.023469387755102045 0.06493506493506493
25 0.6994897959183675 0.2950937950937951 0.023469387755102045 0.06493506493506493
25 0.7688775510204082 0.2943722943722944 0.023469387755102045 0.06493506493506493
25 0.8301020408163267 0.2950937950937951 0.023469387755102045 0.06493506493506493
25 0.8964285714285715 0.2950937950937951 0.023469387755102045 0.06493506493506493
25 0.25867346938775515 0.6479076479076479 0.023469387755102045 0.06493506493506493
25 0.32602040816326533 0.6479076479076479 0.023469387755102045 0.06493506493506493
25 0.3974489795918368 0.6471861471861472 0.023469387755102045 0.06493506493506493
25 0.5178571428571429 0.6479076479076479 0.023469387755102045 0.06493506493506493
25 0.7005102040816327 0.6479076479076479 0.023469387755102045 0.06493506493506493
25 0.7688775510204082 0.6486291486291487 0.023469387755102045 0.06493506493506493
25 0.828061224489796 0.6493506493506493 0.023469387755102045 0.06493506493506493
25 0.8974489795918368 0.6493506493506493 0.023469387755102045 0.06493506493506493
24 0.42806122448979594 0.3005050505050505 0.025510204081632654 0.05266955266955267
24 0.5505102040816326 0.30122655122655123 0.025510204081632654 0.05266955266955267
24 0.9290816326530613 0.30122655122655123 0.025510204081632654 0.05266955266955267
24 0.928061224489796 0.6547619047619048 0.025510204081632654 0.05266955266955267
24 0.5494897959183674 0.6554834054834054 0.025510204081632654 0.05266955266955267
24 0.4270408163265306 0.6554834054834054 0.025510204081632654 0.05266955266955267
38 0.12908163265306125 0.5014430014430015 0.05 0.06926406926406926
234 0.6724489795918368 0.31096681096681095 0.028571428571428574 0.1038961038961039
239 0.7387755102040817 0.29329004329004327 0.03469387755102041 0.0772005772005772
244 0.7994897959183674 0.3185425685425685 0.01938775510204082 0.09451659451659451
241 0.8693877551020409 0.2813852813852814 0.036734693877551024 0.07792207792207792
235 0.9770408163265307 0.3134920634920635 0.03571428571428572 0.08441558441558442
237 0.2948979591836735 0.6587301587301587 0.03469387755102041 0.07792207792207792
239 0.48775510204081635 0.6471861471861472 0.03469387755102041 0.07936507936507936
239 0.6403061224489797 0.6334776334776335 0.02142857142857143 0.10678210678210678
244 0.6729591836734694 0.6280663780663781 0.02142857142857143 0.09595959595959595
249 0.7321428571428572 0.6525974025974026 0.02142857142857143 0.07864357864357864
254 0.7989795918367347 0.6291486291486291 0.02448979591836735 0.09235209235209235
251 0.8602040816326532 0.6406926406926406 0.022448979591836737 0.07936507936507936
245 0.9704081632653062 0.6702741702741702 0.020408163265306124 0.09235209235209235
