12 0.09642857142857143 0.14393939393939395 0.01326530612244898 0.048340548340548344
12 0.48163265306122455 0.14357864357864358 0.0163265306122449 0.047619047619047616
12 0.09693877551020409 0.26226551226551226 0.012244897959183675 0.048340548340548344
12 0.48163265306122455 0.26226551226551226 0.0163265306122449 0.046897546897546896
12 0.09540816326530613 0.4087301587301587 0.01326530612244898 0.048340548340548344
12 0.4811224489795919 0.4083694083694084 0.015306122448979593 0.047619047619047616
12 0.09540816326530613 0.5364357864357865 0.01326530612244898 0.048340548340548344
12 0.4821428571428572 0.5357142857142857 0.017346938775510204 0.046897546897546896
12 0.09642857142857143 0.8163780663780664 0.01326530612244898 0.048340548340548344
12 0.5714285714285715 0.8163780663780664 0.0163265306122449 0.048340548340548344
12 0.09693877551020409 0.933982683982684 0.012244897959183675 0.048340548340548344
12 0.5709183673469388 0.9347041847041847 0.015306122448979593 0.048340548340548344
26 0.13418367346938775 0.14105339105339104 0.05 0.09307359307359307
27 0.13214285714285715 0.262987012987013 0.05408163265306123 0.051226551226551224
31 0.13418367346938775 0.411976911976912 0.05204081632653062 0.10533910533910534
26 0.13418367346938775 0.5339105339105339 0.05204081632653062 0.09379509379509379
81 0.20612244897959187 0.5281385281385281 0.0326530612244898 0.0707070707070707
79 0.32602040816326533 0.5331890331890332 0.02959183673469388 0.05772005772005772
80 0.5112244897959184 0.5306637806637806 0.02653061224489796 0.06277056277056277
78 0.6316326530612245 0.536075036075036 0.02653061224489796 0.050505050505050504
137 0.8464285714285715 0.536075036075036 0.023469387755102045 0.050505050505050504
137 0.8867346938775511 0.536075036075036 0.02448979591836735 0.050505050505050504
138 0.9270408163265307 0.5331890331890332 0.025510204081632654 0.05627705627705628
138 0.9653061224489797 0.5328282828282829 0.030612244897959186 0.056998556998557
26 0.13418367346938775 0.8127705627705628 0.05 0.09307359307359307
27 0.1326530612244898 0.9347041847041847 0.05306122448979592 0.051226551226551224
