18 0.09387755102040818 0.1958874458874459 0.04489795918367347 0.013708513708513708
103 0.23214285714285715 0.20887445887445888 0.025510204081632654 0.048340548340548344
103 0.3025510204081633 0.2085137085137085 0.025510204081632654 0.049062049062049064
103 0.3729591836734694 0.20887445887445888 0.025510204081632654 0.048340548340548344
103 0.4668367346938776 0.2085137085137085 0.025510204081632654 0.047619047619047616
103 0.5377551020408163 0.2085137085137085 0.02653061224489796 0.049062049062049064
20 0.6051020408163266 0.193001443001443 0.02448979591836735 0.04112554112554113
18 0.7806122448979592 0.1958874458874459 0.04285714285714286 0.013708513708513708
103 0.028571428571428574 0.3546176046176046 0.02448979591836735 0.048340548340548344
19 0.10306122448979593 0.3354978354978355 0.036734693877551024 0.012987012987012988
18 0.31173469387755104 0.3430735930735931 0.04387755102040817 0.013708513708513708
19 0.47193877551020413 0.3347763347763348 0.03775510204081633 0.011544011544011544
103 0.6086734693877551 0.35533910533910534 0.025510204081632654 0.046897546897546896
103 0.7005102040816327 0.3546176046176046 0.025510204081632654 0.046897546897546896
103 0.7704081632653061 0.35533910533910534 0.02448979591836735 0.049783549783549784
103 0.8423469387755103 0.3556998556998557 0.025510204081632654 0.049062049062049064
19 0.1688775510204082 0.4790764790764791 0.03775510204081633 0.01443001443001443
103 0.3198979591836735 0.4989177489177489 0.025510204081632654 0.049783549783549784
103 0.4198979591836735 0.49855699855699853 0.025510204081632654 0.049062049062049064
103 0.49744897959183676 0.49855699855699853 0.025510204081632654 0.047619047619047616
103 0.5795918367346939 0.4989177489177489 0.02653061224489796 0.046897546897546896
103 0.6821428571428572 0.4989177489177489 0.025510204081632654 0.049783549783549784
103 0.7586734693877552 0.49855699855699853 0.025510204081632654 0.049062049062049064
20 0.8336734693877552 0.4823232323232323 0.02448979591836735 0.04112554112554113
103 0.06275510204081633 0.6424963924963925 0.025510204081632654 0.049783549783549784
103 0.16479591836734694 0.6417748917748918 0.025510204081632654 0.048340548340548344
103 0.24234693877551022 0.6421356421356421 0.025510204081632654 0.049062049062049064
20 0.3168367346938776 0.6262626262626263 0.025510204081632654 0.0404040404040404
18 0.5122448979591837 0.6298701298701299 0.04285714285714286 0.01443001443001443
19 0.6862244897959184 0.6215728715728716 0.03775510204081633 0.013708513708513708
103 0.8372448979591838 0.6421356421356421 0.025510204081632654 0.049062049062049064
18 0.22448979591836737 0.7723665223665224 0.04285714285714286 0.013708513708513708
18 0.6637755102040817 0.7727272727272727 0.04387755102040817 0.01443001443001443
103 0.05816326530612245 0.8935786435786436 0.02653061224489796 0.048340548340548344
103 0.19183673469387758 0.8924963924963925 0.02653061224489796 0.049062049062049064
103 0.32551020408163267 0.8924963924963925 0.02653061224489796 0.047619047619047616
103 0.49897959183673474 0.8928571428571429 0.02653061224489796 0.049783549783549784
103 0.6331632653061225 0.8928571428571429 0.02755102040816327 0.048340548340548344
20 0.7642857142857143 0.8766233766233766 0.02448979591836735 0.0404040404040404
