12 0.030612244897959186 0.08838383838383838 0.0163265306122449 0.048340548340548344
13 0.8984693877551021 0.0891053391053391 0.023469387755102045 0.049783549783549784
12 0.3122448979591837 0.08874458874458875 0.018367346938775512 0.047619047619047616
12 0.6010204081632654 0.08874458874458875 0.018367346938775512 0.047619047619047616
12 0.9025510204081634 0.36363636363636365 0.015306122448979593 0.050505050505050504
12 0.2285714285714286 0.36363636363636365 0.0163265306122449 0.049062049062049064
12 0.5362244897959184 0.36363636363636365 0.017346938775510204 0.049062049062049064
12 0.2285714285714286 0.4816017316017316 0.018367346938775512 0.049783549783549784
12 0.5362244897959184 0.48124098124098125 0.01938775510204082 0.047619047619047616
12 0.9025510204081634 0.4816017316017316 0.017346938775510204 0.048340548340548344
12 0.38265306122448983 0.7554112554112554 0.018367346938775512 0.047619047619047616
12 0.6775510204081633 0.7561327561327561 0.0163265306122449 0.049062049062049064
12 0.903061224489796 0.7561327561327561 0.0163265306122449 0.049062049062049064
12 0.15408163265306124 0.7561327561327561 0.018367346938775512 0.047619047619047616
12 0.1545918367346939 0.8820346320346321 0.01938775510204082 0.048340548340548344
12 0.38112244897959185 0.8820346320346321 0.017346938775510204 0.048340548340548344
12 0.6770408163265307 0.8827561327561327 0.017346938775510204 0.049783549783549784
12 0.9025510204081634 0.8823953823953824 0.017346938775510204 0.049062049062049064
129 0.0642857142857143 0.10858585858585859 0.02653061224489796 0.09163059163059163
132 0.2545918367346939 0.09884559884559885 0.0336734693877551 0.07215007215007214
133 0.3464285714285715 0.09523809523809523 0.025510204081632654 0.06349206349206349
15 0.45867346938775516 0.0772005772005772 0.025510204081632654 0.03896103896103896
16 0.7617346938775511 0.05735930735930736 0.017346938775510204 0.03391053391053391
15 0.1489795918367347 0.38203463203463206 0.02448979591836735 0.03823953823953824
15 0.16683673469387755 0.3502886002886003 0.023469387755102045 0.03823953823953824
15 0.8418367346938777 0.3578643578643579 0.02448979591836735 0.03896103896103896
165 0.864795918367347 0.37337662337662336 0.031632653061224494 0.07142857142857142
133 0.03316326530612245 0.4880952380952381 0.02755102040816327 0.06565656565656566
140 0.09948979591836736 0.47294372294372294 0.03775510204081633 0.06998556998556998
140 0.3408163265306123 0.48088023088023085 0.028571428571428574 0.08441558441558442
139 0.40969387755102044 0.48088023088023085 0.025510204081632654 0.07287157287157287
138 0.47346938775510206 0.48124098124098125 0.03469387755102041 0.06349206349206349
137 0.576530612244898 0.4823232323232323 0.02448979591836735 0.051226551226551224
15 0.703061224489796 0.4458874458874459 0.022448979591836737 0.03751803751803752
133 0.04489795918367347 0.7489177489177489 0.0326530612244898 0.06493506493506493
22 0.12704081632653064 0.7395382395382395 0.025510204081632654 0.03607503607503607
15 0.6071428571428572 0.7745310245310245 0.02448979591836735 0.0367965367965368
15 0.6250000000000001 0.7420634920634921 0.023469387755102045 0.0367965367965368
20 0.03877551020408164 0.8809523809523809 0.022448979591836737 0.03751803751803752
133 0.18877551020408165 0.8748196248196248 0.0326530612244898 0.06565656565656566
130 0.33571428571428574 0.8795093795093795 0.028571428571428574 0.0735930735930736
133 0.41530612244897963 0.8683261183261183 0.03469387755102041 0.07864357864357864
135 0.5188775510204082 0.8849206349206349 0.025510204081632654 0.056998556998557
140 0.5668367346938776 0.8737373737373737 0.03571428571428572 0.06926406926406926
140 0.7591836734693879 0.8737373737373737 0.036734693877551024 0.06926406926406926
139 0.8142857142857144 0.876984126984127 0.02448979591836735 0.06277056277056277
138 0.8596938775510204 0.8795093795093795 0.03571428571428572 0.05772005772005772
