12 0.09586466165413535 0.10499734183944712 0.011278195488721806 0.03561935140882509
12 0.5296992481203008 0.10473152578415737 0.014285714285714287 0.03508771929824562
12 0.8695488721804512 0.10499734183944712 0.014285714285714287 0.03561935140882509
12 0.5289473684210526 0.19085592769803297 0.015789473684210527 0.03615098351940457
12 0.0962406015037594 0.19085592769803297 0.010526315789473686 0.03508771929824562
12 0.8699248120300752 0.19112174375332272 0.013533834586466165 0.03561935140882509
14 0.3409774436090226 0.19510898458266882 0.009774436090225564 0.007442849548112707
14 0.3409774436090226 0.2219564061669325 0.009774436090225564 0.007974481658692186
12 0.09586466165413535 0.3833067517278044 0.011278195488721806 0.03615098351940457
12 0.8026315789473685 0.3833067517278044 0.012781954887218045 0.03508771929824562
14 0.9736842105263158 0.42982456140350883 0.010526315789473686 0.007974481658692186
14 0.974812030075188 0.43833067517278046 0.011278195488721806 0.006911217437533227
14 0.8462406015037595 0.44736842105263164 0.011278195488721806 0.006911217437533227
14 0.97406015037594 0.4471026049973419 0.011278195488721806 0.006379585326953749
12 0.09661654135338346 0.46916533758639023 0.011278195488721806 0.03561935140882509
12 0.8030075187969925 0.46943115364168 0.013533834586466165 0.03508771929824562
14 0.9736842105263158 0.456140350877193 0.010526315789473686 0.007442849548112707
14 0.8466165413533835 0.46491228070175444 0.010526315789473686 0.007974481658692186
14 0.8466165413533835 0.48245614035087725 0.010526315789473686 0.007974481658692186
12 0.09586466165413535 0.6613503455608719 0.011278195488721806 0.03615098351940457
12 0.47330827067669173 0.6616161616161617 0.014285714285714287 0.03561935140882509
12 0.7954887218045114 0.6618819776714514 0.013533834586466165 0.03508771929824562
14 0.21691729323308273 0.7256778309409889 0.011278195488721806 0.007442849548112707
12 0.0962406015037594 0.7474747474747475 0.010526315789473686 0.03508771929824562
12 0.4729323308270677 0.7474747474747475 0.013533834586466165 0.03508771929824562
12 0.7958646616541354 0.748006379585327 0.014285714285714287 0.03615098351940457
14 0.21766917293233085 0.7429558745348219 0.011278195488721806 0.007974481658692186
14 0.21766917293233085 0.760233918128655 0.009774436090225564 0.007442849548112707
12 0.0962406015037594 0.9399255715045189 0.012030075187969926 0.03615098351940457
12 0.737593984962406 0.9401913875598087 0.015037593984962407 0.03561935140882509
14 0.4203007518796993 0.9867091972355131 0.010526315789473686 0.007442849548112707
14 0.986842105263158 0.9867091972355131 0.009774436090225564 0.007442849548112707
14 0.7917293233082707 0.9952153110047848 0.010526315789473686 0.007442849548112707
14 0.987218045112782 0.9952153110047848 0.010526315789473686 0.007442849548112707
14 0.4206766917293233 0.9954811270600745 0.011278195488721806 0.006911217437533227
26 0.12293233082706767 0.1028708133971292 0.035338345864661655 0.06751727804359384
16 0.15526315789473685 0.10074428495481128 0.015789473684210527 0.024986709197235515
135 0.27781954887218047 0.10845295055821372 0.01879699248120301 0.046783625730994156
135 0.4 0.0988835725677831 0.02406015037593985 0.04891015417331207
21 0.49022556390977445 0.08692185007974482 0.01804511278195489 0.018607123870281767
15 0.6105263157894737 0.11403508771929825 0.01654135338345865 0.02817650186071239
15 0.8906015037593985 0.11297182349813929 0.01879699248120301 0.02817650186071239
27 0.1218045112781955 0.19112174375332272 0.039097744360902256 0.03880914407230197
16 0.1556390977443609 0.19484316852737907 0.01654135338345865 0.026049973418394472
21 0.27781954887218047 0.19112174375332272 0.01879699248120301 0.018607123870281767
21 0.49022556390977445 0.1916533758639022 0.019548872180451128 0.018607123870281767
20 0.6270676691729323 0.18952684742158427 0.01654135338345865 0.029239766081871347
19 0.7030075187969925 0.18872939925571505 0.02556390977443609 0.009569377990430623
26 0.12293233082706767 0.3814460393407762 0.038345864661654135 0.0685805422647528
16 0.15526315789473685 0.37825624667729935 0.015789473684210527 0.026049973418394472
193 0.25 0.38118022328548645 0.01879699248120301 0.04146730462519937
195 0.2736842105263158 0.37719298245614036 0.02556390977443609 0.051568314726209465
193 0.2992481203007519 0.38118022328548645 0.01804511278195489 0.04146730462519937
193 0.3473684210526316 0.38118022328548645 0.01804511278195489 0.04146730462519937
193 0.39699248120300756 0.38118022328548645 0.01804511278195489 0.04146730462519937
193 0.44586466165413535 0.38118022328548645 0.01804511278195489 0.04146730462519937
195 0.46954887218045116 0.3774587985114301 0.024812030075187973 0.05103668261562999
193 0.4954887218045113 0.3814460393407762 0.019548872180451128 0.04199893673577884
195 0.5206766917293233 0.37639553429027117 0.02180451127819549 0.05103668261562999
193 0.5447368421052632 0.38118022328548645 0.01879699248120301 0.04146730462519937
170 0.6650375939849624 0.37719298245614036 0.02330827067669173 0.051568314726209465
143 0.7699248120300752 0.3585858585858586 0.02255639097744361 0.088782562466773
21 0.8293233082706768 0.3654970760233918 0.01804511278195489 0.018607123870281767
15 0.8590225563909775 0.34768740031897927 0.01879699248120301 0.029771398192450827
141 0.9545112781954888 0.37426900584795325 0.024812030075187973 0.05635300372142478
137 0.9909774436090226 0.3830409356725146 0.015037593984962407 0.03774587985114301
27 0.12067669172932331 0.4681020733652313 0.038345864661654135 0.03561935140882509
16 0.15526315789473685 0.4726209463051569 0.015789473684210527 0.025518341307814996
21 0.3973684210526316 0.4696969696969697 0.017293233082706767 0.018607123870281767
21 0.6917293233082707 0.4696969696969697 0.01804511278195489 0.018607123870281767
21 0.7703007518796993 0.46996278575225947 0.01879699248120301 0.019138755980861247
26 0.12255639097744361 0.659223817118554 0.03609022556390978 0.06804891015417332
16 0.15526315789473685 0.6565656565656566 0.015789473684210527 0.025518341307814996
104 0.20037593984962407 0.665337586390218 0.01879699248120301 0.046251993620414676
142 0.26390977443609026 0.6504518872939926 0.02105263157894737 0.060074428495481134
15 0.29323308270676696 0.6398192450824031 0.01654135338345865 0.02817650186071239
138 0.4973684210526316 0.659223817118554 0.01879699248120301 0.04253056884635832
15 0.5353383458646617 0.6395534290271133 0.01804511278195489 0.028708133971291867
21 0.7266917293233083 0.6438064859117492 0.017293233082706767 0.018075491759702286
15 0.8142857142857143 0.6398192450824031 0.01654135338345865 0.02817650186071239
27 0.12142857142857144 0.7477405635300373 0.038345864661654135 0.03880914407230197
16 0.1548872180451128 0.7517278043593834 0.015037593984962407 0.025518341307814996
20 0.34774436090225563 0.7458798511430091 0.015789473684210527 0.028708133971291867
21 0.5684210526315789 0.748006379585327 0.01804511278195489 0.018075491759702286
21 0.606390977443609 0.748006379585327 0.01879699248120301 0.018075491759702286
19 0.6432330827067669 0.7450824029771399 0.02330827067669173 0.009037745879851143
16 0.8334586466165415 0.8907496012759172 0.014285714285714287 0.024986709197235515
26 0.12293233082706767 0.9377990430622011 0.0368421052631579 0.06804891015417332
16 0.15526315789473685 0.9354066985645934 0.014285714285714287 0.024986709197235515
21 0.20075187969924813 0.9218500797448167 0.01804511278195489 0.018075491759702286
142 0.26879699248120303 0.9290271132376396 0.02180451127819549 0.06113769271664009
143 0.33684210526315794 0.9276980329611909 0.02105263157894737 0.06485911749069645
21 0.7744360902255639 0.9218500797448167 0.01804511278195489 0.018075491759702286
16 0.8327067669172933 0.9218500797448167 0.014285714285714287 0.024455077086656035
135 0.9691729323308271 0.9433811802232855 0.01804511278195489 0.046251993620414676
16 0.9511278195488723 0.9853801169590644 0.015037593984962407 0.026049973418394472
193 0.20112781954887218 0.380648591174907 0.01879699248120301 0.04146730462519937
193 0.5958646616541353 0.38118022328548645 0.01879699248120301 0.04146730462519937
193 0.6439849624060151 0.38171185539606595 0.01879699248120301 0.04146730462519937
195 0.6199248120300752 0.3774587985114301 0.02180451127819549 0.05103668261562999
195 0.42368421052631583 0.37692716640085067 0.02180451127819549 0.05103668261562999
195 0.37330827067669176 0.37692716640085067 0.02180451127819549 0.05103668261562999
195 0.325187969924812 0.37639553429027117 0.02180451127819549 0.05103668261562999
195 0.2274436090225564 0.37692716640085067 0.02180451127819549 0.05103668261562999
195 0.5710526315789474 0.37692716640085067 0.02180451127819549 0.05103668261562999
