12 0.5474489795918368 0.237012987012987 0.017346938775510204 0.048340548340548344
12 0.903061224489796 0.23737373737373738 0.0163265306122449 0.049062049062049064
12 0.9025510204081634 0.3694083694083694 0.017346938775510204 0.049062049062049064
12 0.5469387755102041 0.36904761904761907 0.014285714285714287 0.046897546897546896
12 0.9025510204081634 0.5014430014430015 0.017346938775510204 0.049062049062049064
12 0.5474489795918368 0.5014430014430015 0.015306122448979593 0.047619047619047616
12 0.9025510204081634 0.6331168831168831 0.017346938775510204 0.048340548340548344
12 0.5469387755102041 0.6334776334776335 0.0163265306122449 0.047619047619047616
170 0.030102040816326534 0.2297979797979798 0.025510204081632654 0.06854256854256854
167 0.11785714285714287 0.237012987012987 0.025510204081632654 0.05411255411255411
169 0.20612244897959187 0.23196248196248195 0.02448979591836735 0.06421356421356421
171 0.28571428571428575 0.2261904761904762 0.036734693877551024 0.0772005772005772
111 0.3688775510204082 0.22294372294372294 0.02959183673469388 0.0808080808080808
57 0.6071428571428572 0.22366522366522368 0.04285714285714286 0.0836940836940837
158 0.034183673469387756 0.37842712842712845 0.03775510204081633 0.06854256854256854
162 0.11989795918367348 0.36904761904761907 0.025510204081632654 0.051226551226551224
159 0.20867346938775513 0.37554112554112556 0.02755102040816327 0.06421356421356421
17 0.2693877551020408 0.3986291486291486 0.0163265306122449 0.03535353535353535
159 0.29285714285714287 0.37481962481962483 0.02448979591836735 0.06421356421356421
97 0.3678571428571429 0.37842712842712845 0.02959183673469388 0.06998556998556998
43 0.6081632653061225 0.3787878787878788 0.03877551020408164 0.06926406926406926
18 0.7250000000000001 0.49206349206349204 0.031632653061224494 0.012987012987012988
18 0.7250000000000001 0.6240981240981242 0.031632653061224494 0.012987012987012988
18 0.7250000000000001 0.7702020202020202 0.0336734693877551 0.015151515151515152
18 0.7250000000000001 0.9033189033189033 0.0336734693877551 0.017316017316017316
