14 0.7390977443609023 0.06565656565656566 0.010526315789473686 0.007974481658692186
12 0.37932330827067673 0.10446570972886764 0.015789473684210527 0.03561935140882509
12 0.9022556390977444 0.10446570972886764 0.013533834586466165 0.03561935140882509
14 0.7398496240601504 0.16055289739500267 0.010526315789473686 0.007442849548112707
14 0.424812030075188 0.16905901116427433 0.010526315789473686 0.006379585326953749
14 0.7402255639097745 0.16932482721956407 0.011278195488721806 0.006911217437533227
12 0.37932330827067673 0.19112174375332272 0.014285714285714287 0.03561935140882509
12 0.9015037593984963 0.19112174375332272 0.013533834586466165 0.03561935140882509
14 0.7394736842105264 0.17783094098883573 0.011278195488721806 0.006911217437533227
14 0.4255639097744361 0.19564061669324828 0.010526315789473686 0.007442849548112707
14 0.4255639097744361 0.21291866028708137 0.010526315789473686 0.007974481658692186
12 0.9022556390977444 0.3830409356725146 0.013533834586466165 0.03561935140882509
12 0.16278195488721806 0.3835725677830941 0.012781954887218045 0.03561935140882509
12 0.5150375939849624 0.38437001594896336 0.012030075187969926 0.03508771929824562
14 0.3293233082706767 0.4295587453482191 0.010526315789473686 0.007442849548112707
14 0.3304511278195489 0.4385964912280702 0.011278195488721806 0.006379585326953749
14 0.32969924812030077 0.4471026049973419 0.011278195488721806 0.006379585326953749
14 0.7135338345864662 0.44736842105263164 0.010526315789473686 0.006911217437533227
14 0.5571428571428572 0.44763423710792133 0.009022556390977444 0.006379585326953749
12 0.9015037593984963 0.46943115364168 0.013533834586466165 0.03615098351940457
12 0.162406015037594 0.46943115364168 0.013533834586466165 0.03508771929824562
12 0.5142857142857143 0.46943115364168 0.013533834586466165 0.03508771929824562
14 0.32894736842105265 0.456140350877193 0.011278195488721806 0.007442849548112707
14 0.7139097744360903 0.45587453482190327 0.011278195488721806 0.006911217437533227
14 0.20601503759398498 0.4646464646464647 0.009022556390977444 0.007442849548112707
14 0.5571428571428572 0.47341839447102607 0.009022556390977444 0.006911217437533227
14 0.20563909774436093 0.4821903242955875 0.009774436090225564 0.007442849548112707
14 0.7135338345864662 0.4821903242955875 0.010526315789473686 0.007442849548112707
14 0.5578947368421053 0.49149388623072837 0.010526315789473686 0.007974481658692186
12 0.2398496240601504 0.6613503455608719 0.015037593984962407 0.03508771929824562
12 0.9026315789473685 0.6616161616161617 0.012781954887218045 0.03561935140882509
14 0.5736842105263158 0.7083997873471558 0.010526315789473686 0.006911217437533227
14 0.574436090225564 0.7161084529505582 0.010526315789473686 0.02126528442317916
14 0.5740601503759399 0.7171717171717172 0.009774436090225564 0.007442849548112707
14 0.2823308270676692 0.7259436469962787 0.011278195488721806 0.006911217437533227
14 0.5736842105263158 0.7259436469962787 0.010526315789473686 0.006911217437533227
12 0.2398496240601504 0.7477405635300373 0.013533834586466165 0.03561935140882509
12 0.9022556390977444 0.748006379585327 0.013533834586466165 0.03615098351940457
14 0.2823308270676692 0.7519936204146731 0.011278195488721806 0.006911217437533227
14 0.2823308270676692 0.7698032961190856 0.011278195488721806 0.007442849548112707
12 0.3154135338345865 0.9399255715045189 0.014285714285714287 0.03615098351940457
12 0.9018796992481204 0.9401913875598087 0.014285714285714287 0.03561935140882509
21 0.03383458646616542 0.0874534821903243 0.019548872180451128 0.019670388091440724
195 0.2530075187969925 0.09861775651249337 0.026315789473684213 0.052631578947368425
193 0.2808270676691729 0.1028708133971292 0.02030075187969925 0.04199893673577884
195 0.35751879699248124 0.0988835725677831 0.027819548872180452 0.053163211057947905
193 0.4067669172932331 0.1028708133971292 0.019548872180451128 0.04199893673577884
194 0.43383458646616546 0.09835194045720362 0.02255639097744361 0.05103668261562999
195 0.48496240601503765 0.09861775651249337 0.02706766917293233 0.051568314726209465
193 0.51203007518797 0.1028708133971292 0.019548872180451128 0.04199893673577884
195 0.587218045112782 0.09782030834662414 0.030075187969924814 0.05103668261562999
193 0.6169172932330828 0.1028708133971292 0.01879699248120301 0.04199893673577884
194 0.6428571428571429 0.09782030834662414 0.02105263157894737 0.05103668261562999
112 0.7225563909774436 0.09144072301967039 0.02105263157894737 0.06485911749069645
18 0.12443609022556391 0.1842105263157895 0.024812030075187973 0.01116427432216906
21 0.8154135338345865 0.1916533758639022 0.01879699248120301 0.018607123870281767
15 0.06203007518796993 0.36124401913875603 0.01879699248120301 0.029239766081871347
15 0.11165413533834587 0.37426900584795325 0.015789473684210527 0.028708133971291867
136 0.12894736842105264 0.38383838383838387 0.02330827067669173 0.03934077618288145
137 0.18834586466165415 0.3835725677830941 0.01879699248120301 0.03880914407230197
140 0.231203007518797 0.37878787878787884 0.02180451127819549 0.05475810738968634
135 0.2665413533834587 0.3864965443912813 0.01879699248120301 0.045720361509835196
17 0.2954887218045113 0.3825093035619352 0.012030075187969926 0.029239766081871347
134 0.3090225563909775 0.3886230728335992 0.02255639097744361 0.04891015417331207
16 0.34135338345864663 0.3779904306220096 0.013533834586466165 0.025518341307814996
134 0.35902255639097747 0.38915470494417864 0.01879699248120301 0.04997341839447103
135 0.3988721804511278 0.386762360446571 0.01879699248120301 0.046251993620414676
137 0.44135338345864666 0.3849016480595428 0.01804511278195489 0.04146730462519937
139 0.4789473684210527 0.3793195108984583 0.02556390977443609 0.046251993620414676
139 0.5394736842105263 0.37905369484316853 0.01879699248120301 0.046783625730994156
168 0.5785714285714286 0.380648591174907 0.01879699248120301 0.04146730462519937
169 0.6037593984962406 0.37905369484316853 0.019548872180451128 0.045720361509835196
168 0.6266917293233083 0.3809144072301967 0.02180451127819549 0.04093567251461989
137 0.6545112781954887 0.3833067517278044 0.01879699248120301 0.03721424774056353
139 0.693233082706767 0.37878787878787884 0.02556390977443609 0.046251993620414676
138 0.7353383458646617 0.3809144072301967 0.019548872180451128 0.04199893673577884
139 0.7672932330827068 0.37878787878787884 0.01879699248120301 0.046251993620414676
138 0.7951127819548872 0.380648591174907 0.024812030075187973 0.04146730462519937
137 0.8304511278195489 0.38383838383838387 0.01879699248120301 0.03934077618288145
136 0.8669172932330828 0.38437001594896336 0.02406015037593985 0.04040404040404041
21 0.13157894736842107 0.46943115364168 0.019548872180451128 0.019138755980861247
21 0.48345864661654137 0.46996278575225947 0.019548872180451128 0.019138755980861247
15 0.6770676691729324 0.48670919723551304 0.015789473684210527 0.02817650186071239
17 0.6800751879699248 0.44683678894205214 0.012781954887218045 0.02817650186071239
17 0.8135338345864662 0.48670919723551304 0.013533834586466165 0.029239766081871347
130 0.8703007518796994 0.4646464646464647 0.02030075187969925 0.058479532163742694
197 0.12443609022556391 0.6507177033492824 0.02330827067669173 0.059542796384901654
197 0.1729323308270677 0.6509835194045721 0.02556390977443609 0.060074428495481134
197 0.22218045112781956 0.6515151515151516 0.026315789473684213 0.06113769271664009
197 0.3379699248120301 0.6504518872939926 0.024812030075187973 0.057947900053163214
195 0.4345864661654136 0.6501860712387029 0.02255639097744361 0.058479532163742694
197 0.5300751879699248 0.6512493354598619 0.02706766917293233 0.059542796384901654
195 0.6304511278195489 0.6509835194045721 0.026315789473684213 0.059011164274322174
197 0.7266917293233083 0.6501860712387029 0.024812030075187973 0.058479532163742694
18 0.017669172932330827 0.7405635300372143 0.024812030075187973 0.011695906432748539
15 0.2349624060150376 0.9529505582137162 0.017293233082706767 0.02817650186071239
131 0.42142857142857143 0.9322169059011165 0.02030075187969925 0.053694843168527386
132 0.5590225563909775 0.932748538011696 0.01879699248120301 0.053694843168527386
16 0.6161654135338346 0.9399255715045189 0.014285714285714287 0.025518341307814996
195 0.6958646616541354 0.09808612440191389 0.024812030075187973 0.05050505050505051
193 0.1766917293233083 0.10260499734183945 0.01804511278195489 0.04253056884635832
193 0.2285714285714286 0.10313662945241893 0.01804511278195489 0.04253056884635832
193 0.33383458646616543 0.10207336523125998 0.01804511278195489 0.04253056884635832
193 0.46015037593984964 0.10313662945241893 0.01804511278195489 0.04253056884635832
193 0.5646616541353384 0.10260499734183945 0.01804511278195489 0.04253056884635832
193 0.668421052631579 0.10260499734183945 0.01804511278195489 0.04253056884635832
195 0.20263157894736844 0.09861775651249337 0.024812030075187973 0.05050505050505051
195 0.3086466165413534 0.09861775651249337 0.024812030075187973 0.05050505050505051
195 0.5387218045112783 0.09755449229133441 0.024812030075187973 0.05050505050505051
197 0.2890977443609023 0.6501860712387029 0.02330827067669173 0.058479532163742694
197 0.38759398496240605 0.6507177033492824 0.02180451127819549 0.058479532163742694
197 0.48383458646616545 0.6501860712387029 0.02330827067669173 0.058479532163742694
197 0.5815789473684211 0.6501860712387029 0.02330827067669173 0.058479532163742694
197 0.6793233082706768 0.6507177033492824 0.02330827067669173 0.058479532163742694
197 0.7763157894736843 0.6501860712387029 0.02330827067669173 0.058479532163742694
197 0.8229323308270677 0.6501860712387029 0.02330827067669173 0.058479532163742694
197 0.07631578947368421 0.6504518872939926 0.024812030075187973 0.059011164274322174
195 0.051503759398496246 0.6549707602339182 0.024812030075187973 0.04997341839447103
195 0.09962406015037595 0.655236576289208 0.02330827067669173 0.05050505050505051
195 0.14924812030075188 0.6555023923444977 0.02180451127819549 0.04997341839447103
195 0.19661654135338347 0.6549707602339182 0.02330827067669173 0.05103668261562999
195 0.2642857142857143 0.6549707602339182 0.024812030075187973 0.04997341839447103
195 0.312406015037594 0.6544391281233387 0.024812030075187973 0.04997341839447103
195 0.3627819548872181 0.6544391281233387 0.024812030075187973 0.04997341839447103
195 0.41015037593984965 0.6549707602339182 0.024812030075187973 0.04997341839447103
195 0.4597744360902256 0.6549707602339182 0.024812030075187973 0.04997341839447103
195 0.5078947368421053 0.6555023923444977 0.024812030075187973 0.04997341839447103
195 0.5575187969924812 0.6544391281233387 0.024812030075187973 0.04997341839447103
195 0.605639097744361 0.6549707602339182 0.024812030075187973 0.04997341839447103
195 0.6530075187969925 0.6549707602339182 0.024812030075187973 0.04997341839447103
195 0.7011278195488723 0.6549707602339182 0.024812030075187973 0.04997341839447103
195 0.75 0.6549707602339182 0.024812030075187973 0.04997341839447103
195 0.7988721804511278 0.6549707602339182 0.024812030075187973 0.04997341839447103
114 0.8492481203007519 0.6438064859117492 0.02330827067669173 0.07230196703880915
