14 0.23771043771043773 0.021904761904761906 0.010774410774410775 0.006666666666666666
12 0.9026936026936028 0.041428571428571426 0.012794612794612796 0.03238095238095238
12 0.20101010101010103 0.04119047619047619 0.012794612794612796 0.030952380952380953
12 0.5151515151515151 0.041428571428571426 0.012121212121212121 0.03142857142857143
12 0.7094276094276095 0.041428571428571426 0.012794612794612796 0.03142857142857143
12 0.9030303030303031 0.1380952380952381 0.01346801346801347 0.03238095238095238
12 0.2 0.13833333333333334 0.01346801346801347 0.03190476190476191
12 0.5154882154882156 0.13857142857142857 0.011447811447811448 0.03238095238095238
12 0.7094276094276095 0.13833333333333334 0.012794612794612796 0.03190476190476191
11 0.895959595959596 0.4057142857142857 0.02356902356902357 0.03333333333333333
12 0.04040404040404041 0.40595238095238095 0.012121212121212121 0.03190476190476191
11 0.8956228956228957 0.5023809523809524 0.024242424242424242 0.03238095238095238
12 0.040740740740740744 0.5026190476190476 0.011447811447811448 0.03190476190476191
11 0.8952861952861954 0.6 0.02356902356902357 0.03333333333333333
12 0.04006734006734007 0.5997619047619047 0.011447811447811448 0.03190476190476191
11 0.8952861952861954 0.6964285714285714 0.02356902356902357 0.032857142857142856
12 0.04006734006734007 0.6966666666666667 0.011447811447811448 0.03142857142857143
11 0.8952861952861954 0.7933333333333333 0.02356902356902357 0.03333333333333333
12 0.04040404040404041 0.7933333333333333 0.012121212121212121 0.03142857142857143
16 0.05723905723905724 0.03357142857142857 0.012121212121212121 0.029047619047619048
135 0.07474747474747476 0.04523809523809524 0.017508417508417508 0.0419047619047619
105 0.10303030303030304 0.04285714285714286 0.01616161616161616 0.037142857142857144
105 0.14713804713804715 0.043095238095238096 0.016835016835016835 0.03761904761904762
108 0.22053872053872056 0.03761904761904762 0.016835016835016835 0.0419047619047619
139 0.3501683501683502 0.03761904761904762 0.018855218855218858 0.0419047619047619
139 0.39191919191919194 0.03738095238095238 0.017508417508417508 0.041428571428571426
139 0.4225589225589226 0.03785714285714286 0.018181818181818184 0.041428571428571426
140 0.45993265993265997 0.03571428571428571 0.020202020202020204 0.045714285714285714
141 0.4919191919191919 0.03380952380952381 0.024915824915824916 0.049523809523809526
16 0.5276094276094276 0.009761904761904762 0.011447811447811448 0.018571428571428572
83 0.5451178451178451 0.03214285714285714 0.018181818181818184 0.05476190476190476
16 0.6124579124579125 0.03261904761904762 0.012794612794612796 0.027142857142857142
104 0.6292929292929293 0.045476190476190476 0.016835016835016835 0.04238095238095238
104 0.6727272727272727 0.04523809523809524 0.017508417508417508 0.0419047619047619
77 0.7387205387205388 0.043095238095238096 0.017508417508417508 0.03761904761904762
77 0.8239057239057239 0.04357142857142857 0.018181818181818184 0.03857142857142857
135 0.04983164983164983 0.13333333333333333 0.020202020202020204 0.04380952380952381
131 0.07407407407407408 0.13690476190476192 0.017508417508417508 0.03857142857142857
100 0.10370370370370371 0.13785714285714284 0.017508417508417508 0.034761904761904765
135 0.14915824915824916 0.13333333333333333 0.020875420875420877 0.04380952380952381
131 0.17340067340067342 0.13642857142857143 0.018181818181818184 0.03857142857142857
100 0.22053872053872056 0.1380952380952381 0.018181818181818184 0.03428571428571429
135 0.3084175084175084 0.13333333333333333 0.02154882154882155 0.04380952380952381
131 0.34915824915824917 0.13714285714285715 0.018181818181818184 0.03619047619047619
131 0.3912457912457913 0.1469047619047619 0.017508417508417508 0.05380952380952381
100 0.5447811447811448 0.13833333333333334 0.018855218855218858 0.034761904761904765
20 0.5858585858585859 0.13857142857142857 0.01616161616161616 0.02761904761904762
19 0.6313131313131314 0.13666666666666666 0.024915824915824916 0.010476190476190476
100 0.7387205387205388 0.13833333333333334 0.018855218855218858 0.034761904761904765
20 0.7804713804713805 0.1388095238095238 0.017508417508417508 0.027142857142857142
100 0.8239057239057239 0.1380952380952381 0.01952861952861953 0.03428571428571429
20 0.8653198653198654 0.1388095238095238 0.017508417508417508 0.027142857142857142
141 0.09663299663299664 0.39904761904761904 0.020875420875420877 0.049523809523809526
21 0.19663299663299663 0.40595238095238095 0.017508417508417508 0.016666666666666666
134 0.29865319865319867 0.4107142857142857 0.018181818181818184 0.04428571428571428
134 0.3976430976430977 0.4107142857142857 0.024915824915824916 0.043333333333333335
134 0.5043771043771044 0.4114285714285714 0.020202020202020204 0.04476190476190476
21 0.6053872053872055 0.40595238095238095 0.017508417508417508 0.016666666666666666
20 0.7047138047138047 0.4066666666666667 0.015488215488215488 0.02761904761904762
136 0.0962962962962963 0.5045238095238095 0.018855218855218858 0.03857142857142857
21 0.1962962962962963 0.5026190476190476 0.018181818181818184 0.015714285714285715
134 0.29865319865319867 0.5073809523809524 0.018181818181818184 0.043333333333333335
134 0.3976430976430977 0.5073809523809524 0.024915824915824916 0.04428571428571428
134 0.5043771043771044 0.5083333333333333 0.020202020202020204 0.043333333333333335
21 0.6050505050505051 0.503095238095238 0.018181818181818184 0.016666666666666666
20 0.7047138047138047 0.5035714285714286 0.015488215488215488 0.027142857142857142
138 0.0962962962962963 0.5978571428571429 0.020202020202020204 0.03857142857142857
21 0.1962962962962963 0.5995238095238096 0.018181818181818184 0.017142857142857144
134 0.29865319865319867 0.6045238095238096 0.018181818181818184 0.04428571428571428
134 0.3976430976430977 0.6045238095238096 0.024915824915824916 0.043333333333333335
134 0.5043771043771044 0.6054761904761905 0.020202020202020204 0.04428571428571428
21 0.6047138047138048 0.5997619047619047 0.017508417508417508 0.016666666666666666
20 0.705050505050505 0.6002380952380952 0.01616161616161616 0.027142857142857142
139 0.09595959595959597 0.6930952380952381 0.01952861952861953 0.04238095238095238
21 0.19663299663299663 0.6964285714285714 0.018855218855218858 0.016666666666666666
139 0.29865319865319867 0.6928571428571428 0.01952861952861953 0.0419047619047619
139 0.39831649831649835 0.6930952380952381 0.02356902356902357 0.041428571428571426
139 0.5043771043771044 0.6935714285714286 0.02154882154882155 0.041428571428571426
21 0.6047138047138048 0.6966666666666667 0.018855218855218858 0.017142857142857144
20 0.7047138047138047 0.6971428571428572 0.015488215488215488 0.02761904761904762
21 0.1962962962962963 0.7930952380952381 0.018181818181818184 0.016666666666666666
21 0.6050505050505051 0.7935714285714286 0.016835016835016835 0.016666666666666666
20 0.705050505050505 0.794047619047619 0.01616161616161616 0.027142857142857142
