2 0.31764705882352945 0.14875239923224567 0.02895927601809955 0.044145873320537425
12 0.23800904977375567 0.16314779270633398 0.014479638009049774 0.04350607805502239
12 0.6877828054298643 0.16314779270633398 0.014479638009049774 0.04222648752399232
12 0.9253393665158371 0.16314779270633398 0.013574660633484163 0.04222648752399232
12 0.44298642533936655 0.16346769033909148 0.015384615384615385 0.04158669225847728
2 0.31719457013574665 0.2578374920025592 0.02986425339366516 0.044785668586052464
12 0.23936651583710408 0.2722328854766475 0.013574660633484163 0.042866282789507354
12 0.44524886877828057 0.272552783109405 0.016289592760180997 0.04350607805502239
12 0.6891402714932127 0.27319257837492 0.015384615384615385 0.04350607805502239
12 0.92579185520362 0.2728726807421625 0.016289592760180997 0.042866282789507354
14 0.569683257918552 0.26711452335252717 0.011764705882352941 0.009596928982725527
14 0.7343891402714933 0.2981445937300064 0.011764705882352941 0.008957133717210491
14 0.9728506787330317 0.29846449136276393 0.012669683257918552 0.009596928982725527
14 0.4904977375565611 0.29846449136276393 0.01085972850678733 0.008317338451695458
2 0.31764705882352945 0.37204094689699296 0.02895927601809955 0.045425463851567496
12 0.92579185520362 0.3752399232245681 0.016289592760180997 0.044145873320537425
12 0.23936651583710408 0.3749200255918106 0.011764705882352941 0.04222648752399232
12 0.44434389140271496 0.3752399232245681 0.016289592760180997 0.042866282789507354
12 0.6891402714932127 0.37587971849008317 0.017194570135746608 0.044145873320537425
2 0.1746606334841629 0.580934101087652 0.03076923076923077 0.044785668586052464
12 0.7239819004524887 0.5946896992962252 0.01809954751131222 0.042866282789507354
12 0.09547511312217195 0.5953294945617402 0.013574660633484163 0.042866282789507354
12 0.45475113122171945 0.5950095969289827 0.017194570135746608 0.04222648752399232
14 0.8755656108597285 0.5895713371721049 0.013574660633484163 0.009596928982725527
2 0.1742081447963801 0.7332053742802302 0.02986425339366516 0.044785668586052464
12 0.7248868778280543 0.7476007677543186 0.016289592760180997 0.044145873320537425
12 0.09638009049773756 0.7479206653870761 0.013574660633484163 0.04350607805502239
12 0.4556561085972851 0.7479206653870761 0.015384615384615385 0.04350607805502239
14 0.8760180995475113 0.7418426103646832 0.012669683257918552 0.009596928982725527
14 0.7778280542986425 0.7741522712731925 0.011764705882352941 0.008957133717210491
2 0.1746606334841629 0.8662827895073576 0.02895927601809955 0.044785668586052464
12 0.45475113122171945 0.8694817658349328 0.015384615384615385 0.04350607805502239
12 0.7248868778280543 0.8694817658349328 0.014479638009049774 0.04350607805502239
12 0.09683257918552036 0.8698016634676903 0.012669683257918552 0.042866282789507354
26 0.2710407239819005 0.16122840690978887 0.044343891402714934 0.08317338451695457
21 0.4122171945701358 0.16410748560460653 0.020814479638009052 0.022392834293026232
18 0.5665158371040724 0.15515035188739604 0.02895927601809955 0.012156110044785668
18 0.8072398190045249 0.15579014715291106 0.02895927601809955 0.012156110044785668
26 0.2710407239819005 0.2696737044145873 0.04253393665158371 0.08253358925143954
131 0.41855203619909503 0.272552783109405 0.037104072398190045 0.044785668586052464
103 0.5497737556561086 0.2655150351887396 0.02262443438914027 0.058861164427383234
135 0.6619909502262443 0.26455534229046707 0.03529411764705882 0.06333973128598848
74 0.7950226244343892 0.2677543186180422 0.026244343891402715 0.05694177863083813
27 0.269683257918552 0.3752399232245681 0.04524886877828054 0.045425463851567496
21 0.411764705882353 0.3761996161228407 0.02171945701357466 0.023032629558541268
132 0.4678733031674208 0.38419705694177864 0.02171945701357466 0.06333973128598848
136 0.5081447963800905 0.3835572616762636 0.02262443438914027 0.060780550223928344
139 0.548868778280543 0.3761996161228407 0.02262443438914027 0.06781829814459372
136 0.5819004524886878 0.38035828534868843 0.02171945701357466 0.05438259756877799
139 0.6217194570135747 0.3730006397952655 0.02171945701357466 0.061420345489443376
136 0.6520361990950226 0.37747920665387075 0.028054298642533938 0.04990403071017274
132 0.7122171945701358 0.3854766474728087 0.023529411764705882 0.06717850287907869
136 0.7515837104072398 0.3845169545745361 0.024434389140271493 0.06525911708253358
138 0.790950226244344 0.3809980806142034 0.023529411764705882 0.06717850287907869
136 0.8253393665158372 0.38291746641074853 0.023529411764705882 0.05950095969289827
138 0.865158371040724 0.37939859245041585 0.023529411764705882 0.06269993602047344
136 0.8963800904977376 0.3809980806142034 0.028054298642533938 0.05694177863083813
132 0.9497737556561087 0.3857965451055662 0.02262443438914027 0.06781829814459372
135 0.9882352941176471 0.38483685220729363 0.02171945701357466 0.06461932181701856
26 0.12850678733031676 0.5927703134996801 0.04343891402714932 0.08253358925143954
18 0.3212669683257919 0.5870121561100448 0.02895927601809955 0.012156110044785668
19 0.4832579185520362 0.5930902111324377 0.02895927601809955 0.012795905310300703
21 0.6380090497737557 0.5959692898272553 0.02171945701357466 0.022392834293026232
131 0.6800904977375566 0.5953294945617402 0.037104072398190045 0.045425463851567496
100 0.7561085972850679 0.5956493921944978 0.024434389140271493 0.046065259117082535
103 0.8556561085972851 0.6017274472168905 0.02262443438914027 0.0582213691618682
135 0.9619909502262444 0.5998080614203455 0.023529411764705882 0.05566218809980806
26 0.12805429864253395 0.7453614843250159 0.04253393665158371 0.0818937939859245
20 0.5606334841628959 0.7248880358285349 0.01900452488687783 0.0345489443378119
21 0.6375565610859729 0.727447216890595 0.02262443438914027 0.023032629558541268
131 0.6796380090497738 0.7482405630198337 0.03619909502262444 0.045425463851567496
103 0.8556561085972851 0.7408829174664108 0.02262443438914027 0.058861164427383234
135 0.9687782805429864 0.7392834293026231 0.03529411764705882 0.06461932181701856
27 0.12669683257918551 0.8701215611004478 0.04524886877828054 0.046065259117082535
129 0.23800904977375567 0.8602047344849648 0.03257918552036199 0.08765195137555981
133 0.27601809954751133 0.8550863723608445 0.023529411764705882 0.07741522712731926
133 0.35203619909502265 0.854766474728087 0.025339366515837104 0.07677543186180422
133 0.42624434389140275 0.855406269993602 0.025339366515837104 0.07677543186180422
132 0.481447963800905 0.8787587971849008 0.023529411764705882 0.06461932181701856
136 0.5221719457013575 0.8777991042866282 0.023529411764705882 0.061420345489443376
136 0.5959276018099547 0.8749200255918106 0.02262443438914027 0.05566218809980806
136 0.6687782805429865 0.872040946896993 0.02895927601809955 0.04990403071017274
132 0.7552036199095022 0.8790786948176583 0.02262443438914027 0.06397952655150352
136 0.8045248868778281 0.8774792066538707 0.023529411764705882 0.060780550223928344
139 0.8542986425339367 0.8704414587332053 0.023529411764705882 0.06717850287907869
136 0.8882352941176471 0.8749200255918106 0.02262443438914027 0.05438259756877799
139 0.9285067873303168 0.8682021753039028 0.023529411764705882 0.06269993602047344
136 0.9592760180995475 0.872040946896993 0.02895927601809955 0.04990403071017274
