12 0.8814814814814815 0.11289267015706807 0.014814814814814815 0.04515706806282723
12 0.09583333333333334 0.11289267015706807 0.015740740740740743 0.04384816753926702
12 0.5430555555555556 0.11289267015706807 0.015740740740740743 0.04384816753926702
12 0.0976851851851852 0.2149869109947644 0.015740740740740743 0.04515706806282723
12 0.5425925925925926 0.21465968586387435 0.016666666666666666 0.044502617801047126
12 0.8810185185185185 0.21465968586387435 0.015740740740740743 0.043193717277486915
12 0.0962962962962963 0.3167539267015707 0.016666666666666666 0.043193717277486915
12 0.5430555555555556 0.3170811518324608 0.017592592592592594 0.04384816753926702
12 0.8833333333333334 0.3167539267015707 0.016666666666666666 0.043193717277486915
12 0.0962962962962963 0.418848167539267 0.016666666666666666 0.044502617801047126
12 0.5430555555555556 0.418848167539267 0.017592592592592594 0.044502617801047126
12 0.8810185185185185 0.418848167539267 0.015740740740740743 0.044502617801047126
12 0.0962962962962963 0.606020942408377 0.016666666666666666 0.044502617801047126
12 0.4708333333333333 0.6053664921465969 0.017592592592592594 0.043193717277486915
12 0.7476851851851852 0.6053664921465969 0.015740740740740743 0.043193717277486915
12 0.09722222222222222 0.7077879581151832 0.014814814814814815 0.04384816753926702
12 0.4708333333333333 0.7077879581151832 0.015740740740740743 0.04384816753926702
12 0.75 0.7094240837696335 0.018518518518518517 0.04057591623036649
12 0.4712962962962963 0.8095549738219896 0.016666666666666666 0.044502617801047126
12 0.7486111111111111 0.8098821989528796 0.017592592592592594 0.04515706806282723
12 0.0962962962962963 0.8098821989528796 0.016666666666666666 0.04384816753926702
12 0.7486111111111111 0.9113219895287958 0.017592592592592594 0.04384816753926702
12 0.0962962962962963 0.911649214659686 0.014814814814814815 0.043193717277486915
12 0.4708333333333333 0.911649214659686 0.017592592592592594 0.043193717277486915
26 0.12546296296296297 0.11354712041884818 0.04351851851851852 0.068717277486911
15 0.16712962962962963 0.09096858638743456 0.02314814814814815 0.03141361256544503
18 0.3578703703703704 0.1043848167539267 0.030555555555555558 0.01243455497382199
19 0.5736111111111112 0.1099476439790576 0.030555555555555558 0.011780104712041885
21 0.7212962962962963 0.11289267015706807 0.020370370370370372 0.022905759162303665
132 0.7643518518518518 0.1099476439790576 0.025 0.05104712041884817
133 0.8027777777777778 0.10896596858638743 0.020370370370370372 0.05431937172774869
134 0.8439814814814816 0.10732984293193717 0.019444444444444445 0.05759162303664922
135 0.9087962962962963 0.11780104712041886 0.019444444444444445 0.05890052356020943
136 0.9495370370370371 0.11845549738219896 0.019444444444444445 0.05890052356020943
136 0.987037037037037 0.11812827225130891 0.020370370370370372 0.058246073298429325
26 0.12638888888888888 0.2149869109947644 0.04351851851851852 0.068717277486911
15 0.16712962962962963 0.19208115183246074 0.021296296296296296 0.030759162303664923
133 0.22361111111111112 0.20909685863874347 0.026851851851851852 0.058246073298429325
134 0.2625 0.2094240837696335 0.021296296296296296 0.05759162303664922
132 0.29953703703703705 0.20909685863874347 0.019444444444444445 0.058246073298429325
133 0.33981481481481485 0.2094240837696335 0.020370370370370372 0.05759162303664922
131 0.3824074074074074 0.2081151832460733 0.02962962962962963 0.060209424083769635
134 0.42314814814814816 0.2081151832460733 0.020370370370370372 0.060209424083769635
133 0.46435185185185185 0.20844240837696337 0.021296296296296296 0.06086387434554974
134 0.5060185185185185 0.2081151832460733 0.021296296296296296 0.060209424083769635
101 0.5717592592592593 0.2117146596858639 0.021296296296296296 0.05170157068062828
130 0.6412037037037037 0.21727748691099477 0.026851851851851852 0.05104712041884817
131 0.6796296296296297 0.2149869109947644 0.020370370370370372 0.046465968586387435
73 0.725 0.212369109947644 0.02777777777777778 0.05170157068062828
73 0.913425925925926 0.2117146596858639 0.026851851851851852 0.05170157068062828
28 0.12546296296296297 0.3167539267015707 0.04537037037037037 0.04712041884816754
15 0.16666666666666669 0.30137434554973824 0.018518518518518517 0.03206806282722513
77 0.2240740740740741 0.3193717277486911 0.02777777777777778 0.05235602094240838
15 0.3560185185185185 0.31151832460732987 0.019444444444444445 0.032722513089005235
76 0.3805555555555556 0.32198952879581155 0.02592592592592593 0.05628272251308901
105 0.5712962962962963 0.3193717277486911 0.020370370370370372 0.05104712041884817
138 0.638888888888889 0.3144633507853403 0.020370370370370372 0.05170157068062828
137 0.6763888888888889 0.31642670157068065 0.025 0.04515706806282723
79 0.7231481481481482 0.3147905759162304 0.02592592592592593 0.05235602094240838
79 0.9125000000000001 0.31413612565445026 0.026851851851851852 0.05235602094240838
34 0.12546296296296297 0.41328534031413616 0.04537037037037037 0.056937172774869114
15 0.1675925925925926 0.4299738219895288 0.018518518518518517 0.030104712041884817
79 0.22314814814814815 0.4162303664921466 0.02777777777777778 0.05235602094240838
15 0.3564814814814815 0.4028141361256545 0.018518518518518517 0.03337696335078534
78 0.38101851851851853 0.41819371727748694 0.026851851851851852 0.04712041884816754
79 0.5740740740740741 0.41688481675392675 0.02592592592592593 0.05235602094240838
19 0.7231481481481482 0.4165575916230367 0.02962962962962963 0.011125654450261781
26 0.1277777777777778 0.606020942408377 0.04259259259259259 0.06806282722513089
15 0.1675925925925926 0.5840968586387435 0.018518518518518517 0.03206806282722513
20 0.21805555555555556 0.6007853403141361 0.02314814814814815 0.03141361256544503
112 0.2814814814814815 0.5896596858638744 0.022222222222222223 0.07722513089005235
110 0.3421296296296296 0.5948952879581152 0.021296296296296296 0.0693717277486911
140 0.4027777777777778 0.5975130890052356 0.022222222222222223 0.061518324607329845
139 0.43842592592592594 0.6004581151832461 0.025 0.055628272251308904
109 0.49768518518518523 0.5975130890052356 0.021296296296296296 0.061518324607329845
105 0.5560185185185186 0.6079842931937173 0.019444444444444445 0.05235602094240838
19 0.6212962962962963 0.6030759162303665 0.031481481481481485 0.0137434554973822
20 0.7731481481481481 0.6011125654450262 0.022222222222222223 0.030759162303664923
106 0.8347222222222223 0.605693717277487 0.021296296296296296 0.046465968586387435
104 0.8935185185185186 0.6109293193717278 0.020370370370370372 0.058246073298429325
134 0.9606481481481481 0.5978403141361257 0.026851851851851852 0.06217277486910995
26 0.12731481481481483 0.7090968586387435 0.04351851851851852 0.0674083769633508
15 0.16712962962962963 0.6858638743455497 0.019444444444444445 0.03141361256544503
80 0.22268518518518518 0.7025523560209425 0.026851851851851852 0.058246073298429325
73 0.3476851851851852 0.705497382198953 0.026851851851851852 0.05235602094240838
72 0.500925925925926 0.7074607329842932 0.02777777777777778 0.04712041884816754
77 0.6208333333333333 0.7104057591623038 0.025 0.05301047120418848
105 0.775 0.7100785340314136 0.020370370370370372 0.05235602094240838
104 0.8347222222222223 0.7130235602094241 0.019444444444444445 0.056937172774869114
99 0.8944444444444445 0.7100785340314136 0.020370370370370372 0.05235602094240838
103 0.9569444444444445 0.7146596858638744 0.019444444444444445 0.061518324607329845
28 0.12592592592592594 0.8102094240837697 0.0462962962962963 0.04842931937172775
15 0.16620370370370371 0.793848167539267 0.017592592592592594 0.03141361256544503
104 0.21944444444444444 0.8154450261780105 0.020370370370370372 0.05759162303664922
109 0.28055555555555556 0.8020287958115184 0.022222222222222223 0.06217277486910995
111 0.3425925925925926 0.7977748691099477 0.024074074074074074 0.07329842931937174
107 0.4027777777777778 0.8075916230366492 0.022222222222222223 0.05235602094240838
83 0.500925925925926 0.7971204188481675 0.02962962962962963 0.07329842931937174
108 0.6180555555555556 0.8043193717277487 0.021296296296296296 0.05759162303664922
138 0.6796296296296297 0.8072643979057592 0.020370370370370372 0.05170157068062828
137 0.7148148148148148 0.8092277486910995 0.02592592592592593 0.046465968586387435
77 0.7777777777777778 0.8125 0.02592592592592593 0.05170157068062828
73 0.8990740740740741 0.8069371727748692 0.02777777777777778 0.05235602094240838
27 0.12546296296296297 0.9126308900523561 0.04351851851851852 0.04908376963350786
15 0.1675925925925926 0.9018324607329844 0.020370370370370372 0.03141361256544503
108 0.2199074074074074 0.9064136125654451 0.019444444444444445 0.05628272251308901
106 0.28101851851851856 0.9113219895287958 0.02314814814814815 0.046465968586387435
19 0.3458333333333333 0.9093586387434556 0.032407407407407406 0.0137434554973822
20 0.4953703703703704 0.9077225130890053 0.024074074074074074 0.032722513089005235
106 0.5555555555555556 0.911976439790576 0.020370370370370372 0.046465968586387435
105 0.6180555555555556 0.9145942408376964 0.019444444444444445 0.05170157068062828
135 0.6782407407407408 0.9175392670157069 0.019444444444444445 0.05890052356020943
134 0.7148148148148148 0.9188481675392671 0.024074074074074074 0.061518324607329845
104 0.775 0.9168848167539267 0.020370370370370372 0.05759162303664922
100 0.8347222222222223 0.912303664921466 0.021296296296296296 0.04712041884816754
19 0.8962962962962964 0.9096858638743456 0.02962962962962963 0.013089005235602094
