12 0.09693877551020409 0.03643578643578643 0.014285714285714287 0.048340548340548344
12 0.8112244897959184 0.0367965367965368 0.018367346938775512 0.047619047619047616
8 0.201530612244898 0.030303030303030304 0.08061224489795919 0.05916305916305916
27 0.13214285714285715 0.03607503607503607 0.04591836734693878 0.050505050505050504
166 0.2959183673469388 0.04256854256854257 0.02448979591836735 0.06204906204906205
165 0.35969387755102045 0.04148629148629149 0.023469387755102045 0.06132756132756133
164 0.42193877551020414 0.04220779220779221 0.023469387755102045 0.06277056277056277
166 0.48724489795918374 0.04256854256854257 0.031632653061224494 0.06204906204906205
104 0.5545918367346939 0.04184704184704185 0.023469387755102045 0.06204906204906205
165 0.8494897959183674 0.04220779220779221 0.023469387755102045 0.06132756132756133
165 0.9107142857142858 0.03968253968253968 0.02959183673469388 0.05772005772005772
138 0.9770408163265307 0.03391053391053391 0.031632653061224494 0.05627705627705628
