12 0.5878661087866108 0.05917159763313609 0.02092050209205021 0.05029585798816568
12 0.9027196652719665 0.058801775147928996 0.016736401673640166 0.049556213017751476
12 0.16788702928870292 0.05917159763313609 0.015690376569037656 0.04881656804733728
12 0.4764644351464435 0.33210059171597633 0.015690376569037656 0.04881656804733728
12 0.9032426778242677 0.3328402366863905 0.015690376569037656 0.05029585798816568
12 0.2719665271966527 0.33247041420118345 0.016736401673640166 0.04807692307692307
14 0.3274058577405857 0.3147189349112426 0.012552301255230124 0.009615384615384616
14 0.6569037656903766 0.5639792899408284 0.012552301255230124 0.009615384615384616
2 0.2322175732217573 0.5887573964497042 0.03556485355648535 0.05029585798816568
12 0.19665271966527195 0.6053994082840236 0.014644351464435145 0.04807692307692307
12 0.9032426778242677 0.6057692307692307 0.015690376569037656 0.04881656804733728
12 0.5444560669456067 0.8786982248520709 0.015690376569037656 0.04881656804733728
12 0.9032426778242677 0.8786982248520709 0.015690376569037656 0.04881656804733728
12 0.2238493723849372 0.8794378698224852 0.016736401673640166 0.04881656804733728
14 0.2892259414225941 0.8609467455621301 0.013598326359832635 0.010355029585798816
15 0.030857740585774056 0.05325443786982249 0.024058577405857737 0.03994082840236686
165 0.05334728033472803 0.06804733727810651 0.03138075313807531 0.0695266272189349
134 0.1014644351464435 0.07026627218934911 0.03347280334728033 0.07396449704142012
163 0.2018828451882845 0.05214497041420118 0.03556485355648535 0.06582840236686391
164 0.2463389121338912 0.051775147928994084 0.02824267782426778 0.0665680473372781
163 0.29341004184100417 0.051775147928994084 0.02824267782426778 0.0650887573964497
162 0.34152719665271963 0.05251479289940828 0.02824267782426778 0.0665680473372781
15 0.37656903765690375 0.07729289940828402 0.02092050209205021 0.03920118343195266
161 0.4084728033472803 0.05769230769230769 0.036610878661087864 0.056213017751479286
162 0.4518828451882845 0.056213017751479286 0.02928870292887029 0.05917159763313609
163 0.4994769874476987 0.05362426035502958 0.02824267782426778 0.0628698224852071
164 0.5486401673640167 0.05140532544378698 0.02615062761506276 0.0673076923076923
133 0.6182008368200836 0.0665680473372781 0.02719665271966527 0.06804733727810651
136 0.6914225941422594 0.0621301775147929 0.03556485355648535 0.05917159763313609
136 0.7683054393305438 0.0610207100591716 0.02824267782426778 0.05695266272189349
136 0.8362970711297071 0.060650887573964495 0.036610878661087864 0.056213017751479286
167 0.0303347280334728 0.33210059171597633 0.03347280334728033 0.05325443786982249
166 0.08106694560669456 0.33875739644970415 0.02615062761506276 0.0665680473372781
167 0.12761506276150628 0.33838757396449703 0.02719665271966527 0.06878698224852071
166 0.1752092050209205 0.33875739644970415 0.02615062761506276 0.0665680473372781
15 0.21025104602510458 0.3269230769230769 0.025104602510460247 0.03994082840236686
165 0.23378661087866107 0.33949704142011833 0.034518828451882845 0.0665680473372781
105 0.30491631799163177 0.3354289940828402 0.02824267782426778 0.058431952662721894
136 0.41474895397489536 0.33468934911242604 0.02824267782426778 0.058431952662721894
15 0.49790794979079495 0.30806213017751477 0.023012552301255228 0.03920118343195266
168 0.524581589958159 0.32951183431952663 0.02615062761506276 0.058431952662721894
169 0.5706066945606694 0.3265532544378698 0.02824267782426778 0.0643491124260355
168 0.6176778242677824 0.32951183431952663 0.02615062761506276 0.058431952662721894
167 0.6621338912133891 0.3317307692307692 0.03347280334728033 0.05251479289940828
166 0.7128661087866108 0.33838757396449703 0.02615062761506276 0.06582840236686391
167 0.7594142259414225 0.33875739644970415 0.02719665271966527 0.0665680473372781
166 0.8059623430962343 0.33875739644970415 0.02615062761506276 0.0665680473372781
15 0.8415271966527196 0.3265532544378698 0.024058577405857737 0.03920118343195266
165 0.8655857740585773 0.3391272189349112 0.034518828451882845 0.0673076923076923
141 0.0711297071129707 0.5939349112426036 0.03138075313807531 0.07692307692307693
141 0.13389121338912133 0.5939349112426036 0.0397489539748954 0.07692307692307693
17 0.27824267782426776 0.5636094674556212 0.014644351464435145 0.03994082840236686
141 0.303347280334728 0.5931952662721893 0.02928870292887029 0.07692307692307693
141 0.36715481171548114 0.5931952662721893 0.03765690376569037 0.07692307692307693
141 0.4388075313807531 0.5931952662721893 0.0303347280334728 0.07692307692307693
141 0.5026150627615062 0.5935650887573964 0.036610878661087864 0.07766272189349112
17 0.6098326359832635 0.5628698224852071 0.014644351464435145 0.03994082840236686
141 0.6338912133891212 0.5935650887573964 0.02928870292887029 0.07766272189349112
171 0.7092050209205021 0.5939349112426036 0.0397489539748954 0.07840236686390532
169 0.7567991631799162 0.5998520710059172 0.02615062761506276 0.0650887573964497
170 0.7991631799163179 0.5965236686390533 0.03556485355648535 0.0717455621301775
141 0.8451882845188283 0.5939349112426036 0.03556485355648535 0.07692307692307693
169 0.017259414225941423 0.8727810650887574 0.024058577405857737 0.0650887573964497
15 0.05334728033472803 0.8546597633136095 0.023012552301255228 0.03920118343195266
168 0.08002092050209204 0.8772189349112426 0.02615062761506276 0.05917159763313609
17 0.1119246861924686 0.8609467455621301 0.016736401673640166 0.03994082840236686
167 0.1354602510460251 0.8798076923076923 0.02615062761506276 0.05547337278106509
17 0.16631799163179914 0.8553994082840236 0.016736401673640166 0.040680473372781065
168 0.18514644351464435 0.8775887573964497 0.03347280334728033 0.059911242603550297
17 0.24215481171548114 0.8620562130177515 0.015690376569037656 0.040680473372781065
137 0.26569037656903766 0.8790680473372781 0.025104602510460247 0.05251479289940828
166 0.34414225941422594 0.8801775147928994 0.03765690376569037 0.056213017751479286
15 0.38702928870292885 0.8724112426035503 0.023012552301255228 0.03920118343195266
135 0.41265690376569036 0.8809171597633136 0.02615062761506276 0.05769230769230769
136 0.479602510460251 0.8805473372781065 0.036610878661087864 0.05547337278106509
17 0.561715481171548 0.8616863905325444 0.016736401673640166 0.03994082840236686
167 0.5852510460251046 0.8794378698224852 0.02615062761506276 0.05473372781065089
170 0.6370292887029289 0.8698224852071006 0.02928870292887029 0.07100591715976332
167 0.6788702928870293 0.8786982248520709 0.02719665271966527 0.05473372781065089
170 0.7275104602510459 0.8705621301775148 0.038702928870292884 0.07248520710059171
137 0.7740585774058577 0.8790680473372781 0.02719665271966527 0.053994082840236685
137 0.8404811715481171 0.8794378698224852 0.036610878661087864 0.05325443786982249
