12 0.09693877551020409 0.12950937950937952 0.014285714285714287 0.048340548340548344
12 0.8724489795918368 0.12950937950937952 0.018367346938775512 0.048340548340548344
12 0.5204081632653061 0.12987012987012986 0.0163265306122449 0.047619047619047616
12 0.09591836734693879 0.25865800865800864 0.0163265306122449 0.048340548340548344
12 0.5209183673469389 0.25865800865800864 0.017346938775510204 0.046897546897546896
12 0.8729591836734695 0.2593795093795094 0.017346938775510204 0.046897546897546896
12 0.09591836734693879 0.4282106782106782 0.014285714285714287 0.049783549783549784
12 0.6311224489795919 0.42712842712842713 0.017346938775510204 0.047619047619047616
12 0.40408163265306124 0.42784992784992787 0.018367346938775512 0.047619047619047616
12 0.8525510204081633 0.42784992784992787 0.017346938775510204 0.047619047619047616
12 0.09642857142857143 0.5404040404040404 0.015306122448979593 0.049062049062049064
12 0.4025510204081633 0.5396825396825397 0.017346938775510204 0.047619047619047616
12 0.853061224489796 0.54004329004329 0.0163265306122449 0.048340548340548344
12 0.6306122448979592 0.5396825396825397 0.0163265306122449 0.046176046176046176
12 0.09642857142857143 0.6699134199134199 0.01326530612244898 0.049783549783549784
12 0.4025510204081633 0.6699134199134199 0.017346938775510204 0.048340548340548344
12 0.6311224489795919 0.6699134199134199 0.015306122448979593 0.048340548340548344
12 0.8535714285714286 0.6699134199134199 0.017346938775510204 0.048340548340548344
12 0.09693877551020409 0.7792207792207793 0.014285714285714287 0.047619047619047616
12 0.40204081632653066 0.7792207792207793 0.0163265306122449 0.047619047619047616
12 0.6306122448979592 0.7792207792207793 0.0163265306122449 0.047619047619047616
12 0.8525510204081633 0.7792207792207793 0.017346938775510204 0.047619047619047616
12 0.09591836734693879 0.9087301587301587 0.014285714285714287 0.048340548340548344
12 0.4025510204081633 0.908008658008658 0.017346938775510204 0.046897546897546896
12 0.6311224489795919 0.908008658008658 0.017346938775510204 0.046897546897546896
12 0.853061224489796 0.908008658008658 0.0163265306122449 0.046897546897546896
20 0.2948979591836735 0.015512265512265512 0.02448979591836735 0.02958152958152958
19 0.3959183673469388 0.009018759018759018 0.036734693877551024 0.013708513708513708
20 0.6494897959183674 0.015151515151515152 0.023469387755102045 0.02886002886002886
19 0.7454081632653062 0.009018759018759018 0.03775510204081633 0.013708513708513708
27 0.12959183673469388 0.12481962481962482 0.0489795918367347 0.04184704184704185
18 0.3352040816326531 0.11976911976911978 0.03571428571428572 0.01443001443001443
18 0.6969387755102041 0.12012987012987013 0.03469387755102041 0.013708513708513708
27 0.12959183673469388 0.25865800865800864 0.0489795918367347 0.051226551226551224
52 0.20867346938775513 0.25901875901875904 0.03571428571428572 0.050505050505050504
51 0.5612244897959184 0.25865800865800864 0.036734693877551024 0.051226551226551224
51 0.9265306122448981 0.2593795093795094 0.036734693877551024 0.05266955266955267
26 0.13010204081632654 0.42712842712842713 0.047959183673469394 0.08946608946608947
104 0.20255102040816328 0.43326118326118324 0.025510204081632654 0.06132756132756133
105 0.25612244897959185 0.43073593073593075 0.02653061224489796 0.05627705627705628
106 0.3081632653061225 0.4282106782106782 0.02653061224489796 0.051226551226551224
106 0.35867346938775513 0.42784992784992787 0.025510204081632654 0.050505050505050504
106 0.4285714285714286 0.42784992784992787 0.02653061224489796 0.05194805194805195
76 0.48316326530612247 0.43398268398268397 0.02755102040816327 0.06277056277056277
104 0.5862244897959185 0.43398268398268397 0.025510204081632654 0.06277056277056277
105 0.6576530612244899 0.43073593073593075 0.025510204081632654 0.05627705627705628
103 0.7081632653061225 0.4347041847041847 0.02653061224489796 0.06565656565656566
74 0.7581632653061225 0.420995670995671 0.028571428571428574 0.06132756132756133
48 0.8852040816326532 0.42784992784992787 0.0336734693877551 0.05194805194805195
26 0.13010204081632654 0.538961038961039 0.047959183673469394 0.09090909090909091
102 0.20408163265306123 0.5339105339105339 0.02653061224489796 0.06204906204906205
103 0.25510204081632654 0.5468975468975469 0.02653061224489796 0.06637806637806638
104 0.3076530612244898 0.5454545454545454 0.025510204081632654 0.06349206349206349
102 0.3602040816326531 0.5331890331890332 0.02653061224489796 0.06204906204906205
104 0.4295918367346939 0.5454545454545454 0.02448979591836735 0.06349206349206349
102 0.48316326530612247 0.5335497835497836 0.02755102040816327 0.06277056277056277
99 0.5341836734693878 0.5429292929292929 0.02755102040816327 0.05844155844155844
102 0.5877551020408164 0.5335497835497836 0.02653061224489796 0.06277056277056277
103 0.6581632653061225 0.547979797979798 0.02653061224489796 0.0670995670995671
101 0.7081632653061225 0.5364357864357865 0.02653061224489796 0.056998556998557
99 0.7566326530612245 0.5432900432900433 0.02755102040816327 0.05916305916305916
100 0.8091836734693878 0.5393217893217893 0.028571428571428574 0.051226551226551224
99 0.8806122448979593 0.5429292929292929 0.028571428571428574 0.05844155844155844
98 0.9346938775510205 0.5458152958152959 0.028571428571428574 0.06421356421356421
69 0.9836734693877552 0.5483405483405484 0.030612244897959186 0.06926406926406926
26 0.13010204081632654 0.6681096681096681 0.047959183673469394 0.08946608946608947
19 0.30969387755102046 0.6666666666666666 0.03775510204081633 0.01443001443001443
97 0.4295918367346939 0.6792929292929293 0.028571428571428574 0.06998556998556998
100 0.48316326530612247 0.6695526695526696 0.02755102040816327 0.05194805194805195
99 0.5341836734693878 0.6724386724386724 0.025510204081632654 0.05772005772005772
100 0.5877551020408164 0.6695526695526696 0.02653061224489796 0.05194805194805195
19 0.7591836734693879 0.6670274170274171 0.036734693877551024 0.015151515151515152
104 0.8801020408163266 0.6756854256854257 0.025510204081632654 0.06277056277056277
107 0.9341836734693878 0.6666666666666666 0.02755102040816327 0.05772005772005772
105 0.9836734693877552 0.6727994227994228 0.02653061224489796 0.056998556998557
27 0.12959183673469388 0.7792207792207793 0.0489795918367347 0.05194805194805195
18 0.27755102040816326 0.7702020202020202 0.03469387755102041 0.012265512265512266
18 0.516326530612245 0.7702020202020202 0.03469387755102041 0.012265512265512266
18 0.7418367346938776 0.7702020202020202 0.03469387755102041 0.012265512265512266
18 0.9668367346938777 0.7694805194805194 0.03571428571428572 0.013708513708513708
27 0.12959183673469388 0.9087301587301587 0.0489795918367347 0.051226551226551224
48 0.20867346938775513 0.908008658008658 0.0336734693877551 0.051226551226551224
102 0.4316326530612245 0.902958152958153 0.02653061224489796 0.06277056277056277
105 0.48265306122448987 0.9112554112554112 0.02653061224489796 0.05772005772005772
104 0.5331632653061225 0.9145021645021645 0.025510204081632654 0.06277056277056277
105 0.5872448979591838 0.9108946608946609 0.02755102040816327 0.056998556998557
108 0.6576530612244899 0.9022366522366523 0.025510204081632654 0.06277056277056277
106 0.7071428571428572 0.908008658008658 0.02653061224489796 0.051226551226551224
104 0.7566326530612245 0.9148629148629148 0.025510204081632654 0.06349206349206349
105 0.8086734693877552 0.9112554112554112 0.025510204081632654 0.05627705627705628
102 0.8801020408163266 0.9025974025974026 0.025510204081632654 0.06060606060606061
105 0.9341836734693878 0.9105339105339105 0.025510204081632654 0.05627705627705628
103 0.9841836734693878 0.9163059163059163 0.025510204081632654 0.06637806637806638
