7 0.19285714285714287 0.0689033189033189 0.05102040816326531 0.05555555555555555
12 0.7908163265306123 0.06926406926406926 0.0163265306122449 0.049062049062049064
12 0.09693877551020409 0.06998556998556998 0.014285714285714287 0.049062049062049064
7 0.19285714285714287 0.3412698412698413 0.05102040816326531 0.05772005772005772
12 0.8112244897959184 0.3546176046176046 0.0163265306122449 0.049783549783549784
12 0.09642857142857143 0.3546176046176046 0.01326530612244898 0.048340548340548344
7 0.19183673469387758 0.47294372294372294 0.05102040816326531 0.05555555555555555
12 0.09693877551020409 0.4733044733044733 0.012244897959183675 0.049062049062049064
12 0.8112244897959184 0.47294372294372294 0.0163265306122449 0.048340548340548344
7 0.19336734693877553 0.7453102453102453 0.05204081632653062 0.05627705627705628
12 0.09642857142857143 0.7586580086580087 0.01326530612244898 0.048340548340548344
12 0.7806122448979592 0.7586580086580087 0.018367346938775512 0.048340548340548344
7 0.19183673469387758 0.8762626262626263 0.05102040816326531 0.05411255411255411
12 0.7811224489795919 0.8773448773448773 0.017346938775510204 0.049062049062049064
12 0.09693877551020409 0.8777056277056277 0.014285714285714287 0.048340548340548344
27 0.1306122448979592 0.06962481962481963 0.05306122448979592 0.051226551226551224
167 0.2683673469387755 0.06926406926406926 0.02448979591836735 0.05339105339105339
170 0.3066326530612245 0.06060606060606061 0.02755102040816327 0.06782106782106782
169 0.33877551020408164 0.06385281385281386 0.02448979591836735 0.06277056277056277
168 0.36836734693877554 0.0670995670995671 0.030612244897959186 0.05627705627705628
167 0.40510204081632656 0.06998556998556998 0.02448979591836735 0.05194805194805195
168 0.43775510204081636 0.06673881673881674 0.02448979591836735 0.056998556998557
166 0.4683673469387756 0.06926406926406926 0.02448979591836735 0.050505050505050504
167 0.4984693877551021 0.06998556998556998 0.031632653061224494 0.05194805194805195
163 0.5295918367346939 0.07539682539682539 0.02448979591836735 0.06277056277056277
169 0.5622448979591838 0.06818181818181818 0.02448979591836735 0.07142857142857142
17 0.5862244897959185 0.045815295815295816 0.017346938775510204 0.03823953823953824
168 0.6086734693877551 0.06818181818181818 0.023469387755102045 0.05988455988455989
167 0.6387755102040817 0.07034632034632035 0.030612244897959186 0.051226551226551224
168 0.6739795918367347 0.0670995670995671 0.023469387755102045 0.05772005772005772
169 0.7071428571428572 0.06421356421356421 0.02448979591836735 0.06349206349206349
167 0.7357142857142858 0.07034632034632035 0.022448979591836737 0.051226551226551224
168 0.766326530612245 0.06637806637806638 0.0326530612244898 0.05627705627705628
139 0.8173469387755102 0.06998556998556998 0.02448979591836735 0.07792207792207792
162 0.8872448979591837 0.08441558441558442 0.025510204081632654 0.07792207792207792
17 0.9102040816326531 0.0873015873015873 0.0163265306122449 0.03896103896103896
161 0.9301020408163266 0.08802308802308802 0.02959183673469388 0.08802308802308802
132 0.9704081632653062 0.06818181818181818 0.030612244897959186 0.05411255411255411
26 0.1326530612244898 0.35245310245310246 0.0489795918367347 0.09451659451659451
164 0.2683673469387755 0.36147186147186144 0.02448979591836735 0.06493506493506493
171 0.30612244897959184 0.3477633477633478 0.028571428571428574 0.08513708513708514
17 0.33010204081632655 0.3185425685425685 0.015306122448979593 0.03823953823953824
170 0.35306122448979593 0.3474025974025974 0.028571428571428574 0.07287157287157287
169 0.38265306122448983 0.3495670995670996 0.030612244897959186 0.06421356421356421
170 0.41938775510204085 0.34523809523809523 0.028571428571428574 0.06854256854256854
171 0.45102040816326533 0.34235209235209235 0.02653061224489796 0.07575757575757576
169 0.48163265306122455 0.3484848484848485 0.02653061224489796 0.06204906204906205
170 0.513265306122449 0.34523809523809523 0.0326530612244898 0.06854256854256854
168 0.5438775510204082 0.35173160173160173 0.02448979591836735 0.056998556998557
171 0.5785714285714286 0.34235209235209235 0.02653061224489796 0.07575757575757576
16 0.6030612244897959 0.3120490620490621 0.018367346938775512 0.03391053391053391
170 0.6290816326530613 0.34595959595959597 0.02959183673469388 0.06854256854256854
169 0.6586734693877552 0.3492063492063492 0.02959183673469388 0.06349206349206349
168 0.6943877551020409 0.35173160173160173 0.025510204081632654 0.056998556998557
169 0.7275510204081633 0.3481240981240981 0.02653061224489796 0.06421356421356421
167 0.7566326530612245 0.3546176046176046 0.025510204081632654 0.05266955266955267
168 0.7877551020408164 0.35173160173160173 0.030612244897959186 0.056998556998557
166 0.8367346938775511 0.35533910533910534 0.02448979591836735 0.05411255411255411
169 0.8739795918367348 0.34884559884559885 0.025510204081632654 0.06421356421356421
168 0.9076530612244899 0.35209235209235207 0.025510204081632654 0.05916305916305916
167 0.9377551020408164 0.354978354978355 0.030612244897959186 0.05194805194805195
166 0.9750000000000001 0.3556998556998557 0.025510204081632654 0.05483405483405483
27 0.1306122448979592 0.4733044733044733 0.05306122448979592 0.05194805194805195
134 0.2683673469387755 0.48124098124098125 0.02653061224489796 0.06637806637806638
137 0.351530612244898 0.4805194805194805 0.02755102040816327 0.06637806637806638
136 0.41836734693877553 0.4805194805194805 0.02653061224489796 0.06493506493506493
135 0.47602040816326535 0.4797979797979798 0.03571428571428572 0.06493506493506493
164 0.5428571428571429 0.48124098124098125 0.02448979591836735 0.06782106782106782
165 0.5785714285714286 0.4801587301587302 0.02653061224489796 0.06565656565656566
166 0.6275510204081634 0.47943722943722944 0.02448979591836735 0.06565656565656566
165 0.6586734693877552 0.4797979797979798 0.031632653061224494 0.06349206349206349
134 0.7010204081632654 0.46645021645021645 0.0326530612244898 0.06565656565656566
133 0.7581632653061225 0.46825396825396826 0.02653061224489796 0.06349206349206349
132 0.8377551020408164 0.48484848484848486 0.02653061224489796 0.07503607503607504
134 0.9081632653061226 0.4816017316017316 0.02653061224489796 0.06854256854256854
136 0.9739795918367348 0.47763347763347763 0.025510204081632654 0.06060606060606061
26 0.1326530612244898 0.7561327561327561 0.05102040816326531 0.09668109668109669
21 0.2693877551020408 0.759018759018759 0.02448979591836735 0.024531024531024532
165 0.33418367346938777 0.7640692640692641 0.023469387755102045 0.06349206349206349
164 0.36530612244897964 0.7655122655122655 0.028571428571428574 0.06493506493506493
135 0.401530612244898 0.7608225108225108 0.023469387755102045 0.05555555555555555
136 0.4581632653061225 0.7593795093795094 0.03469387755102041 0.05411255411255411
106 0.5260204081632653 0.7582972582972582 0.025510204081632654 0.050505050505050504
107 0.6607142857142858 0.7550505050505051 0.025510204081632654 0.056998556998557
21 0.8086734693877552 0.759018759018759 0.023469387755102045 0.024531024531024532
166 0.8744897959183674 0.7644300144300145 0.02448979591836735 0.06565656565656566
165 0.9168367346938776 0.7647907647907648 0.031632653061224494 0.06493506493506493
136 0.9535714285714286 0.76010101010101 0.023469387755102045 0.05411255411255411
27 0.1306122448979592 0.8773448773448773 0.05306122448979592 0.05194805194805195
168 0.2678571428571429 0.8744588744588745 0.025510204081632654 0.05627705627705628
169 0.30153061224489797 0.8715728715728716 0.025510204081632654 0.06349206349206349
168 0.3336734693877551 0.8744588744588745 0.02448979591836735 0.05627705627705628
167 0.3642857142857143 0.876984126984127 0.030612244897959186 0.051226551226551224
168 0.4005102040816327 0.8744588744588745 0.025510204081632654 0.05627705627705628
169 0.4341836734693878 0.8715728715728716 0.025510204081632654 0.06349206349206349
167 0.46173469387755106 0.8773448773448773 0.023469387755102045 0.050505050505050504
168 0.4928571428571429 0.8744588744588745 0.028571428571428574 0.05627705627705628
166 0.5255102040816327 0.8780663780663781 0.02448979591836735 0.05194805194805195
173 0.5622448979591838 0.8589466089466089 0.028571428571428574 0.08585858585858586
172 0.5959183673469388 0.8632756132756133 0.028571428571428574 0.08152958152958154
173 0.626530612244898 0.8603896103896104 0.0326530612244898 0.08585858585858586
171 0.6617346938775511 0.8658008658008658 0.02755102040816327 0.07647907647907648
172 0.6943877551020409 0.8618326118326118 0.02755102040816327 0.08008658008658008
170 0.726530612244898 0.8686868686868687 0.02653061224489796 0.06782106782106782
171 0.7561224489795919 0.8661616161616161 0.030612244897959186 0.0772005772005772
169 0.8071428571428572 0.8719336219336219 0.02448979591836735 0.06277056277056277
170 0.8418367346938777 0.8686868686868687 0.02653061224489796 0.06926406926406926
169 0.8729591836734695 0.8715728715728716 0.023469387755102045 0.06349206349206349
17 0.8974489795918368 0.8524531024531025 0.017346938775510204 0.03968253968253968
168 0.9158163265306123 0.8748196248196248 0.031632653061224494 0.056998556998557
169 0.953061224489796 0.8715728715728716 0.02448979591836735 0.06349206349206349
170 0.9862244897959185 0.8686868686868687 0.025510204081632654 0.06926406926406926
