2 0.17147568013190437 0.11946386946386946 0.028029678483099753 0.046620046620046623
12 0.09439406430338006 0.12325174825174826 0.014014839241549877 0.03904428904428905
12 0.7559769167353668 0.12266899766899766 0.01483924154987634 0.03787878787878788
12 0.47073371805441055 0.12325174825174826 0.01483924154987634 0.03787878787878788
2 0.17147568013190437 0.22465034965034966 0.026380873866446827 0.04836829836829837
12 0.09604286892003298 0.2365967365967366 0.010717230008244023 0.039627039627039624
12 0.7563891178895301 0.23717948717948717 0.01731244847485573 0.04079254079254079
12 0.47155812036273703 0.23688811188811187 0.016488046166529265 0.03904428904428905
14 0.5214344600164881 0.30594405594405594 0.014014839241549877 0.01048951048951049
14 0.8070898598516076 0.30565268065268064 0.01483924154987634 0.009906759906759906
14 0.24938169826875517 0.30623543123543123 0.015663643858202802 0.008741258741258742
2 0.1718878812860676 0.34586247086247085 0.02720527617477329 0.0472027972027972
12 0.47155812036273703 0.34877622377622375 0.016488046166529265 0.03904428904428905
12 0.7568013190436933 0.34877622377622375 0.016488046166529265 0.03904428904428905
12 0.09604286892003298 0.3484848484848485 0.010717230008244023 0.037296037296037296
2 0.17147568013190437 0.6416083916083916 0.028029678483099753 0.046620046620046623
12 0.09480626545754328 0.6445221445221445 0.013190436933223413 0.039627039627039624
12 0.4855729596042869 0.6445221445221445 0.01483924154987634 0.038461538461538464
12 0.8075020610057708 0.6445221445221445 0.014014839241549877 0.038461538461538464
2 0.17147568013190437 0.7453379953379954 0.026380873866446827 0.04895104895104895
12 0.09645507007419621 0.7581585081585082 0.011541632316570486 0.04079254079254079
12 0.4868095630667766 0.7581585081585082 0.01731244847485573 0.038461538461538464
12 0.8083264633140973 0.7581585081585082 0.014014839241549877 0.038461538461538464
2 0.17106347897774113 0.8563519813519813 0.02720527617477329 0.0472027972027972
12 0.48639736191261335 0.8598484848484849 0.016488046166529265 0.03904428904428905
12 0.8083264633140973 0.8598484848484849 0.015663643858202802 0.03904428904428905
12 0.09604286892003298 0.8592657342657343 0.010717230008244023 0.03671328671328671
27 0.1290189612530915 0.12412587412587413 0.055234954657873044 0.046620046620046623
18 0.3231657048639736 0.11596736596736597 0.03462489694971146 0.011655011655011656
18 0.6092333058532564 0.11596736596736597 0.03462489694971146 0.011655011655011656
18 0.8957131079967025 0.11625874125874126 0.03544929925803792 0.012237762237762238
26 0.12448474855729597 0.2365967365967366 0.041220115416323165 0.08508158508158509
171 0.22794723825226712 0.22785547785547786 0.02225886232481451 0.06060606060606061
168 0.2691673536685903 0.23484848484848486 0.020610057708161583 0.046620046620046623
166 0.3107996702390767 0.2365967365967366 0.021434460016488046 0.04195804195804196
168 0.354080791426216 0.23455710955710957 0.028854080791426217 0.04603729603729604
141 0.40272052761747734 0.2266899766899767 0.030502885408079144 0.06293706293706294
172 0.49958779884583676 0.2298951048951049 0.023083264633140973 0.07634032634032634
168 0.5403957131079967 0.2395104895104895 0.02225886232481451 0.055944055944055944
163 0.5820280296784831 0.24155011655011654 0.021434460016488046 0.051864801864801864
168 0.6306677658697445 0.2395104895104895 0.021434460016488046 0.055944055944055944
172 0.6801319043693322 0.2301864801864802 0.0247320692497939 0.0780885780885781
168 0.7164056059356967 0.2395104895104895 0.02967848309975268 0.055944055944055944
173 0.7848309975267931 0.22319347319347319 0.0247320692497939 0.07226107226107226
168 0.8260511129431163 0.23484848484848486 0.021434460016488046 0.046620046620046623
172 0.8759274525968673 0.22523310023310023 0.025556471558120363 0.06701631701631702
168 0.9163231657048639 0.23426573426573427 0.020610057708161583 0.046620046620046623
171 0.9653751030502885 0.22727272727272727 0.0247320692497939 0.06060606060606061
27 0.12943116240725475 0.3502331002331002 0.05276174773289365 0.04895104895104895
140 0.31162407254740315 0.34207459207459207 0.021434460016488046 0.055944055944055944
139 0.4035449299258038 0.34411421911421913 0.028854080791426217 0.051864801864801864
137 0.5820280296784831 0.34877622377622375 0.021434460016488046 0.041375291375291376
136 0.6760098928277 0.34877622377622375 0.026380873866446827 0.042540792540792544
139 0.7852431986809564 0.34440559440559443 0.02225886232481451 0.05128205128205128
138 0.8746908491343776 0.34673659673659674 0.021434460016488046 0.046620046620046623
137 0.9612530915086562 0.34877622377622375 0.028029678483099753 0.041375291375291376
27 0.12984336356141798 0.6456876456876457 0.05358615004122012 0.047785547785547784
18 0.3314097279472383 0.6375291375291375 0.03462489694971146 0.01282051282051282
18 0.6430338004946414 0.6378205128205128 0.03462489694971146 0.012237762237762238
18 0.9480626545754328 0.6375291375291375 0.03462489694971146 0.011655011655011656
26 0.12530915086562242 0.7581585081585082 0.04286892003297609 0.08508158508158509
139 0.2291838417147568 0.7534965034965035 0.023083264633140973 0.05128205128205128
107 0.31698268755152514 0.7564102564102564 0.020610057708161583 0.046620046620046623
168 0.5659521846661171 0.7616550116550117 0.020610057708161583 0.055944055944055944
168 0.6669414674361088 0.7610722610722611 0.031327287716405604 0.055944055944055944
139 0.8404781533388294 0.754079254079254 0.02225886232481451 0.05128205128205128
107 0.9274525968672712 0.7564102564102564 0.021434460016488046 0.046620046620046623
27 0.12943116240725475 0.8615967365967366 0.05441055234954658 0.04836829836829837
133 0.23083264633140974 0.8516899766899767 0.02967848309975268 0.058857808857808856
136 0.31698268755152514 0.8511072261072261 0.02225886232481451 0.058857808857808856
129 0.4031327287716406 0.8563519813519813 0.0247320692497939 0.06818181818181818
101 0.517724649629019 0.8578088578088578 0.023083264633140973 0.046620046620046623
138 0.5004122011541633 0.34673659673659674 0.021434460016488046 0.046620046620046623
