14 0.8602040816326532 0.09126984126984126 0.012244897959183675 0.00937950937950938
1 0.19081632653061226 0.12626262626262627 0.05306122448979592 0.05627705627705628
12 0.09540816326530613 0.14502164502164502 0.015306122448979593 0.049062049062049064
12 0.7938775510204082 0.14466089466089466 0.0163265306122449 0.046897546897546896
1 0.19081632653061226 0.4675324675324675 0.05510204081632654 0.05772005772005772
12 0.09591836734693879 0.4862914862914863 0.014285714285714287 0.049062049062049064
12 0.7938775510204082 0.4855699855699856 0.0163265306122449 0.046176046176046176
14 0.8596938775510204 0.46825396825396826 0.01326530612244898 0.0101010101010101
14 0.2836734693877551 0.5036075036075036 0.012244897959183675 0.0101010101010101
12 0.7933673469387755 0.8268398268398268 0.017346938775510204 0.049062049062049064
12 0.09540816326530613 0.8272005772005772 0.015306122448979593 0.048340548340548344
14 0.2836734693877551 0.8214285714285714 0.012244897959183675 0.00937950937950938
14 0.5443877551020408 0.8217893217893217 0.01326530612244898 0.0101010101010101
1 0.1903061224489796 0.8095238095238095 0.05816326530612245 0.05772005772005772
26 0.1306122448979592 0.14574314574314573 0.04693877551020409 0.07503607503607504
20 0.2612244897959184 0.1388888888888889 0.022448979591836737 0.03391053391053391
21 0.438265306122449 0.1443001443001443 0.023469387755102045 0.024531024531024532
20 0.5219387755102042 0.13924963924963926 0.02142857142857143 0.03318903318903319
137 0.6989795918367347 0.1453823953823954 0.022448979591836737 0.05266955266955267
111 0.8413265306122449 0.13095238095238096 0.02755102040816327 0.08008658008658008
26 0.13010204081632654 0.4862914862914863 0.047959183673469394 0.07647907647907648
99 0.26479591836734695 0.4884559884559885 0.023469387755102045 0.05772005772005772
99 0.525 0.4888167388167388 0.023469387755102045 0.056998556998557
137 0.6984693877551021 0.4862914862914863 0.023469387755102045 0.05194805194805195
106 0.8408163265306123 0.48593073593073594 0.02448979591836735 0.051226551226551224
26 0.12959183673469388 0.827922077922078 0.04693877551020409 0.0772005772005772
104 0.26377551020408163 0.8329725829725829 0.02142857142857143 0.06277056277056277
103 0.5234693877551021 0.8351370851370852 0.020408163265306124 0.0670995670995671
28 0.7627551020408164 0.8264790764790765 0.04183673469387755 0.049783549783549784
21 0.8418367346938777 0.8015873015873016 0.02448979591836735 0.025974025974025976
136 0.9270408163265307 0.829004329004329 0.023469387755102045 0.05483405483405483
