7 0.33010204081632655 0.13744588744588745 0.04591836734693878 0.056998556998557
7 0.38367346938775515 0.1471861471861472 0.03469387755102041 0.05194805194805195
12 0.6852040816326531 0.15043290043290045 0.015306122448979593 0.048340548340548344
7 0.3295918367346939 0.19480519480519481 0.04693877551020409 0.05627705627705628
7 0.3841836734693878 0.20815295815295815 0.03775510204081633 0.03823953823953824
7 0.32908163265306123 0.2546897546897547 0.047959183673469394 0.05194805194805195
7 0.38571428571428573 0.26515151515151514 0.04081632653061225 0.0367965367965368
7 0.3295918367346939 0.3120490620490621 0.0489795918367347 0.056998556998557
7 0.38571428571428573 0.3217893217893218 0.036734693877551024 0.04329004329004329
7 0.32908163265306123 0.37806637806637805 0.04591836734693878 0.05483405483405483
12 0.23979591836734696 0.3917748917748918 0.0163265306122449 0.050505050505050504
7 0.33010204081632655 0.44552669552669555 0.047959183673469394 0.05555555555555555
12 0.6841836734693878 0.5155122655122655 0.015306122448979593 0.049783549783549784
12 0.6841836734693878 0.5725108225108225 0.015306122448979593 0.049783549783549784
12 0.6846938775510205 0.6284271284271284 0.014285714285714287 0.049062049062049064
12 0.6841836734693878 0.6861471861471862 0.01326530612244898 0.050505050505050504
7 0.3295918367346939 0.7474747474747475 0.0489795918367347 0.05483405483405483
12 0.6846938775510205 0.7496392496392497 0.012244897959183675 0.050505050505050504
7 0.3295918367346939 0.8048340548340548 0.0489795918367347 0.05988455988455989
14 0.46173469387755106 0.8787878787878788 0.011224489795918368 0.008658008658008658
12 0.6841836734693878 0.9195526695526696 0.01326530612244898 0.045454545454545456
12 0.6846938775510205 0.9761904761904762 0.0163265306122449 0.046176046176046176
79 0.7127551020408164 0.14646464646464646 0.025510204081632654 0.05483405483405483
79 0.7122448979591838 0.20346320346320346 0.02653061224489796 0.05483405483405483
79 0.7127551020408164 0.2593795093795094 0.025510204081632654 0.05266955266955267
79 0.7117346938775511 0.31998556998557 0.023469387755102045 0.05988455988455989
19 0.4428571428571429 0.38924963924963923 0.0326530612244898 0.015151515151515152
20 0.5341836734693878 0.3906926406926407 0.01938775510204082 0.03823953823953824
19 0.4428571428571429 0.455988455988456 0.0326530612244898 0.01443001443001443
20 0.5346938775510205 0.45815295815295815 0.020408163265306124 0.03751803751803752
18 0.539795918367347 0.5061327561327561 0.030612244897959186 0.013708513708513708
18 0.8933673469387756 0.5064935064935064 0.031632653061224494 0.012987012987012988
18 0.5403061224489797 0.5624098124098124 0.0336734693877551 0.015151515151515152
18 0.8933673469387756 0.5627705627705628 0.0336734693877551 0.015873015873015872
18 0.5403061224489797 0.6190476190476191 0.0336734693877551 0.015873015873015872
18 0.8928571428571429 0.6186868686868687 0.0326530612244898 0.015151515151515152
16 0.314795918367347 0.6778499278499278 0.015306122448979593 0.031024531024531024
18 0.5403061224489797 0.6756854256854257 0.0336734693877551 0.015151515151515152
20 0.7091836734693878 0.683982683982684 0.020408163265306124 0.03751803751803752
73 0.9107142857142858 0.6814574314574314 0.025510204081632654 0.06132756132756133
18 0.5403061224489797 0.7395382395382395 0.0336734693877551 0.01443001443001443
20 0.7096938775510204 0.7481962481962482 0.01938775510204082 0.03751803751803752
18 0.5403061224489797 0.7972582972582972 0.031632653061224494 0.01443001443001443
20 0.7096938775510204 0.806998556998557 0.02142857142857143 0.03823953823953824
18 0.5408163265306123 0.8531746031746031 0.030612244897959186 0.013708513708513708
18 0.8933673469387756 0.8546176046176046 0.02959183673469388 0.012265512265512266
19 0.4428571428571429 0.9743867243867244 0.0326530612244898 0.015151515151515152
19 0.5392857142857144 0.9747474747474747 0.0336734693877551 0.01443001443001443
79 0.7117346938775511 0.9718614718614719 0.02755102040816327 0.05627705627705628
