7 0.19081632653061226 0.07792207792207792 0.05306122448979592 0.05339105339105339
12 0.09642857142857143 0.0891053391053391 0.015306122448979593 0.049783549783549784
12 0.5698979591836735 0.08838383838383838 0.015306122448979593 0.046897546897546896
12 0.879591836734694 0.08874458874458875 0.0163265306122449 0.047619047619047616
7 0.19081632653061226 0.18759018759018758 0.05102040816326531 0.05339105339105339
12 0.09642857142857143 0.19877344877344877 0.015306122448979593 0.049783549783549784
12 0.5693877551020409 0.19733044733044733 0.0163265306122449 0.046897546897546896
12 0.879591836734694 0.1976911976911977 0.0163265306122449 0.046176046176046176
14 0.2755102040816327 0.21572871572871574 0.012244897959183675 0.0101010101010101
12 0.09846938775510206 0.30844155844155846 0.015306122448979593 0.049783549783549784
12 0.5698979591836735 0.306998556998557 0.017346938775510204 0.046897546897546896
12 0.8801020408163266 0.306998556998557 0.017346938775510204 0.046897546897546896
12 0.09846938775510206 0.41738816738816736 0.015306122448979593 0.049783549783549784
12 0.5704081632653062 0.4166666666666667 0.018367346938775512 0.046897546897546896
12 0.8806122448979593 0.417027417027417 0.018367346938775512 0.047619047619047616
14 0.275 0.4116161616161616 0.01326530612244898 0.010822510822510822
7 0.19081632653061226 0.5645743145743146 0.05102040816326531 0.05411255411255411
12 0.09642857142857143 0.5753968253968254 0.015306122448979593 0.049783549783549784
12 0.7219387755102041 0.5746753246753247 0.017346938775510204 0.048340548340548344
7 0.19081632653061226 0.6746031746031746 0.05102040816326531 0.05194805194805195
12 0.09693877551020409 0.685064935064935 0.014285714285714287 0.049783549783549784
12 0.7229591836734695 0.683982683982684 0.017346938775510204 0.047619047619047616
14 0.7770408163265307 0.6666666666666666 0.01326530612244898 0.0101010101010101
12 0.09846938775510206 0.7943722943722944 0.015306122448979593 0.049062049062049064
12 0.7219387755102041 0.7936507936507936 0.017346938775510204 0.047619047619047616
14 0.7775510204081634 0.8502886002886003 0.012244897959183675 0.00937950937950938
12 0.0989795918367347 0.9036796536796536 0.0163265306122449 0.049783549783549784
12 0.7224489795918368 0.9033189033189033 0.0163265306122449 0.046176046176046176
26 0.1306122448979592 0.0891053391053391 0.04693877551020409 0.07575757575757576
18 0.3913265306122449 0.07936507936507936 0.0336734693877551 0.012987012987012988
18 0.7244897959183674 0.07936507936507936 0.0326530612244898 0.012987012987012988
26 0.12959183673469388 0.19913419913419914 0.04693877551020409 0.0735930735930736
99 0.2566326530612245 0.20093795093795094 0.023469387755102045 0.056998556998557
99 0.41479591836734697 0.20093795093795094 0.023469387755102045 0.05844155844155844
127 0.528061224489796 0.20959595959595959 0.0336734693877551 0.07431457431457432
100 0.6035714285714286 0.19805194805194806 0.023469387755102045 0.051226551226551224
127 0.6964285714285715 0.20959595959595959 0.0336734693877551 0.07431457431457432
101 0.7464285714285714 0.19480519480519481 0.02142857142857143 0.05772005772005772
127 0.8377551020408164 0.20995670995670995 0.0326530612244898 0.0735930735930736
102 0.9142857142857144 0.19227994227994227 0.022448979591836737 0.06132756132756133
26 0.13010204081632654 0.3088023088023088 0.047959183673469394 0.07503607503607504
135 0.2556122448979592 0.3181818181818182 0.02142857142857143 0.0735930735930736
132 0.3056122448979592 0.31782106782106784 0.02142857142857143 0.07142857142857142
137 0.3576530612244898 0.3181818181818182 0.0336734693877551 0.07215007215007214
104 0.4142857142857143 0.31385281385281383 0.020408163265306124 0.06349206349206349
132 0.5275510204081633 0.3051948051948052 0.030612244897959186 0.05627705627705628
103 0.6030612244897959 0.3152958152958153 0.022448979591836737 0.06637806637806638
132 0.6964285714285715 0.3041125541125541 0.031632653061224494 0.05555555555555555
104 0.7448979591836735 0.31385281385281383 0.022448979591836737 0.06349206349206349
132 0.8372448979591838 0.30447330447330445 0.031632653061224494 0.05627705627705628
103 0.913265306122449 0.3152958152958153 0.022448979591836737 0.06637806637806638
26 0.13010204081632654 0.41883116883116883 0.04591836734693878 0.07431457431457432
104 0.2556122448979592 0.4235209235209235 0.02142857142857143 0.06349206349206349
104 0.41377551020408165 0.4235209235209235 0.02142857142857143 0.06349206349206349
132 0.5270408163265307 0.41414141414141414 0.031632653061224494 0.05627705627705628
105 0.6030612244897959 0.4199134199134199 0.022448979591836737 0.05627705627705628
132 0.6964285714285715 0.41414141414141414 0.0336734693877551 0.05627705627705628
106 0.7448979591836735 0.4166666666666667 0.02448979591836735 0.051226551226551224
132 0.8367346938775511 0.4145021645021645 0.0326530612244898 0.056998556998557
107 0.9127551020408164 0.4145021645021645 0.023469387755102045 0.056998556998557
26 0.1306122448979592 0.5757575757575758 0.04693877551020409 0.07503607503607504
18 0.4678571428571429 0.5656565656565656 0.0336734693877551 0.012987012987012988
18 0.9418367346938776 0.5656565656565656 0.03469387755102041 0.012987012987012988
26 0.13010204081632654 0.6857864357864358 0.047959183673469394 0.07575757575757576
99 0.2566326530612245 0.6872294372294372 0.023469387755102045 0.056998556998557
132 0.4188775510204082 0.6814574314574314 0.031632653061224494 0.05555555555555555
103 0.4918367346938776 0.6922799422799423 0.022448979591836737 0.06854256854256854
137 0.65 0.6847041847041847 0.022448979591836737 0.05194805194805195
106 0.7581632653061225 0.6847041847041847 0.02448979591836735 0.05194805194805195
104 0.9892857142857143 0.6922799422799423 0.01938775510204082 0.06277056277056277
26 0.13010204081632654 0.7950937950937951 0.047959183673469394 0.07503607503607504
162 0.25918367346938775 0.7925685425685426 0.030612244897959186 0.05411255411255411
160 0.29285714285714287 0.7954545454545454 0.02448979591836735 0.05988455988455989
162 0.3352040816326531 0.7922077922077922 0.023469387755102045 0.05339105339105339
160 0.37142857142857144 0.7950937950937951 0.022448979591836737 0.05916305916305916
162 0.4142857142857143 0.7922077922077922 0.022448979591836737 0.05339105339105339
160 0.45051020408163267 0.7954545454545454 0.023469387755102045 0.05988455988455989
162 0.4954081632653062 0.7922077922077922 0.02959183673469388 0.05483405483405483
160 0.5285714285714286 0.7954545454545454 0.02448979591836735 0.05988455988455989
162 0.5719387755102041 0.7925685425685426 0.023469387755102045 0.05411255411255411
160 0.6081632653061225 0.7954545454545454 0.022448979591836737 0.05988455988455989
162 0.6505102040816327 0.7922077922077922 0.023469387755102045 0.05483405483405483
160 0.6862244897959184 0.7950937950937951 0.025510204081632654 0.05916305916305916
163 0.7607142857142858 0.7871572871572872 0.02755102040816327 0.06349206349206349
161 0.7938775510204082 0.7875180375180375 0.022448979591836737 0.06421356421356421
163 0.8367346938775511 0.7871572871572872 0.022448979591836737 0.06349206349206349
161 0.8734693877551021 0.7871572871572872 0.022448979591836737 0.06493506493506493
163 0.9158163265306123 0.7864357864357865 0.023469387755102045 0.06493506493506493
164 0.9540816326530613 0.7867965367965368 0.022448979591836737 0.06565656565656566
104 0.9903061224489796 0.8001443001443002 0.01938775510204082 0.06349206349206349
26 0.13010204081632654 0.9044011544011544 0.04591836734693878 0.07431457431457432
104 0.2556122448979592 0.9094516594516594 0.023469387755102045 0.06421356421356421
137 0.41377551020408165 0.9036796536796536 0.02142857142857143 0.051226551226551224
108 0.4918367346938776 0.8975468975468975 0.022448979591836737 0.06204906204906205
142 0.651530612244898 0.8892496392496393 0.02755102040816327 0.08152958152958154
111 0.7581632653061225 0.8896103896103896 0.028571428571428574 0.0808080808080808
109 0.9892857142857143 0.8946608946608947 0.02142857142857143 0.06782106782106782
