12 0.09540816326530613 0.14177489177489178 0.017346938775510204 0.048340548340548344
12 0.8500000000000001 0.14105339105339104 0.0163265306122449 0.046897546897546896
12 0.5474489795918368 0.14177489177489178 0.017346938775510204 0.046897546897546896
1 0.19132653061224492 0.294011544011544 0.05408163265306123 0.056998556998557
12 0.09591836734693879 0.3124098124098124 0.0163265306122449 0.049062049062049064
12 0.5469387755102041 0.3116883116883117 0.0163265306122449 0.047619047619047616
12 0.8494897959183674 0.31277056277056275 0.017346938775510204 0.048340548340548344
8 0.18979591836734697 0.4715007215007215 0.05306122448979592 0.056998556998557
12 0.09540816326530613 0.48304473304473305 0.017346938775510204 0.049783549783549784
12 0.5469387755102041 0.4834054834054834 0.018367346938775512 0.047619047619047616
12 0.8494897959183674 0.4834054834054834 0.017346938775510204 0.047619047619047616
1 0.19081632653061226 0.6482683982683982 0.05510204081632654 0.056998556998557
12 0.09540816326530613 0.6544011544011544 0.015306122448979593 0.047619047619047616
12 0.5469387755102041 0.6540404040404041 0.0163265306122449 0.046897546897546896
12 0.8505102040816327 0.6544011544011544 0.017346938775510204 0.047619047619047616
14 0.6076530612244898 0.6363636363636364 0.01326530612244898 0.0101010101010101
26 0.12959183673469388 0.1424963924963925 0.04693877551020409 0.07575757575757576
15 0.17551020408163268 0.11796536796536797 0.020408163265306124 0.032467532467532464
103 0.2663265306122449 0.14935064935064934 0.022448979591836737 0.06637806637806638
102 0.36377551020408166 0.13528138528138528 0.02142857142857143 0.06132756132756133
15 0.4316326530612245 0.1471861471861472 0.020408163265306124 0.03463203463203463
102 0.45510204081632655 0.13455988455988455 0.022448979591836737 0.06132756132756133
104 0.588265306122449 0.14754689754689754 0.023469387755102045 0.06277056277056277
103 0.6755102040816328 0.14898989898989898 0.022448979591836737 0.0670995670995671
15 0.7494897959183674 0.12878787878787878 0.01938775510204082 0.03391053391053391
105 0.7719387755102042 0.14502164502164502 0.02142857142857143 0.05772005772005772
107 0.8903061224489797 0.13852813852813853 0.02142857142857143 0.05627705627705628
106 0.9785714285714286 0.1414141414141414 0.022448979591836737 0.050505050505050504
26 0.13010204081632654 0.31313131313131315 0.047959183673469394 0.07503607503607504
17 0.2448979591836735 0.329004329004329 0.018367346938775512 0.03463203463203463
131 0.2719387755102041 0.31096681096681095 0.02959183673469388 0.05339105339105339
17 0.29744897959183675 0.32395382395382394 0.017346938775510204 0.03463203463203463
132 0.3198979591836735 0.31096681096681095 0.02142857142857143 0.05194805194805195
131 0.36275510204081635 0.3120490620490621 0.023469387755102045 0.05266955266955267
130 0.40663265306122454 0.31493506493506496 0.023469387755102045 0.056998556998557
132 0.45765306122448984 0.31024531024531027 0.02959183673469388 0.05339105339105339
15 0.48724489795918374 0.3300865800865801 0.01938775510204082 0.03391053391053391
131 0.5102040816326531 0.3124098124098124 0.022448979591836737 0.05194805194805195
17 0.5668367346938776 0.3235930735930736 0.017346938775510204 0.03535353535353535
132 0.5918367346938777 0.3106060606060606 0.02653061224489796 0.05411255411255411
133 0.6321428571428572 0.31024531024531027 0.02142857142857143 0.05627705627705628
132 0.6790816326530613 0.3106060606060606 0.02755102040816327 0.05411255411255411
131 0.7188775510204082 0.31277056277056275 0.02142857142857143 0.05266955266955267
17 0.7510204081632654 0.3055555555555556 0.0163265306122449 0.0367965367965368
135 0.7714285714285715 0.3189033189033189 0.020408163265306124 0.06493506493506493
134 0.811734693877551 0.3203463203463203 0.02755102040816327 0.06493506493506493
17 0.8688775510204082 0.306998556998557 0.017346938775510204 0.03535353535353535
135 0.8908163265306124 0.3189033189033189 0.020408163265306124 0.06349206349206349
136 0.9336734693877552 0.31998556998557 0.022448979591836737 0.06421356421356421
135 0.9770408163265307 0.3203463203463203 0.02142857142857143 0.06637806637806638
28 0.12959183673469388 0.48304473304473305 0.0489795918367347 0.051226551226551224
135 0.2668367346938776 0.48953823953823955 0.02142857142857143 0.06277056277056277
136 0.31836734693877555 0.49098124098124096 0.020408163265306124 0.06421356421356421
135 0.3612244897959184 0.49134199134199136 0.020408163265306124 0.06637806637806638
134 0.40204081632653066 0.49242424242424243 0.028571428571428574 0.06854256854256854
136 0.4540816326530613 0.4855699855699856 0.020408163265306124 0.05483405483405483
135 0.5051020408163266 0.4862914862914863 0.028571428571428574 0.05627705627705628
136 0.5877551020408164 0.48412698412698413 0.020408163265306124 0.05194805194805195
137 0.6316326530612245 0.48448773448773447 0.022448979591836737 0.05266955266955267
136 0.675 0.48593073593073594 0.02142857142857143 0.05411255411255411
135 0.7158163265306123 0.48593073593073594 0.02755102040816327 0.05555555555555555
139 0.7719387755102042 0.47835497835497837 0.02142857142857143 0.06204906204906205
138 0.8112244897959184 0.48124098124098125 0.030612244897959186 0.05627705627705628
139 0.891326530612245 0.47835497835497837 0.023469387755102045 0.06204906204906205
140 0.9341836734693878 0.4743867243867244 0.025510204081632654 0.06854256854256854
139 0.9770408163265307 0.4772727272727273 0.023469387755102045 0.06277056277056277
27 0.12959183673469388 0.6544011544011544 0.04693877551020409 0.05194805194805195
127 0.2719387755102041 0.6655844155844156 0.0336734693877551 0.07287157287157287
100 0.3188775510204082 0.6544011544011544 0.023469387755102045 0.05194805194805195
131 0.40663265306122454 0.6551226551226551 0.023469387755102045 0.05194805194805195
136 0.5102040816326531 0.6572871572871573 0.02448979591836735 0.05772005772005772
105 0.588265306122449 0.6572871572871573 0.02142857142857143 0.05772005772005772
139 0.7188775510204082 0.6493506493506493 0.02142857142857143 0.06204906204906205
108 0.7719387755102042 0.648989898989899 0.02142857142857143 0.06277056277056277
139 0.8903061224489797 0.648989898989899 0.02142857142857143 0.06277056277056277
104 0.9341836734693878 0.6601731601731602 0.02142857142857143 0.06349206349206349
