12 0.09693877551020409 0.19660894660894662 0.012244897959183675 0.048340548340548344
12 0.09642857142857143 0.3838383838383838 0.01326530612244898 0.047619047619047616
12 0.09642857142857143 0.7193362193362194 0.01326530612244898 0.047619047619047616
12 0.09642857142857143 0.8520923520923521 0.01326530612244898 0.046176046176046176
26 0.1316326530612245 0.19624819624819625 0.05510204081632654 0.10678210678210678
15 0.1852040816326531 0.170995670995671 0.025510204081632654 0.05194805194805195
22 0.24642857142857144 0.2002164502164502 0.025510204081632654 0.032467532467532464
164 0.29744897959183675 0.20526695526695526 0.025510204081632654 0.06998556998556998
167 0.35204081632653067 0.20165945165945165 0.02653061224489796 0.06565656565656566
169 0.401530612244898 0.1911976911976912 0.03571428571428572 0.06637806637806638
170 0.45867346938775516 0.18686868686868688 0.02959183673469388 0.06926406926406926
169 0.5071428571428572 0.19011544011544013 0.02448979591836735 0.06421356421356421
167 0.5535714285714286 0.1994949494949495 0.025510204081632654 0.06132756132756133
164 0.5979591836734695 0.20165945165945165 0.030612244897959186 0.06421356421356421
22 0.6505102040816327 0.1994949494949495 0.025510204081632654 0.032467532467532464
164 0.7010204081632654 0.205988455988456 0.02653061224489796 0.07287157287157287
167 0.7551020408163266 0.20202020202020202 0.02448979591836735 0.06493506493506493
169 0.8056122448979592 0.19155844155844157 0.0336734693877551 0.0670995670995671
170 0.8617346938775511 0.18722943722943722 0.02755102040816327 0.06998556998556998
169 0.9102040816326531 0.19011544011544013 0.02448979591836735 0.06421356421356421
167 0.9576530612244899 0.19913419913419914 0.025510204081632654 0.06060606060606061
27 0.138265306122449 0.386002886002886 0.06224489795918368 0.05916305916305916
15 0.1852040816326531 0.3712121212121212 0.023469387755102045 0.051226551226551224
104 0.2469387755102041 0.3906926406926407 0.02448979591836735 0.06277056277056277
101 0.4591836734693878 0.38167388167388167 0.02448979591836735 0.05627705627705628
106 0.651530612244898 0.3841991341991342 0.02755102040816327 0.051226551226551224
104 0.8612244897959185 0.3903318903318903 0.02448979591836735 0.06349206349206349
26 0.13112244897959185 0.7196969696969697 0.05408163265306123 0.10606060606060606
15 0.1852040816326531 0.6940836940836941 0.025510204081632654 0.05194805194805195
22 0.2469387755102041 0.7229437229437229 0.02653061224489796 0.031746031746031744
162 0.29846938775510207 0.7323232323232324 0.025510204081632654 0.07792207792207792
164 0.3525510204081633 0.7294372294372294 0.025510204081632654 0.0707070707070707
167 0.40102040816326534 0.7254689754689755 0.036734693877551024 0.06421356421356421
168 0.4571428571428572 0.7193362193362194 0.02448979591836735 0.06204906204906205
167 0.5076530612244898 0.7251082251082251 0.025510204081632654 0.06637806637806638
164 0.5540816326530613 0.7283549783549783 0.02653061224489796 0.06998556998556998
162 0.5964285714285715 0.7305194805194806 0.031632653061224494 0.07575757575757576
22 0.65 0.7229437229437229 0.02653061224489796 0.03318903318903319
161 0.7056122448979593 0.7175324675324676 0.03571428571428572 0.05555555555555555
163 0.7571428571428572 0.7132034632034632 0.02653061224489796 0.06277056277056277
166 0.8132653061224491 0.7074314574314574 0.02653061224489796 0.07431457431457432
167 0.866326530612245 0.7023809523809523 0.03469387755102041 0.08585858585858586
166 0.9142857142857144 0.7059884559884559 0.028571428571428574 0.08008658008658008
163 0.9591836734693878 0.7092352092352092 0.028571428571428574 0.0707070707070707
27 0.13775510204081634 0.8546176046176046 0.06326530612244899 0.05988455988455989
15 0.1852040816326531 0.8394660894660895 0.023469387755102045 0.051226551226551224
104 0.2469387755102041 0.8585858585858586 0.02653061224489796 0.06349206349206349
106 0.4581632653061225 0.8520923520923521 0.02653061224489796 0.050505050505050504
107 0.6510204081632653 0.8488455988455988 0.02448979591836735 0.056998556998557
100 0.8617346938775511 0.8528138528138528 0.02755102040816327 0.05194805194805195
