12 0.07091836734693878 0.07503607503607504 0.015306122448979593 0.047619047619047616
12 0.9025510204081634 0.07503607503607504 0.017346938775510204 0.047619047619047616
12 0.4928571428571429 0.07503607503607504 0.0163265306122449 0.046176046176046176
12 0.9025510204081634 0.20346320346320346 0.017346938775510204 0.047619047619047616
12 0.07091836734693878 0.20382395382395382 0.015306122448979593 0.046897546897546896
12 0.4928571428571429 0.20346320346320346 0.0163265306122449 0.046176046176046176
12 0.13520408163265307 0.4902597402597403 0.017346938775510204 0.048340548340548344
12 0.5372448979591837 0.4902597402597403 0.017346938775510204 0.048340548340548344
12 0.9025510204081634 0.4898989898989899 0.017346938775510204 0.047619047619047616
12 0.5372448979591837 0.6183261183261183 0.015306122448979593 0.047619047619047616
12 0.9020408163265307 0.6186868686868687 0.0163265306122449 0.048340548340548344
12 0.13520408163265307 0.6190476190476191 0.015306122448979593 0.047619047619047616
12 0.13571428571428573 0.7474747474747475 0.0163265306122449 0.047619047619047616
12 0.9025510204081634 0.7478354978354979 0.017346938775510204 0.048340548340548344
12 0.5372448979591837 0.7478354978354979 0.017346938775510204 0.046897546897546896
12 0.903061224489796 0.8766233766233766 0.0163265306122449 0.049062049062049064
12 0.1346938775510204 0.8766233766233766 0.0163265306122449 0.047619047619047616
12 0.5372448979591837 0.8762626262626263 0.017346938775510204 0.046897546897546896
129 0.030612244897959186 0.08116883116883117 0.028571428571428574 0.06421356421356421
132 0.10510204081632654 0.07251082251082251 0.0326530612244898 0.056998556998557
133 0.15051020408163265 0.07106782106782107 0.02755102040816327 0.05988455988455989
134 0.19948979591836735 0.06998556998556998 0.02755102040816327 0.06204906204906205
135 0.2469387755102041 0.06818181818181818 0.028571428571428574 0.06565656565656566
136 0.2938775510204082 0.07575757575757576 0.02653061224489796 0.05194805194805195
137 0.34285714285714286 0.07611832611832611 0.02653061224489796 0.05266955266955267
136 0.3903061224489796 0.0772005772005772 0.025510204081632654 0.05483405483405483
16 0.4244897959183674 0.06168831168831169 0.018367346938775512 0.04256854256854257
135 0.44744897959183677 0.07792207792207792 0.0336734693877551 0.05627705627705628
131 0.5306122448979592 0.07539682539682539 0.04285714285714286 0.051226551226551224
98 0.5739795918367347 0.08116883116883117 0.02755102040816327 0.06277056277056277
21 0.6678571428571429 0.07503607503607504 0.02755102040816327 0.025974025974025976
131 0.7270408163265307 0.07575757575757576 0.04183673469387755 0.05194805194805195
98 0.7668367346938776 0.08152958152958154 0.02755102040816327 0.06349206349206349
21 0.8612244897959185 0.07539682539682539 0.028571428571428574 0.026695526695526696
132 0.037244897959183676 0.20165945165945165 0.039795918367346944 0.056998556998557
135 0.10255102040816327 0.21031746031746032 0.02755102040816327 0.06277056277056277
101 0.15153061224489797 0.20165945165945165 0.02755102040816327 0.056998556998557
99 0.2469387755102041 0.2067099567099567 0.02653061224489796 0.056998556998557
97 0.3433673469387755 0.2124819624819625 0.02959183673469388 0.06854256854256854
132 0.45867346938775516 0.20707070707070707 0.039795918367346944 0.05627705627705628
131 0.5295918367346939 0.20454545454545456 0.04081632653061225 0.051226551226551224
105 0.5729591836734694 0.20707070707070707 0.025510204081632654 0.05627705627705628
104 0.6698979591836736 0.21031746031746032 0.02755102040816327 0.06277056277056277
16 0.7408163265306124 0.19733044733044733 0.020408163265306124 0.04401154401154401
103 0.7668367346938776 0.2113997113997114 0.025510204081632654 0.06637806637806638
138 0.8642857142857143 0.20165945165945165 0.028571428571428574 0.056998556998557
16 0.4714285714285715 0.4296536796536797 0.018367346938775512 0.04401154401154401
137 0.03928571428571429 0.4902597402597403 0.031632653061224494 0.051226551226551224
140 0.16785714285714287 0.48088023088023085 0.031632653061224494 0.06854256854256854
141 0.2122448979591837 0.4787157287157287 0.030612244897959186 0.07575757575757576
142 0.25918367346938775 0.4758297258297258 0.030612244897959186 0.08008658008658008
143 0.3005102040816327 0.4725829725829726 0.03571428571428572 0.08658008658008658
144 0.3494897959183674 0.47005772005772006 0.031632653061224494 0.09307359307359307
145 0.3943877551020408 0.4675324675324675 0.02959183673469388 0.09812409812409813
144 0.4408163265306123 0.47005772005772006 0.030612244897959186 0.09307359307359307
143 0.4948979591836735 0.4725829725829726 0.03469387755102041 0.08513708513708514
135 0.5688775510204083 0.49567099567099565 0.02755102040816327 0.06349206349206349
111 0.6173469387755103 0.4758297258297258 0.030612244897959186 0.08008658008658008
109 0.6857142857142857 0.4816017316017316 0.030612244897959186 0.06998556998556998
108 0.754591836734694 0.48448773448773447 0.02755102040816327 0.06277056277056277
141 0.8678571428571429 0.47799422799422797 0.02959183673469388 0.07575757575757576
134 0.04387755102040817 0.6266233766233766 0.028571428571428574 0.0670995670995671
137 0.1673469387755102 0.6194083694083694 0.028571428571428574 0.051226551226551224
106 0.2122448979591837 0.6186868686868687 0.02653061224489796 0.051226551226551224
16 0.27704081632653066 0.6002886002886003 0.01938775510204082 0.04329004329004329
105 0.3035714285714286 0.6226551226551227 0.025510204081632654 0.05627705627705628
104 0.3943877551020408 0.6251803751803752 0.02755102040816327 0.06277056277056277
133 0.5051020408163266 0.6136363636363636 0.03877551020408164 0.06132756132756133
132 0.5760204081632654 0.6161616161616161 0.039795918367346944 0.05627705627705628
106 0.6168367346938776 0.6186868686868687 0.02755102040816327 0.051226551226551224
107 0.6846938775510205 0.6161616161616161 0.02653061224489796 0.05772005772005772
108 0.7535714285714287 0.612914862914863 0.02755102040816327 0.06277056277056277
140 0.8678571428571429 0.6103896103896104 0.031632653061224494 0.06926406926406926
138 0.04387755102040817 0.7453102453102453 0.030612244897959186 0.05772005772005772
138 0.16683673469387755 0.7453102453102453 0.02959183673469388 0.05772005772005772
105 0.2122448979591837 0.7510822510822511 0.02653061224489796 0.05772005772005772
16 0.27704081632653066 0.7355699855699855 0.01938775510204082 0.04401154401154401
104 0.30306122448979594 0.753968253968254 0.02653061224489796 0.06349206349206349
103 0.3943877551020408 0.7561327561327561 0.02755102040816327 0.06782106782106782
141 0.49897959183673474 0.7359307359307359 0.030612244897959186 0.07647907647907648
138 0.5693877551020409 0.7449494949494949 0.030612244897959186 0.056998556998557
108 0.6173469387755103 0.7417027417027418 0.028571428571428574 0.06349206349206349
108 0.6846938775510205 0.7413419913419913 0.02653061224489796 0.06277056277056277
108 0.7540816326530613 0.7417027417027418 0.02653061224489796 0.06349206349206349
136 0.8678571428571429 0.7507215007215007 0.02959183673469388 0.05844155844155844
16 0.01683673469387755 0.8528138528138528 0.01938775510204082 0.044733044733044736
137 0.04387755102040817 0.876984126984127 0.028571428571428574 0.05266955266955267
27 0.09132653061224491 0.8773448773448773 0.05204081632653062 0.05339105339105339
139 0.16683673469387755 0.8712121212121212 0.02959183673469388 0.06277056277056277
107 0.2122448979591837 0.8740981240981242 0.02653061224489796 0.056998556998557
106 0.3035714285714286 0.876984126984127 0.02755102040816327 0.051226551226551224
105 0.3943877551020408 0.8805916305916306 0.02755102040816327 0.05844155844155844
135 0.4979591836734694 0.8827561327561327 0.028571428571428574 0.06277056277056277
135 0.5688775510204083 0.8823953823953824 0.02755102040816327 0.06349206349206349
107 0.6173469387755103 0.8740981240981242 0.02653061224489796 0.056998556998557
107 0.6857142857142857 0.8740981240981242 0.02653061224489796 0.056998556998557
107 0.7540816326530613 0.8740981240981242 0.02653061224489796 0.056998556998557
34 0.8158163265306123 0.8694083694083694 0.04387755102040817 0.06493506493506493
138 0.8673469387755103 0.8740981240981242 0.030612244897959186 0.056998556998557
