14 0.4168367346938776 0.09992784992784992 0.01326530612244898 0.010822510822510822
12 0.903061224489796 0.14105339105339104 0.0163265306122449 0.048340548340548344
12 0.3525510204081633 0.14105339105339104 0.017346938775510204 0.046897546897546896
12 0.903061224489796 0.2662337662337662 0.0163265306122449 0.049062049062049064
12 0.3525510204081633 0.26695526695526695 0.01938775510204082 0.047619047619047616
12 0.35204081632653067 0.3834776334776335 0.018367346938775512 0.048340548340548344
12 0.9025510204081634 0.3838383838383838 0.017346938775510204 0.047619047619047616
14 0.3974489795918368 0.6165223665223665 0.01326530612244898 0.010822510822510822
12 0.9025510204081634 0.6457431457431457 0.017346938775510204 0.047619047619047616
12 0.33571428571428574 0.6461038961038961 0.018367346938775512 0.046897546897546896
12 0.33571428571428574 0.7712842712842712 0.018367346938775512 0.049062049062049064
12 0.9025510204081634 0.7712842712842712 0.017346938775510204 0.047619047619047616
12 0.9025510204081634 0.8885281385281385 0.017346938775510204 0.049783549783549784
12 0.3352040816326531 0.8885281385281385 0.01938775510204082 0.048340548340548344
171 0.029081632653061226 0.12878787878787878 0.02755102040816327 0.07575757575757576
168 0.06887755102040817 0.1378066378066378 0.025510204081632654 0.05772005772005772
171 0.11224489795918369 0.12914862914862915 0.03469387755102041 0.07647907647907648
15 0.15867346938775512 0.12301587301587301 0.023469387755102045 0.03823953823953824
167 0.18316326530612245 0.1406926406926407 0.025510204081632654 0.05339105339105339
171 0.23112244897959186 0.12842712842712842 0.02755102040816327 0.07647907647907648
169 0.2719387755102041 0.13528138528138528 0.025510204081632654 0.06277056277056277
171 0.314795918367347 0.12914862914862915 0.03571428571428572 0.07647907647907648
81 0.3918367346938776 0.13275613275613277 0.030612244897959186 0.0707070707070707
167 0.39081632653061227 0.2665945165945166 0.02448979591836735 0.05266955266955267
167 0.4331632653061225 0.26695526695526695 0.025510204081632654 0.05339105339105339
166 0.47704081632653067 0.2665945165945166 0.025510204081632654 0.05266955266955267
167 0.5158163265306123 0.2665945165945166 0.0336734693877551 0.05266955266955267
165 0.5607142857142857 0.27200577200577203 0.025510204081632654 0.06349206349206349
167 0.6071428571428572 0.27164502164502163 0.02653061224489796 0.06565656565656566
164 0.6489795918367347 0.27236652236652237 0.02448979591836735 0.06421356421356421
167 0.6913265306122449 0.27200577200577203 0.03571428571428572 0.06349206349206349
163 0.7346938775510204 0.27236652236652237 0.02448979591836735 0.06421356421356421
167 0.7811224489795919 0.27056277056277056 0.025510204081632654 0.06060606060606061
165 0.8224489795918368 0.26875901875901875 0.02448979591836735 0.05844155844155844
167 0.8658163265306124 0.26731601731601734 0.0336734693877551 0.05555555555555555
139 0.06479591836734694 0.37734487734487737 0.0336734693877551 0.06349206349206349
142 0.18418367346938777 0.36832611832611833 0.02959183673469388 0.08152958152958154
137 0.2668367346938776 0.38311688311688313 0.0336734693877551 0.050505050505050504
138 0.3918367346938776 0.3838383838383838 0.02653061224489796 0.06349206349206349
131 0.47346938775510206 0.39574314574314573 0.0326530612244898 0.07864357864357864
138 0.5607142857142857 0.3805916305916306 0.025510204081632654 0.05844155844155844
139 0.6438775510204082 0.37806637806637805 0.03469387755102041 0.06349206349206349
140 0.7346938775510204 0.37445887445887444 0.02653061224489796 0.06926406926406926
138 0.8183673469387756 0.3805916305916306 0.0326530612244898 0.056998556998557
108 0.3744897959183674 0.6403318903318903 0.02653061224489796 0.06421356421356421
169 0.6423469387755103 0.63997113997114 0.025510204081632654 0.06349206349206349
168 0.6841836734693878 0.6432178932178932 0.0336734693877551 0.056998556998557
139 0.7321428571428572 0.6403318903318903 0.025510204081632654 0.06277056277056277
139 0.814795918367347 0.63997113997114 0.03571428571428572 0.06349206349206349
166 0.031632653061224494 0.7777777777777778 0.02653061224489796 0.06637806637806638
163 0.07346938775510205 0.7777777777777778 0.02653061224489796 0.06493506493506493
166 0.1163265306122449 0.7777777777777778 0.036734693877551024 0.06637806637806638
162 0.16224489795918368 0.7835497835497836 0.02448979591836735 0.07503607503607504
166 0.20969387755102042 0.7806637806637806 0.025510204081632654 0.07215007215007214
164 0.25306122448979596 0.7795815295815296 0.02448979591836735 0.06854256854256854
166 0.2959183673469388 0.7777777777777778 0.03469387755102041 0.06637806637806638
135 0.3744897959183674 0.777056277056277 0.02448979591836735 0.06349206349206349
165 0.46734693877551026 0.7777777777777778 0.02448979591836735 0.06493506493506493
164 0.5076530612244898 0.7781385281385281 0.031632653061224494 0.06565656565656566
135 0.553061224489796 0.7774170274170275 0.02448979591836735 0.06421356421356421
135 0.639795918367347 0.7774170274170275 0.0326530612244898 0.06421356421356421
135 0.7321428571428572 0.7774170274170275 0.025510204081632654 0.06421356421356421
135 0.8163265306122449 0.7777777777777778 0.0326530612244898 0.06493506493506493
138 0.06785714285714287 0.8852813852813853 0.0336734693877551 0.05772005772005772
139 0.16173469387755104 0.8823953823953824 0.023469387755102045 0.06204906204906205
137 0.24795918367346942 0.8885281385281385 0.0326530612244898 0.051226551226551224
165 0.3734693877551021 0.88997113997114 0.02653061224489796 0.05411255411255411
167 0.4214285714285715 0.8892496392496393 0.02653061224489796 0.05555555555555555
166 0.4668367346938776 0.8888888888888888 0.025510204081632654 0.05339105339105339
167 0.5066326530612245 0.8885281385281385 0.0336734693877551 0.05266955266955267
165 0.5525510204081633 0.8943001443001443 0.025510204081632654 0.06421356421356421
167 0.6010204081632654 0.8946608946608947 0.02653061224489796 0.06637806637806638
164 0.6433673469387756 0.895021645021645 0.025510204081632654 0.06421356421356421
167 0.6852040816326531 0.8943001443001443 0.03775510204081633 0.06421356421356421
163 0.7321428571428572 0.8986291486291487 0.025510204081632654 0.07287157287157287
167 0.7801020408163266 0.8986291486291487 0.02755102040816327 0.07287157287157287
162 0.8204081632653062 0.8982683982683982 0.02448979591836735 0.07215007215007214
167 0.864795918367347 0.8982683982683982 0.03571428571428572 0.07215007215007214
