12 0.36275510204081635 0.06349206349206349 0.01938775510204082 0.047619047619047616
12 0.9020408163265307 0.06349206349206349 0.018367346938775512 0.047619047619047616
12 0.363265306122449 0.18362193362193363 0.018367346938775512 0.048340548340548344
12 0.9025510204081634 0.18362193362193363 0.01938775510204082 0.046897546897546896
12 0.903061224489796 0.4855699855699856 0.018367346938775512 0.047619047619047616
12 0.3612244897959184 0.4862914862914863 0.018367346938775512 0.047619047619047616
14 0.5959183673469388 0.4678932178932179 0.012244897959183675 0.00937950937950938
12 0.36071428571428577 0.6165223665223665 0.017346938775510204 0.046897546897546896
12 0.9025510204081634 0.6168831168831169 0.017346938775510204 0.047619047619047616
12 0.9025510204081634 0.7478354978354979 0.017346938775510204 0.048340548340548344
12 0.35969387755102045 0.7478354978354979 0.01938775510204082 0.046897546897546896
12 0.3602040816326531 0.8686868686868687 0.018367346938775512 0.047619047619047616
12 0.9025510204081634 0.8686868686868687 0.017346938775510204 0.047619047619047616
21 0.09183673469387756 0.06349206349206349 0.022448979591836737 0.024531024531024532
21 0.23112244897959186 0.06385281385281386 0.023469387755102045 0.025252525252525252
21 0.39795918367346944 0.06385281385281386 0.022448979591836737 0.025252525252525252
21 0.5173469387755103 0.06421356421356421 0.02448979591836735 0.025974025974025976
21 0.6464285714285715 0.06421356421356421 0.023469387755102045 0.025974025974025976
21 0.775 0.06385281385281386 0.023469387755102045 0.025252525252525252
80 0.09540816326530613 0.17857142857142858 0.02755102040816327 0.06421356421356421
81 0.40102040816326534 0.1756854256854257 0.030612244897959186 0.07142857142857142
81 0.6505102040816327 0.1756854256854257 0.031632653061224494 0.07142857142857142
139 0.05459183673469388 0.4797979797979798 0.0336734693877551 0.06349206349206349
141 0.11938775510204083 0.4736652236652237 0.028571428571428574 0.07575757575757576
141 0.17500000000000002 0.4733044733044733 0.02959183673469388 0.07647907647907648
141 0.2362244897959184 0.4736652236652237 0.02959183673469388 0.07431457431457432
171 0.29030612244897963 0.4743867243867244 0.02959183673469388 0.0772005772005772
168 0.326530612244898 0.48268398268398266 0.0326530612244898 0.05627705627705628
138 0.3974489795918368 0.48304473304473305 0.025510204081632654 0.056998556998557
167 0.4525510204081633 0.4862914862914863 0.025510204081632654 0.05194805194805195
168 0.4892857142857143 0.48268398268398266 0.031632653061224494 0.05627705627705628
168 0.5326530612244899 0.48304473304473305 0.02448979591836735 0.056998556998557
137 0.5693877551020409 0.487012987012987 0.0326530612244898 0.05339105339105339
138 0.6627551020408163 0.48304473304473305 0.025510204081632654 0.056998556998557
137 0.7188775510204082 0.4855699855699856 0.025510204081632654 0.05194805194805195
139 0.778061224489796 0.4801587301587302 0.025510204081632654 0.06277056277056277
167 0.8326530612244899 0.48593073593073594 0.02448979591836735 0.05266955266955267
167 0.8693877551020409 0.48593073593073594 0.0326530612244898 0.05266955266955267
80 0.11989795918367348 0.6111111111111112 0.02755102040816327 0.06349206349206349
80 0.39795918367346944 0.6114718614718615 0.028571428571428574 0.06277056277056277
80 0.663265306122449 0.6114718614718615 0.028571428571428574 0.06421356421356421
21 0.11785714285714287 0.7489177489177489 0.023469387755102045 0.025974025974025976
21 0.2341836734693878 0.7492784992784993 0.023469387755102045 0.025252525252525252
21 0.39540816326530615 0.7489177489177489 0.023469387755102045 0.025974025974025976
21 0.5311224489795919 0.7492784992784993 0.023469387755102045 0.025252525252525252
21 0.6607142857142858 0.7492784992784993 0.023469387755102045 0.026695526695526696
21 0.7775510204081634 0.7489177489177489 0.02448979591836735 0.025974025974025976
80 0.12040816326530614 0.8632756132756133 0.02653061224489796 0.06421356421356421
80 0.39795918367346944 0.8632756132756133 0.028571428571428574 0.06277056277056277
80 0.6637755102040817 0.8632756132756133 0.02755102040816327 0.06421356421356421
