6 0.3285714285714286 0.2846320346320346 0.04081632653061225 0.056998556998557
12 0.23979591836734696 0.30014430014430016 0.014285714285714287 0.049062049062049064
12 0.7484693877551021 0.3005050505050505 0.017346938775510204 0.049783549783549784
6 0.3285714285714286 0.4126984126984127 0.04285714285714286 0.05483405483405483
12 0.2392857142857143 0.4166666666666667 0.01326530612244898 0.048340548340548344
12 0.7484693877551021 0.4163059163059163 0.017346938775510204 0.047619047619047616
6 0.18571428571428572 0.6482683982683982 0.03877551020408164 0.056998556998557
14 0.6367346938775511 0.6341991341991342 0.014285714285714287 0.0101010101010101
14 0.27908163265306124 0.6453823953823954 0.015306122448979593 0.010822510822510822
12 0.7831632653061226 0.6645021645021645 0.015306122448979593 0.049062049062049064
12 0.09642857142857143 0.6645021645021645 0.01326530612244898 0.047619047619047616
14 0.45867346938775516 0.6461038961038961 0.01326530612244898 0.010822510822510822
14 0.27908163265306124 0.6691919191919192 0.01326530612244898 0.010822510822510822
14 0.45867346938775516 0.6695526695526696 0.01326530612244898 0.011544011544011544
14 0.6372448979591837 0.6691919191919192 0.01326530612244898 0.010822510822510822
14 0.2795918367346939 0.6814574314574314 0.014285714285714287 0.00937950937950938
6 0.18622448979591838 0.7766955266955267 0.04183673469387755 0.05411255411255411
12 0.7826530612244899 0.7795815295815296 0.0163265306122449 0.048340548340548344
12 0.09693877551020409 0.7799422799422799 0.012244897959183675 0.047619047619047616
26 0.2719387755102041 0.29797979797979796 0.04591836734693878 0.08946608946608947
129 0.4408163265306123 0.30663780663780665 0.03469387755102041 0.06349206349206349
129 0.4938775510204082 0.30627705627705626 0.028571428571428574 0.06421356421356421
99 0.5454081632653062 0.3037518037518038 0.02755102040816327 0.05772005772005772
21 0.6505102040816327 0.30122655122655123 0.02142857142857143 0.025252525252525252
131 0.7122448979591838 0.3005050505050505 0.04081632653061225 0.049783549783549784
163 0.7785714285714287 0.29797979797979796 0.0326530612244898 0.05339105339105339
162 0.8132653061224491 0.2987012987012987 0.02653061224489796 0.05339105339105339
161 0.8505102040816327 0.29978354978354976 0.02755102040816327 0.05266955266955267
162 0.8887755102040817 0.2994227994227994 0.02448979591836735 0.050505050505050504
99 0.9219387755102042 0.3037518037518038 0.02755102040816327 0.05772005772005772
27 0.2709183673469388 0.4155844155844156 0.05 0.05194805194805195
134 0.43775510204081636 0.4231601731601732 0.02653061224489796 0.06421356421356421
138 0.4908163265306123 0.41955266955266957 0.028571428571428574 0.06998556998556998
133 0.5443877551020408 0.4227994227994228 0.02755102040816327 0.06349206349206349
138 0.6000000000000001 0.41955266955266957 0.030612244897959186 0.07142857142857142
134 0.6525510204081634 0.42243867243867245 0.025510204081632654 0.06421356421356421
138 0.6979591836734694 0.4199134199134199 0.03469387755102041 0.0707070707070707
131 0.7739795918367348 0.43037518037518036 0.025510204081632654 0.07864357864357864
138 0.8489795918367348 0.42568542568542567 0.02653061224489796 0.08225108225108226
133 0.9209183673469389 0.42604617604617606 0.02755102040816327 0.07142857142857142
138 0.9775510204081633 0.42207792207792205 0.028571428571428574 0.07647907647907648
26 0.1285714285714286 0.661976911976912 0.04489795918367347 0.09018759018759019
168 0.3862244897959184 0.6623376623376623 0.0336734693877551 0.06060606060606061
169 0.5658163265306123 0.6598124098124099 0.03571428571428572 0.06854256854256854
170 0.7464285714285714 0.658008658008658 0.03571428571428572 0.07215007215007214
169 0.8596938775510204 0.6623376623376623 0.023469387755102045 0.07215007215007214
168 0.9025510204081634 0.6634199134199135 0.023469387755102045 0.06132756132756133
169 0.9448979591836736 0.658008658008658 0.0326530612244898 0.06493506493506493
27 0.12755102040816327 0.7795815295815296 0.0489795918367347 0.051226551226551224
164 0.25612244897959185 0.7857142857142857 0.02448979591836735 0.06204906204906205
168 0.30408163265306126 0.7813852813852814 0.02448979591836735 0.06637806637806638
166 0.34438775510204084 0.7828282828282829 0.025510204081632654 0.05772005772005772
168 0.388265306122449 0.7784992784992785 0.0336734693877551 0.06060606060606061
163 0.43469387755102046 0.7875180375180375 0.02448979591836735 0.06565656565656566
168 0.48316326530612247 0.7821067821067821 0.025510204081632654 0.06782106782106782
165 0.5234693877551021 0.7828282828282829 0.02653061224489796 0.05772005772005772
168 0.5663265306122449 0.7784992784992785 0.03469387755102041 0.06060606060606061
164 0.6137755102040817 0.7857142857142857 0.025510204081632654 0.06349206349206349
168 0.6622448979591837 0.7813852813852814 0.02448979591836735 0.06637806637806638
166 0.7025510204081633 0.7821067821067821 0.025510204081632654 0.05772005772005772
168 0.7454081632653062 0.7784992784992785 0.0336734693877551 0.05916305916305916
161 0.8142857142857144 0.7961760461760462 0.02448979591836735 0.08297258297258298
168 0.8591836734693878 0.7896825396825397 0.02653061224489796 0.08297258297258298
165 0.9020408163265307 0.7896825396825397 0.02448979591836735 0.07287157287157287
168 0.942857142857143 0.784992784992785 0.036734693877551024 0.0735930735930736
165 0.9872448979591838 0.7878787878787878 0.025510204081632654 0.06493506493506493
