7 0.1872448979591837 0.06457431457431458 0.04387755102040817 0.05411255411255411
12 0.09744897959183674 0.06565656565656566 0.01326530612244898 0.049062049062049064
7 0.18673469387755104 0.33874458874458874 0.04489795918367347 0.05555555555555555
12 0.09642857142857143 0.35245310245310246 0.01326530612244898 0.048340548340548344
12 0.8903061224489797 0.35245310245310246 0.017346938775510204 0.048340548340548344
14 0.489795918367347 0.3582251082251082 0.012244897959183675 0.00937950937950938
14 0.6428571428571429 0.3582251082251082 0.012244897959183675 0.00937950937950938
7 0.18673469387755104 0.4696969696969697 0.04489795918367347 0.05483405483405483
12 0.09744897959183674 0.4707792207792208 0.01326530612244898 0.048340548340548344
12 0.8903061224489797 0.4715007215007215 0.017346938775510204 0.048340548340548344
7 0.18673469387755104 0.7445887445887446 0.04489795918367347 0.05483405483405483
12 0.09642857142857143 0.7575757575757576 0.01326530612244898 0.047619047619047616
14 0.7846938775510205 0.7514430014430015 0.012244897959183675 0.00937950937950938
14 0.5908163265306123 0.7637085137085137 0.012244897959183675 0.00937950937950938
14 0.5913265306122449 0.7875180375180375 0.01326530612244898 0.00937950937950938
7 0.18673469387755104 0.8751803751803752 0.04489795918367347 0.05339105339105339
12 0.09693877551020409 0.8762626262626263 0.012244897959183675 0.048340548340548344
27 0.12908163265306125 0.0652958152958153 0.05 0.051226551226551224
168 0.26173469387755105 0.0652958152958153 0.025510204081632654 0.05988455988455989
165 0.3295918367346939 0.06926406926406926 0.02653061224489796 0.05772005772005772
166 0.401530612244898 0.0707070707070707 0.025510204081632654 0.06204906204906205
16 0.4494897959183674 0.05844155844155844 0.017346938775510204 0.03318903318903319
164 0.4709183673469388 0.07142857142857142 0.031632653061224494 0.06349206349206349
104 0.5464285714285715 0.07178932178932179 0.025510204081632654 0.06277056277056277
97 0.666326530612245 0.07431457431457432 0.028571428571428574 0.06926406926406926
26 0.12959183673469388 0.3531746031746032 0.04693877551020409 0.08585858585858586
20 0.26275510204081637 0.38924963924963923 0.02142857142857143 0.03535353535353535
21 0.46734693877551026 0.38672438672438675 0.022448979591836737 0.021645021645021644
132 0.47295918367346945 0.3484848484848485 0.031632653061224494 0.05483405483405483
22 0.526530612244898 0.39285714285714285 0.02653061224489796 0.032467532467532464
184 0.6627551020408163 0.3759018759018759 0.025510204081632654 0.09956709956709957
185 0.6959183673469388 0.3740981240981241 0.02448979591836735 0.09595959595959595
186 0.7270408163265307 0.3759018759018759 0.031632653061224494 0.09812409812409813
185 0.7647959183673471 0.37662337662337664 0.025510204081632654 0.09956709956709957
184 0.7974489795918368 0.37445887445887444 0.02959183673469388 0.09812409812409813
186 0.8637755102040817 0.3740981240981241 0.031632653061224494 0.09595959595959595
27 0.12959183673469388 0.4715007215007215 0.0489795918367347 0.051226551226551224
22 0.26581632653061227 0.47655122655122656 0.025510204081632654 0.03535353535353535
158 0.3168367346938776 0.4805194805194805 0.03571428571428572 0.06926406926406926
160 0.36683673469387756 0.474025974025974 0.02755102040816327 0.05627705627705628
162 0.41836734693877553 0.4696969696969697 0.02653061224489796 0.05339105339105339
104 0.4678571428571429 0.4772727272727273 0.025510204081632654 0.06277056277056277
102 0.6224489795918368 0.4657287157287157 0.02653061224489796 0.06277056277056277
22 0.9326530612244899 0.47619047619047616 0.02653061224489796 0.03463203463203463
162 0.9801020408163266 0.48412698412698413 0.025510204081632654 0.07647907647907648
26 0.1285714285714286 0.7586580086580087 0.04489795918367347 0.08441558441558442
184 0.8066326530612246 0.7803030303030303 0.0336734693877551 0.09595959595959595
130 0.8561224489795919 0.7792207792207793 0.022448979591836737 0.09668109668109669
27 0.1285714285714286 0.8762626262626263 0.0489795918367347 0.051226551226551224
22 0.2709183673469388 0.8816738816738817 0.025510204081632654 0.03463203463203463
163 0.34132653061224494 0.8838383838383839 0.025510204081632654 0.06493506493506493
165 0.41734693877551027 0.8809523809523809 0.02653061224489796 0.05916305916305916
167 0.48877551020408166 0.8777056277056277 0.0326530612244898 0.05411255411255411
109 0.5693877551020409 0.8690476190476191 0.02653061224489796 0.06854256854256854
17 0.7408163265306124 0.8531746031746031 0.0163265306122449 0.03535353535353535
105 0.763265306122449 0.8733766233766234 0.022448979591836737 0.056998556998557
