11 0.4556122448979592 0.15151515151515152 0.02755102040816327 0.049062049062049064
12 0.03520408163265307 0.15295815295815296 0.017346938775510204 0.050505050505050504
12 0.1729591836734694 0.1518759018759019 0.017346938775510204 0.048340548340548344
12 0.3107142857142857 0.15223665223665223 0.017346938775510204 0.047619047619047616
12 0.0336734693877551 0.2792207792207792 0.0163265306122449 0.047619047619047616
12 0.17346938775510207 0.2795815295815296 0.0163265306122449 0.048340548340548344
12 0.3112244897959184 0.2795815295815296 0.018367346938775512 0.048340548340548344
11 0.45459183673469394 0.27994227994227994 0.02755102040816327 0.049062049062049064
15 0.19387755102040818 0.16378066378066378 0.02448979591836735 0.03463203463203463
54 0.08622448979591837 0.2748917748917749 0.03775510204081633 0.06493506493506493
56 0.2229591836734694 0.2676767676767677 0.05 0.0735930735930736
55 0.36173469387755103 0.2709235209235209 0.05 0.06854256854256854
