12 0.09591836734693879 0.1976911976911977 0.014285714285714287 0.049062049062049064
12 0.09591836734693879 0.3694083694083694 0.014285714285714287 0.050505050505050504
12 0.09489795918367348 0.5414862914862915 0.014285714285714287 0.049783549783549784
12 0.09540816326530613 0.7135642135642135 0.01326530612244898 0.049062049062049064
6 0.19387755102040818 0.8661616161616161 0.04081632653061225 0.06998556998556998
12 0.09540816326530613 0.8852813852813853 0.01326530612244898 0.049062049062049064
1 0.2056122448979592 0.6933621933621934 0.0642857142857143 0.07215007215007214
1 0.2035714285714286 0.3492063492063492 0.06020408163265307 0.07215007215007214
8 0.21377551020408164 0.5205627705627706 0.0826530612244898 0.07142857142857142
26 0.13112244897959185 0.19660894660894662 0.05204081632653062 0.10461760461760462
15 0.18469387755102043 0.1717171717171717 0.02448979591836735 0.050505050505050504
21 0.28979591836734697 0.19696969696969696 0.02653061224489796 0.024531024531024532
26 0.1326530612244898 0.36976911976911975 0.05306122448979592 0.10461760461760462
16 0.2642857142857143 0.332972582972583 0.018367346938775512 0.04401154401154401
139 0.2908163265306123 0.3629148629148629 0.02653061224489796 0.06204906204906205
137 0.6729591836734694 0.36904761904761907 0.0336734693877551 0.051226551226551224
26 0.13316326530612246 0.5414862914862915 0.056122448979591844 0.10606060606060606
135 0.29132653061224495 0.5476190476190477 0.025510204081632654 0.06637806637806638
165 0.6785714285714286 0.5476190476190477 0.02653061224489796 0.06493506493506493
166 0.8785714285714287 0.5468975468975469 0.03469387755102041 0.06349206349206349
26 0.13367346938775512 0.713924963924964 0.05714285714285715 0.10606060606060606
131 0.29540816326530617 0.7124819624819625 0.03775510204081633 0.051226551226551224
161 0.6831632653061225 0.7124819624819625 0.03775510204081633 0.05266955266955267
162 0.8857142857142858 0.7117604617604617 0.02653061224489796 0.05411255411255411
26 0.1316326530612245 0.8849206349206349 0.05714285714285715 0.10606060606060606
134 0.2908163265306123 0.8932178932178932 0.02653061224489796 0.06926406926406926
164 0.6790816326530613 0.8917748917748918 0.025510204081632654 0.06782106782106782
165 0.8785714285714287 0.8917748917748918 0.03469387755102041 0.06637806637806638
148 0.6795918367346939 0.16486291486291485 0.03469387755102041 0.11904761904761904
