13 0.8990950226244344 0.06269993602047344 0.02262443438914027 0.04350607805502239
12 0.5796380090497738 0.06301983365323097 0.01900452488687783 0.04158669225847728
12 0.579185520361991 0.17210492642354447 0.01809954751131222 0.04222648752399232
13 0.8990950226244344 0.17210492642354447 0.02262443438914027 0.04222648752399232
12 0.579185520361991 0.28150991682661547 0.016289592760180997 0.04222648752399232
13 0.8990950226244344 0.28150991682661547 0.02262443438914027 0.04222648752399232
12 0.579185520361991 0.417786308381318 0.016289592760180997 0.04350607805502239
13 0.8981900452488688 0.417786308381318 0.024434389140271493 0.04350607805502239
12 0.579185520361991 0.527831094049904 0.016289592760180997 0.04350607805502239
13 0.8986425339366516 0.527831094049904 0.023529411764705882 0.04350607805502239
12 0.5800904977375566 0.6471529110684581 0.016289592760180997 0.044145873320537425
13 0.8972850678733032 0.6474728087012156 0.02262443438914027 0.04222648752399232
12 0.5800904977375566 0.7565579014715291 0.01809954751131222 0.042866282789507354
13 0.8986425339366516 0.7562380038387716 0.02171945701357466 0.04222648752399232
12 0.581447963800905 0.8656429942418425 0.01900452488687783 0.04350607805502239
13 0.8990950226244344 0.8662827895073576 0.020814479638009052 0.04222648752399232
18 0.09004524886877828 0.044145873320537425 0.02986425339366516 0.012795905310300703
18 0.4244343891402715 0.044465770953294945 0.02895927601809955 0.012156110044785668
18 0.7375565610859729 0.044465770953294945 0.02895927601809955 0.012156110044785668
18 0.09049773755656108 0.16442738323736403 0.03076923076923077 0.012795905310300703
18 0.4244343891402715 0.16410748560460653 0.02895927601809955 0.012156110044785668
18 0.7375565610859729 0.16410748560460653 0.02895927601809955 0.012156110044785668
18 0.09004524886877828 0.27351247600767753 0.02986425339366516 0.013435700575815739
18 0.4244343891402715 0.27319257837492 0.02895927601809955 0.012795905310300703
18 0.7375565610859729 0.2728726807421625 0.02895927601809955 0.012156110044785668
134 0.06515837104072399 0.41266794625719766 0.025339366515837104 0.05630198336532309
132 0.09004524886877828 0.41394753678822777 0.020814479638009052 0.05502239283429303
73 0.13076923076923078 0.4171465131158029 0.028054298642533938 0.05630198336532309
130 0.20542986425339368 0.4197056941778631 0.023529411764705882 0.04990403071017274
128 0.2339366515837104 0.4257837492002559 0.024434389140271493 0.060780550223928344
104 0.2855203619909502 0.4225847728726807 0.020814479638009052 0.05694177863083813
20 0.33257918552036203 0.4133077415227127 0.020814479638009052 0.030710172744721688
20 0.3787330316742082 0.4133077415227127 0.02262443438914027 0.030710172744721688
74 0.4493212669683258 0.41362763915547024 0.026244343891402715 0.0582213691618682
132 0.5203619909502263 0.41554702495201534 0.025339366515837104 0.05054382597568778
131 0.5497737556561086 0.4181062060140755 0.01900452488687783 0.04798464491362764
72 0.6085972850678734 0.41746641074856045 0.028054298642533938 0.04670505438259757
20 0.6959276018099548 0.4133077415227127 0.02171945701357466 0.030710172744721688
69 0.7665158371040725 0.4254638515674984 0.027149321266968326 0.06269993602047344
127 0.8375565610859729 0.42674344209852844 0.026244343891402715 0.06653870761356366
126 0.8660633484162896 0.4296225207933461 0.023529411764705882 0.06973768394113883
127 0.06425339366515838 0.536468330134357 0.027149321266968326 0.06845809341010876
125 0.09049773755656108 0.5419065898912347 0.023529411764705882 0.07677543186180422
73 0.13076923076923078 0.5249520153550864 0.028054298642533938 0.05438259756877799
130 0.2058823529411765 0.5284708893154191 0.024434389140271493 0.04990403071017274
128 0.2339366515837104 0.5345489443378119 0.024434389140271493 0.060780550223928344
104 0.2850678733031674 0.5316698656429942 0.01990950226244344 0.05630198336532309
20 0.3321266968325792 0.5223928342930262 0.01990950226244344 0.030070377479206652
20 0.3782805429864253 0.5230326295585412 0.02171945701357466 0.03134996801023672
74 0.4497737556561086 0.5227127319257837 0.027149321266968326 0.05758157389635316
132 0.5203619909502263 0.5255918106206013 0.025339366515837104 0.05054382597568778
131 0.5502262443438914 0.5275111964171465 0.01990950226244344 0.04798464491362764
72 0.6081447963800906 0.527191298784389 0.02895927601809955 0.0473448496481126
20 0.6963800904977376 0.5230326295585412 0.020814479638009052 0.030070377479206652
69 0.7669683257918553 0.5348688419705694 0.028054298642533938 0.061420345489443376
127 0.8380090497737557 0.5367882277671145 0.027149321266968326 0.06781829814459372
126 0.8660633484162896 0.5399872040946897 0.023529411764705882 0.07037747920665387
16 0.008597285067873304 0.63787587971849 0.015384615384615385 0.029430582213691617
20 0.33257918552036203 0.6426743442098528 0.02262443438914027 0.03134996801023672
20 0.3778280542986425 0.6429942418426103 0.02262443438914027 0.03198976327575176
75 0.448868778280543 0.6538707613563659 0.027149321266968326 0.060140754958413305
133 0.5212669683257919 0.6449136276391555 0.025339366515837104 0.04990403071017274
132 0.551131221719457 0.6455534229046704 0.01990950226244344 0.04862444017914267
73 0.6085972850678734 0.6449136276391555 0.026244343891402715 0.05118362124120281
20 0.6963800904977376 0.6423544465770953 0.020814479638009052 0.030710172744721688
73 0.7674208144796381 0.644593730006398 0.027149321266968326 0.051823416506717845
131 0.8371040723981901 0.6477927063339731 0.025339366515837104 0.045425463851567496
130 0.867420814479638 0.6500319897632757 0.017194570135746608 0.04990403071017274
80 0.02895927601809955 0.7517594369801663 0.025339366515837104 0.05630198336532309
108 0.12352941176470589 0.7514395393474088 0.02262443438914027 0.05694177863083813
73 0.17330316742081447 0.7533589251439539 0.026244343891402715 0.05054382597568778
72 0.2900452488687783 0.7565579014715291 0.026244343891402715 0.04670505438259757
132 0.381447963800905 0.754638515674984 0.026244343891402715 0.04926423544465771
133 0.4131221719457014 0.7543186180422264 0.01900452488687783 0.05118362124120281
74 0.4493212669683258 0.7507997440818938 0.028054298642533938 0.05694177863083813
20 0.5153846153846154 0.7514395393474088 0.02262443438914027 0.03134996801023672
72 0.6076923076923078 0.7568777991042867 0.026244343891402715 0.0473448496481126
132 0.6986425339366517 0.7549584133077415 0.025339366515837104 0.04862444017914267
133 0.730316742081448 0.7539987204094689 0.01809954751131222 0.05054382597568778
74 0.7678733031674209 0.7507997440818938 0.026244343891402715 0.05566218809980806
20 0.832579185520362 0.7517594369801663 0.023529411764705882 0.030710172744721688
80 0.028506787330316745 0.8614843250159948 0.024434389140271493 0.05438259756877799
108 0.12398190045248869 0.8611644273832373 0.02171945701357466 0.05630198336532309
73 0.17239819004524887 0.8630838131797824 0.026244343891402715 0.04990403071017274
72 0.2900452488687783 0.8659628918746001 0.026244343891402715 0.045425463851567496
132 0.3819004524886878 0.8650031989763275 0.023529411764705882 0.04862444017914267
133 0.4126696832579186 0.8643634037108126 0.01809954751131222 0.05118362124120281
74 0.448868778280543 0.8602047344849648 0.027149321266968326 0.05694177863083813
20 0.5153846153846154 0.8614843250159948 0.02262443438914027 0.03134996801023672
79 0.607239819004525 0.864043506078055 0.027149321266968326 0.051823416506717845
139 0.6968325791855204 0.8605246321177223 0.02171945701357466 0.05502239283429303
140 0.7276018099547512 0.8576455534229046 0.027149321266968326 0.060780550223928344
81 0.7669683257918553 0.8579654510556621 0.02986425339366516 0.06269993602047344
20 0.8330316742081448 0.8611644273832373 0.02262443438914027 0.030710172744721688
