1 0.8739795918367348 0.12301587301587301 0.056122448979591844 0.056998556998557
12 0.15867346938775512 0.1406926406926407 0.017346938775510204 0.047619047619047616
13 0.8270408163265307 0.1414141414141414 0.02142857142857143 0.049062049062049064
12 0.5056122448979592 0.14105339105339104 0.017346938775510204 0.046897546897546896
13 0.8275510204081633 0.3120490620490621 0.022448979591836737 0.048340548340548344
12 0.1576530612244898 0.3124098124098124 0.017346938775510204 0.047619047619047616
12 0.5056122448979592 0.3120490620490621 0.017346938775510204 0.046897546897546896
13 0.8275510204081633 0.48304473304473305 0.022448979591836737 0.048340548340548344
12 0.15816326530612246 0.48304473304473305 0.0163265306122449 0.046897546897546896
12 0.5051020408163266 0.4834054834054834 0.0163265306122449 0.047619047619047616
13 0.8270408163265307 0.6540404040404041 0.025510204081632654 0.048340548340548344
12 0.1576530612244898 0.6544011544011544 0.015306122448979593 0.046176046176046176
12 0.5056122448979592 0.6547619047619048 0.015306122448979593 0.046897546897546896
15 0.04642857142857143 0.1111111111111111 0.017346938775510204 0.03318903318903319
108 0.06887755102040817 0.13564213564213565 0.02142857142857143 0.06349206349206349
110 0.19948979591836735 0.12987012987012986 0.025510204081632654 0.07503607503607504
15 0.2755102040816327 0.10606060606060606 0.020408163265306124 0.03463203463203463
109 0.2989795918367347 0.1331168831168831 0.02653061224489796 0.06854256854256854
111 0.42806122448979594 0.12842712842712842 0.025510204081632654 0.07936507936507936
15 0.5270408163265307 0.09956709956709957 0.01938775510204082 0.03463203463203463
110 0.5505102040816326 0.1305916305916306 0.023469387755102045 0.0735930735930736
112 0.6576530612244899 0.12445887445887446 0.023469387755102045 0.08585858585858586
111 0.7464285714285714 0.12806637806637808 0.025510204081632654 0.08008658008658008
134 0.017346938775510204 0.3207070707070707 0.030612244897959186 0.06854256854256854
137 0.06887755102040817 0.31277056277056275 0.023469387755102045 0.05266955266955267
136 0.12040816326530614 0.31385281385281383 0.030612244897959186 0.05483405483405483
17 0.17755102040816328 0.28823953823953824 0.018367346938775512 0.03535353535353535
138 0.19897959183673472 0.31024531024531027 0.022448979591836737 0.05627705627705628
137 0.2392857142857143 0.3124098124098124 0.02959183673469388 0.050505050505050504
15 0.275 0.288961038961039 0.02142857142857143 0.03391053391053391
138 0.2979591836734694 0.3098845598845599 0.022448979591836737 0.056998556998557
137 0.3372448979591837 0.3120490620490621 0.02755102040816327 0.051226551226551224
17 0.4056122448979592 0.2824675324675325 0.017346938775510204 0.0367965367965368
139 0.4270408163265306 0.30663780663780665 0.02142857142857143 0.06204906204906205
138 0.46632653061224494 0.3098845598845599 0.030612244897959186 0.05555555555555555
139 0.5489795918367347 0.306998556998557 0.022448979591836737 0.06277056277056277
138 0.5994897959183674 0.3098845598845599 0.031632653061224494 0.056998556998557
139 0.6566326530612245 0.30663780663780665 0.023469387755102045 0.06204906204906205
140 0.6979591836734694 0.3033910533910534 0.0326530612244898 0.06854256854256854
141 0.7443877551020409 0.3005050505050505 0.025510204081632654 0.07575757575757576
140 0.7836734693877552 0.3041125541125541 0.0326530612244898 0.06854256854256854
138 0.01785714285714286 0.48088023088023085 0.02959183673469388 0.056998556998557
141 0.06887755102040817 0.47186147186147187 0.025510204081632654 0.07503607503607504
140 0.11989795918367348 0.4754689754689755 0.0336734693877551 0.06782106782106782
142 0.19948979591836735 0.468975468975469 0.025510204081632654 0.07936507936507936
141 0.2392857142857143 0.4722222222222222 0.0336734693877551 0.07431457431457432
142 0.2989795918367347 0.468975468975469 0.02653061224489796 0.07936507936507936
141 0.3392857142857143 0.47186147186147187 0.02755102040816327 0.0735930735930736
26 0.37959183673469393 0.4880952380952381 0.036734693877551024 0.05988455988455989
137 0.4270408163265306 0.4837662337662338 0.02142857142857143 0.051226551226551224
136 0.4678571428571429 0.48484848484848486 0.02755102040816327 0.05339105339105339
137 0.5505102040816326 0.48412698412698413 0.023469387755102045 0.05194805194805195
15 0.5816326530612246 0.4704184704184704 0.018367346938775512 0.03318903318903319
136 0.6010204081632654 0.4852092352092352 0.028571428571428574 0.05411255411255411
17 0.6352040816326531 0.4588744588744589 0.017346938775510204 0.03463203463203463
138 0.6576530612244899 0.48124098124098125 0.023469387755102045 0.05627705627705628
137 0.6969387755102041 0.48268398268398266 0.028571428571428574 0.050505050505050504
136 0.7443877551020409 0.4852092352092352 0.02142857142857143 0.05411255411255411
137 0.7831632653061226 0.4837662337662338 0.02755102040816327 0.051226551226551224
142 0.023469387755102045 0.6403318903318903 0.02653061224489796 0.08152958152958154
142 0.06989795918367347 0.63997113997114 0.02755102040816327 0.0808080808080808
15 0.10153061224489797 0.6067821067821068 0.017346938775510204 0.03318903318903319
142 0.12091836734693878 0.63997113997114 0.031632653061224494 0.07936507936507936
142 0.20051020408163267 0.6403318903318903 0.025510204081632654 0.08152958152958154
112 0.24438775510204083 0.6378066378066378 0.025510204081632654 0.08513708513708514
17 0.3198979591836735 0.5937950937950938 0.017346938775510204 0.03463203463203463
15 0.4484693877551021 0.5941558441558441 0.01938775510204082 0.032467532467532464
144 0.47193877551020413 0.6349206349206349 0.02755102040816327 0.09379509379509379
144 0.5505102040816326 0.6349206349206349 0.02755102040816327 0.09379509379509379
107 0.7010204081632654 0.6522366522366523 0.022448979591836737 0.05772005772005772
113 0.3433673469387755 0.6334776334776335 0.025510204081632654 0.09090909090909091
114 0.6051020408163266 0.6305916305916306 0.02448979591836735 0.09812409812409813
145 0.7892857142857144 0.6305916305916306 0.025510204081632654 0.09812409812409813
