12 0.04336734693877552 0.047258297258297256 0.017346938775510204 0.048340548340548344
12 0.37397959183673474 0.046897546897546896 0.017346938775510204 0.047619047619047616
12 0.7183673469387756 0.047258297258297256 0.0163265306122449 0.048340548340548344
12 0.901530612244898 0.046897546897546896 0.017346938775510204 0.047619047619047616
14 0.8500000000000001 0.029942279942279944 0.014285714285714287 0.00937950937950938
12 0.9020408163265307 0.17424242424242425 0.0163265306122449 0.049783549783549784
12 0.04336734693877552 0.1738816738816739 0.017346938775510204 0.047619047619047616
12 0.3744897959183674 0.17424242424242425 0.018367346938775512 0.048340548340548344
12 0.7183673469387756 0.17424242424242425 0.0163265306122449 0.048340548340548344
14 0.8505102040816327 0.17965367965367965 0.01326530612244898 0.0101010101010101
11 0.8943877551020409 0.45021645021645024 0.02755102040816327 0.050505050505050504
12 0.19948979591836735 0.4505772005772006 0.017346938775510204 0.048340548340548344
12 0.6000000000000001 0.44985569985569984 0.018367346938775512 0.046897546897546896
12 0.2 0.5772005772005772 0.018367346938775512 0.049062049062049064
11 0.8948979591836735 0.5775613275613276 0.028571428571428574 0.049783549783549784
12 0.6000000000000001 0.5775613275613276 0.0163265306122449 0.046897546897546896
11 0.8948979591836735 0.7182539682539683 0.028571428571428574 0.049783549783549784
12 0.2 0.7189754689754689 0.0163265306122449 0.048340548340548344
12 0.6000000000000001 0.7186147186147186 0.0163265306122449 0.046176046176046176
11 0.8948979591836735 0.8455988455988456 0.028571428571428574 0.049062049062049064
12 0.19948979591836735 0.8463203463203464 0.017346938775510204 0.047619047619047616
12 0.6000000000000001 0.8459595959595959 0.0163265306122449 0.046897546897546896
100 0.07244897959183674 0.046897546897546896 0.02653061224489796 0.05194805194805195
100 0.15000000000000002 0.046897546897546896 0.02653061224489796 0.05194805194805195
100 0.22602040816326532 0.046176046176046176 0.02755102040816327 0.05194805194805195
16 0.27602040816326534 0.06421356421356421 0.01938775510204082 0.03463203463203463
99 0.3035714285714286 0.049783549783549784 0.025510204081632654 0.05916305916305916
16 0.3913265306122449 0.06421356421356421 0.01938775510204082 0.03463203463203463
99 0.4188775510204082 0.050144300144300144 0.025510204081632654 0.05844155844155844
99 0.4938775510204082 0.050144300144300144 0.028571428571428574 0.05988455988455989
15 0.5438775510204082 0.08189033189033189 0.022448979591836737 0.03823953823953824
97 0.5709183673469388 0.05555555555555555 0.02959183673469388 0.0707070707070707
97 0.6464285714285715 0.05591630591630592 0.02959183673469388 0.06998556998556998
20 0.7428571428571429 0.045815295815295816 0.022448979591836737 0.03823953823953824
16 0.8 0.023448773448773448 0.018367346938775512 0.032467532467532464
78 0.8260204081632654 0.047619047619047616 0.02959183673469388 0.05194805194805195
105 0.07091836734693878 0.17676767676767677 0.025510204081632654 0.05627705627705628
102 0.15000000000000002 0.1681096681096681 0.02653061224489796 0.06349206349206349
100 0.22602040816326532 0.1746031746031746 0.02755102040816327 0.05194805194805195
20 0.29846938775510207 0.17243867243867245 0.023469387755102045 0.03896103896103896
104 0.4168367346938776 0.17965367965367965 0.025510204081632654 0.06204906204906205
101 0.4948979591836735 0.170995670995671 0.02653061224489796 0.05772005772005772
99 0.5704081632653062 0.1774891774891775 0.028571428571428574 0.05916305916305916
20 0.6428571428571429 0.17207792207792208 0.02448979591836735 0.03968253968253968
133 0.753061224489796 0.16847041847041846 0.04081632653061225 0.06132756132756133
21 0.7903061224489797 0.17424242424242425 0.023469387755102045 0.026695526695526696
74 0.8275510204081633 0.1691919191919192 0.028571428571428574 0.06277056277056277
21 0.03877551020408164 0.4505772005772006 0.02448979591836735 0.025252525252525252
134 0.09489795918367348 0.45815295815295815 0.02448979591836735 0.06637806637806638
135 0.14744897959183675 0.45707070707070707 0.0336734693877551 0.06421356421356421
136 0.24846938775510205 0.4523809523809524 0.025510204081632654 0.05483405483405483
137 0.3056122448979592 0.45021645021645024 0.025510204081632654 0.050505050505050504
139 0.35867346938775513 0.4448051948051948 0.0336734693877551 0.06277056277056277
21 0.4209183673469388 0.4512987012987013 0.025510204081632654 0.025252525252525252
79 0.478061224489796 0.4476911976911977 0.02755102040816327 0.056998556998557
79 0.6357142857142858 0.44733044733044736 0.02653061224489796 0.05772005772005772
19 0.7678571428571429 0.44805194805194803 0.0336734693877551 0.01443001443001443
21 0.03877551020408164 0.5782828282828283 0.02448979591836735 0.025252525252525252
132 0.0989795918367347 0.5761183261183261 0.0326530612244898 0.05411255411255411
133 0.15153061224489797 0.575036075036075 0.025510204081632654 0.05627705627705628
134 0.24795918367346942 0.5833333333333334 0.02653061224489796 0.06421356421356421
135 0.3051020408163266 0.5822510822510822 0.02653061224489796 0.06060606060606061
136 0.3591836734693878 0.5800865800865801 0.0326530612244898 0.05772005772005772
21 0.4214285714285715 0.5786435786435786 0.02448979591836735 0.024531024531024532
74 0.47908163265306125 0.5721500721500722 0.02755102040816327 0.06204906204906205
72 0.6372448979591837 0.577922077922078 0.02755102040816327 0.05194805194805195
19 0.7673469387755103 0.5757575757575758 0.036734693877551024 0.01443001443001443
21 0.03826530612244898 0.7189754689754689 0.025510204081632654 0.025252525252525252
138 0.09489795918367348 0.7157287157287158 0.02653061224489796 0.05772005772005772
139 0.14744897959183675 0.7132034632034632 0.0336734693877551 0.06277056277056277
16 0.22346938775510206 0.676046176046176 0.018367346938775512 0.03318903318903319
140 0.24948979591836737 0.70995670995671 0.02959183673469388 0.06926406926406926
141 0.3051020408163266 0.7070707070707071 0.028571428571428574 0.07647907647907648
138 0.35867346938775513 0.7157287157287158 0.0336734693877551 0.05772005772005772
21 0.42040816326530617 0.7193362193362194 0.02448979591836735 0.024531024531024532
81 0.4785714285714286 0.7103174603174603 0.0326530612244898 0.06998556998556998
81 0.6367346938775511 0.70995670995671 0.030612244897959186 0.0707070707070707
19 0.7683673469387756 0.7171717171717171 0.036734693877551024 0.015873015873015872
102 0.09489795918367348 0.8391053391053391 0.02653061224489796 0.06204906204906205
74 0.2510204081632653 0.8401875901875901 0.02653061224489796 0.06132756132756133
70 0.4785714285714286 0.8513708513708513 0.02653061224489796 0.06349206349206349
70 0.6372448979591837 0.8513708513708513 0.02755102040816327 0.06349206349206349
19 0.7673469387755103 0.8441558441558441 0.036734693877551024 0.015873015873015872
