12 0.351530612244898 0.06926406926406926 0.017346938775510204 0.047619047619047616
12 0.9020408163265307 0.06962481962481963 0.018367346938775512 0.048340548340548344
12 0.3494897959183674 0.3546176046176046 0.017346938775510204 0.049783549783549784
12 0.9025510204081634 0.35425685425685427 0.017346938775510204 0.047619047619047616
12 0.35000000000000003 0.4733044733044733 0.018367346938775512 0.049062049062049064
12 0.903061224489796 0.4736652236652237 0.0163265306122449 0.048340548340548344
12 0.35306122448979593 0.7582972582972582 0.018367346938775512 0.049062049062049064
12 0.903061224489796 0.7582972582972582 0.0163265306122449 0.049062049062049064
12 0.3525510204081633 0.8773448773448773 0.017346938775510204 0.049062049062049064
12 0.9025510204081634 0.8773448773448773 0.017346938775510204 0.047619047619047616
133 0.028571428571428574 0.06782106782106782 0.02448979591836735 0.05627705627705628
103 0.0903061224489796 0.07828282828282829 0.023469387755102045 0.0670995670995671
104 0.23571428571428574 0.07575757575757576 0.02653061224489796 0.06349206349206349
21 0.3790816326530613 0.0707070707070707 0.025510204081632654 0.025974025974025976
163 0.45204081632653065 0.06204906204906205 0.0326530612244898 0.06637806637806638
162 0.48265306122448987 0.06349206349206349 0.02448979591836735 0.06493506493506493
133 0.5178571428571429 0.06349206349206349 0.0336734693877551 0.06493506493506493
134 0.5760204081632654 0.06240981240981241 0.025510204081632654 0.06565656565656566
104 0.6372448979591837 0.07575757575757576 0.025510204081632654 0.06204906204906205
105 0.7867346938775511 0.07323232323232323 0.02653061224489796 0.05844155844155844
165 0.036734693877551024 0.354978354978355 0.02448979591836735 0.05339105339105339
166 0.0663265306122449 0.35533910533910534 0.030612244897959186 0.05411255411255411
161 0.1 0.36832611832611833 0.02448979591836735 0.07575757575757576
167 0.1326530612244898 0.3647186147186147 0.02448979591836735 0.07142857142857142
166 0.16581632653061226 0.3629148629148629 0.023469387755102045 0.06782106782106782
165 0.1969387755102041 0.36038961038961037 0.028571428571428574 0.06565656565656566
166 0.23214285714285715 0.3556998556998557 0.023469387755102045 0.05339105339105339
167 0.2653061224489796 0.35533910533910534 0.02448979591836735 0.05411255411255411
165 0.29438775510204085 0.35533910533910534 0.023469387755102045 0.05411255411255411
166 0.325 0.35533910533910534 0.02959183673469388 0.05266955266955267
137 0.3760204081632653 0.36147186147186144 0.025510204081632654 0.06493506493506493
164 0.44234693877551023 0.3647186147186147 0.023469387755102045 0.07142857142857142
163 0.47295918367346945 0.3665223665223665 0.02959183673469388 0.07503607503607504
134 0.5102040816326531 0.3621933621933622 0.02448979591836735 0.06493506493506493
135 0.5663265306122449 0.36075036075036077 0.0326530612244898 0.06349206349206349
16 0.6081632653061225 0.3365800865800866 0.0163265306122449 0.032467532467532464
105 0.6336734693877552 0.3582251082251082 0.02448979591836735 0.05555555555555555
106 0.7862244897959184 0.354978354978355 0.025510204081632654 0.05194805194805195
138 0.03112244897959184 0.4725829725829726 0.03571428571428572 0.06060606060606061
168 0.0989795918367347 0.4715007215007215 0.02653061224489796 0.056998556998557
166 0.13316326530612246 0.4733044733044733 0.025510204081632654 0.05194805194805195
167 0.1653061224489796 0.4736652236652237 0.02448979591836735 0.05266955266955267
168 0.19489795918367347 0.47113997113997114 0.030612244897959186 0.05627705627705628
139 0.23214285714285715 0.4678932178932179 0.025510204081632654 0.06277056277056277
138 0.28877551020408165 0.47005772005772006 0.03469387755102041 0.056998556998557
167 0.3755102040816327 0.474025974025974 0.02448979591836735 0.05194805194805195
168 0.4091836734693878 0.47113997113997114 0.02448979591836735 0.05772005772005772
167 0.44234693877551023 0.4743867243867244 0.025510204081632654 0.05411255411255411
166 0.47346938775510206 0.4743867243867244 0.030612244897959186 0.05411255411255411
167 0.5081632653061225 0.4736652236652237 0.02448979591836735 0.05266955266955267
168 0.5413265306122449 0.4704184704184704 0.025510204081632654 0.05772005772005772
166 0.5719387755102041 0.4736652236652237 0.025510204081632654 0.05266955266955267
167 0.6010204081632654 0.4736652236652237 0.030612244897959186 0.05266955266955267
165 0.6341836734693879 0.4743867243867244 0.025510204081632654 0.05266955266955267
172 0.6714285714285715 0.4588744588744589 0.030612244897959186 0.0808080808080808
16 0.6959183673469388 0.42568542568542567 0.018367346938775512 0.03463203463203463
171 0.7204081632653062 0.4621212121212121 0.02653061224489796 0.0772005772005772
172 0.7520408163265306 0.4592352092352092 0.03469387755102041 0.08152958152958154
170 0.7867346938775511 0.4653679653679654 0.02653061224489796 0.06926406926406926
171 0.8183673469387756 0.4613997113997114 0.02653061224489796 0.07575757575757576
169 0.8489795918367348 0.46825396825396826 0.02653061224489796 0.06204906204906205
170 0.8806122448979593 0.465007215007215 0.030612244897959186 0.06998556998556998
137 0.031632653061224494 0.7579365079365079 0.030612244897959186 0.051226551226551224
107 0.09846938775510206 0.7557720057720058 0.025510204081632654 0.056998556998557
108 0.23520408163265308 0.7521645021645021 0.023469387755102045 0.06277056277056277
167 0.3785714285714286 0.7582972582972582 0.02448979591836735 0.05194805194805195
168 0.41224489795918373 0.7557720057720058 0.02448979591836735 0.05844155844155844
167 0.4469387755102041 0.759018759018759 0.02653061224489796 0.05483405483405483
166 0.4892857142857143 0.7593795093795094 0.031632653061224494 0.05555555555555555
167 0.526530612244898 0.7586580086580087 0.02448979591836735 0.05266955266955267
168 0.5596938775510205 0.7557720057720058 0.025510204081632654 0.056998556998557
166 0.5892857142857143 0.7582972582972582 0.025510204081632654 0.05194805194805195
167 0.6188775510204082 0.7586580086580087 0.031632653061224494 0.05266955266955267
165 0.651530612244898 0.7593795093795094 0.025510204081632654 0.05266955266955267
172 0.6877551020408164 0.7445887445887446 0.028571428571428574 0.08225108225108226
171 0.7209183673469388 0.7467532467532467 0.02755102040816327 0.07647907647907648
172 0.7520408163265306 0.7445887445887446 0.0326530612244898 0.08225108225108226
170 0.7867346938775511 0.75 0.02653061224489796 0.06998556998556998
171 0.8183673469387756 0.746031746031746 0.02653061224489796 0.07647907647907648
169 0.8489795918367348 0.7528860028860029 0.02653061224489796 0.06132756132756133
170 0.8806122448979593 0.7492784992784993 0.0326530612244898 0.06854256854256854
16 0.011224489795918368 0.8477633477633477 0.0163265306122449 0.03463203463203463
168 0.03520408163265307 0.8744588744588745 0.023469387755102045 0.05627705627705628
169 0.0653061224489796 0.8715728715728716 0.030612244897959186 0.06349206349206349
167 0.09744897959183674 0.8780663780663781 0.023469387755102045 0.05339105339105339
17 0.12193877551020409 0.8535353535353535 0.017346938775510204 0.0404040404040404
168 0.14438775510204083 0.8748196248196248 0.025510204081632654 0.056998556998557
166 0.17346938775510207 0.8777056277056277 0.02448979591836735 0.051226551226551224
167 0.20306122448979594 0.8773448773448773 0.030612244897959186 0.05194805194805195
165 0.23469387755102042 0.8831168831168831 0.02448979591836735 0.06349206349206349
166 0.2683673469387755 0.8827561327561327 0.02448979591836735 0.06421356421356421
164 0.2979591836734694 0.8831168831168831 0.02448979591836735 0.06349206349206349
165 0.3275510204081633 0.8834776334776335 0.030612244897959186 0.06277056277056277
133 0.3841836734693878 0.8697691197691197 0.0336734693877551 0.06565656565656566
163 0.45051020408163267 0.8704906204906205 0.031632653061224494 0.06421356421356421
17 0.4714285714285715 0.8896103896103896 0.0163265306122449 0.03896103896103896
162 0.49438775510204086 0.8712121212121212 0.025510204081632654 0.06421356421356421
133 0.5311224489795919 0.8712121212121212 0.0336734693877551 0.06421356421356421
134 0.5892857142857143 0.8704906204906205 0.025510204081632654 0.06565656565656566
104 0.6510204081632653 0.8834776334776335 0.02653061224489796 0.06277056277056277
105 0.7867346938775511 0.8805916305916306 0.02653061224489796 0.05844155844155844
