12 0.12959183673469388 0.15873015873015872 0.0163265306122449 0.049062049062049064
12 0.5122448979591837 0.15836940836940838 0.018367346938775512 0.048340548340548344
13 0.8984693877551021 0.15836940836940838 0.023469387755102045 0.048340548340548344
12 0.513265306122449 0.27344877344877344 0.018367346938775512 0.050505050505050504
12 0.13010204081632654 0.27380952380952384 0.01938775510204082 0.049783549783549784
13 0.8979591836734695 0.27380952380952384 0.022448979591836737 0.049783549783549784
13 0.8984693877551021 0.41305916305916307 0.023469387755102045 0.049783549783549784
12 0.12959183673469388 0.41305916305916307 0.0163265306122449 0.048340548340548344
12 0.5122448979591837 0.4126984126984127 0.018367346938775512 0.047619047619047616
12 0.9025510204081634 0.6518759018759018 0.017346938775510204 0.048340548340548344
12 0.2122448979591837 0.6522366522366523 0.0163265306122449 0.047619047619047616
12 0.5581632653061225 0.6525974025974026 0.0163265306122449 0.048340548340548344
14 0.6035714285714286 0.6695526695526696 0.01326530612244898 0.0101010101010101
14 0.7270408163265307 0.6699134199134199 0.011224489795918368 0.00937950937950938
14 0.25765306122448983 0.6807359307359307 0.01326530612244898 0.00937950937950938
14 0.03520408163265307 0.6810966810966811 0.011224489795918368 0.008658008658008658
14 0.3816326530612245 0.6810966810966811 0.012244897959183675 0.008658008658008658
12 0.9020408163265307 0.7673160173160173 0.0163265306122449 0.049783549783549784
12 0.21173469387755103 0.766955266955267 0.015306122448979593 0.047619047619047616
12 0.5576530612244899 0.7673160173160173 0.017346938775510204 0.048340548340548344
12 0.21173469387755103 0.9065656565656566 0.015306122448979593 0.048340548340548344
12 0.5581632653061225 0.9069264069264069 0.018367346938775512 0.049062049062049064
12 0.9025510204081634 0.9069264069264069 0.017346938775510204 0.049062049062049064
18 0.32040816326530613 0.1497113997113997 0.03469387755102041 0.013708513708513708
18 0.7035714285714286 0.14935064935064934 0.0336734693877551 0.01443001443001443
131 0.04081632653061225 0.2709235209235209 0.02448979591836735 0.056998556998557
133 0.08979591836734695 0.2712842712842713 0.022448979591836737 0.05627705627705628
131 0.15969387755102044 0.2709235209235209 0.02755102040816327 0.056998556998557
133 0.20612244897959187 0.2712842712842713 0.022448979591836737 0.05627705627705628
131 0.2459183673469388 0.2709235209235209 0.02448979591836735 0.056998556998557
133 0.29438775510204085 0.2712842712842713 0.023469387755102045 0.05627705627705628
131 0.3372448979591837 0.27056277056277056 0.02755102040816327 0.05772005772005772
133 0.3841836734693878 0.2712842712842713 0.023469387755102045 0.05627705627705628
131 0.4229591836734694 0.2712842712842713 0.023469387755102045 0.05772005772005772
133 0.47193877551020413 0.2712842712842713 0.02142857142857143 0.05627705627705628
131 0.5428571428571429 0.2709235209235209 0.02653061224489796 0.056998556998557
133 0.5887755102040817 0.2712842712842713 0.022448979591836737 0.05627705627705628
131 0.6285714285714287 0.2709235209235209 0.022448979591836737 0.056998556998557
133 0.6770408163265307 0.2712842712842713 0.02142857142857143 0.05627705627705628
131 0.7209183673469388 0.27056277056277056 0.02755102040816327 0.05772005772005772
133 0.766326530612245 0.2712842712842713 0.022448979591836737 0.05627705627705628
131 0.806122448979592 0.2709235209235209 0.022448979591836737 0.056998556998557
133 0.8556122448979593 0.2709235209235209 0.02142857142857143 0.056998556998557
46 0.16632653061224492 0.41414141414141414 0.03469387755102041 0.05339105339105339
46 0.5484693877551021 0.41414141414141414 0.03571428571428572 0.05339105339105339
129 0.01479591836734694 0.6572871572871573 0.023469387755102045 0.06204906204906205
98 0.13112244897959185 0.6572871572871573 0.023469387755102045 0.06349206349206349
98 0.23775510204081635 0.6572871572871573 0.022448979591836737 0.06349206349206349
98 0.3612244897959184 0.6569264069264069 0.022448979591836737 0.06277056277056277
98 0.47704081632653067 0.6572871572871573 0.023469387755102045 0.06349206349206349
100 0.5846938775510204 0.6518759018759018 0.022448979591836737 0.051226551226551224
100 0.7076530612244899 0.6518759018759018 0.023469387755102045 0.051226551226551224
100 0.8234693877551021 0.6522366522366523 0.02448979591836735 0.05194805194805195
132 0.015306122448979593 0.7658730158730159 0.020408163265306124 0.05411255411255411
130 0.05510204081632654 0.7691197691197691 0.028571428571428574 0.06060606060606061
132 0.09540816326530613 0.7655122655122655 0.023469387755102045 0.05339105339105339
130 0.13112244897959185 0.7683982683982684 0.025510204081632654 0.05916305916305916
132 0.17500000000000002 0.7658730158730159 0.023469387755102045 0.05411255411255411
130 0.24132653061224493 0.7687590187590188 0.02959183673469388 0.05988455988455989
132 0.28163265306122454 0.7658730158730159 0.022448979591836737 0.05411255411255411
130 0.3178571428571429 0.7687590187590188 0.023469387755102045 0.05988455988455989
132 0.36173469387755103 0.7658730158730159 0.02142857142857143 0.05411255411255411
130 0.4005102040816327 0.7691197691197691 0.02959183673469388 0.06060606060606061
132 0.4413265306122449 0.7662337662337663 0.023469387755102045 0.05339105339105339
130 0.47704081632653067 0.7687590187590188 0.025510204081632654 0.05988455988455989
132 0.5214285714285715 0.7662337662337663 0.022448979591836737 0.05483405483405483
129 0.5872448979591838 0.7709235209235209 0.02959183673469388 0.06854256854256854
133 0.628061224489796 0.7647907647907648 0.023469387755102045 0.05627705627705628
129 0.663265306122449 0.7705627705627706 0.022448979591836737 0.06782106782106782
133 0.7071428571428572 0.7647907647907648 0.022448979591836737 0.05627705627705628
129 0.7469387755102042 0.7705627705627706 0.030612244897959186 0.06782106782106782
133 0.7877551020408164 0.7647907647907648 0.022448979591836737 0.05627705627705628
129 0.8229591836734694 0.7705627705627706 0.023469387755102045 0.06782106782106782
133 0.8673469387755103 0.7647907647907648 0.022448979591836737 0.05627705627705628
45 0.2469387755102041 0.9090909090909091 0.03469387755102041 0.05916305916305916
44 0.5923469387755103 0.9137806637806638 0.0336734693877551 0.06565656565656566
