12 0.2045918367346939 0.22510822510822512 0.01938775510204082 0.047619047619047616
12 0.439795918367347 0.22510822510822512 0.018367346938775512 0.047619047619047616
12 0.6841836734693878 0.22510822510822512 0.017346938775510204 0.047619047619047616
12 0.9025510204081634 0.22546897546897546 0.017346938775510204 0.048340548340548344
12 0.2326530612244898 0.36832611832611833 0.0163265306122449 0.048340548340548344
12 0.4341836734693878 0.36832611832611833 0.017346938775510204 0.048340548340548344
12 0.9025510204081634 0.36832611832611833 0.017346938775510204 0.048340548340548344
12 0.7020408163265307 0.36832611832611833 0.018367346938775512 0.046897546897546896
12 0.04387755102040817 0.5111832611832612 0.0163265306122449 0.048340548340548344
12 0.48367346938775513 0.5115440115440115 0.0163265306122449 0.047619047619047616
12 0.903061224489796 0.5119047619047619 0.018367346938775512 0.048340548340548344
12 0.12448979591836735 0.6547619047619048 0.0163265306122449 0.048340548340548344
12 0.30153061224489797 0.6544011544011544 0.017346938775510204 0.047619047619047616
12 0.9020408163265307 0.6544011544011544 0.018367346938775512 0.047619047619047616
12 0.48163265306122455 0.6547619047619048 0.014285714285714287 0.046897546897546896
12 0.6627551020408163 0.6544011544011544 0.015306122448979593 0.046176046176046176
12 0.14489795918367349 0.797979797979798 0.0163265306122449 0.047619047619047616
12 0.3448979591836735 0.797979797979798 0.018367346938775512 0.047619047619047616
12 0.7484693877551021 0.7976190476190477 0.015306122448979593 0.046897546897546896
12 0.5459183673469388 0.797979797979798 0.014285714285714287 0.046176046176046176
143 0.04489795918367347 0.20707070707070707 0.0326530612244898 0.08658008658008658
142 0.0903061224489796 0.2106782106782107 0.031632653061224494 0.0808080808080808
141 0.13112244897959185 0.2132034632034632 0.02959183673469388 0.07575757575757576
140 0.1709183673469388 0.21645021645021645 0.039795918367346944 0.06926406926406926
108 0.23775510204081635 0.21933621933621933 0.02653061224489796 0.06349206349206349
108 0.3035714285714286 0.21933621933621933 0.025510204081632654 0.06349206349206349
136 0.3658163265306123 0.2269119769119769 0.025510204081632654 0.05411255411255411
137 0.40510204081632656 0.22546897546897546 0.0326530612244898 0.051226551226551224
107 0.47295918367346945 0.22294372294372294 0.025510204081632654 0.05772005772005772
107 0.5387755102040817 0.22294372294372294 0.02653061224489796 0.05772005772005772
140 0.6096938775510204 0.21681096681096682 0.02959183673469388 0.06854256854256854
139 0.6494897959183674 0.2196969696969697 0.0336734693877551 0.06277056277056277
107 0.7168367346938777 0.22258297258297258 0.025510204081632654 0.056998556998557
107 0.7836734693877552 0.22294372294372294 0.02653061224489796 0.05772005772005772
107 0.8494897959183674 0.22258297258297258 0.02755102040816327 0.056998556998557
138 0.037244897959183676 0.3658008658008658 0.025510204081632654 0.05772005772005772
137 0.07908163265306123 0.36832611832611833 0.025510204081632654 0.051226551226551224
143 0.1229591836734694 0.3513708513708514 0.02959183673469388 0.08658008658008658
142 0.16581632653061226 0.3531746031746032 0.02959183673469388 0.08008658008658008
141 0.20204081632653062 0.3564213564213564 0.036734693877551024 0.07503607503607504
109 0.26581632653061227 0.36002886002886003 0.031632653061224494 0.06926406926406926
109 0.32704081632653065 0.36002886002886003 0.031632653061224494 0.06926406926406926
105 0.38367346938775515 0.3712121212121212 0.02653061224489796 0.05555555555555555
136 0.4658163265306123 0.3686868686868687 0.025510204081632654 0.05194805194805195
137 0.5066326530612245 0.36832611832611833 0.025510204081632654 0.051226551226551224
136 0.5474489795918368 0.3686868686868687 0.025510204081632654 0.05194805194805195
142 0.5928571428571429 0.3538961038961039 0.030612244897959186 0.08152958152958154
141 0.6326530612244898 0.3575036075036075 0.030612244897959186 0.07575757575757576
140 0.6704081632653062 0.36038961038961037 0.04081632653061225 0.06854256854256854
108 0.7336734693877551 0.3625541125541126 0.02653061224489796 0.06277056277056277
108 0.7954081632653062 0.3621933621933622 0.025510204081632654 0.06349206349206349
104 0.8535714285714286 0.37445887445887444 0.025510204081632654 0.06349206349206349
137 0.09285714285714286 0.5122655122655123 0.028571428571428574 0.05339105339105339
139 0.1642857142857143 0.5075757575757576 0.028571428571428574 0.0670995670995671
137 0.22908163265306125 0.5140692640692641 0.02755102040816327 0.056998556998557
135 0.29285714285714287 0.5158730158730159 0.02653061224489796 0.05916305916305916
136 0.3612244897959184 0.516955266955267 0.02653061224489796 0.06277056277056277
134 0.4214285714285715 0.5183982683982684 0.03469387755102041 0.06421356421356421
104 0.5321428571428571 0.5173160173160173 0.02755102040816327 0.06349206349206349
104 0.6525510204081634 0.5176767676767676 0.02755102040816327 0.06277056277056277
133 0.040306122448979596 0.6547619047619048 0.025510204081632654 0.051226551226551224
101 0.07806122448979592 0.6525974025974026 0.025510204081632654 0.056998556998557
104 0.15408163265306124 0.661976911976912 0.02653061224489796 0.06421356421356421
103 0.2066326530612245 0.6634199134199135 0.02755102040816327 0.06854256854256854
104 0.2581632653061225 0.6608946608946609 0.02653061224489796 0.06349206349206349
77 0.3306122448979592 0.6569264069264069 0.02653061224489796 0.05555555555555555
109 0.4408163265306123 0.6464646464646464 0.030612244897959186 0.06926406926406926
73 0.5112244897959184 0.6522366522366523 0.028571428571428574 0.05627705627705628
105 0.6214285714285714 0.6572871572871573 0.02448979591836735 0.05483405483405483
76 0.7091836734693878 0.6601731601731602 0.028571428571428574 0.06060606060606061
101 0.09183673469387756 0.7940115440115441 0.02653061224489796 0.05555555555555555
104 0.17653061224489797 0.8044733044733045 0.02653061224489796 0.06349206349206349
103 0.2362244897959184 0.806998556998557 0.02755102040816327 0.06854256854256854
104 0.29540816326530617 0.8041125541125541 0.02755102040816327 0.06277056277056277
77 0.3760204081632653 0.7997835497835498 0.025510204081632654 0.05555555555555555
109 0.5 0.7893217893217893 0.030612244897959186 0.06926406926406926
73 0.5770408163265307 0.7950937950937951 0.02959183673469388 0.05772005772005772
105 0.7005102040816327 0.8005050505050505 0.025510204081632654 0.05411255411255411
76 0.7974489795918368 0.803030303030303 0.02755102040816327 0.06060606060606061
