14 0.07295918367346939 0.10786435786435787 0.015306122448979593 0.010822510822510822
12 0.9025510204081634 0.13744588744588745 0.015306122448979593 0.048340548340548344
12 0.9025510204081634 0.27525252525252525 0.017346938775510204 0.048340548340548344
14 0.1739795918367347 0.4935064935064935 0.01326530612244898 0.0101010101010101
12 0.9025510204081634 0.5227272727272727 0.017346938775510204 0.048340548340548344
12 0.11938775510204083 0.5234487734487735 0.0163265306122449 0.048340548340548344
14 0.5795918367346939 0.5046897546897547 0.012244897959183675 0.00937950937950938
14 0.7525510204081634 0.5173160173160173 0.01326530612244898 0.0101010101010101
12 0.11887755102040817 0.6691919191919192 0.017346938775510204 0.048340548340548344
12 0.9020408163265307 0.6695526695526696 0.0163265306122449 0.047619047619047616
14 0.626530612244898 0.8874458874458875 0.012244897959183675 0.008658008658008658
12 0.9025510204081634 0.9173881673881674 0.015306122448979593 0.048340548340548344
12 0.2602040816326531 0.9177489177489178 0.0163265306122449 0.047619047619047616
14 0.31275510204081636 0.90007215007215 0.01326530612244898 0.00937950937950938
169 0.053571428571428575 0.14105339105339104 0.023469387755102045 0.08441558441558442
193 0.1346938775510204 0.14466089466089466 0.03469387755102041 0.0772005772005772
107 0.1852040816326531 0.1349206349206349 0.02142857142857143 0.05627705627705628
137 0.4142857142857143 0.13744588744588745 0.020408163265306124 0.051226551226551224
167 0.5239795918367347 0.13816738816738816 0.02142857142857143 0.05266955266955267
168 0.588265306122449 0.13528138528138528 0.02142857142857143 0.056998556998557
167 0.653061224489796 0.13816738816738816 0.022448979591836737 0.05266955266955267
166 0.717857142857143 0.13744588744588745 0.02142857142857143 0.051226551226551224
167 0.7821428571428573 0.13816738816738816 0.023469387755102045 0.05266955266955267
168 0.8403061224489796 0.13528138528138528 0.0336734693877551 0.05555555555555555
135 0.1852040816326531 0.2777777777777778 0.02142857142857143 0.05627705627705628
134 0.5234693877551021 0.2813852813852814 0.022448979591836737 0.06349206349206349
139 0.07091836734693878 0.5180375180375181 0.02142857142857143 0.06349206349206349
107 0.15408163265306124 0.5209235209235209 0.020408163265306124 0.05627705627705628
17 0.30000000000000004 0.5050505050505051 0.012244897959183675 0.023088023088023088
139 0.3729591836734694 0.5176767676767676 0.023469387755102045 0.06277056277056277
139 0.42806122448979594 0.5176767676767676 0.023469387755102045 0.06421356421356421
136 0.48775510204081635 0.5227272727272727 0.030612244897959186 0.051226551226551224
16 0.5346938775510205 0.5018037518037518 0.0163265306122449 0.031024531024531024
106 0.5612244897959184 0.5234487734487735 0.022448979591836737 0.051226551226551224
104 0.7331632653061225 0.5284992784992785 0.02142857142857143 0.06277056277056277
16 0.8336734693877552 0.6060606060606061 0.020408163265306124 0.030303030303030304
132 0.15408163265306124 0.6814574314574314 0.022448979591836737 0.07575757575757576
17 0.351530612244898 0.6807359307359307 0.017346938775510204 0.03535353535353535
132 0.3719387755102041 0.6796536796536796 0.02142857142857143 0.0707070707070707
133 0.5591836734693878 0.6756854256854257 0.022448979591836737 0.06277056277056277
17 0.7122448979591838 0.6865079365079365 0.0163265306122449 0.03535353535353535
131 0.7326530612244898 0.6832611832611832 0.020408163265306124 0.07792207792207792
16 0.7668367346938776 0.6471861471861472 0.01938775510204082 0.030303030303030304
106 0.2938775510204082 0.9181096681096681 0.022448979591836737 0.051226551226551224
138 0.44438775510204087 0.9152236652236653 0.023469387755102045 0.056998556998557
137 0.4979591836734694 0.9173881673881674 0.022448979591836737 0.051226551226551224
138 0.5443877551020408 0.9145021645021645 0.031632653061224494 0.056998556998557
80 0.6020408163265306 0.911976911976912 0.030612244897959186 0.06349206349206349
