12 0.8728506787330317 0.2293666026871401 0.013574660633484163 0.04158669225847728
14 0.49638009049773757 0.2971849008317338 0.00995475113122172 0.007037747920665386
12 0.6520361990950226 0.38323736404350606 0.013574660633484163 0.04222648752399232
12 0.8524886877828055 0.3835572616762636 0.012669683257918552 0.04158669225847728
12 0.8647058823529412 0.5268714011516314 0.015384615384615385 0.04158669225847728
12 0.718552036199095 0.6999360204734485 0.014479638009049774 0.04094689699296225
14 0.3375565610859729 0.8346129238643634 0.01085972850678733 0.008317338451695458
14 0.7574660633484164 0.844849648112604 0.01085972850678733 0.008317338451695458
14 0.7570135746606336 0.8662827895073576 0.011764705882352941 0.008957133717210491
14 0.7570135746606336 0.8979526551503518 0.011764705882352941 0.008317338451695458
14 0.33665158371040727 0.919065898912348 0.01085972850678733 0.007037747920665386
14 0.5687782805429864 0.9830454254638515 0.00995475113122172 0.007037747920665386
14 0.30135746606334846 0.9936020473448496 0.01085972850678733 0.008957133717210491
31 0.2683257918552036 0.23512476007677544 0.04072398190045249 0.0838131797824696
17 0.43529411764705883 0.209532949456174 0.014479638009049774 0.036468330134357005
17 0.4493212669683258 0.21785028790786948 0.013574660633484163 0.03262955854126679
17 0.4497737556561086 0.18106206014075496 0.016289592760180997 0.030710172744721688
173 0.5425339366515838 0.20057581573896352 0.02986425339366516 0.10044785668586052
173 0.5828054298642534 0.20153550863723607 0.025339366515837104 0.10108765195137556
143 0.6895927601809955 0.20249520153550862 0.02895927601809955 0.09916826615483045
143 0.8167420814479638 0.20345489443378117 0.028054298642533938 0.09852847088931542
17 0.8900452488687783 0.20473448496481125 0.015384615384615385 0.030710172744721688
17 0.4493212669683258 0.29270633397312856 0.015384615384615385 0.03134996801023672
17 0.9049773755656109 0.2712731925783749 0.014479638009049774 0.030710172744721688
31 0.1257918552036199 0.38835572616762637 0.041628959276018104 0.08445297504798464
16 0.2574660633484163 0.37747920665387075 0.013574660633484163 0.029430582213691617
17 0.2687782805429864 0.3566858605246321 0.014479638009049774 0.030070377479206652
169 0.3479638009049774 0.36500319897632755 0.026244343891402715 0.0799744081893794
169 0.38371040723981903 0.36500319897632755 0.02171945701357466 0.0799744081893794
103 0.42171945701357466 0.38995521433141395 0.02171945701357466 0.0582213691618682
139 0.47873303167420816 0.36692258477287265 0.023529411764705882 0.07741522712731926
17 0.5158371040723982 0.4094689699296225 0.016289592760180997 0.03198976327575176
139 0.602262443438914 0.3666026871401151 0.02262443438914027 0.07549584133077415
17 0.6674208144796381 0.38835572616762637 0.013574660633484163 0.029430582213691617
17 0.6678733031674209 0.35540626999360203 0.014479638009049774 0.02879078694817658
17 0.7624434389140272 0.41010876519513756 0.015384615384615385 0.03198976327575176
17 0.7633484162895928 0.36148432501599487 0.015384615384615385 0.030710172744721688
17 0.8687782805429864 0.36148432501599487 0.014479638009049774 0.030710172744721688
17 0.8687782805429864 0.4257837492002559 0.014479638009049774 0.03134996801023672
17 0.8778280542986425 0.39379398592450415 0.014479638009049774 0.02879078694817658
137 0.9461538461538462 0.37076135636596286 0.02262443438914027 0.0710172744721689
17 0.9918552036199095 0.3989123480486244 0.014479638009049774 0.03134996801023672
31 0.1262443438914027 0.5323096609085093 0.04253393665158371 0.08573256557901471
17 0.2574660633484163 0.5902111324376199 0.013574660633484163 0.03134996801023672
17 0.2579185520361991 0.5425463851567498 0.014479638009049774 0.03198976327575176
165 0.3235294117647059 0.5153550863723608 0.02262443438914027 0.06845809341010876
166 0.36968325791855206 0.5150351887396033 0.02262443438914027 0.0690978886756238
167 0.4149321266968326 0.5134357005758157 0.02262443438914027 0.0710172744721689
17 0.43891402714932126 0.5051183621241203 0.01085972850678733 0.01983365323096609
168 0.4968325791855204 0.5102367242482405 0.03076923076923077 0.07869481765834932
167 0.5389140271493212 0.5095969289827255 0.02262443438914027 0.08125399872040946
168 0.5846153846153846 0.5095969289827255 0.023529411764705882 0.0799744081893794
169 0.6294117647058823 0.5083173384516955 0.02262443438914027 0.08125399872040946
20 0.6719457013574661 0.5591810620601407 0.01900452488687783 0.0345489443378119
169 0.6787330316742082 0.49936020473448495 0.02895927601809955 0.10044785668586052
17 0.7072398190045249 0.4948816378758797 0.013574660633484163 0.03134996801023672
170 0.7271493212669684 0.5 0.026244343891402715 0.10044785668586052
16 0.7597285067873304 0.482725527831094 0.013574660633484163 0.027511196417146513
171 0.781447963800905 0.49936020473448495 0.026244343891402715 0.10172744721689059
170 0.8271493212669684 0.5 0.025339366515837104 0.10172744721689059
17 0.8832579185520363 0.5687779910428663 0.014479638009049774 0.030710172744721688
16 0.9475113122171946 0.5572616762635957 0.014479638009049774 0.028150991682661546
17 0.9556561085972851 0.5371081253998721 0.014479638009049774 0.030070377479206652
31 0.1262443438914027 0.7047344849648113 0.04253393665158371 0.08509277031349968
17 0.26244343891402716 0.7261676263595649 0.016289592760180997 0.030710172744721688
17 0.26289592760180996 0.6509916826615483 0.015384615384615385 0.030070377479206652
173 0.4076923076923077 0.6705054382597568 0.026244343891402715 0.10236724248240563
17 0.5800904977375566 0.6676263595649392 0.016289592760180997 0.03390914907229686
17 0.5941176470588235 0.6586692258477287 0.013574660633484163 0.035188739603326934
16 0.7371040723981901 0.6561100447856686 0.013574660633484163 0.030070377479206652
17 0.7520361990950226 0.7108125399872041 0.014479638009049774 0.029430582213691617
17 0.7529411764705882 0.672424824056302 0.014479638009049774 0.03198976327575176
17 0.8457013574660633 0.6765834932821497 0.013574660633484163 0.02879078694817658
17 0.8597285067873304 0.7063339731285988 0.014479638009049774 0.029430582213691617
17 0.860633484162896 0.6673064619321817 0.012669683257918552 0.030710172744721688
16 0.9647058823529412 0.6932181701855405 0.016289592760180997 0.030070377479206652
31 0.1257918552036199 0.8560460652591171 0.041628959276018104 0.08445297504798464
17 0.2923076923076923 0.8672424824056302 0.014479638009049774 0.03134996801023672
192 0.4144796380090498 0.8336532309660908 0.023529411764705882 0.0780550223928343
17 0.45475113122171945 0.8291746641074855 0.015384615384615385 0.03198976327575176
138 0.4796380090497738 0.8365323096609085 0.03076923076923077 0.07485604606525911
131 0.6149321266968326 0.8509277031349968 0.03529411764705882 0.044785668586052464
17 0.7090497737556561 0.893154190658989 0.015384615384615385 0.03326935380678183
192 0.8384615384615385 0.8342930262316058 0.024434389140271493 0.0780550223928343
17 0.8782805429864253 0.8186180422264875 0.015384615384615385 0.03134996801023672
109 0.8995475113122172 0.8323736404350608 0.02171945701357466 0.0818937939859245
17 0.26289592760180996 0.9795265515035189 0.017194570135746608 0.03710812539987204
16 0.32941176470588235 0.9862444017914267 0.014479638009049774 0.027511196417146513
17 0.5307692307692308 0.982725527831094 0.015384615384615385 0.03198976327575176
16 0.6493212669683258 0.9651311580294305 0.015384615384615385 0.02879078694817658
17 0.8963800904977376 0.18170185540626999 0.015384615384615385 0.030710172744721688
17 0.25882352941176473 0.5163147792706334 0.014479638009049774 0.03198976327575176
17 0.2923076923076923 0.8403710812539987 0.014479638009049774 0.03134996801023672
