12 0.09693877551020409 0.09343434343434344 0.014285714285714287 0.048340548340548344
12 0.09744897959183674 0.22402597402597402 0.01326530612244898 0.048340548340548344
12 0.09693877551020409 0.5642135642135642 0.014285714285714287 0.049062049062049064
12 0.09693877551020409 0.7175324675324676 0.014285714285714287 0.048340548340548344
26 0.12908163265306125 0.09379509379509379 0.04591836734693878 0.08513708513708514
22 0.23673469387755103 0.09884559884559885 0.02448979591836735 0.03463203463203463
166 0.28775510204081634 0.09379509379509379 0.02653061224489796 0.05339105339105339
17 0.32295918367346943 0.0689033189033189 0.017346938775510204 0.03535353535353535
168 0.3459183673469388 0.09018759018759019 0.02448979591836735 0.05772005772005772
169 0.3918367346938776 0.0873015873015873 0.0326530612244898 0.06349206349206349
16 0.4331632653061225 0.050865800865800864 0.017346938775510204 0.032467532467532464
170 0.45867346938775516 0.08477633477633478 0.02959183673469388 0.06998556998556998
169 0.5081632653061225 0.08694083694083694 0.02448979591836735 0.06421356421356421
168 0.5591836734693878 0.09090909090909091 0.02448979591836735 0.05772005772005772
166 0.6025510204081633 0.09415584415584416 0.031632653061224494 0.05411255411255411
22 0.6581632653061225 0.09848484848484848 0.02448979591836735 0.03391053391053391
166 0.7086734693877552 0.09307359307359307 0.025510204081632654 0.05339105339105339
168 0.7637755102040817 0.09054834054834054 0.025510204081632654 0.05844155844155844
169 0.8096938775510205 0.08766233766233766 0.031632653061224494 0.06421356421356421
170 0.8668367346938777 0.08441558441558442 0.02755102040816327 0.0707070707070707
169 0.9158163265306123 0.08658008658008658 0.023469387755102045 0.06349206349206349
168 0.9683673469387756 0.09018759018759019 0.02448979591836735 0.05772005772005772
17 0.43469387755102046 0.17063492063492064 0.018367346938775512 0.03535353535353535
27 0.12806122448979593 0.22474747474747475 0.05 0.051226551226551224
108 0.23520408163265308 0.21825396825396826 0.023469387755102045 0.06277056277056277
112 0.4581632653061225 0.20707070707070707 0.028571428571428574 0.08658008658008658
108 0.6566326530612245 0.2178932178932179 0.025510204081632654 0.06349206349206349
112 0.8668367346938777 0.20707070707070707 0.02959183673469388 0.08658008658008658
26 0.12908163265306125 0.5645743145743146 0.04591836734693878 0.08585858585858586
22 0.23673469387755103 0.5696248196248196 0.02448979591836735 0.03391053391053391
164 0.29438775510204085 0.5735930735930735 0.025510204081632654 0.0707070707070707
166 0.35561224489795923 0.56998556998557 0.025510204081632654 0.06349206349206349
169 0.41224489795918373 0.5595238095238095 0.03469387755102041 0.0670995670995671
170 0.47602040816326535 0.5544733044733045 0.02959183673469388 0.06998556998556998
169 0.5316326530612245 0.5584415584415584 0.02448979591836735 0.06493506493506493
166 0.5857142857142857 0.5670995670995671 0.02448979591836735 0.05916305916305916
164 0.6357142857142858 0.56998556998557 0.030612244897959186 0.06349206349206349
22 0.6984693877551021 0.5696248196248196 0.025510204081632654 0.03391053391053391
165 0.754591836734694 0.5703463203463204 0.025510204081632654 0.06421356421356421
166 0.8127551020408164 0.5674603174603174 0.025510204081632654 0.05988455988455989
168 0.8688775510204082 0.5634920634920635 0.0336734693877551 0.06060606060606061
169 0.9306122448979592 0.5584415584415584 0.022448979591836737 0.06493506493506493
168 0.9882653061224491 0.5613275613275613 0.023469387755102045 0.05772005772005772
27 0.1285714285714286 0.7178932178932179 0.05102040816326531 0.05194805194805195
110 0.23571428571428574 0.7067099567099567 0.02653061224489796 0.07575757575757576
103 0.4755102040816327 0.7254689754689755 0.02448979591836735 0.06565656565656566
141 0.6969387755102041 0.7059884559884559 0.028571428571428574 0.07864357864357864
103 0.9326530612244899 0.7254689754689755 0.02448979591836735 0.0670995670995671
