12 0.7551020408163266 0.6727994227994228 0.0163265306122449 0.048340548340548344
12 0.9882653061224491 0.8575036075036075 0.015306122448979593 0.048340548340548344
12 0.5857142857142857 0.8582251082251082 0.014285714285714287 0.048340548340548344
26 0.13214285714285715 0.11724386724386725 0.05204081632653062 0.10606060606060606
16 0.17500000000000002 0.10966810966810966 0.023469387755102045 0.04329004329004329
163 0.23571428571428574 0.12734487734487734 0.02653061224489796 0.07287157287157287
165 0.28877551020408165 0.12554112554112554 0.02653061224489796 0.06926406926406926
167 0.34285714285714286 0.1240981240981241 0.02653061224489796 0.06926406926406926
165 0.3872448979591837 0.1240981240981241 0.03571428571428572 0.06493506493506493
160 0.44030612244897965 0.11219336219336219 0.03571428571428572 0.07287157287157287
165 0.4923469387755102 0.10678210678210678 0.02755102040816327 0.07215007215007214
167 0.5464285714285715 0.10497835497835498 0.02755102040816327 0.07575757575757576
165 0.5938775510204082 0.10281385281385282 0.02653061224489796 0.08008658008658008
163 0.6428571428571429 0.12734487734487734 0.02653061224489796 0.07142857142857142
165 0.6969387755102041 0.12554112554112554 0.02653061224489796 0.06926406926406926
167 0.7505102040816327 0.12445887445887446 0.02755102040816327 0.06854256854256854
165 0.7948979591836736 0.12373737373737374 0.03469387755102041 0.06421356421356421
162 0.8464285714285715 0.12950937950937952 0.025510204081632654 0.07575757575757576
165 0.9005102040816327 0.12734487734487734 0.025510204081632654 0.07287157287157287
167 0.9551020408163267 0.12554112554112554 0.02653061224489796 0.0707070707070707
26 0.1316326530612245 0.30303030303030304 0.05306122448979592 0.10533910533910534
16 0.17448979591836736 0.2950937950937951 0.022448979591836737 0.04329004329004329
162 0.23571428571428574 0.3124098124098124 0.02653061224489796 0.0735930735930736
164 0.288265306122449 0.31132756132756134 0.02755102040816327 0.06998556998556998
166 0.34132653061224494 0.30952380952380953 0.02755102040816327 0.06782106782106782
164 0.3852040816326531 0.30844155844155846 0.0336734693877551 0.06421356421356421
15 0.4362244897959184 0.3181818181818182 0.02142857142857143 0.050505050505050504
161 0.4678571428571429 0.2922077922077922 0.03571428571428572 0.0735930735930736
164 0.5173469387755103 0.2907647907647908 0.028571428571428574 0.0735930735930736
166 0.5709183673469388 0.2893217893217893 0.02755102040816327 0.07792207792207792
164 0.6178571428571429 0.28823953823953824 0.02755102040816327 0.08008658008658008
162 0.664795918367347 0.3124098124098124 0.02755102040816327 0.07215007215007214
164 0.717857142857143 0.31132756132756134 0.02755102040816327 0.06854256854256854
166 0.7709183673469389 0.30916305916305914 0.02755102040816327 0.0670995670995671
164 0.8153061224489797 0.30844155844155846 0.0326530612244898 0.06421356421356421
17 0.8637755102040817 0.31998556998557 0.017346938775510204 0.05555555555555555
161 0.8928571428571429 0.2922077922077922 0.0326530612244898 0.0735930735930736
164 0.9418367346938776 0.2911255411255411 0.028571428571428574 0.07431457431457432
26 0.1316326530612245 0.4880952380952381 0.05102040816326531 0.10606060606060606
16 0.17551020408163268 0.4805194805194805 0.022448979591836737 0.04329004329004329
161 0.2362244897959184 0.5007215007215007 0.025510204081632654 0.07936507936507936
163 0.29030612244897963 0.4989177489177489 0.02755102040816327 0.07431457431457432
168 0.3438775510204082 0.4945887445887446 0.02653061224489796 0.07575757575757576
163 0.38775510204081637 0.4945887445887446 0.0326530612244898 0.06565656565656566
160 0.4408163265306123 0.5046897546897547 0.02653061224489796 0.0873015873015873
163 0.4938775510204082 0.5036075036075036 0.02653061224489796 0.08225108225108226
168 0.5484693877551021 0.49783549783549785 0.02755102040816327 0.0836940836940837
163 0.5923469387755103 0.4981962481962482 0.0336734693877551 0.07287157287157287
161 0.6448979591836735 0.5003607503607503 0.02653061224489796 0.07864357864357864
163 0.6994897959183675 0.49855699855699853 0.02755102040816327 0.0735930735930736
168 0.7535714285714287 0.494949494949495 0.02755102040816327 0.07647907647907648
163 0.7979591836734694 0.4945887445887446 0.0326530612244898 0.06565656565656566
160 0.8510204081632654 0.5050505050505051 0.02653061224489796 0.08946608946608947
163 0.9040816326530613 0.5032467532467533 0.02653061224489796 0.08297258297258298
168 0.9581632653061225 0.49783549783549785 0.02653061224489796 0.0836940836940837
26 0.13214285714285715 0.6731601731601732 0.05204081632653062 0.10533910533910534
16 0.17551020408163268 0.6666666666666666 0.022448979591836737 0.044733044733044736
160 0.23877551020408166 0.6742424242424242 0.036734693877551024 0.06132756132756133
162 0.2729591836734694 0.6702741702741702 0.02755102040816327 0.05627705627705628
163 0.3051020408163266 0.6691919191919192 0.02653061224489796 0.05555555555555555
162 0.33673469387755106 0.6684704184704184 0.02653061224489796 0.05988455988455989
159 0.3698979591836735 0.6767676767676768 0.0336734693877551 0.06926406926406926
162 0.403061224489796 0.6695526695526696 0.02653061224489796 0.05772005772005772
163 0.4357142857142858 0.6677489177489178 0.02653061224489796 0.05988455988455989
162 0.46734693877551026 0.6670274170274171 0.02653061224489796 0.06421356421356421
160 0.5010204081632653 0.6746031746031746 0.03469387755102041 0.06204906204906205
162 0.5341836734693878 0.6702741702741702 0.02755102040816327 0.05627705627705628
163 0.5668367346938776 0.6695526695526696 0.02755102040816327 0.05627705627705628
162 0.5989795918367348 0.6684704184704184 0.02653061224489796 0.05988455988455989
159 0.6321428571428572 0.676046176046176 0.0336734693877551 0.06926406926406926
162 0.6653061224489797 0.6695526695526696 0.02653061224489796 0.05772005772005772
163 0.6969387755102041 0.6677489177489178 0.02653061224489796 0.05988455988455989
162 0.7290816326530613 0.6666666666666666 0.02755102040816327 0.06349206349206349
15 0.7755102040816327 0.7081529581529582 0.020408163265306124 0.046897546897546896
158 0.8051020408163266 0.6792929292929293 0.0326530612244898 0.07287157287157287
162 0.8392857142857144 0.6706349206349206 0.02755102040816327 0.056998556998557
163 0.8714285714285716 0.6677489177489178 0.02653061224489796 0.05844155844155844
162 0.903061224489796 0.6666666666666666 0.02653061224489796 0.06349206349206349
159 0.9362244897959184 0.6764069264069265 0.0336734693877551 0.06998556998556998
162 0.9704081632653062 0.6699134199134199 0.02653061224489796 0.05844155844155844
26 0.1316326530612245 0.8589466089466089 0.05102040816326531 0.10606060606060606
16 0.17500000000000002 0.8506493506493507 0.023469387755102045 0.04184704184704185
15 0.21734693877551023 0.8906926406926406 0.020408163265306124 0.05411255411255411
15 0.3005102040816327 0.8506493506493507 0.023469387755102045 0.05339105339105339
165 0.32704081632653065 0.8708513708513709 0.025510204081632654 0.07647907647907648
17 0.35561224489795923 0.8575036075036075 0.01938775510204082 0.05555555555555555
164 0.3775510204081633 0.8712121212121212 0.02448979591836735 0.0772005772005772
163 0.40765306122448985 0.8708513708513709 0.025510204081632654 0.07792207792207792
164 0.43673469387755104 0.8712121212121212 0.0326530612244898 0.0772005772005772
165 0.4709183673469388 0.862914862914863 0.025510204081632654 0.06204906204906205
166 0.503061224489796 0.8614718614718615 0.02653061224489796 0.05916305916305916
167 0.5326530612244899 0.8603896103896104 0.02448979591836735 0.056998556998557
168 0.5612244897959184 0.8567821067821068 0.030612244897959186 0.05988455988455989
139 0.6142857142857143 0.8520923520923521 0.02448979591836735 0.06204906204906205
137 0.65 0.8585858585858586 0.02448979591836735 0.05194805194805195
15 0.6785714285714286 0.8502886002886003 0.022448979591836737 0.049783549783549784
135 0.7051020408163265 0.8618326118326118 0.02448979591836735 0.05988455988455989
133 0.7372448979591837 0.8643578643578643 0.031632653061224494 0.06349206349206349
132 0.7836734693877552 0.8564213564213564 0.0326530612244898 0.05483405483405483
130 0.8168367346938776 0.8603896103896104 0.02755102040816327 0.06132756132756133
15 0.8448979591836735 0.8928571428571429 0.020408163265306124 0.048340548340548344
128 0.8729591836734695 0.8650793650793651 0.02959183673469388 0.0707070707070707
132 0.9142857142857144 0.8560606060606061 0.02653061224489796 0.05411255411255411
28 0.9545918367346939 0.8567821067821068 0.04387755102040817 0.05266955266955267
