12 0.5607142857142857 0.1479076479076479 0.015306122448979593 0.047619047619047616
12 0.9086734693877552 0.1479076479076479 0.015306122448979593 0.047619047619047616
12 0.5862244897959185 0.3098845598845599 0.015306122448979593 0.048340548340548344
12 0.9112244897959184 0.31024531024531027 0.0163265306122449 0.047619047619047616
12 0.8551020408163266 0.47186147186147187 0.0163265306122449 0.049062049062049064
12 0.46173469387755106 0.4722222222222222 0.015306122448979593 0.048340548340548344
12 0.5556122448979592 0.6338383838383839 0.017346938775510204 0.048340548340548344
12 0.9908163265306124 0.6338383838383839 0.0163265306122449 0.046897546897546896
14 0.6030612244897959 0.6522366522366523 0.014285714285714287 0.0101010101010101
14 0.8719387755102042 0.6634199134199135 0.01326530612244898 0.00937950937950938
12 0.9948979591836735 0.7954545454545454 0.010204081632653062 0.046897546897546896
26 0.12908163265306125 0.14898989898989898 0.04591836734693878 0.08441558441558442
100 0.23673469387755103 0.14862914862914864 0.02653061224489796 0.05194805194805195
164 0.29183673469387755 0.1590909090909091 0.02448979591836735 0.07287157287157287
134 0.32295918367346943 0.1590909090909091 0.025510204081632654 0.07287157287157287
164 0.35969387755102045 0.1590909090909091 0.03775510204081633 0.07287157287157287
134 0.4 0.1562049062049062 0.02448979591836735 0.0670995670995671
134 0.4413265306122449 0.1562049062049062 0.025510204081632654 0.06565656565656566
134 0.48367346938775513 0.15584415584415584 0.02653061224489796 0.06637806637806638
134 0.5229591836734694 0.15584415584415584 0.03571428571428572 0.06637806637806638
99 0.5836734693877551 0.15115440115440115 0.02653061224489796 0.05844155844155844
164 0.639795918367347 0.1590909090909091 0.02448979591836735 0.07287157287157287
134 0.6719387755102041 0.1590909090909091 0.025510204081632654 0.07287157287157287
164 0.7086734693877552 0.1590909090909091 0.03775510204081633 0.07287157287157287
134 0.7484693877551021 0.1562049062049062 0.025510204081632654 0.06565656565656566
134 0.7903061224489797 0.1562049062049062 0.025510204081632654 0.0670995670995671
134 0.8326530612244899 0.1562049062049062 0.02653061224489796 0.0670995670995671
134 0.8729591836734695 0.15548340548340547 0.0336734693877551 0.06565656565656566
135 0.9352040816326531 0.14105339105339104 0.031632653061224494 0.06565656565656566
134 0.9755102040816327 0.14213564213564214 0.02653061224489796 0.06349206349206349
26 0.12908163265306125 0.3106060606060606 0.04591836734693878 0.08441558441558442
99 0.23673469387755103 0.31313131313131315 0.02448979591836735 0.05772005772005772
164 0.29744897959183675 0.32142857142857145 0.025510204081632654 0.07287157287157287
134 0.33112244897959187 0.3207070707070707 0.025510204081632654 0.07287157287157287
164 0.3704081632653062 0.3207070707070707 0.03877551020408164 0.07287157287157287
134 0.41224489795918373 0.3181818181818182 0.02448979591836735 0.06637806637806638
134 0.45765306122448984 0.3181818181818182 0.025510204081632654 0.06637806637806638
134 0.5040816326530613 0.31782106782106784 0.02653061224489796 0.0670995670995671
134 0.5454081632653062 0.31782106782106784 0.03775510204081633 0.0670995670995671
135 0.613265306122449 0.30266955266955264 0.03469387755102041 0.06565656565656566
134 0.6571428571428573 0.3041125541125541 0.02653061224489796 0.06277056277056277
133 0.7035714285714286 0.30627705627705626 0.025510204081632654 0.05988455988455989
132 0.7489795918367348 0.30735930735930733 0.02653061224489796 0.05772005772005772
100 0.7948979591836736 0.31024531024531027 0.028571428571428574 0.05194805194805195
102 0.8581632653061225 0.30447330447330445 0.02448979591836735 0.06204906204906205
132 0.9418367346938776 0.3077200577200577 0.03877551020408164 0.056998556998557
101 0.9811224489795919 0.306998556998557 0.025510204081632654 0.056998556998557
26 0.1285714285714286 0.4722222222222222 0.04693877551020409 0.08441558441558442
134 0.23520408163265308 0.47943722943722944 0.025510204081632654 0.06854256854256854
165 0.2795918367346939 0.4787157287157287 0.02448979591836735 0.0670995670995671
164 0.3102040816326531 0.47943722943722944 0.030612244897959186 0.06854256854256854
102 0.3464285714285715 0.4660894660894661 0.025510204081632654 0.06204906204906205
19 0.4035714285714286 0.4448051948051948 0.0336734693877551 0.015151515151515152
164 0.4923469387755102 0.4613997113997114 0.03775510204081633 0.07142857142857142
132 0.5153061224489797 0.46284271284271283 0.02653061224489796 0.06998556998556998
162 0.5596938775510205 0.465007215007215 0.025510204081632654 0.0670995670995671
132 0.5959183673469388 0.4707792207792208 0.030612244897959186 0.05411255411255411
132 0.6372448979591837 0.4707792207792208 0.025510204081632654 0.05411255411255411
132 0.6852040816326531 0.4704184704184704 0.031632653061224494 0.05483405483405483
132 0.726530612244898 0.4707792207792208 0.02653061224489796 0.05411255411255411
132 0.7709183673469389 0.4707792207792208 0.025510204081632654 0.05411255411255411
132 0.8163265306122449 0.4707792207792208 0.02653061224489796 0.05411255411255411
165 0.8826530612244898 0.461038961038961 0.0326530612244898 0.07215007215007214
133 0.9081632653061226 0.46284271284271283 0.02653061224489796 0.06998556998556998
163 0.9520408163265307 0.4642857142857143 0.02653061224489796 0.0670995670995671
163 0.9857142857142858 0.465007215007215 0.02653061224489796 0.06277056277056277
26 0.12908163265306125 0.6356421356421357 0.047959183673469394 0.08513708513708514
19 0.2372448979591837 0.6078643578643579 0.0336734693877551 0.013708513708513708
21 0.33265306122448984 0.6082251082251082 0.02448979591836735 0.024531024531024532
136 0.3887755102040817 0.63997113997114 0.02653061224489796 0.06493506493506493
134 0.4438775510204082 0.6396103896103896 0.02653061224489796 0.06421356421356421
136 0.5025510204081634 0.63997113997114 0.0336734693877551 0.06493506493506493
160 0.6443877551020408 0.6522366522366523 0.039795918367346944 0.08946608946608947
130 0.692857142857143 0.6507936507936508 0.02448979591836735 0.08658008658008658
129 0.7484693877551021 0.6518759018759018 0.02959183673469388 0.09018759018759019
159 0.8102040816326531 0.652958152958153 0.02448979591836735 0.09523809523809523
129 0.8474489795918368 0.652958152958153 0.031632653061224494 0.09235209235209235
99 0.9209183673469389 0.6493506493506493 0.023469387755102045 0.0836940836940837
26 0.1285714285714286 0.7968975468975469 0.04693877551020409 0.08441558441558442
21 0.2362244897959184 0.7705627705627706 0.025510204081632654 0.021645021645021644
126 0.31734693877551023 0.8243145743145743 0.030612244897959186 0.11183261183261184
156 0.4061224489795919 0.8264790764790765 0.0326530612244898 0.11183261183261184
126 0.4591836734693878 0.8253968253968254 0.03469387755102041 0.11255411255411256
157 0.5403061224489797 0.823953823953824 0.03775510204081633 0.10966810966810966
157 0.5989795918367348 0.8235930735930735 0.028571428571428574 0.10317460317460317
136 0.7112244897959185 0.7846320346320347 0.03469387755102041 0.07142857142857142
134 0.8137755102040817 0.7853535353535354 0.02755102040816327 0.07287157287157287
157 0.866326530612245 0.81998556998557 0.0326530612244898 0.10317460317460317
136 0.9214285714285715 0.784992784992785 0.02448979591836735 0.07215007215007214
21 0.5969387755102041 0.8957431457431457 0.02448979591836735 0.022366522366522368
157 0.653061224489796 0.8214285714285714 0.028571428571428574 0.10317460317460317
157 0.7071428571428572 0.8207070707070707 0.028571428571428574 0.10317460317460317
157 0.7591836734693879 0.8221500721500722 0.028571428571428574 0.10317460317460317
157 0.8142857142857144 0.8214285714285714 0.028571428571428574 0.10317460317460317
127 0.9193877551020408 0.8207070707070707 0.028571428571428574 0.10317460317460317
