12 0.45612244897959187 0.14105339105339104 0.018367346938775512 0.049783549783549784
12 0.9020408163265307 0.1406926406926407 0.0163265306122449 0.049062049062049064
12 0.15408163265306124 0.14105339105339104 0.018367346938775512 0.048340548340548344
12 0.6688775510204082 0.14213564213564214 0.017346938775510204 0.046176046176046176
12 0.15510204081632656 0.2597402597402597 0.0163265306122449 0.049062049062049064
12 0.45612244897959187 0.2601010101010101 0.018367346938775512 0.048340548340548344
12 0.6688775510204082 0.2601010101010101 0.017346938775510204 0.048340548340548344
12 0.9020408163265307 0.26046176046176045 0.0163265306122449 0.047619047619047616
12 0.9020408163265307 0.5450937950937951 0.018367346938775512 0.048340548340548344
12 0.02295918367346939 0.5454545454545454 0.017346938775510204 0.047619047619047616
12 0.601530612244898 0.5458152958152959 0.017346938775510204 0.048340548340548344
12 0.31275510204081636 0.5461760461760462 0.017346938775510204 0.047619047619047616
12 0.02295918367346939 0.6641414141414141 0.017346938775510204 0.048340548340548344
12 0.3122448979591837 0.6645021645021645 0.0163265306122449 0.047619047619047616
12 0.6010204081632654 0.6648629148629148 0.0163265306122449 0.048340548340548344
12 0.9025510204081634 0.6648629148629148 0.017346938775510204 0.048340548340548344
12 0.19336734693877553 0.9491341991341992 0.017346938775510204 0.048340548340548344
12 0.3209183673469388 0.9494949494949495 0.017346938775510204 0.049062049062049064
12 0.7770408163265307 0.9491341991341992 0.017346938775510204 0.048340548340548344
12 0.9025510204081634 0.9491341991341992 0.017346938775510204 0.048340548340548344
12 0.05306122448979592 0.9498556998556998 0.0163265306122449 0.048340548340548344
12 0.4612244897959184 0.9494949494949495 0.0163265306122449 0.047619047619047616
12 0.6346938775510205 0.9498556998556998 0.0163265306122449 0.048340548340548344
104 0.04642857142857143 0.14574314574314573 0.025510204081632654 0.06204906204906205
104 0.1163265306122449 0.14646464646464646 0.02448979591836735 0.06349206349206349
104 0.18571428571428572 0.14682539682539683 0.02653061224489796 0.06277056277056277
19 0.2392857142857143 0.13816738816738816 0.039795918367346944 0.016594516594516596
18 0.3913265306122449 0.1323953823953824 0.03775510204081633 0.013708513708513708
104 0.49132653061224496 0.1461038961038961 0.025510204081632654 0.06277056277056277
142 0.5668367346938776 0.1266233766233766 0.02755102040816327 0.08152958152958154
107 0.8760204081632654 0.13852813852813853 0.02755102040816327 0.05772005772005772
19 0.23775510204081635 0.2564935064935065 0.036734693877551024 0.013708513708513708
18 0.3918367346938776 0.2510822510822511 0.036734693877551024 0.012987012987012988
102 0.4923469387755102 0.25432900432900435 0.025510204081632654 0.06132756132756133
102 0.7275510204081633 0.2536075036075036 0.02448979591836735 0.06277056277056277
109 0.08928571428571429 0.536075036075036 0.02755102040816327 0.0707070707070707
107 0.27142857142857146 0.5425685425685426 0.02653061224489796 0.05772005772005772
106 0.3775510204081633 0.5450937950937951 0.02448979591836735 0.049783549783549784
105 0.4683673469387756 0.5476190476190477 0.02653061224489796 0.05627705627705628
137 0.5591836734693878 0.5447330447330447 0.02448979591836735 0.050505050505050504
138 0.6658163265306123 0.5425685425685426 0.025510204081632654 0.05772005772005772
106 0.7576530612244898 0.5458152958152959 0.02755102040816327 0.051226551226551224
105 0.8484693877551022 0.5472582972582972 0.023469387755102045 0.05555555555555555
102 0.08928571428571429 0.6576479076479076 0.025510204081632654 0.06277056277056277
102 0.3785714285714286 0.6576479076479076 0.02448979591836735 0.06277056277056277
101 0.6673469387755102 0.6616161616161617 0.02448979591836735 0.05772005772005772
142 0.02448979591836735 0.935064935064935 0.036734693877551024 0.08225108225108226
19 0.1346938775510204 0.9466089466089466 0.036734693877551024 0.01443001443001443
18 0.2571428571428572 0.9411976911976911 0.03877551020408164 0.015151515151515152
19 0.40204081632653066 0.9462481962481962 0.03877551020408164 0.015151515151515152
18 0.525 0.9408369408369408 0.03775510204081633 0.01443001443001443
30 0.6030612244897959 0.9419191919191919 0.04081632653061225 0.08874458874458875
19 0.7173469387755103 0.9458874458874459 0.03877551020408164 0.015873015873015872
18 0.8392857142857144 0.9408369408369408 0.03775510204081633 0.012987012987012988
110 0.641326530612245 0.12950937950937952 0.02755102040816327 0.07431457431457432
109 0.7285714285714286 0.13275613275613277 0.0326530612244898 0.06926406926406926
108 0.8010204081632654 0.1349206349206349 0.02448979591836735 0.06204906204906205
108 0.1806122448979592 0.5393217893217893 0.02448979591836735 0.06421356421356421
