12 0.23893805309734514 0.17559109874826145 0.01376597836774828 0.04659248956884562
12 0.5093411996066863 0.17559109874826145 0.017699115044247787 0.04659248956884562
12 0.7630285152409046 0.17559109874826145 0.017699115044247787 0.04659248956884562
12 0.9410029498525074 0.1752433936022253 0.017699115044247787 0.04589707927677329
12 0.5098328416912488 0.27816411682892905 0.016715830875122913 0.04589707927677329
12 0.7630285152409046 0.2785118219749652 0.017699115044247787 0.04659248956884562
12 0.9410029498525074 0.2778164116828929 0.017699115044247787 0.045201668984700974
12 0.2394296951819076 0.27920723226703753 0.012782694198623403 0.04659248956884562
12 0.09636184857423796 0.4172461752433936 0.01376597836774828 0.04728789986091794
12 0.4729596853490659 0.4168984700973574 0.015732546705998034 0.04659248956884562
12 0.7266470009832842 0.4172461752433936 0.015732546705998034 0.04589707927677329
12 0.7266470009832842 0.5205146036161334 0.015732546705998034 0.04798331015299026
12 0.0968534906588004 0.5201668984700973 0.012782694198623403 0.04589707927677329
12 0.4724680432645035 0.5201668984700973 0.016715830875122913 0.04589707927677329
12 0.09636184857423796 0.6589012517385257 0.01376597836774828 0.04659248956884562
12 0.408062930186824 0.6585535465924895 0.015732546705998034 0.04589707927677329
12 0.6666666666666667 0.6589012517385257 0.015732546705998034 0.04659248956884562
12 0.8726647000983284 0.6585535465924895 0.016715830875122913 0.04589707927677329
12 0.408062930186824 0.7614742698191933 0.017699115044247787 0.04728789986091794
12 0.6676499508357916 0.7614742698191933 0.015732546705998034 0.04728789986091794
12 0.872173058013766 0.7611265646731571 0.017699115044247787 0.04659248956884562
12 0.0968534906588004 0.7621696801112656 0.012782694198623403 0.04589707927677329
12 0.652409046214356 0.8995132127955493 0.016715830875122913 0.04659248956884562
12 0.09636184857423796 0.9002086230876216 0.01376597836774828 0.04659248956884562
12 0.41642084562438547 0.9002086230876216 0.016715830875122913 0.04659248956884562
12 0.8903638151425762 0.9002086230876216 0.014749262536873158 0.04659248956884562
12 0.4154375614552606 0.9947844228094576 0.014749262536873158 0.010431154381084839
12 0.6529006882989185 0.9947844228094576 0.015732546705998034 0.010431154381084839
12 0.8903638151425762 0.9947844228094576 0.016715830875122913 0.010431154381084839
12 0.09636184857423796 0.9951321279554937 0.01376597836774828 0.009735744089012517
30 0.27187807276302856 0.1672461752433936 0.046214355948869225 0.10083449235048678
78 0.3874139626352016 0.17489568845618914 0.025565388397246806 0.049374130737134904
73 0.4513274336283186 0.17280945757997218 0.025565388397246806 0.05354659248956884
76 0.5363815142576205 0.18011126564673155 0.026548672566371685 0.0584144645340751
77 0.6361848574237955 0.17767732962447844 0.02359882005899705 0.05354659248956884
76 0.7895771878072764 0.1808066759388039 0.025565388397246806 0.0584144645340751
76 0.8554572271386431 0.18045897079276774 0.025565388397246806 0.05910987482614742
76 0.9665683382497542 0.18011126564673155 0.025565388397246806 0.0584144645340751
36 0.2704031465093412 0.2705146036161335 0.049164208456243856 0.06536856745479833
78 0.38692232055063913 0.27816411682892905 0.024582104228121928 0.048678720445062586
74 0.4503441494591937 0.2729485396383866 0.025565388397246806 0.05771905424200278
108 0.5353982300884956 0.27329624478442277 0.024582104228121928 0.06119610570236439
105 0.5816125860373649 0.2812934631432545 0.024582104228121928 0.05493741307371349
140 0.6361848574237955 0.2698191933240612 0.025565388397246806 0.06675938803894298
137 0.6666666666666667 0.2785118219749652 0.02359882005899705 0.049374130737134904
136 0.7020648967551623 0.27990264255910985 0.02359882005899705 0.050764951321279554
135 0.7354965585054081 0.2812934631432545 0.03146509341199607 0.05354659248956884
79 0.7890855457227139 0.2760778859527121 0.024582104228121928 0.05563282336578581
106 0.8554572271386431 0.27885952712100137 0.025565388397246806 0.05006954102920723
104 0.90117994100295 0.2851182197496523 0.024582104228121928 0.06119610570236439
103 0.9665683382497542 0.2868567454798331 0.025565388397246806 0.06328233657858136
30 0.13077679449360866 0.40751043115438107 0.049164208456243856 0.10292072322670374
76 0.19911504424778761 0.4217663421418637 0.024582104228121928 0.05910987482614742
77 0.3500491642084563 0.4189847009735744 0.02359882005899705 0.05354659248956884
76 0.5132743362831859 0.42211404728789986 0.025565388397246806 0.059805285118219746
78 0.5880039331366765 0.4168984700973574 0.025565388397246806 0.049374130737134904
80 0.7561455260570306 0.41098748261474266 0.02753195673549656 0.059805285118219746
74 0.904621435594887 0.41203059805285114 0.02753195673549656 0.06050069541029207
36 0.12684365781710916 0.5118219749652294 0.049164208456243856 0.06536856745479833
135 0.1986234021632252 0.5264255910987482 0.025565388397246806 0.06258692628650904
138 0.24041297935103245 0.5229485396383866 0.026548672566371685 0.06815020862308761
134 0.27433628318584075 0.5267732962447844 0.02359882005899705 0.061891515994436715
139 0.31022615535889875 0.5208623087621697 0.032448377581120944 0.07232267037552155
137 0.34955752212389385 0.5260778859527121 0.022615535889872175 0.06050069541029207
133 0.9410029498525074 0.5100834492350487 0.025565388397246806 0.0674547983310153
104 0.9788593903638152 0.5253824756606398 0.026548672566371685 0.06050069541029207
30 0.12930186823992135 0.6495132127955493 0.046214355948869225 0.10292072322670374
77 0.19911504424778761 0.6609874826147427 0.024582104228121928 0.05354659248956884
76 0.2999016715830875 0.6634214186369958 0.025565388397246806 0.059805285118219746
72 0.436086529006883 0.6589012517385257 0.028515240904621438 0.050764951321279554
74 0.5373647984267453 0.652990264255911 0.028515240904621438 0.06119610570236439
75 0.696165191740413 0.6655076495132127 0.02753195673549656 0.06397774687065368
76 0.8180924287118978 0.6634214186369958 0.025565388397246806 0.059805285118219746
105 0.8992133726647001 0.6609874826147427 0.024582104228121928 0.05354659248956884
101 0.9464110127826942 0.6554242002781641 0.024582104228121928 0.05493741307371349
36 0.12733529990167158 0.7552155771905423 0.04818092428711898 0.06536856745479833
137 0.3500491642084563 0.7656467315716272 0.02359882005899705 0.05702364394993046
134 0.37954768928220256 0.7691237830319888 0.029498525073746316 0.06397774687065368
140 0.5717797443461161 0.7552155771905423 0.026548672566371685 0.06954102920723226
142 0.640117994100295 0.7482614742698191 0.033431661750245825 0.07927677329624479
78 0.8987217305801377 0.7621696801112656 0.025565388397246806 0.05006954102920723
30 0.1312684365781711 0.8908205841446453 0.04818092428711898 0.10013908205841446
131 0.3864306784660767 0.9005563282336578 0.02359882005899705 0.05146036161335187
127 0.5358898721730581 0.9120305980528511 0.03146509341199607 0.07162726008344923
131 0.5722713864306785 0.905076495132128 0.025565388397246806 0.06050069541029207
97 0.7236971484759096 0.9089012517385257 0.02753195673549656 0.06675938803894298
131 0.7812192723697149 0.8970792767732962 0.0344149459193707 0.054242002781641166
135 0.816125860373648 0.8925591098748261 0.025565388397246806 0.06328233657858136
106 0.8525073746312685 0.8998609179415855 0.025565388397246806 0.048678720445062586
136 0.920353982300885 0.8883866481223922 0.03146509341199607 0.07301808066759388
133 0.9847590953785644 0.8890820584144645 0.026548672566371685 0.07301808066759388
