12 0.09540816326530613 0.2049062049062049 0.01326530612244898 0.049062049062049064
12 0.6540816326530613 0.2049062049062049 0.0163265306122449 0.047619047619047616
12 0.09642857142857143 0.45670995670995673 0.011224489795918368 0.050505050505050504
12 0.6556122448979592 0.45670995670995673 0.01938775510204082 0.047619047619047616
14 0.7224489795918368 0.43867243867243866 0.018367346938775512 0.011544011544011544
12 0.09642857142857143 0.7095959595959596 0.01326530612244898 0.049783549783549784
12 0.6545918367346939 0.7085137085137085 0.015306122448979593 0.047619047619047616
12 0.6551020408163266 0.9603174603174603 0.0163265306122449 0.047619047619047616
12 0.09591836734693879 0.9613997113997114 0.014285714285714287 0.048340548340548344
31 0.13214285714285715 0.2106782106782107 0.05204081632653062 0.11832611832611832
26 0.13112244897959185 0.45634920634920634 0.05204081632653062 0.10461760461760462
15 0.17653061224489797 0.4310966810966811 0.022448979591836737 0.051226551226551224
138 0.20255102040816328 0.4538239538239538 0.025510204081632654 0.05772005772005772
138 0.29285714285714287 0.45346320346320346 0.03469387755102041 0.056998556998557
137 0.3744897959183674 0.45634920634920634 0.02653061224489796 0.051226551226551224
138 0.4362244897959184 0.4538239538239538 0.0336734693877551 0.05772005772005772
105 0.528061224489796 0.4588744588744589 0.025510204081632654 0.05627705627705628
77 0.6943877551020409 0.4595959595959596 0.02755102040816327 0.05627705627705628
26 0.13214285714285715 0.7095959595959596 0.056122448979591844 0.1075036075036075
135 0.2035714285714286 0.715007215007215 0.02755102040816327 0.06493506493506493
135 0.2959183673469388 0.715007215007215 0.03469387755102041 0.06493506493506493
134 0.3744897959183674 0.7160894660894661 0.02653061224489796 0.06565656565656566
135 0.43928571428571433 0.7153679653679653 0.031632653061224494 0.06421356421356421
102 0.5285714285714286 0.7027417027417028 0.02653061224489796 0.06204906204906205
101 0.6948979591836736 0.7052669552669553 0.02653061224489796 0.056998556998557
99 0.8112244897959184 0.7113997113997114 0.028571428571428574 0.05772005772005772
101 0.9285714285714286 0.7052669552669553 0.02653061224489796 0.056998556998557
27 0.14081632653061227 0.9621212121212122 0.0673469387755102 0.056998556998557
100 0.2035714285714286 0.9613997113997114 0.02755102040816327 0.051226551226551224
74 0.3760204081632653 0.9545454545454546 0.02755102040816327 0.06204906204906205
74 0.6959183673469388 0.9541847041847041 0.02653061224489796 0.06277056277056277
20 0.9244897959183674 0.9617604617604617 0.02448979591836735 0.0404040404040404
