14 0.2326530612244898 0.11183261183261184 0.014285714285714287 0.008658008658008658
12 0.9025510204081634 0.15331890331890333 0.017346938775510204 0.048340548340548344
12 0.3295918367346939 0.15367965367965367 0.0163265306122449 0.046176046176046176
14 0.23367346938775513 0.13600288600288601 0.014285714285714287 0.00937950937950938
14 0.23316326530612247 0.15945165945165946 0.01326530612244898 0.0101010101010101
12 0.9020408163265307 0.27236652236652237 0.0163265306122449 0.048340548340548344
12 0.3295918367346939 0.27236652236652237 0.018367346938775512 0.046897546897546896
14 0.7806122448979592 0.43867243867243866 0.014285714285714287 0.008658008658008658
12 0.9025510204081634 0.4801587301587302 0.017346938775510204 0.048340548340548344
12 0.2892857142857143 0.4801587301587302 0.017346938775510204 0.046897546897546896
14 0.7806122448979592 0.4621212121212121 0.014285714285714287 0.00937950937950938
14 0.7811224489795919 0.48593073593073594 0.01326530612244898 0.00937950937950938
12 0.2892857142857143 0.5988455988455988 0.017346938775510204 0.047619047619047616
12 0.9020408163265307 0.5992063492063492 0.018367346938775512 0.048340548340548344
12 0.9025510204081634 0.806998556998557 0.015306122448979593 0.048340548340548344
12 0.3525510204081633 0.806998556998557 0.015306122448979593 0.046897546897546896
12 0.35306122448979593 0.9256854256854257 0.0163265306122449 0.049062049062049064
12 0.9025510204081634 0.926046176046176 0.017346938775510204 0.048340548340548344
14 0.12806122448979593 0.9202741702741702 0.01326530612244898 0.010822510822510822
14 0.25765306122448983 0.9318181818181818 0.011224489795918368 0.00937950937950938
17 0.03469387755102041 0.13564213564213565 0.018367346938775512 0.03607503607503607
137 0.43928571428571433 0.13852813852813853 0.025510204081632654 0.0808080808080808
16 0.47295918367346945 0.12806637806637808 0.017346938775510204 0.032467532467532464
137 0.4984693877551021 0.13852813852813853 0.025510204081632654 0.07936507936507936
105 0.5566326530612246 0.14213564213564214 0.025510204081632654 0.07503607503607504
17 0.6346938775510205 0.15404040404040403 0.0163265306122449 0.03535353535353535
17 0.6933673469387756 0.13600288600288601 0.017346938775510204 0.03535353535353535
137 0.7163265306122449 0.1388888888888889 0.02448979591836735 0.08008658008658008
16 0.7510204081632654 0.12806637806637808 0.0163265306122449 0.032467532467532464
137 0.776530612244898 0.1388888888888889 0.02448979591836735 0.08008658008658008
105 0.8336734693877552 0.14213564213564214 0.02448979591836735 0.07503607503607504
100 0.3806122448979592 0.2730880230880231 0.02653061224489796 0.051226551226551224
17 0.6122448979591837 0.2427849927849928 0.012244897959183675 0.022366522366522368
99 0.6591836734693878 0.275974025974026 0.022448979591836737 0.05844155844155844
17 0.011734693877551022 0.48088023088023085 0.017346938775510204 0.0367965367965368
17 0.07193877551020408 0.46284271284271283 0.017346938775510204 0.03535353535353535
137 0.09489795918367348 0.4657287157287157 0.02448979591836735 0.08297258297258298
16 0.13112244897959185 0.4549062049062049 0.017346938775510204 0.032467532467532464
137 0.1566326530612245 0.4660894660894661 0.025510204081632654 0.0808080808080808
105 0.21683673469387757 0.468975468975469 0.025510204081632654 0.07503607503607504
137 0.401530612244898 0.4653679653679654 0.025510204081632654 0.0808080808080808
16 0.4372448979591837 0.45454545454545453 0.017346938775510204 0.03318903318903319
137 0.4627551020408164 0.4653679653679654 0.025510204081632654 0.07936507936507936
136 0.5275510204081633 0.4653679653679654 0.03469387755102041 0.0836940836940837
17 0.5760204081632654 0.4624819624819625 0.017346938775510204 0.03607503607503607
99 0.03571428571428572 0.6024531024531025 0.02448979591836735 0.05772005772005772
99 0.3418367346938776 0.6024531024531025 0.02448979591836735 0.05772005772005772
19 0.10867346938775511 0.7799422799422799 0.03571428571428572 0.015873015873015872
137 0.45867346938775516 0.7918470418470418 0.025510204081632654 0.08152958152958154
16 0.49030612244897964 0.7810245310245311 0.017346938775510204 0.032467532467532464
137 0.516326530612245 0.7922077922077922 0.02448979591836735 0.07936507936507936
105 0.5724489795918368 0.7954545454545454 0.02448979591836735 0.07575757575757576
17 0.6464285714285715 0.8073593073593074 0.017346938775510204 0.03607503607503607
17 0.7025510204081633 0.7893217893217893 0.017346938775510204 0.03607503607503607
137 0.7255102040816327 0.7922077922077922 0.02448979591836735 0.0808080808080808
16 0.7571428571428572 0.7810245310245311 0.0163265306122449 0.032467532467532464
137 0.7826530612244899 0.7925685425685426 0.02448979591836735 0.08008658008658008
105 0.8382653061224491 0.7954545454545454 0.025510204081632654 0.07575757575757576
163 0.06071428571428572 0.9191919191919192 0.025510204081632654 0.06493506493506493
135 0.10714285714285715 0.9347041847041847 0.02448979591836735 0.06998556998556998
164 0.18469387755102043 0.9361471861471862 0.036734693877551024 0.07287157287157287
133 0.24183673469387756 0.9184704184704184 0.0326530612244898 0.06637806637806638
162 0.32295918367346943 0.9202741702741702 0.02755102040816327 0.06421356421356421
100 0.4035714285714286 0.9267676767676768 0.025510204081632654 0.051226551226551224
17 0.6234693877551021 0.8961038961038961 0.012244897959183675 0.023088023088023088
99 0.6704081632653062 0.9296536796536796 0.02448979591836735 0.056998556998557
