12 0.09693877551020409 0.046897546897546896 0.0163265306122449 0.049062049062049064
12 0.539795918367347 0.047258297258297256 0.0163265306122449 0.048340548340548344
12 0.7571428571428572 0.047258297258297256 0.0163265306122449 0.048340548340548344
12 0.09591836734693879 0.1746031746031746 0.0163265306122449 0.049062049062049064
12 0.5403061224489797 0.17424242424242425 0.017346938775510204 0.048340548340548344
12 0.7576530612244898 0.17424242424242425 0.017346938775510204 0.048340548340548344
12 0.09642857142857143 0.4505772005772006 0.015306122448979593 0.049783549783549784
12 0.6933673469387756 0.45021645021645024 0.01938775510204082 0.047619047619047616
12 0.09693877551020409 0.577922077922078 0.0163265306122449 0.049062049062049064
12 0.6933673469387756 0.5772005772005772 0.01938775510204082 0.047619047619047616
12 0.09642857142857143 0.7189754689754689 0.015306122448979593 0.048340548340548344
12 0.6933673469387756 0.7182539682539683 0.017346938775510204 0.046897546897546896
12 0.6933673469387756 0.8459595959595959 0.017346938775510204 0.048340548340548344
12 0.09642857142857143 0.8466810966810967 0.015306122448979593 0.048340548340548344
26 0.13316326530612246 0.046897546897546896 0.05 0.09235209235209235
16 0.17602040816326534 0.04004329004329004 0.02142857142857143 0.03391053391053391
103 0.2372448979591837 0.05411255411255411 0.025510204081632654 0.06782106782106782
16 0.28877551020408165 0.046176046176046176 0.018367346938775512 0.03463203463203463
102 0.3163265306122449 0.04076479076479077 0.02653061224489796 0.06277056277056277
102 0.39234693877551025 0.04076479076479077 0.025510204081632654 0.06277056277056277
101 0.4698979591836735 0.04401154401154401 0.025510204081632654 0.05772005772005772
16 0.5581632653061225 0.046536796536796536 0.018367346938775512 0.03391053391053391
74 0.5846938775510204 0.04076479076479077 0.028571428571428574 0.05988455988455989
76 0.6903061224489797 0.05266955266955267 0.02755102040816327 0.06204906204906205
16 0.775 0.046536796536796536 0.01938775510204082 0.03391053391053391
133 0.8010204081632654 0.05447330447330447 0.02653061224489796 0.0670995670995671
134 0.8377551020408164 0.05303030303030303 0.02653061224489796 0.06421356421356421
135 0.876530612244898 0.051587301587301584 0.02448979591836735 0.05988455988455989
16 0.9020408163265307 0.02813852813852814 0.0163265306122449 0.03318903318903319
136 0.9239795918367347 0.050505050505050504 0.031632653061224494 0.05627705627705628
16 0.9520408163265307 0.022005772005772004 0.0163265306122449 0.032467532467532464
78 0.978061224489796 0.046536796536796536 0.02755102040816327 0.051226551226551224
27 0.13214285714285715 0.17496392496392496 0.05408163265306123 0.05266955266955267
16 0.17755102040816328 0.17965367965367965 0.020408163265306124 0.03318903318903319
99 0.23877551020408166 0.17712842712842713 0.02653061224489796 0.05844155844155844
102 0.3153061224489796 0.1681096681096681 0.02653061224489796 0.06204906204906205
98 0.39234693877551025 0.17965367965367965 0.02755102040816327 0.06349206349206349
102 0.4688775510204082 0.16847041847041846 0.025510204081632654 0.06132756132756133
44 0.5872448979591838 0.18073593073593072 0.0336734693877551 0.06565656565656566
102 0.8015306122448981 0.16883116883116883 0.025510204081632654 0.06204906204906205
100 0.878061224489796 0.1746031746031746 0.02755102040816327 0.05194805194805195
70 0.9785714285714286 0.18001443001443002 0.02653061224489796 0.06277056277056277
26 0.13367346938775512 0.44733044733044736 0.0489795918367347 0.09379509379509379
16 0.17704081632653063 0.44372294372294374 0.01938775510204082 0.03463203463203463
101 0.24387755102040817 0.4476911976911977 0.02448979591836735 0.056998556998557
136 0.3362244897959184 0.45165945165945165 0.025510204081632654 0.05483405483405483
137 0.388265306122449 0.4505772005772006 0.0336734693877551 0.051226551226551224
138 0.45000000000000007 0.44805194805194803 0.02653061224489796 0.05772005772005772
139 0.5193877551020408 0.4448051948051948 0.02448979591836735 0.06277056277056277
140 0.5826530612244899 0.4422799422799423 0.03469387755102041 0.06926406926406926
21 0.6459183673469389 0.4509379509379509 0.02448979591836735 0.025974025974025976
135 0.7280612244897959 0.4531024531024531 0.025510204081632654 0.05627705627705628
136 0.7969387755102042 0.4509379509379509 0.02448979591836735 0.05194805194805195
137 0.854591836734694 0.4505772005772006 0.025510204081632654 0.051226551226551224
138 0.9056122448979592 0.4466089466089466 0.0336734693877551 0.05772005772005772
139 0.9806122448979593 0.44516594516594515 0.02653061224489796 0.06349206349206349
26 0.13316326530612246 0.5746753246753247 0.05 0.09307359307359307
16 0.17704081632653063 0.5710678210678211 0.02142857142857143 0.03391053391053391
97 0.24336734693877554 0.5858585858585859 0.02959183673469388 0.0707070707070707
127 0.338265306122449 0.5894660894660895 0.03571428571428572 0.07503607503607504
128 0.3943877551020408 0.5865800865800865 0.031632653061224494 0.06926406926406926
129 0.4535714285714286 0.5829725829725829 0.0336734693877551 0.06349206349206349
130 0.5198979591836735 0.5811688311688312 0.02755102040816327 0.05844155844155844
131 0.5887755102040817 0.5775613275613276 0.02653061224489796 0.05266955266955267
21 0.6459183673469389 0.5782828282828283 0.02448979591836735 0.025252525252525252
133 0.7285714285714286 0.5847763347763347 0.02653061224489796 0.06565656565656566
134 0.7969387755102042 0.5833333333333334 0.02653061224489796 0.06277056277056277
135 0.8535714285714286 0.5811688311688312 0.025510204081632654 0.05988455988455989
136 0.9066326530612245 0.5808080808080808 0.0336734693877551 0.05772005772005772
137 0.9801020408163266 0.5775613275613276 0.025510204081632654 0.051226551226551224
26 0.13316326530612246 0.7164502164502164 0.05 0.09235209235209235
16 0.17653061224489797 0.7117604617604617 0.020408163265306124 0.03391053391053391
16 0.2163265306122449 0.6937229437229437 0.0163265306122449 0.031024531024531024
106 0.24285714285714288 0.7186147186147186 0.02653061224489796 0.050505050505050504
16 0.3102040816326531 0.7175324675324676 0.018367346938775512 0.032467532467532464
133 0.34132653061224494 0.7128427128427128 0.0336734693877551 0.06349206349206349
134 0.39336734693877556 0.7113997113997114 0.025510204081632654 0.06637806637806638
135 0.45000000000000007 0.7251082251082251 0.02653061224489796 0.06349206349206349
16 0.49336734693877554 0.6998556998556998 0.017346938775510204 0.03318903318903319
136 0.5188775510204082 0.7229437229437229 0.025510204081632654 0.06060606060606061
16 0.5622448979591838 0.6940836940836941 0.018367346938775512 0.03318903318903319
137 0.5821428571428572 0.7211399711399712 0.0336734693877551 0.05555555555555555
21 0.6459183673469389 0.7196969696969697 0.02448979591836735 0.025252525252525252
132 0.7326530612244898 0.7157287157287158 0.0326530612244898 0.05627705627705628
16 0.7719387755102042 0.7178932178932179 0.01938775510204082 0.03318903318903319
133 0.7979591836734694 0.7146464646464646 0.02653061224489796 0.05988455988455989
134 0.8556122448979593 0.7132034632034632 0.025510204081632654 0.06277056277056277
135 0.9117346938775511 0.711038961038961 0.025510204081632654 0.0670995670995671
16 0.9545918367346939 0.7002164502164502 0.017346938775510204 0.03391053391053391
136 0.9806122448979593 0.7215007215007215 0.02448979591836735 0.05627705627705628
27 0.13112244897959185 0.8459595959595959 0.05204081632653062 0.051226551226551224
16 0.17755102040816328 0.851010101010101 0.020408163265306124 0.03391053391053391
102 0.24336734693877554 0.8401875901875901 0.025510204081632654 0.06132756132756133
73 0.3377551020408164 0.8427128427128427 0.028571428571428574 0.05627705627705628
101 0.589795918367347 0.8434343434343434 0.02653061224489796 0.05772005772005772
72 0.7306122448979593 0.8455988455988456 0.028571428571428574 0.05194805194805195
101 0.9821428571428572 0.8430735930735931 0.025510204081632654 0.056998556998557
