6 0.17692307692307693 0.12444017914267434 0.03529411764705882 0.04926423544465771
12 0.09502262443438915 0.13883557261676263 0.012669683257918552 0.04222648752399232
12 0.6067873303167421 0.1385156749840051 0.017194570135746608 0.04158669225847728
6 0.17737556561085974 0.24312220089571338 0.03800904977375566 0.04990403071017274
12 0.09547511312217195 0.24696097248880358 0.015384615384615385 0.04350607805502239
12 0.6054298642533937 0.24664107485604606 0.016289592760180997 0.042866282789507354
6 0.17647058823529413 0.4440179142674344 0.03619909502262444 0.052463211772232884
12 0.818552036199095 0.45745361484325014 0.017194570135746608 0.04350607805502239
12 0.09502262443438915 0.45777351247600767 0.014479638009049774 0.042866282789507354
14 0.6760180995475114 0.44145873320537427 0.014479638009049774 0.008957133717210491
14 0.7891402714932128 0.45201535508637236 0.014479638009049774 0.009596928982725527
6 0.17782805429864254 0.5620601407549584 0.03529411764705882 0.04926423544465771
12 0.818552036199095 0.5652591170825336 0.01900452488687783 0.042866282789507354
12 0.09502262443438915 0.565579014715291 0.014479638009049774 0.04222648752399232
6 0.17692307692307693 0.7629558541266794 0.03891402714932127 0.05054382597568778
12 0.6515837104072398 0.7763915547024952 0.016289592760180997 0.042866282789507354
12 0.09502262443438915 0.7763915547024952 0.012669683257918552 0.04158669225847728
14 0.2656108597285068 0.791746641074856 0.013574660633484163 0.009596928982725527
6 0.17737556561085974 0.8803582853486884 0.03619909502262444 0.04862444017914267
12 0.6520361990950226 0.8838771593090211 0.017194570135746608 0.042866282789507354
12 0.09592760180995476 0.8845169545745362 0.014479638009049774 0.042866282789507354
26 0.12760180995475115 0.13659628918746 0.04524886877828054 0.08253358925143954
135 0.2398190045248869 0.14395393474088292 0.02171945701357466 0.05758157389635316
136 0.30135746606334846 0.14267434420985284 0.02171945701357466 0.053742802303262956
137 0.3597285067873303 0.14075495841330773 0.02986425339366516 0.04990403071017274
138 0.42624434389140275 0.13659628918746 0.023529411764705882 0.05054382597568778
15 0.4660633484162896 0.1493921944977607 0.02171945701357466 0.03390914907229686
101 0.4895927601809955 0.1362763915547025 0.02171945701357466 0.04990403071017274
109 0.6316742081447964 0.13115802943058222 0.025339366515837104 0.061420345489443376
133 0.76289592760181 0.13403710812539987 0.03619909502262444 0.05566218809980806
168 0.8352941176470589 0.13595649392194498 0.02171945701357466 0.05054382597568778
167 0.8710407239819005 0.13915547024952016 0.02262443438914027 0.045425463851567496
166 0.9031674208144796 0.13915547024952016 0.027149321266968326 0.045425463851567496
103 0.967420814479638 0.14619321817018555 0.02171945701357466 0.05950095969289827
27 0.12760180995475115 0.24632117722328853 0.047058823529411764 0.046065259117082535
131 0.24389140271493215 0.24440179142674343 0.02986425339366516 0.04990403071017274
132 0.30271493212669687 0.24280230326295585 0.024434389140271493 0.05310300703774792
133 0.3647058823529412 0.24120281509916824 0.023529411764705882 0.05630198336532309
134 0.4307692307692308 0.24120281509916824 0.03076923076923077 0.05758157389635316
135 0.4891402714932127 0.24120281509916824 0.024434389140271493 0.05630198336532309
128 0.5484162895927602 0.24856046065259116 0.02895927601809955 0.07229686500319897
129 0.6361990950226245 0.24248240563019832 0.034389140271493215 0.07421625079974407
136 0.6972850678733032 0.23736404350607804 0.024434389140271493 0.06397952655150352
133 0.7561085972850679 0.23704414587332054 0.024434389140271493 0.06461932181701856
134 0.8411764705882353 0.23736404350607804 0.03167420814479638 0.06397952655150352
136 0.9669683257918552 0.23704414587332054 0.026244343891402715 0.06461932181701856
26 0.12850678733031676 0.45489443378119 0.04524886877828054 0.08317338451695457
161 0.2515837104072398 0.45777351247600767 0.02895927601809955 0.04670505438259757
160 0.3072398190045249 0.4600127959053103 0.024434389140271493 0.05118362124120281
129 0.36696832579185523 0.46289187460012793 0.024434389140271493 0.05694177863083813
21 0.4497737556561086 0.4580934101087652 0.02171945701357466 0.021753039027511197
134 0.5361990950226244 0.4654510556621881 0.02262443438914027 0.060780550223928344
194 0.6212669683257919 0.4587332053742802 0.02262443438914027 0.07165706973768393
167 0.6552036199095023 0.46417146513115803 0.023529411764705882 0.05950095969289827
191 0.730316742081448 0.463531669865643 0.02171945701357466 0.0582213691618682
165 0.7656108597285068 0.4638515674984005 0.027149321266968326 0.05758157389635316
136 0.8728506787330317 0.4603326935380678 0.02262443438914027 0.05054382597568778
102 0.9610859728506788 0.45265515035188736 0.023529411764705882 0.05566218809980806
27 0.12760180995475115 0.5649392194497761 0.04524886877828054 0.046065259117082535
134 0.24660633484162897 0.5719769673704415 0.02262443438914027 0.058861164427383234
136 0.3660633484162896 0.5716570697376839 0.02262443438914027 0.05950095969289827
134 0.44479638009049777 0.5719769673704415 0.03167420814479638 0.058861164427383234
137 0.5366515837104072 0.565579014715291 0.023529411764705882 0.0473448496481126
135 0.6217194570135747 0.565579014715291 0.023529411764705882 0.046065259117082535
138 0.7248868778280543 0.5623800383877159 0.03076923076923077 0.05118362124120281
134 0.8733031674208145 0.5716570697376839 0.023529411764705882 0.05950095969289827
136 0.9601809954751132 0.5716570697376839 0.023529411764705882 0.05950095969289827
26 0.12895927601809956 0.773832373640435 0.044343891402714934 0.08253358925143954
99 0.24705882352941178 0.7795905310300704 0.02171945701357466 0.05054382597568778
21 0.46153846153846156 0.7770313499680102 0.02171945701357466 0.022392834293026232
133 0.5334841628959276 0.7709532949456174 0.02986425339366516 0.05758157389635316
133 0.6027149321266969 0.7709532949456174 0.023529411764705882 0.05758157389635316
164 0.7049773755656109 0.7696737044145873 0.02895927601809955 0.058861164427383234
163 0.7515837104072398 0.7703134996801023 0.02262443438914027 0.05758157389635316
103 0.8018099547511313 0.783109404990403 0.023529411764705882 0.058861164427383234
22 0.9416289592760181 0.782469609724888 0.02262443438914027 0.03198976327575176
167 0.9805429864253394 0.7773512476007677 0.02262443438914027 0.04862444017914267
27 0.12714932126696832 0.8838771593090211 0.046153846153846156 0.045425463851567496
131 0.24570135746606336 0.8937939859245041 0.02262443438914027 0.06653870761356366
138 0.31990950226244347 0.8870761356365963 0.02262443438914027 0.06206014075495841
137 0.38687782805429866 0.8854766474728086 0.02986425339366516 0.0473448496481126
136 0.46153846153846156 0.8899552143314139 0.023529411764705882 0.05758157389635316
134 0.5294117647058824 0.8896353166986564 0.023529411764705882 0.05694177863083813
136 0.5972850678733032 0.8896353166986564 0.034389140271493215 0.0582213691618682
137 0.7013574660633485 0.8845169545745362 0.023529411764705882 0.04670505438259757
137 0.8027149321266969 0.8841970569417786 0.023529411764705882 0.046065259117082535
137 0.8692307692307693 0.8838771593090211 0.02986425339366516 0.045425463851567496
133 0.9438914027149322 0.8790786948176583 0.03076923076923077 0.05758157389635316
