12 0.9033149171270718 0.10686383928571427 0.01499605367008682 0.03850446428571428
12 0.3283346487766377 0.10686383928571427 0.01578531965272297 0.037388392857142856
12 0.9029202841357538 0.20535714285714285 0.014206787687450671 0.03794642857142857
12 0.3287292817679558 0.20535714285714285 0.01499605367008682 0.036830357142857144
12 0.9029202841357538 0.30357142857142855 0.014206787687450671 0.036830357142857144
12 0.3283346487766377 0.30412946428571425 0.01578531965272297 0.036830357142857144
12 0.3291239147592739 0.39536830357142855 0.014206787687450671 0.037388392857142856
12 0.9033149171270718 0.3956473214285714 0.01499605367008682 0.036830357142857144
12 0.9037095501183899 0.6104910714285714 0.012628255722178374 0.03794642857142857
12 0.35082872928176795 0.6104910714285714 0.013417521704814523 0.036830357142857144
12 0.9029202841357538 0.708984375 0.014206787687450671 0.037388392857142856
12 0.35082872928176795 0.708984375 0.01499605367008682 0.036272321428571425
12 0.9029202841357538 0.8071986607142857 0.01578531965272297 0.037388392857142856
12 0.35082872928176795 0.8077566964285714 0.01499605367008682 0.037388392857142856
12 0.35082872928176795 0.8989955357142857 0.01499605367008682 0.03794642857142857
12 0.9029202841357538 0.8992745535714285 0.01578531965272297 0.037388392857142856
16 0.00749802683504341 0.087890625 0.013417521704814523 0.02622767857142857
167 0.02249408050513023 0.10658482142857142 0.0244672454617206 0.040178571428571425
168 0.06156274664561957 0.10435267857142856 0.020520915548539857 0.04464285714285714
168 0.09589581689029203 0.10491071428571427 0.01973164956590371 0.04464285714285714
168 0.1298342541436464 0.10463169642857142 0.01973164956590371 0.044084821428571425
168 0.16179952644041043 0.10463169642857142 0.025256511444356748 0.044084821428571425
168 0.19928966061562747 0.10574776785714285 0.01973164956590371 0.04743303571428571
167 0.23322809786898185 0.10909598214285714 0.01973164956590371 0.04631696428571428
166 0.26874506708760854 0.11021205357142856 0.01973164956590371 0.04743303571428571
165 0.30031570639305444 0.11104910714285714 0.026045777426992895 0.049107142857142856
169 0.3516179952644041 0.10267857142857142 0.01973164956590371 0.049107142857142856
169 0.3867403314917127 0.10239955357142856 0.020520915548539857 0.04854910714285714
169 0.4206787687450671 0.10239955357142856 0.020520915548539857 0.04854910714285714
169 0.4526440410418311 0.10239955357142856 0.0244672454617206 0.04854910714285714
169 0.4889502762430939 0.10239955357142856 0.01973164956590371 0.04854910714285714
168 0.5228887134964483 0.10463169642857142 0.01973164956590371 0.044084821428571425
16 0.5473559589581689 0.087890625 0.01499605367008682 0.02622767857142857
167 0.5666929755327546 0.10686383928571427 0.020520915548539857 0.040736607142857144
166 0.5982636148382005 0.10658482142857142 0.025256511444356748 0.040178571428571425
167 0.6373322809786898 0.10714285714285714 0.01973164956590371 0.041294642857142856
167 0.6712707182320442 0.10686383928571427 0.01973164956590371 0.040736607142857144
167 0.7059984214680347 0.10686383928571427 0.01973164956590371 0.040736607142857144
167 0.7375690607734806 0.10686383928571427 0.0244672454617206 0.040736607142857144
167 0.7746645619573796 0.10825892857142856 0.01973164956590371 0.04352678571428571
166 0.8093922651933702 0.10909598214285714 0.01973164956590371 0.045200892857142856
165 0.8433307024467246 0.11021205357142856 0.01973164956590371 0.04743303571428571
164 0.8760852407261247 0.11160714285714285 0.02367797947908445 0.049107142857142856
168 0.022099447513812154 0.20284598214285712 0.025256511444356748 0.044084821428571425
172 0.062352012628255724 0.1939174107142857 0.025256511444356748 0.06305803571428571
172 0.09747434885556433 0.1939174107142857 0.0244672454617206 0.06417410714285714
172 0.1314127861089187 0.19419642857142855 0.0244672454617206 0.06361607142857142
172 0.16298342541436464 0.1939174107142857 0.02920284135753749 0.06305803571428571
172 0.20007892659826362 0.19363839285714285 0.022888713496448304 0.06361607142857142
171 0.23322809786898185 0.1958705357142857 0.022888713496448304 0.05915178571428571
170 0.26874506708760854 0.19893973214285712 0.0244672454617206 0.05412946428571428
169 0.30031570639305444 0.201171875 0.0244672454617206 0.04966517857142857
170 0.3516179952644041 0.19921875 0.0244672454617206 0.0546875
170 0.38595106550907654 0.19921875 0.02367797947908445 0.0546875
170 0.4206787687450671 0.19866071428571427 0.02367797947908445 0.0546875
170 0.45343330702446727 0.19866071428571427 0.026045777426992895 0.0546875
170 0.4897395422257301 0.19866071428571427 0.022888713496448304 0.0546875
169 0.5228887134964483 0.20033482142857142 0.01973164956590371 0.049107142857142856
168 0.5662983425414365 0.20284598214285712 0.01973164956590371 0.045200892857142856
167 0.5982636148382005 0.2056361607142857 0.026835043409629045 0.040736607142857144
171 0.6377269139700079 0.19642857142857142 0.02367797947908445 0.05915178571428571
171 0.6720599842146804 0.19614955357142855 0.0244672454617206 0.05859375
171 0.7059984214680347 0.19614955357142855 0.0244672454617206 0.05859375
171 0.739542225730071 0.19614955357142855 0.028413575374901343 0.05859375
171 0.7754538279400158 0.19614955357142855 0.0244672454617206 0.05747767857142857
170 0.8093922651933702 0.19838169642857142 0.0244672454617206 0.05412946428571428
169 0.8429360694554064 0.20061383928571427 0.020520915548539857 0.04966517857142857
168 0.8745067087608525 0.203125 0.025256511444356748 0.04464285714285714
18 0.040647198105761645 0.29715401785714285 0.02920284135753749 0.01171875
18 0.6156274664561957 0.296875 0.028413575374901343 0.011160714285714284
103 0.0627466456195738 0.4015066964285714 0.021310181531176007 0.053013392857142856
16 0.17995264404104183 0.38616071428571425 0.014206787687450671 0.025669642857142856
135 0.19968429360694553 0.39732142857142855 0.020520915548539857 0.04352678571428571
136 0.26400947119179163 0.39676339285714285 0.027624309392265192 0.04241071428571428
99 0.35280189423835834 0.39787946428571425 0.022099447513812154 0.04464285714285714
131 0.4925019731649566 0.3956473214285714 0.028413575374901343 0.041294642857142856
132 0.5674822415153907 0.3936941964285714 0.020520915548539857 0.044084821428571425
102 0.638121546961326 0.3917410714285714 0.021310181531176007 0.049107142857142856
134 0.7750591949486977 0.40234375 0.020520915548539857 0.05357142857142857
135 0.84017363851618 0.40066964285714285 0.026045777426992895 0.05022321428571428
166 0.014601420678768745 0.6146763392857143 0.027624309392265192 0.04966517857142857
137 0.05288082083662194 0.6099330357142857 0.020520915548539857 0.040178571428571425
169 0.10497237569060773 0.60546875 0.01894238358326756 0.049107142857142856
168 0.13535911602209943 0.6085379464285714 0.026045777426992895 0.044084821428571425
169 0.17719021310181532 0.595703125 0.0244672454617206 0.07198660714285714
16 0.19731649565903708 0.60546875 0.014206787687450671 0.0234375
134 0.21783741120757696 0.5982142857142857 0.022099447513812154 0.06361607142857142
16 0.24033149171270718 0.609375 0.013417521704814523 0.0234375
163 0.26085240726124703 0.6018415178571428 0.021310181531176007 0.05747767857142857
162 0.2947908445146014 0.6032366071428571 0.021310181531176007 0.05245535714285714
28 0.3259668508287293 0.6104910714285714 0.03314917127071823 0.041294642857142856
16 0.3658247829518548 0.5814732142857143 0.01499605367008682 0.025669642857142856
139 0.3855564325177585 0.60546875 0.01973164956590371 0.047991071428571425
174 0.43843725335438044 0.59375 0.0244672454617206 0.07254464285714285
16 0.4613259668508287 0.5630580357142857 0.01499605367008682 0.025669642857142856
173 0.47868981846882397 0.5962611607142857 0.027624309392265192 0.06752232142857142
174 0.516179952644041 0.5945870535714285 0.02367797947908445 0.07198660714285714
169 0.5461720599842147 0.60546875 0.020520915548539857 0.049107142857142856
168 0.579715864246251 0.6079799107142857 0.01973164956590371 0.044084821428571425
167 0.6112865035516969 0.6104910714285714 0.026045777426992895 0.041294642857142856
138 0.649171270718232 0.6079799107142857 0.021310181531176007 0.044084821428571425
173 0.7012628255722179 0.5968191964285714 0.022888713496448304 0.06863839285714285
172 0.7332280978689818 0.5987723214285714 0.028413575374901343 0.0625
173 0.7703235990528808 0.595703125 0.02367797947908445 0.06863839285714285
168 0.8003157063930545 0.6082589285714285 0.020520915548539857 0.04464285714285714
167 0.8342541436464088 0.6104910714285714 0.020520915548539857 0.041294642857142856
16 0.8579321231254933 0.5954241071428571 0.014206787687450671 0.025669642857142856
166 0.8756906077348067 0.6110491071428571 0.0244672454617206 0.04241071428571428
134 0.05288082083662194 0.71484375 0.020520915548539857 0.05245535714285714
21 0.10339384372533544 0.7098214285714285 0.017363851617995266 0.020089285714285712
16 0.15351223362273086 0.6941964285714285 0.013417521704814523 0.025669642857142856
136 0.17363851617995266 0.7112165178571428 0.020520915548539857 0.044084821428571425
21 0.2580899763220205 0.7095424107142857 0.017363851617995266 0.01953125
137 0.38595106550907654 0.708984375 0.020520915548539857 0.03962053571428571
21 0.43646408839779005 0.7095424107142857 0.017363851617995266 0.018415178571428572
135 0.515785319652723 0.7131696428571428 0.021310181531176007 0.049107142857142856
21 0.579321231254933 0.7095424107142857 0.017363851617995266 0.018415178571428572
16 0.6290449881610103 0.6944754464285714 0.014206787687450671 0.02622767857142857
136 0.649171270718232 0.7112165178571428 0.021310181531176007 0.044084821428571425
21 0.6996842936069455 0.7095424107142857 0.016574585635359115 0.01953125
134 0.7699289660615627 0.7154017857142857 0.021310181531176007 0.05245535714285714
21 0.8334648776637726 0.7095424107142857 0.017363851617995266 0.01953125
139 0.053275453827940016 0.8032924107142857 0.022888713496448304 0.04854910714285714
21 0.10339384372533544 0.8080357142857142 0.017363851617995266 0.020089285714285712
139 0.17442778216258878 0.8035714285714285 0.022099447513812154 0.049107142857142856
21 0.25887924230465664 0.8077566964285714 0.017363851617995266 0.01953125
138 0.3855564325177585 0.8055245535714285 0.021310181531176007 0.044084821428571425
21 0.43685872138910814 0.8080357142857142 0.016574585635359115 0.020089285714285712
138 0.515785319652723 0.8055245535714285 0.021310181531176007 0.044084821428571425
21 0.579321231254933 0.8080357142857142 0.017363851617995266 0.020089285714285712
16 0.6290449881610103 0.7882254464285714 0.014206787687450671 0.02622767857142857
137 0.6495659037095501 0.8074776785714285 0.022099447513812154 0.0390625
21 0.7000789265982637 0.8080357142857142 0.017363851617995266 0.020089285714285712
137 0.7707182320441989 0.8074776785714285 0.021310181531176007 0.0390625
21 0.8334648776637726 0.8083147321428571 0.017363851617995266 0.01953125
133 0.058800315706393054 0.89453125 0.030781373322809787 0.049107142857142856
21 0.10378847671665352 0.8995535714285714 0.016574585635359115 0.018973214285714284
16 0.15351223362273086 0.8897879464285714 0.013417521704814523 0.02622767857142857
135 0.17403314917127072 0.9034598214285714 0.021310181531176007 0.047991071428571425
21 0.2580899763220205 0.8995535714285714 0.017363851617995266 0.018973214285714284
136 0.38634569850039463 0.9006696428571428 0.021310181531176007 0.04352678571428571
21 0.43606945540647196 0.8998325892857142 0.016574585635359115 0.01953125
134 0.515785319652723 0.9054129464285714 0.021310181531176007 0.051897321428571425
21 0.5785319652722968 0.8992745535714285 0.017363851617995266 0.018415178571428572
16 0.6294396211523283 0.8897879464285714 0.013417521704814523 0.02622767857142857
135 0.649171270718232 0.9037388392857142 0.021310181531176007 0.04854910714285714
21 0.6988950276243094 0.8995535714285714 0.016574585635359115 0.018973214285714284
133 0.7754538279400158 0.8948102678571428 0.030781373322809787 0.04854910714285714
21 0.8326756116811366 0.8995535714285714 0.017363851617995266 0.018973214285714284
