12 0.6933673469387756 0.005411255411255411 0.01326530612244898 0.00937950937950938
12 0.6938775510204083 0.047619047619047616 0.014285714285714287 0.047619047619047616
2 0.32806122448979597 0.09632034632034632 0.0336734693877551 0.049783549783549784
12 0.6933673469387756 0.11147186147186147 0.01326530612244898 0.046897546897546896
12 0.6933673469387756 0.16847041847041846 0.01326530612244898 0.03968253968253968
14 0.4785714285714286 0.21356421356421357 0.014285714285714287 0.0101010101010101
12 0.6948979591836736 0.23160173160173161 0.014285714285714287 0.04184704184704185
12 0.6933673469387756 0.29148629148629146 0.01326530612244898 0.04184704184704185
7 0.33571428571428574 0.34595959595959597 0.0489795918367347 0.056998556998557
12 0.6933673469387756 0.3477633477633478 0.01326530612244898 0.04329004329004329
7 0.33571428571428574 0.4007936507936508 0.0489795918367347 0.05844155844155844
12 0.6933673469387756 0.4007936507936508 0.01326530612244898 0.045454545454545456
7 0.3362244897959184 0.4549062049062049 0.05 0.056998556998557
12 0.6933673469387756 0.45526695526695526 0.01326530612244898 0.047619047619047616
7 0.3362244897959184 0.5104617604617605 0.05 0.056998556998557
12 0.6933673469387756 0.5097402597402597 0.011224489795918368 0.045454545454545456
7 0.3362244897959184 0.564935064935065 0.05 0.05627705627705628
7 0.3352040816326531 0.6194083694083694 0.05 0.056998556998557
12 0.23877551020408166 0.6197691197691197 0.012244897959183675 0.049062049062049064
14 0.4785714285714286 0.6132756132756133 0.014285714285714287 0.0101010101010101
14 0.7464285714285714 0.6136363636363636 0.015306122448979593 0.00937950937950938
7 0.3362244897959184 0.6857864357864358 0.05 0.05844155844155844
7 0.3362244897959184 0.746031746031746 0.05 0.05772005772005772
7 0.3362244897959184 0.8048340548340548 0.05 0.056998556998557
7 0.33673469387755106 0.8762626262626263 0.0489795918367347 0.05844155844155844
7 0.33571428571428574 0.9314574314574314 0.0489795918367347 0.05627705627705628
18 0.5505102040816326 0.03787878787878788 0.0336734693877551 0.013708513708513708
19 0.7198979591836735 0.04401154401154401 0.02959183673469388 0.01443001443001443
18 0.5505102040816326 0.1020923520923521 0.0336734693877551 0.013708513708513708
18 0.8994897959183674 0.10173160173160173 0.0336734693877551 0.01443001443001443
18 0.55 0.16233766233766234 0.0326530612244898 0.01443001443001443
18 0.8989795918367348 0.16233766233766234 0.030612244897959186 0.01443001443001443
16 0.3188775510204082 0.22546897546897546 0.017346938775510204 0.032467532467532464
137 0.6035714285714286 0.2305194805194805 0.023469387755102045 0.051226551226551224
137 0.6357142857142858 0.23160173160173161 0.02448979591836735 0.050505050505050504
137 0.6678571428571429 0.23160173160173161 0.02959183673469388 0.050505050505050504
78 0.7214285714285715 0.23124098124098125 0.02653061224489796 0.051226551226551224
16 0.31938775510204087 0.28535353535353536 0.0163265306122449 0.031024531024531024
19 0.4540816326530613 0.2896825396825397 0.0326530612244898 0.013708513708513708
19 0.5494897959183674 0.2893217893217893 0.0336734693877551 0.01443001443001443
76 0.7209183673469388 0.2958152958152958 0.025510204081632654 0.05916305916305916
18 0.55 0.33766233766233766 0.0326530612244898 0.011544011544011544
19 0.7209183673469388 0.3434343434343434 0.02959183673469388 0.012987012987012988
18 0.5505102040816326 0.3917748917748918 0.031632653061224494 0.012987012987012988
18 0.9000000000000001 0.3917748917748918 0.0326530612244898 0.01443001443001443
18 0.5510204081632654 0.4466089466089466 0.0326530612244898 0.01443001443001443
18 0.9000000000000001 0.4458874458874459 0.0326530612244898 0.01443001443001443
18 0.551530612244898 0.5018037518037518 0.0336734693877551 0.015151515151515152
20 0.717857142857143 0.5082972582972582 0.023469387755102045 0.03823953823953824
20 0.45051020408163267 0.5624098124098124 0.02142857142857143 0.03823953823953824
20 0.4969387755102041 0.5624098124098124 0.020408163265306124 0.03823953823953824
19 0.5510204081632654 0.5624098124098124 0.03469387755102041 0.015151515151515152
18 0.9005102040816327 0.5573593073593074 0.0336734693877551 0.013708513708513708
27 0.27448979591836736 0.6194083694083694 0.05102040816326531 0.051226551226551224
