12 0.010204081632653062 0.08297258297258298 0.0163265306122449 0.049062049062049064
12 0.9025510204081634 0.08297258297258298 0.017346938775510204 0.049062049062049064
12 0.4602040816326531 0.08297258297258298 0.018367346938775512 0.047619047619047616
12 0.010204081632653062 0.20202020202020202 0.0163265306122449 0.049062049062049064
12 0.4591836734693878 0.20202020202020202 0.018367346938775512 0.049062049062049064
12 0.901530612244898 0.20202020202020202 0.017346938775510204 0.049062049062049064
12 0.03775510204081633 0.4898989898989899 0.018367346938775512 0.049062049062049064
12 0.9025510204081634 0.4898989898989899 0.017346938775510204 0.049062049062049064
12 0.4709183673469388 0.4902597402597403 0.01938775510204082 0.048340548340548344
12 0.4709183673469388 0.6089466089466089 0.01938775510204082 0.049062049062049064
12 0.03826530612244898 0.6096681096681097 0.017346938775510204 0.049062049062049064
12 0.9025510204081634 0.6096681096681097 0.017346938775510204 0.049062049062049064
12 0.9020408163265307 0.7564935064935064 0.0163265306122449 0.049783549783549784
12 0.03877551020408164 0.7561327561327561 0.0163265306122449 0.047619047619047616
12 0.4724489795918368 0.7564935064935064 0.020408163265306124 0.048340548340548344
12 0.4709183673469388 0.8755411255411255 0.02142857142857143 0.049783549783549784
12 0.037244897959183676 0.8755411255411255 0.017346938775510204 0.048340548340548344
12 0.901530612244898 0.8759018759018758 0.01938775510204082 0.049062049062049064
20 0.03826530612244898 0.08116883116883117 0.023469387755102045 0.0367965367965368
109 0.163265306122449 0.07431457431457432 0.028571428571428574 0.0707070707070707
108 0.2612244897959184 0.0772005772005772 0.02653061224489796 0.06349206349206349
139 0.37142857142857144 0.07683982683982683 0.02653061224489796 0.06277056277056277
107 0.49132653061224496 0.07972582972582973 0.025510204081632654 0.056998556998557
138 0.6025510204081633 0.07972582972582973 0.025510204081632654 0.056998556998557
137 0.7005102040816327 0.08946608946608947 0.025510204081632654 0.06349206349206349
137 0.7647959183673471 0.08766233766233766 0.02959183673469388 0.06277056277056277
106 0.8173469387755102 0.08297258297258298 0.02653061224489796 0.050505050505050504
18 0.23520408163265308 0.19336219336219337 0.03571428571428572 0.01443001443001443
18 0.6811224489795918 0.193001443001443 0.0336734693877551 0.013708513708513708
139 0.07091836734693878 0.48412698412698413 0.02755102040816327 0.06349206349206349
140 0.11989795918367348 0.48088023088023085 0.02959183673469388 0.06998556998556998
139 0.1729591836734694 0.48448773448773447 0.025510204081632654 0.06277056277056277
140 0.2219387755102041 0.48124098124098125 0.0336734693877551 0.06926406926406926
139 0.2755102040816327 0.48448773448773447 0.02653061224489796 0.06277056277056277
140 0.325 0.48124098124098125 0.02755102040816327 0.06926406926406926
139 0.37397959183673474 0.48448773448773447 0.025510204081632654 0.06277056277056277
140 0.4239795918367347 0.4816017316017316 0.03571428571428572 0.06998556998556998
139 0.5035714285714287 0.48448773448773447 0.025510204081632654 0.06277056277056277
140 0.5525510204081633 0.48088023088023085 0.02755102040816327 0.06998556998556998
139 0.6056122448979593 0.48448773448773447 0.025510204081632654 0.06277056277056277
140 0.651530612244898 0.48124098124098125 0.0336734693877551 0.06926406926406926
139 0.7086734693877552 0.48484848484848486 0.025510204081632654 0.06349206349206349
138 0.7576530612244898 0.48773448773448774 0.025510204081632654 0.05772005772005772
137 0.8071428571428572 0.4902597402597403 0.02653061224489796 0.051226551226551224
138 0.854591836734694 0.48737373737373735 0.03571428571428572 0.056998556998557
133 0.07551020408163266 0.6035353535353535 0.03469387755102041 0.06421356421356421
130 0.12091836734693878 0.6071428571428571 0.02959183673469388 0.07142857142857142
135 0.1739795918367347 0.6031746031746031 0.02959183673469388 0.06349206349206349
130 0.22500000000000003 0.6067821067821068 0.02959183673469388 0.07215007215007214
133 0.28010204081632656 0.6082251082251082 0.0336734693877551 0.05483405483405483
130 0.326530612244898 0.6125541125541125 0.028571428571428574 0.05916305916305916
128 0.3744897959183674 0.6186868686868687 0.0326530612244898 0.06998556998556998
130 0.4285714285714286 0.6125541125541125 0.028571428571428574 0.05772005772005772
133 0.5076530612244898 0.6035353535353535 0.03571428571428572 0.06421356421356421
130 0.5540816326530613 0.6071428571428571 0.028571428571428574 0.07142857142857142
135 0.6061224489795919 0.6028138528138528 0.028571428571428574 0.06421356421356421
130 0.6561224489795919 0.6071428571428571 0.028571428571428574 0.07142857142857142
133 0.7127551020408164 0.6078643578643579 0.0336734693877551 0.05411255411255411
130 0.7591836734693879 0.6125541125541125 0.028571428571428574 0.05916305916305916
128 0.8071428571428572 0.6179653679653679 0.0326530612244898 0.06854256854256854
130 0.8612244897959185 0.6125541125541125 0.02653061224489796 0.05772005772005772
106 0.07193877551020408 0.7561327561327561 0.02959183673469388 0.05194805194805195
130 0.17857142857142858 0.7575757575757576 0.036734693877551024 0.06204906204906205
135 0.22551020408163266 0.7489177489177489 0.02653061224489796 0.06637806637806638
101 0.27755102040816326 0.753968253968254 0.02653061224489796 0.05627705627705628
97 0.3744897959183674 0.7644300144300145 0.030612244897959186 0.06998556998556998
99 0.5045918367346939 0.759018759018759 0.02755102040816327 0.05772005772005772
99 0.6071428571428572 0.759018759018759 0.028571428571428574 0.05772005772005772
104 0.7086734693877552 0.762987012987013 0.02755102040816327 0.06421356421356421
103 0.8071428571428572 0.7640692640692641 0.028571428571428574 0.06782106782106782
18 0.2545918367346939 0.8672438672438673 0.03571428571428572 0.012987012987012988
18 0.686734693877551 0.8668831168831169 0.03469387755102041 0.013708513708513708
