12 0.09744897959183674 0.1746031746031746 0.017346938775510204 0.049062049062049064
12 0.7964285714285715 0.1746031746031746 0.015306122448979593 0.049062049062049064
14 0.2540816326530613 0.16847041847041846 0.014285714285714287 0.010822510822510822
14 0.5576530612244899 0.16847041847041846 0.01326530612244898 0.00937950937950938
14 0.5566326530612246 0.3232323232323232 0.01326530612244898 0.0101010101010101
14 0.2540816326530613 0.3235930735930736 0.014285714285714287 0.00937950937950938
12 0.09693877551020409 0.3531746031746032 0.0163265306122449 0.049783549783549784
12 0.7964285714285715 0.3531746031746032 0.017346938775510204 0.048340548340548344
12 0.7969387755102042 0.5317460317460317 0.018367346938775512 0.049062049062049064
12 0.09744897959183674 0.5324675324675324 0.017346938775510204 0.049062049062049064
14 0.5566326530612246 0.6807359307359307 0.01326530612244898 0.010822510822510822
14 0.2535714285714286 0.6810966810966811 0.01326530612244898 0.0101010101010101
12 0.09744897959183674 0.7106782106782107 0.01938775510204082 0.049062049062049064
12 0.7959183673469389 0.7103174603174603 0.018367346938775512 0.048340548340548344
26 0.12959183673469388 0.17532467532467533 0.04693877551020409 0.07503607503607504
15 0.17500000000000002 0.15043290043290045 0.025510204081632654 0.0367965367965368
135 0.23469387755102042 0.18073593073593072 0.022448979591836737 0.06565656565656566
163 0.32551020408163267 0.18434343434343434 0.03469387755102041 0.07142857142857142
133 0.3862244897959184 0.1681096681096681 0.02959183673469388 0.06349206349206349
163 0.4469387755102041 0.16774891774891776 0.030612244897959186 0.06421356421356421
164 0.49132653061224496 0.1673881673881674 0.02142857142857143 0.06637806637806638
135 0.5418367346938776 0.16414141414141414 0.030612244897959186 0.07287157287157287
163 0.6316326530612245 0.1681096681096681 0.02448979591836735 0.06349206349206349
133 0.6801020408163266 0.18326118326118326 0.02142857142857143 0.06782106782106782
17 0.7219387755102041 0.15043290043290045 0.017346938775510204 0.03535353535353535
138 0.7392857142857143 0.17316017316017315 0.02959183673469388 0.05916305916305916
51 0.828061224489796 0.17532467532467533 0.0336734693877551 0.05194805194805195
26 0.12959183673469388 0.35353535353535354 0.04693877551020409 0.07792207792207792
138 0.2341836734693878 0.35064935064935066 0.02142857142857143 0.05627705627705628
166 0.326530612244898 0.3531746031746032 0.03469387755102041 0.05266955266955267
136 0.38112244897959185 0.3556998556998557 0.023469387755102045 0.05772005772005772
166 0.44336734693877555 0.354978354978355 0.02142857142857143 0.05627705627705628
167 0.48571428571428577 0.3546176046176046 0.028571428571428574 0.056998556998557
138 0.536734693877551 0.35064935064935066 0.022448979591836737 0.05627705627705628
166 0.6260204081632653 0.3531746031746032 0.031632653061224494 0.05266955266955267
136 0.6785714285714286 0.3546176046176046 0.022448979591836737 0.05411255411255411
16 0.7183673469387756 0.306998556998557 0.018367346938775512 0.031024531024531024
141 0.738265306122449 0.3427128427128427 0.0336734693877551 0.07503607503607504
27 0.12908163265306125 0.5321067821067821 0.047959183673469394 0.05266955266955267
16 0.17346938775510207 0.538961038961039 0.020408163265306124 0.02886002886002886
130 0.2392857142857143 0.5202020202020202 0.03571428571428572 0.08658008658008658
137 0.3020408163265306 0.5191197691197691 0.02448979591836735 0.07864357864357864
130 0.38112244897959185 0.522005772005772 0.02755102040816327 0.08441558441558442
129 0.4438775510204082 0.5248917748917749 0.02653061224489796 0.0873015873015873
16 0.513265306122449 0.5638528138528138 0.020408163265306124 0.031024531024531024
128 0.5418367346938776 0.5328282828282829 0.03469387755102041 0.08297258297258298
16 0.5760204081632654 0.5216450216450217 0.02142857142857143 0.030303030303030304
135 0.6010204081632654 0.5248917748917749 0.022448979591836737 0.06565656565656566
132 0.6816326530612246 0.5245310245310245 0.02653061224489796 0.06637806637806638
135 0.7433673469387756 0.5248917748917749 0.023469387755102045 0.06565656565656566
133 0.8255102040816328 0.5191197691197691 0.030612244897959186 0.07864357864357864
137 0.8846938775510205 0.5194805194805194 0.022448979591836737 0.07647907647907648
130 0.9448979591836736 0.5223665223665224 0.02653061224489796 0.08513708513708514
16 0.717857142857143 0.6587301587301587 0.01938775510204082 0.030303030303030304
27 0.1285714285714286 0.7106782106782107 0.04693877551020409 0.05194805194805195
16 0.17448979591836736 0.7186147186147186 0.020408163265306124 0.02886002886002886
139 0.23469387755102042 0.7045454545454546 0.022448979591836737 0.06277056277056277
167 0.326530612244898 0.711038961038961 0.03469387755102041 0.05266955266955267
137 0.3806122448979592 0.7121212121212122 0.022448979591836737 0.05483405483405483
167 0.44234693877551023 0.7113997113997114 0.02142857142857143 0.05483405483405483
168 0.48571428571428577 0.7077922077922078 0.028571428571428574 0.05627705627705628
139 0.536734693877551 0.7045454545454546 0.022448979591836737 0.06277056277056277
167 0.6250000000000001 0.711038961038961 0.0336734693877551 0.05266955266955267
137 0.6795918367346939 0.7106782106782107 0.022448979591836737 0.05194805194805195
142 0.7372448979591837 0.6958874458874459 0.0336734693877551 0.08008658008658008
48 0.8290816326530613 0.7103174603174603 0.0336734693877551 0.05266955266955267
