12 0.22272727272727272 0.30522088353413657 0.01818181818181818 0.05301204819277109
12 0.9034090909090908 0.30522088353413657 0.01818181818181818 0.05301204819277109
12 0.525 0.30562248995983937 0.01818181818181818 0.052208835341365466
12 0.22443181818181818 0.4779116465863454 0.019318181818181818 0.05140562248995984
12 0.5244318181818182 0.4783132530120482 0.017045454545454544 0.052208835341365466
12 0.9034090909090908 0.47911646586345386 0.01818181818181818 0.052208835341365466
12 0.4431818181818182 0.7734939759036145 0.01818181818181818 0.05301204819277109
12 0.9028409090909091 0.7734939759036145 0.017045454545454544 0.05301204819277109
12 0.4443181818181818 0.9244979919678715 0.01818181818181818 0.05301204819277109
12 0.9028409090909091 0.9248995983935744 0.019318181818181818 0.05381526104417671
165 0.011363636363636364 0.29357429718875505 0.020454545454545454 0.08112449799196787
134 0.04715909090909091 0.29678714859437755 0.035227272727272725 0.07309236947791165
133 0.08977272727272727 0.29839357429718877 0.029545454545454545 0.07148594377510041
132 0.14034090909090907 0.3036144578313253 0.035227272727272725 0.05943775100401607
131 0.18409090909090908 0.30522088353413657 0.029545454545454545 0.05943775100401607
100 0.2511363636363636 0.3060240963855422 0.029545454545454545 0.05783132530120482
130 0.31875 0.3096385542168675 0.042045454545454546 0.061847389558232935
128 0.36477272727272725 0.31526104417670686 0.045454545454545456 0.07630522088353414
17 0.39943181818181817 0.3522088353413655 0.019318181818181818 0.060240963855421686
16 0.45227272727272727 0.3445783132530121 0.01818181818181818 0.04819277108433735
165 0.6056818181818181 0.29718875502008035 0.029545454545454545 0.07228915662650602
22 0.640340909090909 0.28273092369477915 0.028409090909090908 0.03534136546184739
164 0.7238636363636364 0.29317269076305225 0.029545454545454545 0.08032128514056225
22 0.7585227272727272 0.28353413654618476 0.028409090909090908 0.036947791164658635
163 0.8426136363636363 0.29718875502008035 0.028409090909090908 0.07228915662650602
22 0.8778409090909091 0.28313253012048195 0.028409090909090908 0.03614457831325301
141 0.04431818181818182 0.4526104417670683 0.03409090909090909 0.11004016064257029
140 0.09034090909090908 0.45421686746987955 0.03068181818181818 0.10843373493975904
105 0.13636363636363635 0.48353413654618477 0.02727272727272727 0.06265060240963856
138 0.18409090909090908 0.46104417670682735 0.029545454545454545 0.09477911646586346
138 0.3164772727272727 0.4630522088353414 0.03977272727272727 0.0891566265060241
21 0.35511363636363635 0.5060240963855422 0.03068181818181818 0.027309236947791166
21 0.35568181818181815 0.4526104417670683 0.02727272727272727 0.02811244979919679
20 0.4221590909090909 0.45341365461847394 0.028409090909090908 0.045783132530120486
20 0.42329545454545453 0.5076305220883535 0.028409090909090908 0.04497991967871486
163 0.020454545454545454 0.7654618473895582 0.038636363636363635 0.07228915662650602
165 0.07215909090909091 0.7610441767068273 0.028409090909090908 0.08112449799196787
134 0.13011363636363635 0.7642570281124498 0.0375 0.0746987951807229
131 0.3704545454545454 0.7742971887550201 0.029545454545454545 0.05943775100401607
168 0.7556818181818181 0.7522088353413655 0.029545454545454545 0.10040160642570281
167 0.8079545454545454 0.7526104417670683 0.029545454545454545 0.09959839357429719
167 0.8613636363636363 0.7526104417670683 0.02727272727272727 0.10120481927710843
141 0.12670454545454546 0.8983935742971888 0.0375 0.11164658634538153
140 0.20625 0.9012048192771085 0.03295454545454545 0.10763052208835341
105 0.2880681818181818 0.9285140562248997 0.028409090909090908 0.06265060240963856
138 0.3698863636363636 0.9080321285140562 0.03068181818181818 0.09397590361445783
