12 0.1066326530612245 0.005772005772005772 0.01326530612244898 0.0101010101010101
12 0.5357142857142858 0.005411255411255411 0.012244897959183675 0.00937950937950938
12 0.9025510204081634 0.006132756132756133 0.017346938775510204 0.010822510822510822
12 0.9040816326530613 0.046897546897546896 0.020408163265306124 0.049062049062049064
12 0.1066326530612245 0.047619047619047616 0.01326530612244898 0.046176046176046176
12 0.5362244897959184 0.046536796536796536 0.01326530612244898 0.04256854256854257
12 0.1066326530612245 0.11075036075036075 0.01326530612244898 0.046897546897546896
12 0.9051020408163266 0.11183261183261184 0.020408163265306124 0.049062049062049064
12 0.5352040816326531 0.11038961038961038 0.01326530612244898 0.04184704184704185
12 0.9035714285714287 0.17135642135642135 0.017346938775510204 0.048340548340548344
12 0.10612244897959185 0.16774891774891776 0.012244897959183675 0.03823953823953824
12 0.5357142857142858 0.1699134199134199 0.012244897959183675 0.04112554112554113
12 0.904591836734694 0.23160173160173161 0.01938775510204082 0.049062049062049064
12 0.536734693877551 0.23196248196248195 0.014285714285714287 0.04401154401154401
12 0.10714285714285715 0.23196248196248195 0.014285714285714287 0.04256854256854257
12 0.9040816326530613 0.29184704184704185 0.018367346938775512 0.048340548340548344
12 0.5362244897959184 0.2904040404040404 0.01326530612244898 0.04256854256854257
12 0.1066326530612245 0.2911255411255411 0.01326530612244898 0.04256854256854257
12 0.904591836734694 0.3466810966810967 0.01938775510204082 0.049783549783549784
12 0.1066326530612245 0.3481240981240981 0.01326530612244898 0.045454545454545456
12 0.5362244897959184 0.35064935064935066 0.01326530612244898 0.047619047619047616
12 0.9040816326530613 0.4007936507936508 0.0163265306122449 0.049783549783549784
12 0.10612244897959185 0.4004329004329004 0.012244897959183675 0.044733044733044736
12 0.5357142857142858 0.4022366522366522 0.012244897959183675 0.045454545454545456
12 0.903061224489796 0.4556277056277056 0.014285714285714287 0.049783549783549784
12 0.10612244897959185 0.45526695526695526 0.012244897959183675 0.046176046176046176
12 0.5357142857142858 0.4556277056277056 0.012244897959183675 0.046897546897546896
12 0.903061224489796 0.5108225108225108 0.014285714285714287 0.050505050505050504
12 0.5357142857142858 0.5111832611832612 0.014285714285714287 0.048340548340548344
12 0.5357142857142858 0.5645743145743146 0.012244897959183675 0.048340548340548344
12 0.9035714285714287 0.564935064935065 0.015306122448979593 0.049062049062049064
12 0.9040816326530613 0.6186868686868687 0.018367346938775512 0.048340548340548344
12 0.5372448979591837 0.6194083694083694 0.01326530612244898 0.046897546897546896
12 0.5372448979591837 0.6973304473304474 0.01326530612244898 0.046897546897546896
12 0.536734693877551 0.7525252525252525 0.014285714285714287 0.06060606060606061
12 0.5372448979591837 0.8088023088023089 0.015306122448979593 0.05194805194805195
12 0.5377551020408163 0.8773448773448773 0.014285714285714287 0.049062049062049064
12 0.5372448979591837 0.9282106782106783 0.017346938775510204 0.05555555555555555
12 0.9025510204081634 0.9303751803751804 0.015306122448979593 0.05266955266955267
20 0.01683673469387755 0.044733044733044736 0.02142857142857143 0.03896103896103896
76 0.13316326530612246 0.050865800865800864 0.02755102040816327 0.06277056277056277
135 0.44897959183673475 0.051587301587301584 0.02448979591836735 0.06421356421356421
135 0.4811224489795919 0.05194805194805195 0.025510204081632654 0.06204906204906205
135 0.5137755102040816 0.05266955266955267 0.02755102040816327 0.06204906204906205
76 0.5637755102040817 0.049422799422799424 0.02755102040816327 0.06277056277056277
18 0.3209183673469388 0.1020923520923521 0.0336734693877551 0.013708513708513708
18 0.32040816326530613 0.16197691197691197 0.0326530612244898 0.015151515151515152
18 0.7183673469387756 0.16233766233766234 0.0326530612244898 0.01443001443001443
137 0.018877551020408164 0.23160173160173161 0.023469387755102045 0.050505050505050504
137 0.05102040816326531 0.23160173160173161 0.02448979591836735 0.050505050505050504
137 0.08316326530612246 0.23196248196248195 0.02959183673469388 0.049783549783549784
78 0.1346938775510204 0.23160173160173161 0.028571428571428574 0.05194805194805195
137 0.4494897959183674 0.23160173160173161 0.023469387755102045 0.050505050505050504
137 0.4811224489795919 0.23124098124098125 0.023469387755102045 0.049783549783549784
137 0.513265306122449 0.23160173160173161 0.028571428571428574 0.050505050505050504
78 0.5637755102040817 0.23160173160173161 0.02755102040816327 0.050505050505050504
137 0.8489795918367348 0.23160173160173161 0.02448979591836735 0.050505050505050504
137 0.8806122448979593 0.23160173160173161 0.028571428571428574 0.050505050505050504
18 0.32142857142857145 0.3917748917748918 0.0326530612244898 0.01443001443001443
18 0.32142857142857145 0.44516594516594515 0.0326530612244898 0.01443001443001443
20 0.13010204081632654 0.5075757575757576 0.023469387755102045 0.03968253968253968
20 0.5602040816326531 0.5082972582972582 0.022448979591836737 0.03823953823953824
18 0.3219387755102041 0.5566378066378066 0.031632653061224494 0.013708513708513708
18 0.7204081632653062 0.5566378066378066 0.0326530612244898 0.013708513708513708
75 0.13571428571428573 0.626984126984127 0.028571428571428574 0.06782106782106782
