12 0.09591836734693879 0.18975468975468976 0.0163265306122449 0.049062049062049064
12 0.6030612244897959 0.18975468975468976 0.0163265306122449 0.047619047619047616
12 0.09591836734693879 0.3708513708513709 0.0163265306122449 0.047619047619047616
12 0.6030612244897959 0.3708513708513709 0.0163265306122449 0.047619047619047616
12 0.09744897959183674 0.5526695526695526 0.015306122448979593 0.050505050505050504
12 0.6035714285714286 0.5526695526695526 0.01938775510204082 0.047619047619047616
12 0.6030612244897959 0.700937950937951 0.0163265306122449 0.048340548340548344
12 0.09642857142857143 0.7012987012987013 0.01326530612244898 0.047619047619047616
27 0.12959183673469388 0.18975468975468976 0.05102040816326531 0.05194805194805195
104 0.20306122448979594 0.1958874458874459 0.02653061224489796 0.06421356421356421
104 0.3056122448979592 0.19660894660894662 0.025510204081632654 0.06421356421356421
103 0.4091836734693878 0.19733044733044733 0.02653061224489796 0.06565656565656566
101 0.513265306122449 0.18722943722943722 0.02653061224489796 0.056998556998557
102 0.6367346938775511 0.18362193362193363 0.02653061224489796 0.06277056277056277
101 0.7357142857142858 0.1865079365079365 0.02653061224489796 0.056998556998557
72 0.8413265306122449 0.18975468975468976 0.02755102040816327 0.05194805194805195
37 0.13010204081632654 0.37806637806637805 0.05204081632653062 0.06637806637806638
99 0.20306122448979594 0.3740981240981241 0.02653061224489796 0.05844155844155844
101 0.30714285714285716 0.36796536796536794 0.02653061224489796 0.05772005772005772
102 0.4102040816326531 0.36507936507936506 0.02653061224489796 0.06204906204906205
103 0.5117346938775511 0.3787878787878788 0.025510204081632654 0.06637806637806638
102 0.6367346938775511 0.36507936507936506 0.02653061224489796 0.06204906204906205
100 0.7352040816326532 0.37157287157287155 0.02755102040816327 0.05194805194805195
133 0.8448979591836735 0.36507936507936506 0.03469387755102041 0.06349206349206349
131 0.8918367346938776 0.36796536796536794 0.028571428571428574 0.05916305916305916
99 0.9403061224489797 0.3740981240981241 0.02755102040816327 0.05844155844155844
26 0.13010204081632654 0.5512265512265512 0.047959183673469394 0.08946608946608947
27 0.12908163265306125 0.7012987012987013 0.05 0.05194805194805195
104 0.2035714285714286 0.7067099567099567 0.02755102040816327 0.06277056277056277
104 0.30612244897959184 0.7070707070707071 0.02653061224489796 0.06349206349206349
103 0.4091836734693878 0.7085137085137085 0.02653061224489796 0.06493506493506493
101 0.513265306122449 0.698051948051948 0.02653061224489796 0.056998556998557
102 0.6367346938775511 0.6955266955266955 0.02653061224489796 0.06204906204906205
101 0.7362244897959185 0.698051948051948 0.02755102040816327 0.056998556998557
72 0.8413265306122449 0.7016594516594516 0.02755102040816327 0.05266955266955267
