12 0.23914930555555555 0.10061349693251534 0.016493055555555556 0.04171779141104295
12 0.96484375 0.10061349693251534 0.014756944444444444 0.04049079754601227
12 0.6636284722222222 0.10122699386503069 0.014756944444444444 0.04049079754601227
14 0.3810763888888889 0.09570552147239264 0.010416666666666666 0.008588957055214725
14 0.3810763888888889 0.13619631901840493 0.010416666666666666 0.008588957055214725
12 0.23914930555555555 0.25828220858895706 0.016493055555555556 0.04171779141104295
12 0.6644965277777778 0.25828220858895706 0.016493055555555556 0.04049079754601227
12 0.9652777777777777 0.25766871165644173 0.013888888888888888 0.0392638036809816
14 0.7161458333333333 0.2631901840490798 0.012152777777777776 0.0098159509202454
14 0.3810763888888889 0.2628834355828221 0.010416666666666666 0.007975460122699387
14 0.5325520833333333 0.2631901840490798 0.00954861111111111 0.00736196319018405
12 0.23958333333333331 0.41564417177914115 0.013888888888888888 0.04233128834355829
12 0.96484375 0.4150306748466258 0.014756944444444444 0.04110429447852761
12 0.6644965277777778 0.4153374233128835 0.014756944444444444 0.04049079754601227
12 0.2400173611111111 0.5726993865030675 0.014756944444444444 0.04233128834355829
12 0.9652777777777777 0.5723926380368098 0.015625 0.04049079754601227
12 0.6640625 0.5730061349693252 0.013888888888888888 0.04049079754601227
12 0.23958333333333331 0.7303680981595092 0.015625 0.04233128834355829
12 0.6644965277777778 0.7297546012269939 0.016493055555555556 0.04110429447852761
12 0.9652777777777777 0.7294478527607362 0.013888888888888888 0.0392638036809816
14 0.7157118055555555 0.7346625766871167 0.011284722222222222 0.009202453987730062
14 0.3806423611111111 0.7346625766871167 0.00954861111111111 0.007975460122699387
14 0.5325520833333333 0.7349693251533743 0.00954861111111111 0.00736196319018405
28 0.2673611111111111 0.10122699386503069 0.041666666666666664 0.044171779141104296
27 0.2677951388888889 0.2579754601226994 0.0390625 0.04355828220858896
102 0.3645833333333333 0.25276073619631906 0.01909722222222222 0.05276073619631902
102 0.5160590277777778 0.25276073619631906 0.018229166666666664 0.05276073619631902
74 0.6966145833333333 0.2530674846625767 0.0234375 0.05337423312883436
26 0.2673611111111111 0.41656441717791415 0.03993055555555555 0.0638036809815951
20 0.3624131944444444 0.41042944785276075 0.018229166666666664 0.0294478527607362
21 0.4665798611111111 0.4153374233128835 0.019965277777777776 0.020858895705521473
20 0.5138888888888888 0.4110429447852761 0.01909722222222222 0.0294478527607362
132 0.6219618055555555 0.41226993865030676 0.02690972222222222 0.04785276073619632
99 0.6927083333333333 0.4177914110429448 0.01909722222222222 0.04785276073619632
132 0.786892361111111 0.4125766871165644 0.02690972222222222 0.04846625766871166
104 0.8324652777777777 0.42024539877300615 0.01909722222222222 0.053987730061349694
136 0.919704861111111 0.4180981595092025 0.018229166666666664 0.04846625766871166
26 0.2677951388888889 0.5739263803680982 0.0390625 0.06319018404907976
20 0.3628472222222222 0.5677914110429448 0.01909722222222222 0.02883435582822086
21 0.4665798611111111 0.5726993865030675 0.019965277777777776 0.020245398773006136
20 0.5138888888888888 0.5680981595092025 0.01909722222222222 0.02822085889570552
130 0.622829861111111 0.5742331288343558 0.02690972222222222 0.046625766871165646
97 0.69140625 0.5797546012269938 0.0234375 0.05766871165644172
130 0.7873263888888888 0.5748466257668712 0.029513888888888888 0.04785276073619632
99 0.833767361111111 0.5748466257668712 0.019965277777777776 0.049079754601226995
131 0.9240451388888888 0.5726993865030675 0.028645833333333332 0.04355828220858896
37 0.2677951388888889 0.7358895705521473 0.04253472222222222 0.05337423312883436
102 0.3645833333333333 0.7245398773006135 0.01909722222222222 0.05276073619631902
102 0.5160590277777778 0.7245398773006135 0.018229166666666664 0.05276073619631902
74 0.697048611111111 0.7248466257668712 0.024305555555555552 0.05337423312883436
