12 0.24948979591836737 0.016233766233766232 0.015306122448979593 0.031024531024531024
12 0.5270408163265307 0.016594516594516596 0.017346938775510204 0.031746031746031744
12 0.9025510204081634 0.016594516594516596 0.017346938775510204 0.031746031746031744
14 0.30153061224489797 0.024891774891774892 0.01326530612244898 0.00937950937950938
14 0.3602040816326531 0.025613275613275612 0.014285714285714287 0.00937950937950938
12 0.2489795918367347 0.12518037518037517 0.0163265306122449 0.048340548340548344
12 0.5270408163265307 0.12518037518037517 0.017346938775510204 0.048340548340548344
12 0.9025510204081634 0.12518037518037517 0.017346938775510204 0.048340548340548344
12 0.903061224489796 0.3888888888888889 0.0163265306122449 0.049062049062049064
12 0.3494897959183674 0.3885281385281385 0.01938775510204082 0.046897546897546896
12 0.539795918367347 0.38924963924963923 0.018367346938775512 0.048340548340548344
12 0.1576530612244898 0.38961038961038963 0.017346938775510204 0.047619047619047616
14 0.036734693877551024 0.4065656565656566 0.012244897959183675 0.00937950937950938
14 0.09132653061224491 0.4069264069264069 0.01326530612244898 0.0101010101010101
14 0.8040816326530613 0.41883116883116883 0.014285714285714287 0.010822510822510822
12 0.15714285714285717 0.5064935064935064 0.0163265306122449 0.047619047619047616
12 0.3494897959183674 0.5064935064935064 0.017346938775510204 0.047619047619047616
12 0.5392857142857144 0.5064935064935064 0.017346938775510204 0.047619047619047616
12 0.9025510204081634 0.5064935064935064 0.017346938775510204 0.047619047619047616
12 0.1673469387755102 0.7683982683982684 0.018367346938775512 0.046176046176046176
12 0.9025510204081634 0.7705627705627706 0.017346938775510204 0.049062049062049064
14 0.056122448979591844 0.7766955266955267 0.0163265306122449 0.00937950937950938
12 0.1673469387755102 0.8874458874458875 0.018367346938775512 0.049062049062049064
12 0.5341836734693878 0.8874458874458875 0.017346938775510204 0.049062049062049064
12 0.9025510204081634 0.8881673881673882 0.017346938775510204 0.049062049062049064
18 0.06122448979591837 0.11580086580086581 0.0326530612244898 0.013708513708513708
18 0.388265306122449 0.11580086580086581 0.031632653061224494 0.012265512265512266
18 0.714795918367347 0.11616161616161616 0.031632653061224494 0.012987012987012988
132 0.013775510204081635 0.4018759018759019 0.023469387755102045 0.07503607503607504
131 0.06836734693877551 0.40404040404040403 0.02448979591836735 0.0808080808080808
130 0.12040816326530614 0.4051226551226551 0.028571428571428574 0.08441558441558442
70 0.18469387755102043 0.4054834054834055 0.02653061224489796 0.08513708513708514
18 0.25306122448979596 0.36796536796536794 0.030612244897959186 0.012987012987012988
19 0.27346938775510204 0.40945165945165946 0.0326530612244898 0.013708513708513708
19 0.3775510204081633 0.40945165945165946 0.0326530612244898 0.015151515151515152
18 0.4438775510204082 0.36796536796536794 0.030612244897959186 0.012987012987012988
19 0.46326530612244904 0.40945165945165946 0.030612244897959186 0.013708513708513708
129 0.5673469387755102 0.4072871572871573 0.02653061224489796 0.08874458874458875
129 0.6086734693877551 0.4069264069264069 0.025510204081632654 0.08658008658008658
129 0.6520408163265307 0.4069264069264069 0.02448979591836735 0.08658008658008658
129 0.692857142857143 0.4069264069264069 0.02653061224489796 0.08513708513708514
18 0.7214285714285715 0.36796536796536794 0.030612244897959186 0.012987012987012988
129 0.738265306122449 0.4083694083694084 0.023469387755102045 0.08513708513708514
129 0.778061224489796 0.4065656565656566 0.02959183673469388 0.08585858585858586
22 0.8367346938775511 0.4199134199134199 0.02653061224489796 0.03607503607503607
129 0.8678571428571429 0.4087301587301587 0.025510204081632654 0.09163059163059163
18 0.2535714285714286 0.4971139971139971 0.031632653061224494 0.012987012987012988
18 0.44438775510204087 0.4971139971139971 0.031632653061224494 0.012987012987012988
18 0.7214285714285715 0.4971139971139971 0.030612244897959186 0.012987012987012988
18 0.04642857142857143 0.7489177489177489 0.02959183673469388 0.012987012987012988
101 0.11122448979591838 0.7817460317460317 0.02448979591836735 0.07431457431457432
132 0.19489795918367347 0.7828282828282829 0.02448979591836735 0.07503607503607504
21 0.2392857142857143 0.7947330447330447 0.025510204081632654 0.025252525252525252
129 0.2811224489795919 0.7886002886002886 0.025510204081632654 0.08802308802308802
129 0.3234693877551021 0.7886002886002886 0.02653061224489796 0.08658008658008658
18 0.35102040816326535 0.7496392496392497 0.030612244897959186 0.012987012987012988
129 0.3688775510204082 0.7896825396825397 0.023469387755102045 0.08585858585858586
129 0.41224489795918373 0.7882395382395382 0.02448979591836735 0.09163059163059163
159 0.45612244897959187 0.7882395382395382 0.02448979591836735 0.09018759018759019
129 0.49591836734693884 0.7886002886002886 0.028571428571428574 0.08802308802308802
159 0.5622448979591838 0.7918470418470418 0.028571428571428574 0.09740259740259741
22 0.5954081632653062 0.8008658008658008 0.023469387755102045 0.03607503607503607
129 0.6285714285714287 0.7878787878787878 0.02448979591836735 0.09235209235209235
130 0.6724489795918368 0.7864357864357865 0.02448979591836735 0.08225108225108226
18 0.7188775510204082 0.7496392496392497 0.031632653061224494 0.012987012987012988
130 0.7596938775510205 0.7867965367965368 0.023469387755102045 0.08441558441558442
129 0.8010204081632654 0.7886002886002886 0.02653061224489796 0.08802308802308802
129 0.8454081632653062 0.7875180375180375 0.023469387755102045 0.09018759018759019
18 0.04489795918367347 0.8780663780663781 0.030612244897959186 0.012987012987012988
18 0.3505102040816327 0.8787878787878788 0.031632653061224494 0.012987012987012988
18 0.7188775510204082 0.8787878787878788 0.031632653061224494 0.012987012987012988
