12 0.09642857142857143 0.08261183261183261 0.017346938775510204 0.049783549783549784
12 0.7617346938775511 0.08189033189033189 0.015306122448979593 0.046897546897546896
14 0.23673469387755103 0.11183261183261184 0.014285714285714287 0.0101010101010101
12 0.09642857142857143 0.27525252525252525 0.015306122448979593 0.049783549783549784
12 0.7607142857142858 0.27525252525252525 0.017346938775510204 0.048340548340548344
14 0.6617346938775511 0.329004329004329 0.01326530612244898 0.011544011544011544
12 0.7607142857142858 0.46825396825396826 0.01938775510204082 0.049062049062049064
12 0.09591836734693879 0.468975468975469 0.014285714285714287 0.049062049062049064
12 0.7602040816326532 0.6616161616161617 0.018367346938775512 0.049062049062049064
12 0.09540816326530613 0.661976911976912 0.015306122448979593 0.048340548340548344
37 0.1316326530612245 0.08874458874458875 0.05306122448979592 0.06637806637806638
43 0.20816326530612247 0.09090909090909091 0.03877551020408164 0.0707070707070707
97 0.7984693877551021 0.09054834054834054 0.031632653061224494 0.06998556998556998
20 0.879591836734694 0.07972582972582973 0.020408163265306124 0.03823953823953824
18 0.9846938775510204 0.07287157287157287 0.028571428571428574 0.012987012987012988
26 0.13520408163265307 0.27236652236652237 0.05204081632653062 0.09307359307359307
99 0.20612244897959187 0.2777777777777778 0.02653061224489796 0.05772005772005772
129 0.29540816326530617 0.281024531024531 0.03775510204081633 0.06421356421356421
16 0.3346938775510204 0.28066378066378067 0.020408163265306124 0.03318903318903319
132 0.3612244897959184 0.2748917748917749 0.02653061224489796 0.050505050505050504
129 0.4086734693877551 0.281024531024531 0.02959183673469388 0.06421356421356421
16 0.45204081632653065 0.29797979797979796 0.020408163265306124 0.03463203463203463
70 0.48010204081632657 0.2803030303030303 0.031632653061224494 0.06421356421356421
16 0.6122448979591837 0.32287157287157287 0.018367346938775512 0.03391053391053391
94 0.6392857142857143 0.2925685425685426 0.031632653061224494 0.08874458874458875
27 0.13214285714285715 0.4686147186147186 0.05408163265306123 0.05266955266955267
18 0.4602040816326531 0.4595959595959596 0.0326530612244898 0.01443001443001443
27 0.13112244897959185 0.661976911976912 0.05204081632653062 0.051226551226551224
18 0.4602040816326531 0.6525974025974026 0.0326530612244898 0.015151515151515152
