12 0.04886363636363636 0.08433734939759037 0.015909090909090907 0.05301204819277109
12 0.9028409090909091 0.0859437751004016 0.017045454545454544 0.05461847389558233
12 0.9028409090909091 0.3578313253012048 0.019318181818181818 0.05381526104417671
12 0.9034090909090908 0.48714859437751007 0.01818181818181818 0.052208835341365466
12 0.9034090909090908 0.7606425702811246 0.01818181818181818 0.05301204819277109
12 0.9034090909090908 0.889558232931727 0.01818181818181818 0.052208835341365466
166 0.017045454545454544 0.0855421686746988 0.031818181818181815 0.058634538152610445
163 0.0846590909090909 0.0963855421686747 0.028409090909090908 0.07871485943775101
167 0.13295454545454544 0.09076305220883535 0.02727272727272727 0.07068273092369479
169 0.1784090909090909 0.07991967871485944 0.03636363636363636 0.07309236947791165
170 0.2284090909090909 0.07550200803212852 0.031818181818181815 0.07710843373493977
169 0.26988636363636365 0.0783132530120482 0.028409090909090908 0.07148594377510041
167 0.30624999999999997 0.0855421686746988 0.0375 0.0570281124497992
163 0.3494318181818182 0.09598393574297188 0.028409090909090908 0.07791164658634539
167 0.3977272727272727 0.09036144578313253 0.029545454545454545 0.06987951807228916
169 0.4431818181818182 0.07991967871485944 0.03636363636363636 0.07309236947791165
170 0.49261363636363636 0.07590361445783132 0.03295454545454545 0.07630522088353414
169 0.5340909090909091 0.07871485943775101 0.02727272727272727 0.07068273092369479
167 0.5704545454545454 0.0859437751004016 0.03636363636363636 0.05783132530120482
163 0.6130681818181818 0.0963855421686747 0.028409090909090908 0.07871485943775101
166 0.6625 0.09156626506024097 0.02727272727272727 0.07228915662650602
168 0.7136363636363636 0.08433734939759037 0.03636363636363636 0.06746987951807229
170 0.7914772727272726 0.07590361445783132 0.03068181818181818 0.07630522088353414
168 0.8295454545454545 0.0823293172690763 0.02727272727272727 0.06345381526104418
166 0.8698863636363636 0.0859437751004016 0.035227272727272725 0.05943775100401607
173 0.0971590909090909 0.3397590361445783 0.03295454545454545 0.09477911646586346
16 0.33295454545454545 0.3060240963855422 0.022727272727272728 0.046586345381526104
171 0.3625 0.3461847389558233 0.031818181818181815 0.08353413654618475
170 0.5034090909090909 0.348995983935743 0.029545454545454545 0.07630522088353414
169 0.6454545454545454 0.3518072289156627 0.02727272727272727 0.07068273092369479
168 0.7749999999999999 0.3550200803212852 0.03636363636363636 0.06425702811244981
170 0.09659090909090909 0.4779116465863454 0.031818181818181815 0.07710843373493977
167 0.18295454545454545 0.48714859437751007 0.029545454545454545 0.058634538152610445
165 0.26988636363636365 0.4891566265060241 0.035227272727272725 0.05943775100401607
163 0.3619318181818182 0.4991967871485944 0.028409090909090908 0.07951807228915662
166 0.45852272727272725 0.49357429718875506 0.028409090909090908 0.07148594377510041
168 0.5420454545454545 0.48634538152610446 0.038636363636363635 0.06827309236947791
170 0.6454545454545454 0.4783132530120482 0.029545454545454545 0.07630522088353414
168 0.7329545454545454 0.4839357429718876 0.02727272727272727 0.06506024096385543
166 0.8198863636363636 0.4887550200803213 0.0375 0.061847389558232935
190 0.06477272727272727 0.7670682730923695 0.029545454545454545 0.07068273092369479
191 0.12897727272727272 0.7674698795180723 0.028409090909090908 0.07148594377510041
192 0.1875 0.7670682730923695 0.04090909090909091 0.07068273092369479
220 0.3255681818181818 0.7626506024096386 0.028409090909090908 0.0859437751004016
219 0.36874999999999997 0.7674698795180723 0.026136363636363635 0.08273092369477912
218 0.40852272727272726 0.7722891566265061 0.0375 0.07951807228915662
193 0.4573863636363636 0.757429718875502 0.028409090909090908 0.06586345381526104
194 0.5147727272727273 0.7542168674698796 0.03636363636363636 0.07068273092369479
195 0.5892045454545455 0.7497991967871487 0.03295454545454545 0.07630522088353414
222 0.6534090909090908 0.7473895582329317 0.029545454545454545 0.08273092369477912
221 0.6971590909090909 0.7506024096385543 0.03295454545454545 0.07791164658634539
220 0.7380681818181818 0.7542168674698796 0.03295454545454545 0.07068273092369479
195 0.7852272727272727 0.7497991967871487 0.031818181818181815 0.07791164658634539
17 0.8227272727272726 0.7140562248995984 0.020454545454545454 0.06265060240963856
196 0.8448863636363636 0.7473895582329317 0.0375 0.08273092369477912
169 0.0846590909090909 0.8823293172690764 0.026136363636363635 0.06987951807228916
167 0.16704545454545452 0.8899598393574297 0.038636363636363635 0.05943775100401607
163 0.25852272727272724 0.9008032128514056 0.028409090909090908 0.07951807228915662
166 0.36874999999999997 0.8967871485943776 0.028409090909090908 0.07309236947791165
168 0.4920454545454545 0.8883534136546185 0.038636363636363635 0.06746987951807229
170 0.5869318181818182 0.8807228915662652 0.03068181818181818 0.07630522088353414
168 0.6960227272727273 0.8855421686746988 0.026136363636363635 0.06345381526104418
166 0.8232954545454545 0.8907630522088353 0.0375 0.06265060240963856
193 0.26136363636363635 0.7586345381526105 0.031818181818181815 0.06345381526104418
