12 0.56328320802005 0.16519043401240036 0.021303258145363407 0.05934455270150576
12 0.10964912280701754 0.16563330380868024 0.018796992481203006 0.05845881310894597
12 0.9047619047619047 0.16607617360496016 0.020050125313283207 0.05934455270150576
12 0.10964912280701754 0.3387953941541187 0.016290726817042606 0.05934455270150576
12 0.56265664160401 0.33968113374667847 0.020050125313283207 0.05934455270150576
12 0.9053884711779449 0.34012400354295835 0.018796992481203006 0.05845881310894597
12 0.5607769423558897 0.6891054030115147 0.021303258145363407 0.05845881310894597
12 0.381578947368421 0.6904340124003543 0.021303258145363407 0.05934455270150576
12 0.11591478696741854 0.6908768821966342 0.021303258145363407 0.05845881310894597
12 0.7957393483709273 0.6908768821966342 0.022556390977443608 0.0566873339238264
14 0.46365914786967416 0.8082373782108061 0.015037593984962405 0.009743135518157663
12 0.11528822055137844 0.8578387953941542 0.017543859649122806 0.05934455270150576
12 0.5601503759398496 0.8578387953941542 0.020050125313283207 0.05934455270150576
12 0.3822055137844611 0.858724534986714 0.020050125313283207 0.05934455270150576
12 0.7969924812030075 0.8591674047829938 0.020050125313283207 0.0566873339238264
14 0.46365914786967416 0.837466784765279 0.015037593984962405 0.009743135518157663
14 0.46428571428571425 0.8516386182462357 0.013784461152882205 0.009743135518157663
14 0.46428571428571425 0.8662533215234721 0.013784461152882205 0.010628875110717449
14 0.46428571428571425 0.9109831709477414 0.016290726817042606 0.011514614703277236
169 0.03884711779448621 0.15854738706820196 0.03007518796992481 0.07617360496014172
170 0.07769423558897243 0.1550044286979628 0.042606516290726815 0.08503100088573959
110 0.16102756892230574 0.15057573073516387 0.03634085213032581 0.09211691762621789
108 0.25187969924812026 0.15899025686448184 0.03258145363408521 0.07705934455270151
169 0.3464912280701754 0.15943312666076173 0.02882205513784461 0.0779450841452613
170 0.38784461152882205 0.1550044286979628 0.03383458646616541 0.08503100088573959
169 0.42669172932330823 0.15943312666076173 0.02882205513784461 0.07617360496014172
168 0.46679197994987465 0.16341895482728078 0.03132832080200501 0.06997342781222321
169 0.5031328320802004 0.15987599645704165 0.03884711779448621 0.07883082373782108
109 0.6347117794486216 0.15544729849424269 0.03634085213032581 0.08414526129317981
107 0.7274436090225563 0.16341895482728078 0.03132832080200501 0.06997342781222321
107 0.8208020050125313 0.162533215234721 0.03007518796992481 0.06997342781222321
17 0.13345864661654133 0.2807794508414526 0.021303258145363407 0.042515500442869794
26 0.5263157894736842 0.3436669619131975 0.045112781954887216 0.08325952170062002
17 0.5883458646616541 0.3901682905225864 0.018796992481203006 0.04517271922054916
17 0.606516290726817 0.3773250664304695 0.020050125313283207 0.04428697962798937
102 0.7286967418546365 0.3330380868024801 0.03132832080200501 0.07440212577502214
102 0.8233082706766917 0.3317094774136404 0.02756892230576441 0.07174490699734279
17 0.013784461152882205 0.7196634189548273 0.022556390977443608 0.04162976085031001
100 0.15538847117794485 0.6913197519929141 0.03258145363408521 0.06465899025686449
20 0.23621553884711777 0.6612046058458814 0.02631578947368421 0.046944198405668734
20 0.31265664160401 0.6612046058458814 0.02631578947368421 0.04517271922054916
16 0.8872180451127819 0.6815766164747564 0.017543859649122806 0.03985828166519043
20 0.23558897243107768 0.8299379982285209 0.02756892230576441 0.046058458813108945
20 0.31265664160401 0.8299379982285209 0.02631578947368421 0.046058458813108945
17 0.40977443609022557 0.8516386182462357 0.020050125313283207 0.04162976085031001
20 0.674812030075188 0.8879539415411869 0.02631578947368421 0.046944198405668734
20 0.6773182957393483 0.7922940655447299 0.023809523809523808 0.046944198405668734
16 0.8865914786967418 0.8644818423383526 0.018796992481203006 0.03897254207263065
17 0.8270676691729323 0.6682905225863597 0.017543859649122806 0.04162976085031001
17 0.8634085213032581 0.6744906997342781 0.017543859649122806 0.04162976085031001
17 0.8471177944862155 0.6992914083259522 0.017543859649122806 0.04162976085031001
17 0.8258145363408521 0.8516386182462357 0.017543859649122806 0.04162976085031001
17 0.8471177944862155 0.8826395039858282 0.017543859649122806 0.04162976085031001
17 0.8621553884711779 0.8596102745792737 0.017543859649122806 0.04162976085031001
