12 0.09693877551020409 0.016233766233766232 0.014285714285714287 0.031024531024531024
12 0.588265306122449 0.016594516594516596 0.017346938775510204 0.031746031746031744
12 0.8739795918367348 0.016233766233766232 0.015306122448979593 0.031024531024531024
14 0.26071428571428573 0.03751803751803752 0.015306122448979593 0.0101010101010101
12 0.09693877551020409 0.12518037518037517 0.014285714285714287 0.048340548340548344
12 0.5877551020408164 0.12518037518037517 0.0163265306122449 0.048340548340548344
12 0.8734693877551021 0.12481962481962482 0.0163265306122449 0.047619047619047616
12 0.09693877551020409 0.38924963924963923 0.014285714285714287 0.048340548340548344
12 0.47755102040816333 0.3888888888888889 0.0163265306122449 0.047619047619047616
12 0.8336734693877552 0.38924963924963923 0.0163265306122449 0.048340548340548344
14 0.8846938775510205 0.4065656565656566 0.014285714285714287 0.00937950937950938
14 0.939795918367347 0.4069264069264069 0.014285714285714287 0.0101010101010101
12 0.8336734693877552 0.5064935064935064 0.0163265306122449 0.049062049062049064
12 0.09693877551020409 0.5064935064935064 0.014285714285714287 0.047619047619047616
12 0.47755102040816333 0.5068542568542569 0.0163265306122449 0.048340548340548344
12 0.09642857142857143 0.7702020202020202 0.015306122448979593 0.048340548340548344
12 0.576530612244898 0.7705627705627706 0.018367346938775512 0.047619047619047616
12 0.9224489795918368 0.7705627705627706 0.0163265306122449 0.047619047619047616
14 0.9734693877551022 0.8001443001443002 0.014285714285714287 0.0101010101010101
12 0.5760204081632654 0.8874458874458875 0.017346938775510204 0.049062049062049064
12 0.9219387755102042 0.8874458874458875 0.017346938775510204 0.049062049062049064
12 0.09642857142857143 0.8878066378066378 0.01326530612244898 0.048340548340548344
27 0.13010204081632654 0.12518037518037517 0.05204081632653062 0.051226551226551224
16 0.17704081632653063 0.1305916305916306 0.02142857142857143 0.03463203463203463
18 0.3852040816326531 0.11616161616161616 0.031632653061224494 0.012987012987012988
18 0.7306122448979593 0.11616161616161616 0.030612244897959186 0.012987012987012988
26 0.13214285714285715 0.386002886002886 0.047959183673469394 0.09235209235209235
16 0.17704081632653063 0.3813131313131313 0.02142857142857143 0.03391053391053391
75 0.238265306122449 0.39574314574314573 0.023469387755102045 0.06421356421356421
18 0.3306122448979592 0.36832611832611833 0.030612244897959186 0.013708513708513708
131 0.363265306122449 0.40584415584415584 0.02448979591836735 0.08585858585858586
129 0.39948979591836736 0.408008658008658 0.02959183673469388 0.09018759018759019
21 0.44489795918367353 0.4137806637806638 0.02448979591836735 0.025252525252525252
129 0.5051020408163266 0.4072871572871573 0.02448979591836735 0.08585858585858586
129 0.5474489795918368 0.4072871572871573 0.025510204081632654 0.0873015873015873
129 0.5903061224489796 0.4072871572871573 0.025510204081632654 0.09018759018759019
129 0.6306122448979592 0.4069264069264069 0.02653061224489796 0.08658008658008658
18 0.6556122448979592 0.36796536796536794 0.031632653061224494 0.012987012987012988
129 0.6760204081632654 0.408008658008658 0.023469387755102045 0.08585858585858586
160 0.717857142857143 0.4065656565656566 0.023469387755102045 0.0873015873015873
131 0.7612244897959184 0.4065656565656566 0.02448979591836735 0.0873015873015873
129 0.7969387755102042 0.4069264069264069 0.028571428571428574 0.08658008658008658
132 0.8612244897959185 0.3997113997113997 0.02448979591836735 0.0707070707070707
131 0.9137755102040818 0.40115440115440115 0.02959183673469388 0.07647907647907648
21 0.9719387755102041 0.41414141414141414 0.025510204081632654 0.025974025974025976
27 0.13010204081632654 0.5057720057720058 0.05204081632653062 0.050505050505050504
16 0.17704081632653063 0.5115440115440115 0.02142857142857143 0.03463203463203463
18 0.3306122448979592 0.4971139971139971 0.0326530612244898 0.012987012987012988
18 0.6556122448979592 0.4971139971139971 0.031632653061224494 0.012987012987012988
26 0.13214285714285715 0.7673160173160173 0.047959183673469394 0.09307359307359307
16 0.17704081632653063 0.7633477633477633 0.02142857142857143 0.03463203463203463
130 0.238265306122449 0.7867965367965368 0.023469387755102045 0.08297258297258298
131 0.28163265306122454 0.7871572871572872 0.02448979591836735 0.08658008658008658
130 0.32551020408163267 0.7878787878787878 0.02448979591836735 0.08658008658008658
129 0.36530612244897964 0.79004329004329 0.028571428571428574 0.08658008658008658
18 0.3801020408163266 0.7496392496392497 0.031632653061224494 0.012987012987012988
129 0.41224489795918373 0.7904040404040404 0.02448979591836735 0.09163059163059163
21 0.45612244897959187 0.7950937950937951 0.02448979591836735 0.025974025974025976
128 0.49744897959183676 0.7925685425685426 0.0336734693877551 0.09595959595959595
128 0.5392857142857144 0.7922077922077922 0.0336734693877551 0.09379509379509379
128 0.6040816326530613 0.7922077922077922 0.030612244897959186 0.09523809523809523
128 0.6474489795918368 0.7922077922077922 0.031632653061224494 0.09379509379509379
128 0.6913265306122449 0.7922077922077922 0.031632653061224494 0.09523809523809523
128 0.7331632653061225 0.7936507936507936 0.031632653061224494 0.09090909090909091
18 0.7494897959183674 0.7496392496392497 0.031632653061224494 0.012987012987012988
128 0.7785714285714287 0.7932900432900433 0.028571428571428574 0.09740259740259741
129 0.8214285714285715 0.7878787878787878 0.02448979591836735 0.08946608946608947
130 0.8872448979591837 0.7871572871572872 0.023469387755102045 0.08513708513708514
99 0.9500000000000001 0.7857142857142857 0.02448979591836735 0.0808080808080808
27 0.13010204081632654 0.887085137085137 0.05204081632653062 0.051226551226551224
16 0.17704081632653063 0.8928571428571429 0.02142857142857143 0.03535353535353535
18 0.3801020408163266 0.8784271284271284 0.031632653061224494 0.013708513708513708
18 0.7494897959183674 0.8784271284271284 0.031632653061224494 0.012265512265512266
