12 0.23907666941467437 0.1853146853146853 0.011541632316570486 0.039627039627039624
12 0.7493816982687551 0.18502331002331002 0.01483924154987634 0.03787878787878788
14 0.43446001648804616 0.17977855477855478 0.013190436933223413 0.008741258741258742
14 0.8103874690849134 0.18006993006993008 0.01483924154987634 0.009324009324009324
14 0.6327287716405606 0.21794871794871795 0.010717230008244023 0.009324009324009324
12 0.23866446826051113 0.28001165501165504 0.010717230008244023 0.03787878787878788
12 0.7493816982687551 0.28059440559440557 0.01483924154987634 0.03904428904428905
12 0.09645507007419621 0.5034965034965035 0.00989282769991756 0.04195804195804196
12 0.7654575432811213 0.502913752913753 0.015663643858202802 0.038461538461538464
14 0.8380049464138499 0.49796037296037293 0.014014839241549877 0.009906759906759906
14 0.25185490519373455 0.4988344988344988 0.01236603462489695 0.008158508158508158
12 0.7658697444352844 0.5979020979020979 0.01483924154987634 0.038461538461538464
12 0.09604286892003298 0.5979020979020979 0.010717230008244023 0.037296037296037296
12 0.09604286892003298 0.8216783216783217 0.01236603462489695 0.04079254079254079
12 0.77040395713108 0.8205128205128205 0.015663643858202802 0.038461538461538464
14 0.24196207749381698 0.8251748251748252 0.01236603462489695 0.008158508158508158
14 0.8314097279472382 0.8254662004662005 0.01236603462489695 0.008741258741258742
12 0.77040395713108 0.9157925407925408 0.015663643858202802 0.03904428904428905
12 0.09563066776586975 0.916083916083916 0.011541632316570486 0.037296037296037296
26 0.2679307502061006 0.18473193473193472 0.04286892003297609 0.08508158508158509
15 0.3099752679307502 0.16404428904428905 0.01978565539983512 0.041375291375291376
19 0.41055234954657877 0.18240093240093241 0.028029678483099753 0.01048951048951049
127 0.612118713932399 0.19318181818181818 0.02720527617477329 0.06118881118881119
164 0.7122835943940643 0.1789044289044289 0.021434460016488046 0.053613053613053616
75 0.7873042044517725 0.19085081585081584 0.023083264633140973 0.05419580419580419
27 0.27328936521022257 0.28146853146853146 0.05358615004122012 0.047785547785547784
15 0.31038746908491344 0.2692307692307692 0.018961253091508656 0.04079254079254079
18 0.5556471558120363 0.2733100233100233 0.03462489694971146 0.01282051282051282
26 0.12530915086562242 0.5026223776223776 0.04451772464962902 0.08566433566433566
15 0.16817807089859851 0.4828088578088578 0.01978565539983512 0.042540792540792544
75 0.22959604286892005 0.5081585081585082 0.023907666941467436 0.053613053613053616
104 0.6409727947238253 0.506993006993007 0.02225886232481451 0.05128205128205128
75 0.8157460840890355 0.5081585081585082 0.023907666941467436 0.054778554778554776
27 0.12943116240725475 0.5999417249417249 0.05276174773289365 0.04836829836829837
15 0.16694146743610883 0.587995337995338 0.018961253091508656 0.04195804195804196
17 0.19991755976916736 0.5891608391608392 0.015663643858202802 0.04428904428904429
16 0.20733718054410552 0.5539044289044289 0.015663643858202802 0.03205128205128205
15 0.6042868920032977 0.5836247086247086 0.018136850783182192 0.041375291375291376
15 0.7934872217642209 0.5824592074592074 0.020610057708161583 0.041375291375291376
26 0.12572135201978565 0.8202214452214452 0.04534212695795548 0.08566433566433566
15 0.16735366859027206 0.8001165501165501 0.01978565539983512 0.04195804195804196
74 0.22093981863149217 0.8161421911421911 0.023083264633140973 0.051864801864801864
103 0.6488046166529267 0.8266317016317016 0.023083264633140973 0.05419580419580419
74 0.8091508656224238 0.8161421911421911 0.02225886232481451 0.051864801864801864
27 0.1302555647155812 0.9181235431235432 0.05441055234954658 0.04836829836829837
15 0.16859027205276175 0.9058857808857809 0.023907666941467436 0.043706293706293704
15 0.494641384995878 0.9163752913752914 0.021434460016488046 0.042540792540792544
