12 0.9025510204081634 0.10245310245310245 0.017346938775510204 0.047619047619047616
14 0.5683673469387756 0.2215007215007215 0.012244897959183675 0.008658008658008658
12 0.9025510204081634 0.2510822510822511 0.017346938775510204 0.049062049062049064
12 0.0336734693877551 0.25144300144300147 0.014285714285714287 0.046897546897546896
12 0.6260204081632653 0.25144300144300147 0.017346938775510204 0.046897546897546896
12 0.3576530612244898 0.25216450216450215 0.015306122448979593 0.046897546897546896
14 0.5688775510204083 0.2691197691197691 0.01326530612244898 0.008658008658008658
14 0.6795918367346939 0.30627705627705626 0.012244897959183675 0.00937950937950938
14 0.6801020408163266 0.31782106782106784 0.01326530612244898 0.00937950937950938
14 0.7969387755102042 0.31782106782106784 0.012244897959183675 0.00937950937950938
14 0.7979591836734694 0.329004329004329 0.012244897959183675 0.008658008658008658
12 0.0336734693877551 0.35858585858585856 0.0163265306122449 0.047619047619047616
12 0.3576530612244898 0.35894660894660896 0.015306122448979593 0.048340548340548344
12 0.9020408163265307 0.35894660894660896 0.018367346938775512 0.048340548340548344
12 0.6255102040816327 0.3593073593073593 0.0163265306122449 0.047619047619047616
14 0.6790816326530613 0.3409090909090909 0.01326530612244898 0.00937950937950938
14 0.7974489795918368 0.3409090909090909 0.01326530612244898 0.00937950937950938
14 0.4025510204081633 0.47799422799422797 0.011224489795918368 0.007936507936507936
12 0.9020408163265307 0.5072150072150072 0.0163265306122449 0.050505050505050504
12 0.04591836734693878 0.5075757575757576 0.0163265306122449 0.048340548340548344
12 0.35000000000000003 0.5079365079365079 0.0163265306122449 0.049062049062049064
12 0.6188775510204082 0.5075757575757576 0.017346938775510204 0.048340548340548344
14 0.4025510204081633 0.5014430014430015 0.011224489795918368 0.008658008658008658
14 0.4025510204081633 0.5144300144300145 0.011224489795918368 0.008658008658008658
12 0.6183673469387756 0.6284271284271284 0.0163265306122449 0.049062049062049064
12 0.9020408163265307 0.6287878787878788 0.0163265306122449 0.049783549783549784
12 0.045408163265306126 0.6284271284271284 0.015306122448979593 0.047619047619047616
12 0.3494897959183674 0.6284271284271284 0.017346938775510204 0.047619047619047616
12 0.903061224489796 0.7777777777777778 0.0163265306122449 0.049062049062049064
12 0.047959183673469394 0.7774170274170275 0.014285714285714287 0.046897546897546896
12 0.31734693877551023 0.7774170274170275 0.0163265306122449 0.046897546897546896
12 0.588265306122449 0.7777777777777778 0.015306122448979593 0.047619047619047616
12 0.3178571428571429 0.8957431457431457 0.015306122448979593 0.048340548340548344
12 0.5887755102040817 0.8953823953823954 0.014285714285714287 0.047619047619047616
12 0.903061224489796 0.8961038961038961 0.0163265306122449 0.049062049062049064
12 0.04693877551020409 0.8961038961038961 0.014285714285714287 0.047619047619047616
14 0.09693877551020409 0.8780663780663781 0.012244897959183675 0.008658008658008658
14 0.3673469387755102 0.88997113997114 0.012244897959183675 0.00937950937950938
14 0.36683673469387756 0.9253246753246753 0.011224489795918368 0.00937950937950938
14 0.09693877551020409 0.9256854256854257 0.010204081632653062 0.008658008658008658
21 0.010204081632653062 0.22727272727272727 0.018367346938775512 0.023088023088023088
17 0.04642857142857143 0.23412698412698413 0.011224489795918368 0.022366522366522368
17 0.04642857142857143 0.27525252525252525 0.011224489795918368 0.022366522366522368
16 0.3760204081632653 0.2564935064935065 0.017346938775510204 0.032467532467532464
16 0.376530612244898 0.2132034632034632 0.018367346938775512 0.032467532467532464
17 0.478061224489796 0.2745310245310245 0.015306122448979593 0.03391053391053391
17 0.47908163265306125 0.2334054834054834 0.017346938775510204 0.03391053391053391
107 0.6576530612244899 0.24855699855699856 0.025510204081632654 0.056998556998557
138 0.7290816326530613 0.24891774891774893 0.025510204081632654 0.05772005772005772
138 0.7760204081632653 0.24855699855699856 0.025510204081632654 0.056998556998557
139 0.8229591836734694 0.24567099567099568 0.025510204081632654 0.06277056277056277
138 0.8653061224489796 0.2481962481962482 0.03469387755102041 0.05772005772005772
21 0.010204081632653062 0.33585858585858586 0.018367346938775512 0.022366522366522368
16 0.638265306122449 0.4704184704184704 0.01938775510204082 0.03318903318903319
131 0.07755102040816328 0.5075757575757576 0.030612244897959186 0.051226551226551224
131 0.11938775510204083 0.5075757575757576 0.02653061224489796 0.051226551226551224
133 0.1709183673469388 0.5075757575757576 0.025510204081632654 0.051226551226551224
135 0.2198979591836735 0.5140692640692641 0.025510204081632654 0.06421356421356421
133 0.26275510204081637 0.5137085137085137 0.025510204081632654 0.06349206349206349
135 0.30969387755102046 0.5140692640692641 0.031632653061224494 0.06421356421356421
21 0.0739795918367347 0.6042568542568543 0.02142857142857143 0.022366522366522368
136 0.11938775510204083 0.6287878787878788 0.02448979591836735 0.05266955266955267
138 0.16479591836734694 0.6262626262626263 0.031632653061224494 0.05772005772005772
140 0.22040816326530616 0.6194083694083694 0.02653061224489796 0.06998556998556998
138 0.26275510204081637 0.6262626262626263 0.023469387755102045 0.05772005772005772
140 0.3102040816326531 0.6197691197691197 0.03469387755102041 0.06926406926406926
143 0.38112244897959185 0.6111111111111112 0.031632653061224494 0.08513708513708514
140 0.42346938775510207 0.6201298701298701 0.02653061224489796 0.06854256854256854
138 0.4627551020408164 0.6259018759018758 0.031632653061224494 0.056998556998557
105 0.5096938775510205 0.6316738816738817 0.025510204081632654 0.056998556998557
21 0.5811224489795919 0.6046176046176046 0.02142857142857143 0.023088023088023088
17 0.6392857142857143 0.623015873015873 0.017346938775510204 0.03535353535353535
17 0.639795918367347 0.6648629148629148 0.0163265306122449 0.03391053391053391
21 0.013775510204081635 0.7532467532467533 0.02142857142857143 0.023088023088023088
21 0.07448979591836735 0.7525252525252525 0.022448979591836737 0.023088023088023088
21 0.276530612244898 0.7525252525252525 0.020408163265306124 0.023088023088023088
21 0.3448979591836735 0.7525252525252525 0.020408163265306124 0.023088023088023088
21 0.5474489795918368 0.7525252525252525 0.02142857142857143 0.023088023088023088
128 0.6188775510204082 0.786075036075036 0.03571428571428572 0.06854256854256854
127 0.6637755102040817 0.788961038961039 0.02959183673469388 0.07287157287157287
126 0.7081632653061225 0.7914862914862915 0.030612244897959186 0.08225108225108226
16 0.7377551020408164 0.8181818181818182 0.0163265306122449 0.031746031746031744
126 0.7653061224489797 0.7918470418470418 0.03469387755102041 0.08152958152958154
125 0.8096938775510205 0.7940115440115441 0.031632653061224494 0.08585858585858586
16 0.8377551020408164 0.823953823953824 0.0163265306122449 0.031746031746031744
125 0.8637755102040817 0.7940115440115441 0.02959183673469388 0.08585858585858586
21 0.013775510204081635 0.8715728715728716 0.02142857142857143 0.023088023088023088
17 0.2556122448979592 0.8892496392496393 0.017346938775510204 0.03535353535353535
17 0.2556122448979592 0.9310966810966811 0.015306122448979593 0.03391053391053391
133 0.6204081632653062 0.8892496392496393 0.0326530612244898 0.06132756132756133
132 0.6627551020408163 0.8914141414141414 0.025510204081632654 0.05988455988455989
131 0.7076530612244899 0.8935786435786436 0.025510204081632654 0.05844155844155844
16 0.7377551020408164 0.9062049062049062 0.0163265306122449 0.03318903318903319
131 0.7668367346938776 0.8961038961038961 0.031632653061224494 0.050505050505050504
130 0.8081632653061225 0.898989898989899 0.02653061224489796 0.05772005772005772
16 0.8382653061224491 0.9126984126984127 0.015306122448979593 0.031746031746031744
130 0.8637755102040817 0.8986291486291487 0.025510204081632654 0.056998556998557
