6 0.32908163265306123 0.2067099567099567 0.04183673469387755 0.05555555555555555
12 0.23877551020408166 0.22077922077922077 0.014285714285714287 0.050505050505050504
12 0.7000000000000001 0.22077922077922077 0.018367346938775512 0.049062049062049064
12 0.9938775510204082 0.22113997113997114 0.010204081632653062 0.048340548340548344
12 0.2392857142857143 0.34704184704184704 0.015306122448979593 0.049062049062049064
12 0.7000000000000001 0.3466810966810967 0.0163265306122449 0.048340548340548344
12 0.9933673469387756 0.3466810966810967 0.011224489795918368 0.048340548340548344
12 0.2392857142857143 0.4725829725829726 0.015306122448979593 0.049062049062049064
12 0.7000000000000001 0.4725829725829726 0.0163265306122449 0.047619047619047616
12 0.9943877551020409 0.4725829725829726 0.011224489795918368 0.047619047619047616
12 0.24030612244897961 0.5988455988455988 0.017346938775510204 0.050505050505050504
12 0.9943877551020409 0.5981240981240982 0.011224489795918368 0.047619047619047616
12 0.7005102040816327 0.5984848484848485 0.015306122448979593 0.046897546897546896
6 0.18571428571428572 0.8484848484848485 0.04081632653061225 0.05627705627705628
12 0.09591836734693879 0.8647186147186147 0.012244897959183675 0.049783549783549784
12 0.49591836734693884 0.8650793650793651 0.0163265306122449 0.047619047619047616
12 0.7841836734693878 0.8650793650793651 0.015306122448979593 0.047619047619047616
26 0.2719387755102041 0.21897546897546896 0.047959183673469394 0.08874458874458875
79 0.44030612244897965 0.2178932178932179 0.02755102040816327 0.05772005772005772
78 0.5739795918367347 0.22041847041847043 0.02755102040816327 0.051226551226551224
77 0.7357142857142858 0.2233044733044733 0.02653061224489796 0.056998556998557
26 0.27346938775510204 0.3445165945165945 0.0489795918367347 0.09018759018759019
18 0.5464285714285715 0.338023088023088 0.03571428571428572 0.013708513708513708
18 0.8484693877551022 0.33694083694083693 0.0336734693877551 0.012987012987012988
26 0.2724489795918368 0.47005772005772006 0.04693877551020409 0.09018759018759019
18 0.5459183673469388 0.46356421356421357 0.036734693877551024 0.015151515151515152
18 0.8479591836734695 0.46320346320346323 0.03469387755102041 0.01443001443001443
27 0.2724489795918368 0.5974025974025974 0.0489795918367347 0.050505050505050504
75 0.439795918367347 0.604978354978355 0.02653061224489796 0.0670995670995671
72 0.5755102040816327 0.5984848484848485 0.028571428571428574 0.05266955266955267
73 0.7367346938775511 0.5955988455988456 0.028571428571428574 0.05555555555555555
15 0.8438775510204083 0.6284271284271284 0.022448979591836737 0.03751803751803752
70 0.8719387755102042 0.6031746031746031 0.02755102040816327 0.06204906204906205
26 0.12908163265306125 0.8632756132756133 0.04591836734693878 0.09018759018759019
75 0.24336734693877554 0.8722943722943723 0.025510204081632654 0.06637806637806638
73 0.3744897959183674 0.8593073593073594 0.028571428571428574 0.06060606060606061
73 0.5316326530612245 0.8621933621933622 0.028571428571428574 0.05627705627705628
72 0.6607142857142858 0.8647186147186147 0.02755102040816327 0.05266955266955267
73 0.8193877551020409 0.8618326118326118 0.028571428571428574 0.056998556998557
71 0.9484693877551021 0.8676046176046176 0.02755102040816327 0.05844155844155844
15 0.9193877551020408 0.983044733044733 0.022448979591836737 0.03391053391053391
