14 0.29683257918552036 0.08253358925143954 0.01085972850678733 0.008957133717210491
14 0.29638009049773756 0.0927703134996801 0.011764705882352941 0.008957133717210491
1 0.2067873303167421 0.12539987204094688 0.053393665158371045 0.053742802303262956
13 0.14434389140271495 0.1404350607805502 0.02262443438914027 0.042866282789507354
12 0.9027149321266968 0.1404350607805502 0.015384615384615385 0.042866282789507354
13 0.36877828054298645 0.14075495841330773 0.02262443438914027 0.04222648752399232
12 0.5565610859728507 0.14075495841330773 0.01809954751131222 0.04222648752399232
14 0.29683257918552036 0.21337172104926422 0.01085972850678733 0.009596928982725527
1 0.2067873303167421 0.2456813819577735 0.05158371040723982 0.053742802303262956
13 0.14389140271493214 0.2607165706973768 0.023529411764705882 0.042866282789507354
13 0.36877828054298645 0.2607165706973768 0.024434389140271493 0.042866282789507354
12 0.5561085972850679 0.2607165706973768 0.01900452488687783 0.042866282789507354
12 0.9036199095022625 0.26039667306461933 0.015384615384615385 0.04222648752399232
14 0.29728506787330317 0.25559820857325655 0.011764705882352941 0.009596928982725527
12 0.9031674208144796 0.37172104926423544 0.014479638009049774 0.04350607805502239
13 0.14389140271493214 0.37204094689699296 0.023529411764705882 0.042866282789507354
14 0.29683257918552036 0.3560460652591171 0.01085972850678733 0.010876519513755598
13 0.36877828054298645 0.37204094689699296 0.024434389140271493 0.042866282789507354
12 0.5561085972850679 0.37172104926423544 0.017194570135746608 0.04222648752399232
14 0.29683257918552036 0.3659628918746001 0.01085972850678733 0.008957133717210491
1 0.2067873303167421 0.5121561100447857 0.053393665158371045 0.05438259756877799
1 0.4153846153846154 0.5124760076775432 0.05248868778280543 0.052463211772232884
13 0.14389140271493214 0.5131158029430583 0.023529411764705882 0.04350607805502239
13 0.36877828054298645 0.5131158029430583 0.02262443438914027 0.04350607805502239
12 0.5570135746606335 0.5134357005758157 0.017194570135746608 0.042866282789507354
12 0.9031674208144796 0.5134357005758157 0.014479638009049774 0.042866282789507354
14 0.4900452488687783 0.5287907869481766 0.00995475113122172 0.008317338451695458
1 0.2072398190045249 0.6161228406909789 0.05429864253393665 0.05502239283429303
13 0.14389140271493214 0.6212412028150991 0.023529411764705882 0.04350607805502239
13 0.36968325791855206 0.6218809980806141 0.026244343891402715 0.04350607805502239
12 0.5565610859728507 0.6215611004478566 0.016289592760180997 0.042866282789507354
12 0.9027149321266968 0.6218809980806141 0.015384615384615385 0.04350607805502239
13 0.14389140271493214 0.7565579014715291 0.023529411764705882 0.042866282789507354
13 0.36832579185520364 0.7565579014715291 0.023529411764705882 0.042866282789507354
12 0.9031674208144796 0.7568777991042867 0.016289592760180997 0.04350607805502239
12 0.5561085972850679 0.7568777991042867 0.017194570135746608 0.04222648752399232
13 0.14434389140271495 0.8650031989763275 0.024434389140271493 0.04350607805502239
13 0.36787330316742084 0.8650031989763275 0.024434389140271493 0.04350607805502239
12 0.5561085972850679 0.865323096609085 0.017194570135746608 0.042866282789507354
12 0.902262443438914 0.8656429942418425 0.016289592760180997 0.04350607805502239
13 0.14389140271493214 0.9731285988483684 0.025339366515837104 0.04222648752399232
12 0.5556561085972851 0.973448496481126 0.01809954751131222 0.042866282789507354
13 0.36968325791855206 0.974088291746641 0.026244343891402715 0.042866282789507354
12 0.902262443438914 0.9737683941138835 0.016289592760180997 0.04222648752399232
6 0.1986425339366516 0.35924504158669224 0.03891402714932127 0.05054382597568778
139 0.02398190045248869 0.12284069097888675 0.02262443438914027 0.0818937939859245
17 0.04479638009049774 0.10364683301343569 0.015384615384615385 0.035828534868841966
17 0.16923076923076924 0.14139475367882276 0.016289592760180997 0.035828534868841966
21 0.3226244343891403 0.1199616122840691 0.01900452488687783 0.02111324376199616
18 0.34705882352941175 0.12252079334612924 0.02986425339366516 0.012156110044785668
20 0.5886877828054299 0.11708253358925144 0.01900452488687783 0.03198976327575176
20 0.616289592760181 0.11772232885476647 0.01990950226244344 0.03198976327575176
21 0.6828054298642534 0.11932181701855406 0.01900452488687783 0.02111324376199616
136 0.711764705882353 0.14267434420985284 0.02262443438914027 0.04990403071017274
17 0.7316742081447964 0.1199616122840691 0.013574660633484163 0.035188739603326934
138 0.7524886877828054 0.1381957773512476 0.02262443438914027 0.05118362124120281
139 0.7828054298642534 0.13563659628918745 0.02171945701357466 0.05630198336532309
141 0.8117647058823529 0.13051823416506717 0.023529411764705882 0.06653870761356366
143 0.8402714932126697 0.12507997440818938 0.026244343891402715 0.07613563659628919
17 0.8642533936651584 0.08253358925143954 0.016289592760180997 0.035828534868841966
17 0.16877828054298644 0.26103646833013433 0.01900452488687783 0.035828534868841966
21 0.3226244343891403 0.24056301983365322 0.01900452488687783 0.021753039027511197
18 0.34705882352941175 0.24280230326295585 0.02986425339366516 0.012156110044785668
19 0.5932126696832579 0.23576455534229046 0.03529411764705882 0.01599488163787588
20 0.6819004524886878 0.23736404350607804 0.020814479638009052 0.03326935380678183
20 0.7502262443438914 0.23736404350607804 0.01990950226244344 0.03326935380678183
20 0.8090497737556561 0.23704414587332054 0.02171945701357466 0.03390914907229686
15 0.25384615384615383 0.36116442738323734 0.020814479638009052 0.03390914907229686
21 0.3226244343891403 0.3515674984005118 0.01900452488687783 0.02111324376199616
18 0.34705882352941175 0.3534868841970569 0.02986425339366516 0.012156110044785668
20 0.5886877828054299 0.3493282149712092 0.01900452488687783 0.030710172744721688
21 0.6171945701357466 0.35092770313499677 0.01809954751131222 0.02111324376199616
132 0.6542986425339367 0.37939859245041585 0.02171945701357466 0.060140754958413305
134 0.6846153846153846 0.37651951375559817 0.020814479638009052 0.05438259756877799
137 0.7090497737556561 0.3749200255918106 0.026244343891402715 0.05118362124120281
139 0.753393665158371 0.37076135636596286 0.02262443438914027 0.06461932181701856
15 0.7592760180995476 0.37651951375559817 0.01809954751131222 0.03390914907229686
133 0.7819004524886878 0.3781190019193858 0.023529411764705882 0.05630198336532309
135 0.8113122171945701 0.37747920665387075 0.02262443438914027 0.05630198336532309
137 0.8384615384615385 0.3768394113883557 0.028054298642533938 0.05630198336532309
17 0.16877828054298644 0.5079974408189379 0.017194570135746608 0.0345489443378119
18 0.3904977375565611 0.49456174024312216 0.02986425339366516 0.012795905310300703
100 0.46968325791855203 0.5246321177223289 0.023529411764705882 0.07037747920665387
21 0.5076923076923077 0.5339091490722968 0.01990950226244344 0.022392834293026232
19 0.5312217194570136 0.5156749840051184 0.03257918552036199 0.015355086372360844
20 0.5882352941176471 0.4910428662827895 0.01990950226244344 0.03262955854126679
21 0.6158371040723982 0.4932821497120921 0.015384615384615385 0.021753039027511197
17 0.6348416289592761 0.5028790786948176 0.013574660633484163 0.0345489443378119
136 0.6552036199095023 0.5137555982085732 0.02171945701357466 0.0473448496481126
138 0.6841628959276018 0.5108765195137556 0.02171945701357466 0.05054382597568778
141 0.7099547511312218 0.5022392834293026 0.02986425339366516 0.06653870761356366
17 0.732579185520362 0.46673064619321813 0.013574660633484163 0.036468330134357005
112 0.753393665158371 0.4971209213051823 0.026244343891402715 0.07677543186180422
20 0.8095022624434389 0.49008317338451696 0.020814479638009052 0.03326935380678183
17 0.16923076923076924 0.6324376199616123 0.01990950226244344 0.036468330134357005
18 0.3932126696832579 0.6138835572616762 0.03167420814479638 0.013435700575815739
18 0.730316742081448 0.6138835572616762 0.03257918552036199 0.012156110044785668
99 0.2755656108597285 0.7703134996801023 0.020814479638009052 0.07165706973768393
20 0.3067873303167421 0.7341650671785028 0.01990950226244344 0.03262955854126679
18 0.34615384615384615 0.7386436340371081 0.02986425339366516 0.012156110044785668
18 0.730316742081448 0.7383237364043506 0.03257918552036199 0.012795905310300703
16 0.25384615384615383 0.8378119001919385 0.015384615384615385 0.030070377479206652
107 0.27692307692307694 0.86340371081254 0.02171945701357466 0.051823416506717845
20 0.3063348416289593 0.8432501599488164 0.01900452488687783 0.03198976327575176
18 0.34751131221719456 0.8470889315419066 0.03076923076923077 0.012795905310300703
18 0.730316742081448 0.8470889315419066 0.03257918552036199 0.014075495841330773
18 0.3932126696832579 0.9561740243122201 0.03167420814479638 0.013435700575815739
18 0.7298642533936652 0.955534229046705 0.03167420814479638 0.013435700575815739
141 0.0669683257918552 0.1183621241202815 0.023529411764705882 0.08957133717210493
112 0.09638009049773756 0.11164427383237363 0.028054298642533938 0.10172744721689059
