8 0.1979591836734694 0.06493506493506493 0.07142857142857144 0.06349206349206349
12 0.09693877551020409 0.06818181818181818 0.0163265306122449 0.049783549783549784
12 0.663265306122449 0.06818181818181818 0.018367346938775512 0.048340548340548344
8 0.19846938775510206 0.18073593073593072 0.07040816326530613 0.06132756132756133
12 0.6627551020408163 0.18831168831168832 0.017346938775510204 0.049062049062049064
12 0.09693877551020409 0.18867243867243869 0.014285714285714287 0.048340548340548344
12 0.6612244897959184 0.4837662337662338 0.020408163265306124 0.048340548340548344
12 0.09642857142857143 0.48412698412698413 0.015306122448979593 0.047619047619047616
8 0.1979591836734694 0.49422799422799424 0.07142857142857144 0.05916305916305916
12 0.6602040816326531 0.6035353535353535 0.020408163265306124 0.049783549783549784
12 0.09693877551020409 0.6042568542568543 0.0163265306122449 0.049783549783549784
8 0.19744897959183674 0.6143578643578643 0.06836734693877551 0.05988455988455989
8 0.1979591836734694 0.7481962481962482 0.07142857142857144 0.06349206349206349
12 0.09693877551020409 0.7518037518037518 0.0163265306122449 0.049062049062049064
12 0.6602040816326531 0.7521645021645021 0.020408163265306124 0.049783549783549784
8 0.1979591836734694 0.8658008658008658 0.06938775510204082 0.05772005772005772
12 0.6602040816326531 0.8715728715728716 0.018367346938775512 0.049062049062049064
12 0.09693877551020409 0.8726551226551227 0.014285714285714287 0.048340548340548344
34 0.12806122448979593 0.06313131313131314 0.047959183673469394 0.06421356421356421
15 0.26173469387755105 0.06132756132756133 0.01938775510204082 0.03318903318903319
135 0.2872448979591837 0.06204906204906205 0.02755102040816327 0.06349206349206349
133 0.32704081632653065 0.06421356421356421 0.023469387755102045 0.05772005772005772
105 0.37500000000000006 0.0707070707070707 0.023469387755102045 0.05772005772005772
101 0.4908163265306123 0.06457431457431458 0.022448979591836737 0.056998556998557
103 0.5816326530612246 0.07539682539682539 0.022448979591836737 0.06565656565656566
99 0.7081632653061225 0.07034632034632035 0.02448979591836735 0.056998556998557
98 0.7974489795918368 0.0735930735930736 0.023469387755102045 0.06349206349206349
98 0.8806122448979593 0.0735930735930736 0.02448979591836735 0.06349206349206349
15 0.9551020408163267 0.10317460317460317 0.018367346938775512 0.03318903318903319
97 0.9775510204081633 0.07611832611832611 0.02448979591836735 0.0670995670995671
27 0.12653061224489798 0.17965367965367965 0.04693877551020409 0.03607503607503607
105 0.2841836734693878 0.19227994227994227 0.023469387755102045 0.05844155844155844
104 0.3744897959183674 0.19480519480519481 0.022448979591836737 0.06349206349206349
103 0.4892857142857143 0.19624819624819625 0.02142857142857143 0.06637806637806638
102 0.5821428571428572 0.18145743145743146 0.02142857142857143 0.06132756132756133
15 0.6841836734693878 0.1994949494949495 0.02142857142857143 0.03391053391053391
101 0.7081632653061225 0.18506493506493507 0.020408163265306124 0.056998556998557
133 0.8025510204081633 0.18145743145743146 0.02755102040816327 0.06277056277056277
131 0.8408163265306123 0.1847041847041847 0.020408163265306124 0.05916305916305916
98 0.8831632653061225 0.1937229437229437 0.02142857142857143 0.06277056277056277
99 0.9770408163265307 0.19083694083694083 0.023469387755102045 0.056998556998557
33 0.12959183673469388 0.49386724386724384 0.04693877551020409 0.07431457431457432
109 0.2795918367346939 0.4754689754689755 0.02448979591836735 0.06782106782106782
106 0.3760204081632653 0.48304473304473305 0.023469387755102045 0.051226551226551224
81 0.4755102040816327 0.4743867243867244 0.028571428571428574 0.06998556998556998
109 0.6913265306122449 0.4751082251082251 0.023469387755102045 0.0670995670995671
139 0.7989795918367347 0.47799422799422797 0.020408163265306124 0.06132756132756133
138 0.839795918367347 0.48088023088023085 0.030612244897959186 0.05555555555555555
108 0.8908163265306124 0.47763347763347763 0.020408163265306124 0.06204906204906205
33 0.12959183673469388 0.613997113997114 0.0489795918367347 0.07503607503607504
135 0.27908163265306124 0.6096681096681097 0.02142857142857143 0.06493506493506493
136 0.32704081632653065 0.6107503607503607 0.02142857142857143 0.06565656565656566
135 0.3755102040816327 0.6114718614718615 0.022448979591836737 0.0670995670995671
134 0.4214285714285715 0.6121933621933622 0.028571428571428574 0.06854256854256854
133 0.47704081632653067 0.5977633477633477 0.02959183673469388 0.06421356421356421
134 0.5219387755102042 0.5977633477633477 0.023469387755102045 0.06421356421356421
135 0.5698979591836735 0.5974025974025974 0.023469387755102045 0.06349206349206349
133 0.616326530612245 0.5974025974025974 0.022448979591836737 0.06349206349206349
134 0.6903061224489797 0.6107503607503607 0.023469387755102045 0.0670995670995671
15 0.7275510204081633 0.5977633477633477 0.020408163265306124 0.03535353535353535
135 0.7469387755102042 0.6096681096681097 0.028571428571428574 0.06349206349206349
105 0.7989795918367347 0.6060606060606061 0.022448979591836737 0.05627705627705628
105 0.8923469387755103 0.6064213564213564 0.023469387755102045 0.05844155844155844
17 0.9709183673469388 0.5963203463203464 0.01938775510204082 0.03535353535353535
34 0.12908163265306125 0.746031746031746 0.047959183673469394 0.06204906204906205
18 0.44336734693877555 0.7424242424242424 0.031632653061224494 0.012987012987012988
18 0.8693877551020409 0.7424242424242424 0.0326530612244898 0.012987012987012988
27 0.1285714285714286 0.8719336219336219 0.04693877551020409 0.051226551226551224
20 0.27755102040816326 0.8665223665223665 0.022448979591836737 0.03463203463203463
129 0.37959183673469393 0.876984126984127 0.028571428571428574 0.06277056277056277
130 0.42602040816326536 0.8748196248196248 0.023469387755102045 0.056998556998557
131 0.47602040816326535 0.8704906204906205 0.02755102040816327 0.05555555555555555
132 0.5214285714285715 0.8694083694083694 0.022448979591836737 0.05772005772005772
133 0.5704081632653062 0.8676046176046176 0.022448979591836737 0.06132756132756133
134 0.6183673469387756 0.8661616161616161 0.022448979591836737 0.06421356421356421
135 0.6908163265306123 0.8748196248196248 0.022448979591836737 0.05844155844155844
136 0.7484693877551021 0.8751803751803752 0.02142857142857143 0.05772005772005772
137 0.7984693877551021 0.8744588744588745 0.023469387755102045 0.05627705627705628
135 0.8413265306122449 0.8744588744588745 0.02755102040816327 0.05627705627705628
133 0.891326530612245 0.8791486291486291 0.02142857142857143 0.06565656565656566
136 0.9418367346938776 0.8777056277056277 0.022448979591836737 0.06277056277056277
135 0.9908163265306124 0.8755411255411255 0.018367346938775512 0.05844155844155844
