12 0.09600925390399075 0.013087934560327199 0.009253903990746095 0.025357873210633947
12 0.6457489878542509 0.013087934560327199 0.01214574898785425 0.025357873210633947
14 0.5818392134181607 0.008588957055214725 0.008097165991902834 0.0057259713701431495
12 0.09600925390399075 0.0801635991820041 0.009253903990746095 0.027811860940695297
12 0.6457489878542509 0.0801635991820041 0.01214574898785425 0.027811860940695297
14 0.5294968189705032 0.0834355828220859 0.007518796992481203 0.0049079754601227
12 0.49942163100057835 0.24662576687116564 0.013302486986697512 0.027811860940695297
12 0.8661075766338924 0.24662576687116564 0.013302486986697512 0.027811860940695297
12 0.09600925390399075 0.24703476482617587 0.009253903990746095 0.027811860940695297
12 0.09600925390399075 0.31492842535787324 0.009253903990746095 0.027811860940695297
12 0.49942163100057835 0.3147239263803681 0.01214574898785425 0.027402862985685072
12 0.866685945633314 0.31492842535787324 0.01214574898785425 0.027811860940695297
14 0.8155002891844997 0.3114519427402863 0.008097165991902834 0.006952965235173824
14 0.44939271255060725 0.3116564417177914 0.008097165991902834 0.006543967280163599
14 0.2981492192018508 0.31820040899795504 0.008675534991324464 0.007361963190184049
14 0.6642567958357432 0.3184049079754601 0.008675534991324464 0.006952965235173824
14 0.534412955465587 0.3184049079754601 0.008097165991902834 0.006134969325153374
14 0.9016772700983227 0.3184049079754601 0.008097165991902834 0.006134969325153374
14 0.16772700983227298 0.31820040899795504 0.006940427993059571 0.0049079754601227
14 0.3626373626373626 0.3249488752556237 0.008097165991902834 0.006952965235173824
14 0.5997686524002313 0.32474437627811864 0.008097165991902834 0.006543967280163599
14 0.9667437825332561 0.325357873210634 0.008675534991324464 0.007770961145194274
14 0.23308270676691728 0.3245398773006135 0.006940427993059571 0.005316973415132925
14 0.7290341237709659 0.32515337423312884 0.008675534991324464 0.006543967280163599
14 0.9016772700983227 0.3249488752556237 0.008097165991902834 0.006134969325153374
14 0.16772700983227298 0.3245398773006135 0.006940427993059571 0.004498977505112475
14 0.534412955465587 0.3249488752556237 0.008097165991902834 0.005316973415132925
12 0.866685945633314 0.3983640081799591 0.013302486986697512 0.027811860940695297
12 0.09572006940427992 0.39877300613496935 0.009832272990167727 0.027811860940695297
12 0.4997108155002892 0.39897750511247443 0.013880855986119142 0.027402862985685072
12 0.09600925390399075 0.4703476482617587 0.009253903990746095 0.027811860940695297
12 0.8661075766338924 0.4703476482617587 0.01214574898785425 0.027811860940695297
12 0.4991324465008675 0.4705521472392638 0.012724117987275881 0.027402862985685072
12 0.09572006940427992 0.6372188139059305 0.008675534991324464 0.027811860940695297
12 0.5601503759398496 0.6370143149284254 0.01214574898785425 0.027402862985685072
12 0.9887218045112781 0.6370143149284254 0.01214574898785425 0.027402862985685072
12 0.35540775014459225 0.6404907975460122 0.008675534991324464 0.0212678936605317
12 0.09572006940427992 0.7053169734151329 0.008675534991324464 0.02822085889570552
12 0.5598611914401388 0.7053169734151329 0.012724117987275881 0.027402862985685072
12 0.9884326200115673 0.7053169734151329 0.01156737998843262 0.027402862985685072
12 0.09543088490456911 0.789161554192229 0.009253903990746095 0.02822085889570552
12 0.5598611914401388 0.789161554192229 0.013880855986119142 0.02822085889570552
12 0.9887218045112781 0.7889570552147239 0.010989010989010988 0.026993865030674847
12 0.09600925390399075 0.8572597137014315 0.009253903990746095 0.027811860940695297
12 0.561017929438982 0.8568507157464212 0.013880855986119142 0.026993865030674847
12 0.9881434355118565 0.8570552147239264 0.010989010989010988 0.027402862985685072
27 0.11422787738577211 0.07995910020449898 0.028340080971659916 0.03067484662576687
161 0.16570271833429728 0.07995910020449898 0.020242914979757085 0.02985685071574642
162 0.19693464430306534 0.0801635991820041 0.014459224985540774 0.029447852760736196
159 0.22729901677270098 0.08323108384458078 0.015037593984962405 0.03640081799591002
160 0.25939849624060146 0.08139059304703476 0.015615962984384037 0.032719836400818
128 0.2891844997108155 0.08486707566462168 0.01850780798149219 0.03967280163599182
128 0.35425101214574894 0.0850715746421268 0.019086176980913822 0.0392638036809816
161 0.42192018507807977 0.07975460122699386 0.020242914979757085 0.029447852760736196
160 0.45257374204742623 0.08139059304703476 0.015615962984384037 0.03353783231083845
161 0.48467322151532677 0.07955010224948876 0.016194331983805668 0.02985685071574642
132 0.5179294389820706 0.07955010224948876 0.014459224985540774 0.03067484662576687
132 0.5962984384037016 0.07893660531697341 0.013880855986119142 0.03190184049079755
215 0.6798727588201272 0.08936605316973416 0.014459224985540774 0.04785276073619632
216 0.6998264893001734 0.08895705521472393 0.015037593984962405 0.04785276073619632
215 0.7186234817813765 0.08875255623721881 0.014459224985540774 0.046625766871165646
216 0.7379988432620012 0.08875255623721881 0.015037593984962405 0.047443762781186095
215 0.7570850202429149 0.08936605316973416 0.013880855986119142 0.04703476482617587
216 0.7764603817235396 0.08895705521472393 0.014459224985540774 0.04785276073619632
215 0.7949681897050318 0.08936605316973416 0.014459224985540774 0.04703476482617587
216 0.8146327356853672 0.08895705521472393 0.014459224985540774 0.04703476482617587
215 0.8331405436668594 0.08895705521472393 0.014459224985540774 0.04703476482617587
216 0.852515905147484 0.08916155419222904 0.015037593984962405 0.047443762781186095
215 0.8716020821283978 0.08895705521472393 0.013880855986119142 0.04621676891615542
216 0.8909774436090225 0.08916155419222904 0.014459224985540774 0.047443762781186095
215 0.9097744360902255 0.08957055214723926 0.013880855986119142 0.047443762781186095
216 0.9291497975708501 0.08916155419222904 0.014459224985540774 0.047443762781186095
215 0.948235974551764 0.08895705521472393 0.014459224985540774 0.04703476482617587
216 0.9676113360323886 0.08875255623721881 0.015037593984962405 0.047443762781186095
215 0.9866975130133024 0.08854805725971371 0.013880855986119142 0.04621676891615542
26 0.1139386928860613 0.247239263803681 0.025448235974551762 0.04785276073619632
22 0.15644881434355118 0.2492842535787321 0.014459224985540774 0.020040899795501024
131 0.2640254482359745 0.24335378323108384 0.015615962984384037 0.03680981595092025
134 0.3507807981492192 0.24314928425357873 0.014459224985540774 0.03640081799591002
133 0.3941584731058415 0.24355828220858897 0.015615962984384037 0.03640081799591002
17 0.42365529207634467 0.25030674846625767 0.010989010989010988 0.0212678936605317
133 0.4375361480624638 0.24376278118609407 0.014459224985540774 0.03517382413087935
163 0.4803354540196645 0.24314928425357873 0.014459224985540774 0.03721881390593047
22 0.5225563909774436 0.25010224948875254 0.014459224985540774 0.020040899795501024
131 0.6304222093695777 0.24355828220858897 0.015037593984962405 0.03640081799591002
134 0.7171775592828223 0.24314928425357873 0.015037593984962405 0.03640081799591002
133 0.7605552342394447 0.24335378323108384 0.015037593984962405 0.03680981595092025
132 0.8036437246963563 0.24355828220858897 0.015615962984384037 0.03640081799591002
161 0.8464430306535569 0.24335378323108384 0.014459224985540774 0.0376278118609407
22 0.8895315211104684 0.24969325153374233 0.013880855986119142 0.020040899795501024
27 0.11480624638519374 0.3147239263803681 0.028340080971659916 0.03067484662576687
131 0.22093695777906303 0.31492842535787324 0.016194331983805668 0.030265848670756646
132 0.28629265471370735 0.3151329243353783 0.013880855986119142 0.02903885480572597
130 0.35106998264892997 0.31676891615541924 0.016194331983805668 0.033128834355828224
163 0.4190283400809716 0.31063394683026585 0.022556390977443608 0.03721881390593047
134 0.43782533256217465 0.3100204498977505 0.012724117987275881 0.03844580777096115
131 0.5873337189126663 0.3147239263803681 0.015615962984384037 0.02985685071574642
132 0.6526894158473106 0.3151329243353783 0.014459224985540774 0.02903885480572597
130 0.7174667437825332 0.3165644171779141 0.015615962984384037 0.032719836400818
163 0.7860034702139965 0.3104294478527607 0.02313475997686524 0.03680981595092025
134 0.8039329091960671 0.3100204498977505 0.012724117987275881 0.03844580777096115
131 0.9540196645459803 0.3147239263803681 0.015615962984384037 0.02985685071574642
17 0.6816078658183921 0.37096114519427403 0.010989010989010988 0.0196319018404908
26 0.11451706188548293 0.39959100204498976 0.025448235974551762 0.048261758691206545
140 0.24233661075766338 0.3993865030674847 0.01850780798149219 0.05030674846625767
136 0.37189126662810873 0.4032719836400818 0.015037593984962405 0.0392638036809816
133 0.4557547715442452 0.40408997955010223 0.020821283979178713 0.04171779141104295
140 0.6090225563909774 0.39447852760736196 0.016194331983805668 0.04049079754601227
137 0.7385772122614227 0.3985685071574642 0.015037593984962405 0.02985685071574642
137 0.7819548872180451 0.3985685071574642 0.015037593984962405 0.02903885480572597
136 0.8221515326778485 0.3993865030674847 0.020242914979757085 0.031492842535787324
140 0.976286871023713 0.39918200408997956 0.01850780798149219 0.050715746421267895
27 0.11451706188548293 0.46973415132924334 0.028918449971081547 0.02985685071574642
164 0.15847310584152688 0.46605316973415134 0.01850780798149219 0.03803680981595092
163 0.17813765182186234 0.46646216768916154 0.015037593984962405 0.03721881390593047
164 0.1998264893001735 0.46605316973415134 0.014459224985540774 0.03803680981595092
163 0.2206477732793522 0.46625766871165647 0.014459224985540774 0.0376278118609407
164 0.24465008675534988 0.46564417177914114 0.01850780798149219 0.03803680981595092
163 0.26460381723539617 0.46625766871165647 0.015615962984384037 0.0376278118609407
164 0.28629265471370735 0.4658486707566462 0.015037593984962405 0.03844580777096115
163 0.30711393869288606 0.46625766871165647 0.015037593984962405 0.0376278118609407
163 0.33140543666859457 0.46646216768916154 0.01850780798149219 0.03640081799591002
162 0.35106998264892997 0.4666666666666667 0.015037593984962405 0.03680981595092025
163 0.3724696356275303 0.4668711656441718 0.015037593984962405 0.03640081799591002
162 0.3938692886061307 0.4668711656441718 0.015037593984962405 0.03721881390593047
163 0.41758241758241754 0.46646216768916154 0.01850780798149219 0.03640081799591002
162 0.437246963562753 0.4666666666666667 0.015037593984962405 0.03680981595092025
163 0.45864661654135336 0.4668711656441718 0.015037593984962405 0.03640081799591002
162 0.4806246385193753 0.4668711656441718 0.015037593984962405 0.03640081799591002
164 0.5242914979757085 0.46605316973415134 0.019086176980913822 0.03803680981595092
163 0.5445344129554656 0.46625766871165647 0.015615962984384037 0.0376278118609407
164 0.5665124349334876 0.46605316973415134 0.014459224985540774 0.03803680981595092
163 0.5870445344129555 0.46625766871165647 0.015037593984962405 0.03844580777096115
164 0.6110468478889531 0.4658486707566462 0.01792943898207056 0.0376278118609407
163 0.6307113938692885 0.46625766871165647 0.015615962984384037 0.0376278118609407
164 0.6526894158473106 0.46605316973415134 0.014459224985540774 0.03803680981595092
163 0.6735106998264893 0.46625766871165647 0.014459224985540774 0.03680981595092025
163 0.6978021978021978 0.4666666666666667 0.019086176980913822 0.03680981595092025
162 0.7174667437825332 0.4668711656441718 0.014459224985540774 0.03640081799591002
163 0.7388663967611335 0.4666666666666667 0.015615962984384037 0.0359918200408998
162 0.7602660497397339 0.4670756646216769 0.014459224985540774 0.03680981595092025
163 0.7842683632157316 0.46646216768916154 0.019664545980335454 0.03640081799591002
162 0.8039329091960671 0.4670756646216769 0.015037593984962405 0.03680981595092025
163 0.8250433776749566 0.4668711656441718 0.015615962984384037 0.03640081799591002
162 0.8473105841526893 0.4666666666666667 0.015037593984962405 0.03680981595092025
164 0.8909774436090225 0.46605316973415134 0.019086176980913822 0.03803680981595092
163 0.9115095430884904 0.46625766871165647 0.015037593984962405 0.0376278118609407
164 0.9331983805668016 0.4658486707566462 0.014459224985540774 0.0376278118609407
163 0.9540196645459803 0.46625766871165647 0.015615962984384037 0.0376278118609407
164 0.978021978021978 0.4658486707566462 0.01850780798149219 0.03844580777096115
163 0.9945054945054944 0.46625766871165647 0.008675534991324464 0.0392638036809816
26 0.11422787738577211 0.6380368098159509 0.02486986697513013 0.047443762781186095
27 0.11451706188548293 0.7042944785276074 0.028918449971081547 0.030265848670756646
131 0.15818392134181608 0.6959100204498978 0.022556390977443608 0.04867075664621677
138 0.2070561017929439 0.6959100204498978 0.015037593984962405 0.04785276073619632
133 0.2576633892423366 0.696319018404908 0.015615962984384037 0.04867075664621677
132 0.30884904569115096 0.696319018404908 0.016194331983805668 0.04867075664621677
131 0.362058993637941 0.6959100204498978 0.02313475997686524 0.04948875255623722
138 0.4109311740890688 0.6959100204498978 0.015615962984384037 0.04703476482617587
135 0.46211683053788316 0.6959100204498978 0.013880855986119142 0.04785276073619632
133 0.5130133024869866 0.6961145194274029 0.015037593984962405 0.049079754601226995
18 0.774146905725853 0.7 0.019086176980913822 0.007770961145194274
26 0.11422787738577211 0.7897750511247444 0.026026604973973393 0.047443762781186095
166 0.15558126084441873 0.7893660531697342 0.015037593984962405 0.031083844580777096
170 0.18363215731636784 0.7844580777096115 0.01792943898207056 0.0408997955010225
166 0.2070561017929439 0.7889570552147239 0.015037593984962405 0.031083844580777096
170 0.23337189126662808 0.7844580777096115 0.021399652978600345 0.0408997955010225
166 0.2582417582417582 0.7893660531697342 0.014459224985540774 0.031083844580777096
170 0.28629265471370735 0.7844580777096115 0.01850780798149219 0.0408997955010225
166 0.30913823019086173 0.789161554192229 0.014459224985540774 0.03067484662576687
170 0.33516483516483514 0.7844580777096115 0.022556390977443608 0.0408997955010225
166 0.36003470213996525 0.7893660531697342 0.014459224985540774 0.031083844580777096
170 0.38779641411220356 0.7844580777096115 0.01792943898207056 0.0408997955010225
166 0.4112203585887796 0.789161554192229 0.015037593984962405 0.03067484662576687
170 0.4369577790630422 0.7846625766871166 0.021399652978600345 0.04130879345603272
166 0.46211683053788316 0.7893660531697342 0.015037593984962405 0.031083844580777096
170 0.49016772700983224 0.7844580777096115 0.01792943898207056 0.0408997955010225
166 0.5130133024869866 0.7889570552147239 0.013880855986119142 0.031083844580777096
170 0.5393290919606709 0.7844580777096115 0.022556390977443608 0.0408997955010225
18 0.774146905725853 0.783640081799591 0.019086176980913822 0.0081799591002045
27 0.1139386928860613 0.8539877300613498 0.027761711972238284 0.024539877300613498
18 0.343262001156738 0.8517382413087935 0.019086176980913822 0.007770961145194274
22 0.579814921920185 0.8595092024539878 0.014459224985540774 0.020040899795501024
161 0.6078658183921342 0.8560327198364008 0.019664545980335454 0.03190184049079755
162 0.6310005783689994 0.8548057259713702 0.015037593984962405 0.03353783231083845
163 0.6564488143435512 0.8531697341513292 0.015037593984962405 0.03680981595092025
164 0.6813186813186812 0.8603271983640082 0.013880855986119142 0.03558282208588957
165 0.7073452862926547 0.8593047034764826 0.013880855986119142 0.03517382413087935
166 0.7327935222672064 0.8582822085889571 0.013880855986119142 0.032310838445807774
167 0.7562174667437824 0.8576687116564418 0.01792943898207056 0.03190184049079755
169 0.7857142857142857 0.8535787321063395 0.014459224985540774 0.0359918200408998
168 0.811740890688259 0.8552147239263804 0.014459224985540774 0.032719836400818
167 0.8368999421631 0.8568507157464212 0.015037593984962405 0.030265848670756646
166 0.8600347021399652 0.8566462167689162 0.01850780798149219 0.02985685071574642
165 0.8906882591093117 0.8498977505112475 0.019664545980335454 0.043353783231083846
164 0.9141122035858877 0.8507157464212679 0.015615962984384037 0.04171779141104295
163 0.9398496240601503 0.8513292433537832 0.016194331983805668 0.04049079754601227
162 0.9652978600347021 0.852760736196319 0.015037593984962405 0.03844580777096115
