12 0.5481744421906694 0.06487455197132616 0.015212981744421906 0.04802867383512545
12 0.8559837728194726 0.06523297491039426 0.014198782961460446 0.048745519713261645
12 0.2302231237322515 0.06523297491039426 0.016227180527383367 0.047311827956989246
12 0.5486815415821501 0.13476702508960572 0.016227180527383367 0.047311827956989246
12 0.2302231237322515 0.13512544802867382 0.016227180527383367 0.04659498207885305
12 0.8559837728194726 0.13512544802867382 0.014198782961460446 0.04659498207885305
12 0.5486815415821501 0.2039426523297491 0.016227180527383367 0.04802867383512545
12 0.2302231237322515 0.20430107526881722 0.016227180527383367 0.047311827956989246
12 0.8559837728194726 0.20430107526881722 0.014198782961460446 0.047311827956989246
12 0.5486815415821501 0.2731182795698925 0.016227180527383367 0.047311827956989246
12 0.2302231237322515 0.2738351254480287 0.016227180527383367 0.047311827956989246
12 0.8559837728194726 0.2738351254480287 0.014198782961460446 0.047311827956989246
12 0.5486815415821501 0.34301075268817205 0.016227180527383367 0.04802867383512545
12 0.8559837728194726 0.3433691756272401 0.014198782961460446 0.047311827956989246
12 0.2302231237322515 0.34372759856630825 0.016227180527383367 0.04659498207885305
12 0.5486815415821501 0.4161290322580645 0.016227180527383367 0.04802867383512545
12 0.8559837728194726 0.4161290322580645 0.014198782961460446 0.04802867383512545
12 0.2302231237322515 0.4164874551971326 0.016227180527383367 0.047311827956989246
12 0.5481744421906694 0.489247311827957 0.015212981744421906 0.04802867383512545
12 0.8559837728194726 0.48960573476702507 0.014198782961460446 0.048745519713261645
12 0.2302231237322515 0.48960573476702507 0.016227180527383367 0.047311827956989246
12 0.23073022312373226 0.5602150537634408 0.015212981744421906 0.04086021505376344
12 0.23123732251521298 0.613978494623656 0.018255578093306288 0.056630824372759854
12 0.8559837728194726 0.6896057347670251 0.014198782961460446 0.048745519713261645
12 0.2302231237322515 0.6896057347670251 0.016227180527383367 0.047311827956989246
12 0.5481744421906694 0.6896057347670251 0.017241379310344827 0.047311827956989246
12 0.23073022312373226 0.760573476702509 0.015212981744421906 0.04157706093189964
12 0.23123732251521298 0.814336917562724 0.018255578093306288 0.05591397849462366
12 0.2302231237322515 0.8881720430107527 0.014198782961460446 0.04014336917562724
12 0.23123732251521298 0.9412186379928316 0.018255578093306288 0.05734767025089606
12 0.5502028397565922 0.6204301075268818 0.019269776876267748 0.04659498207885305
12 0.5491886409736308 0.5630824372759856 0.017241379310344827 0.04946236559139785
18 0.06490872210953347 0.056630824372759854 0.036511156186612576 0.012903225806451613
18 0.38894523326572006 0.056630824372759854 0.035496957403651115 0.012903225806451613
18 0.7205882352941176 0.05698924731182796 0.037525354969574036 0.013620071684587814
18 0.06490872210953347 0.12616487455197134 0.036511156186612576 0.014336917562724014
18 0.38894523326572006 0.12616487455197134 0.035496957403651115 0.014336917562724014
18 0.7200811359026369 0.12652329749103944 0.038539553752535496 0.015053763440860214
18 0.06490872210953347 0.1960573476702509 0.036511156186612576 0.015053763440860214
18 0.38894523326572006 0.1956989247311828 0.035496957403651115 0.014336917562724014
18 0.7200811359026369 0.1960573476702509 0.036511156186612576 0.015053763440860214
18 0.06490872210953347 0.26523297491039427 0.036511156186612576 0.015770609318996417
18 0.38894523326572006 0.26559139784946234 0.035496957403651115 0.015053763440860214
18 0.7205882352941176 0.26559139784946234 0.037525354969574036 0.015053763440860214
18 0.06490872210953347 0.33512544802867383 0.036511156186612576 0.015053763440860214
18 0.38894523326572006 0.3347670250896057 0.035496957403651115 0.014336917562724014
18 0.7205882352941176 0.33512544802867383 0.037525354969574036 0.015053763440860214
18 0.06490872210953347 0.4078853046594982 0.036511156186612576 0.014336917562724014
18 0.38894523326572006 0.4075268817204301 0.035496957403651115 0.015053763440860214
18 0.7200811359026369 0.4082437275985663 0.036511156186612576 0.015053763440860214
18 0.06440162271805273 0.4813620071684588 0.035496957403651115 0.015053763440860214
18 0.38894523326572006 0.48100358422939066 0.035496957403651115 0.015770609318996417
18 0.7200811359026369 0.48172043010752685 0.036511156186612576 0.015770609318996417
18 0.06490872210953347 0.553763440860215 0.036511156186612576 0.015053763440860214
18 0.3894523326572008 0.5541218637992832 0.036511156186612576 0.015770609318996417
18 0.7205882352941176 0.5544802867383513 0.037525354969574036 0.015053763440860214
18 0.06440162271805273 0.6118279569892473 0.035496957403651115 0.016487455197132617
18 0.3894523326572008 0.6114695340501792 0.036511156186612576 0.015770609318996417
18 0.7200811359026369 0.6118279569892473 0.036511156186612576 0.016487455197132617
18 0.06440162271805273 0.6813620071684587 0.035496957403651115 0.015053763440860214
18 0.3894523326572008 0.6806451612903226 0.034482758620689655 0.015053763440860214
18 0.7200811359026369 0.6813620071684587 0.034482758620689655 0.015053763440860214
18 0.06490872210953347 0.7544802867383512 0.036511156186612576 0.015053763440860214
18 0.3894523326572008 0.7544802867383512 0.036511156186612576 0.015053763440860214
18 0.7205882352941176 0.7544802867383512 0.037525354969574036 0.015053763440860214
18 0.06440162271805273 0.8118279569892473 0.035496957403651115 0.016487455197132617
18 0.3894523326572008 0.8118279569892473 0.036511156186612576 0.016487455197132617
18 0.7195740365111561 0.8125448028673835 0.037525354969574036 0.016487455197132617
18 0.06440162271805273 0.8817204301075269 0.035496957403651115 0.014336917562724014
18 0.3894523326572008 0.8817204301075269 0.036511156186612576 0.014336917562724014
18 0.7205882352941176 0.8817204301075269 0.035496957403651115 0.014336917562724014
18 0.06440162271805273 0.9383512544802868 0.035496957403651115 0.015770609318996417
18 0.3894523326572008 0.9387096774193548 0.036511156186612576 0.015053763440860214
18 0.7200811359026369 0.9390681003584229 0.036511156186612576 0.014336917562724014
