2 0.17478510028653294 0.1809588116137745 0.028653295128939826 0.04591492234976367
12 0.09646609360076408 0.1961512491559757 0.013371537726838585 0.04659014179608373
2 0.17430754536771728 0.3757596218771101 0.0276981852913085 0.045239702903443625
12 0.09646609360076408 0.38014854827819045 0.013371537726838585 0.04456448345712357
2 0.17478510028653294 0.5685347738014855 0.028653295128939826 0.04591492234976367
12 0.09646609360076408 0.5840648210668468 0.013371537726838585 0.04591492234976367
2 0.17478510028653294 0.7062795408507766 0.028653295128939826 0.04591492234976367
12 0.09646609360076408 0.7221471978392978 0.011461318051575931 0.045239702903443625
26 0.1265520534861509 0.1971640783254558 0.04297994269340974 0.07967589466576638
21 0.6394460362941738 0.22889939230249834 0.021967526265520534 0.020256583389601623
20 0.2344794651384909 0.33524645509790685 0.018147086914995225 0.03443619176232276
20 0.6380133715377269 0.3349088453747468 0.019102196752626553 0.0337609723160027
27 0.12702960840496658 0.3798109385550304 0.045845272206303724 0.04794058068872384
26 0.12702960840496658 0.5850776502363269 0.04202483285577841 0.07900067521944633
26 0.1265520534861509 0.7234976367319379 0.04297994269340974 0.07900067521944633
166 0.32664756446991405 0.7258609047940581 0.022922636103151862 0.05671843349088454
170 0.3796561604584527 0.7150573936529373 0.033428844317096466 0.0661715057393653
139 0.438872970391595 0.7174206617150575 0.02387774594078319 0.06009453072248481
169 0.5296084049665711 0.7174206617150575 0.021967526265520534 0.058744091829844705
170 0.5816618911174785 0.7150573936529373 0.030563514804202482 0.06482106684672519
170 0.6967526265520535 0.7201215395003376 0.0276981852913085 0.07765023632680622
169 0.7507163323782234 0.7221471978392978 0.024832855778414518 0.07089804186360568
170 0.8037249283667621 0.7197839297771776 0.03533906399235912 0.07697501688048616
139 0.8624641833810888 0.7174206617150575 0.024832855778414518 0.06009453072248481
169 0.9531996179560649 0.7170830519918974 0.022922636103151862 0.05806887238352465
126 0.32808022922636104 0.22383524645509792 0.0276981852913085 0.10330857528696827
125 0.441738299904489 0.22316002700877788 0.0276981852913085 0.10330857528696827
126 0.5296084049665711 0.22316002700877788 0.033428844317096466 0.10330857528696827
126 0.7540592168099332 0.22383524645509792 0.0276981852913085 0.10330857528696827
125 0.8648519579751671 0.22316002700877788 0.0276981852913085 0.10330857528696827
126 0.9527220630372493 0.2224848075624578 0.033428844317096466 0.10330857528696827
