12 0.09602272727272727 0.0855421686746988 0.014772727272727272 0.052208835341365466
12 0.09772727272727272 0.3586345381526105 0.015909090909090907 0.05381526104417671
12 0.09659090909090909 0.48714859437751007 0.015909090909090907 0.052208835341365466
12 0.09886363636363636 0.7602409638554217 0.015909090909090907 0.05381526104417671
12 0.09659090909090909 0.889558232931727 0.015909090909090907 0.052208835341365466
27 0.14204545454545453 0.08755020080321285 0.07272727272727272 0.06746987951807229
16 0.19147727272727272 0.09156626506024097 0.02386363636363636 0.04819277108433735
166 0.25852272727272724 0.0859437751004016 0.028409090909090908 0.05943775100401607
169 0.30624999999999997 0.07871485943775101 0.028409090909090908 0.07068273092369479
170 0.3494318181818182 0.07550200803212852 0.03977272727272727 0.07710843373493977
172 0.4005681818181818 0.06867469879518072 0.03295454545454545 0.0891566265060241
170 0.43920454545454546 0.07510040160642571 0.03068181818181818 0.07630522088353414
169 0.4795454545454545 0.07911646586345382 0.03409090909090909 0.07148594377510041
166 0.5221590909090909 0.08674698795180723 0.028409090909090908 0.05943775100401607
168 0.5704545454545454 0.0819277108433735 0.02727272727272727 0.06425702811244981
170 0.61875 0.07590361445783132 0.0375 0.07630522088353414
173 0.66875 0.06586345381526104 0.03295454545454545 0.0963855421686747
170 0.7090909090909091 0.07590361445783132 0.031818181818181815 0.07630522088353414
169 0.7482954545454545 0.07911646586345382 0.03295454545454545 0.06987951807228916
168 0.7960227272727273 0.0823293172690763 0.028409090909090908 0.06345381526104418
170 0.8454545454545455 0.07510040160642571 0.031818181818181815 0.07630522088353414
169 0.8852272727272726 0.07911646586345382 0.03409090909090909 0.06987951807228916
168 0.9323863636363636 0.0823293172690763 0.028409090909090908 0.06345381526104418
167 0.9761363636363636 0.085140562248996 0.02727272727272727 0.05943775100401607
26 0.13579545454545455 0.3586345381526105 0.05795454545454545 0.11807228915662651
16 0.1903409090909091 0.351004016064257 0.02386363636363636 0.04819277108433735
111 0.2590909090909091 0.3417670682730924 0.03409090909090909 0.0891566265060241
17 0.7863636363636364 0.3132530120481928 0.020454545454545454 0.06104417670682731
171 0.8107954545454545 0.3461847389558233 0.03068181818181818 0.08353413654618475
172 0.9556818181818182 0.3421686746987952 0.03409090909090909 0.08995983935742972
27 0.14204545454545453 0.4887550200803213 0.07045454545454545 0.06506024096385543
16 0.19261363636363635 0.49317269076305226 0.02386363636363636 0.04819277108433735
163 0.25852272727272724 0.4959839357429719 0.028409090909090908 0.07309236947791165
165 0.35568181818181815 0.4911646586345382 0.029545454545454545 0.06506024096385543
167 0.4471590909090909 0.4883534136546185 0.0375 0.05783132530120482
170 0.5488636363636363 0.4783132530120482 0.029545454545454545 0.07630522088353414
167 0.6363636363636364 0.48714859437751007 0.029545454545454545 0.058634538152610445
165 0.7198863636363636 0.4891566265060241 0.0375 0.05943775100401607
163 0.8119318181818181 0.4955823293172691 0.028409090909090908 0.07389558232931727
165 0.9090909090909091 0.4911646586345382 0.029545454545454545 0.06506024096385543
26 0.13522727272727272 0.7602409638554217 0.056818181818181816 0.11807228915662651
16 0.1909090909090909 0.7526104417670683 0.022727272727272728 0.04819277108433735
107 0.25852272727272724 0.757429718875502 0.028409090909090908 0.06265060240963856
192 0.7392045454545454 0.7610441767068273 0.028409090909090908 0.058634538152610445
193 0.8045454545454545 0.7582329317269076 0.02727272727272727 0.06586345381526104
167 0.8693181818181818 0.7622489959839358 0.029545454545454545 0.06104417670682731
166 0.9306818181818182 0.7630522088353414 0.03636363636363636 0.06265060240963856
27 0.14204545454545453 0.891566265060241 0.07045454545454545 0.06586345381526104
16 0.19261363636363635 0.8955823293172691 0.02386363636363636 0.04819277108433735
163 0.25852272727272724 0.9016064257028112 0.028409090909090908 0.07951807228915662
167 0.34318181818181814 0.8947791164658635 0.029545454545454545 0.07228915662650602
169 0.4221590909090909 0.8839357429718876 0.03977272727272727 0.07309236947791165
170 0.5085227272727273 0.8803212851405623 0.03295454545454545 0.07710843373493977
169 0.5880681818181818 0.8823293172690764 0.028409090909090908 0.07148594377510041
167 0.6602272727272727 0.8903614457831326 0.038636363636363635 0.058634538152610445
163 0.7392045454545454 0.9012048192771085 0.028409090909090908 0.07871485943775101
167 0.8267045454545454 0.8947791164658635 0.03068181818181818 0.07068273092369479
169 0.90625 0.8835341365461847 0.0375 0.07228915662650602
