6 0.19489795918367347 0.17063492063492064 0.04081632653061225 0.06854256854256854
12 0.09642857142857143 0.18795093795093795 0.01326530612244898 0.051226551226551224
12 0.47193877551020413 0.1865079365079365 0.015306122448979593 0.046897546897546896
12 0.703061224489796 0.18722943722943722 0.0163265306122449 0.046897546897546896
6 0.19438775510204084 0.3225108225108225 0.039795918367346944 0.06926406926406926
12 0.09642857142857143 0.3401875901875902 0.01326530612244898 0.049783549783549784
12 0.47193877551020413 0.3409090909090909 0.015306122448979593 0.048340548340548344
12 0.7020408163265307 0.34054834054834054 0.014285714285714287 0.047619047619047616
12 0.09591836734693879 0.49278499278499277 0.014285714285714287 0.049062049062049064
12 0.47193877551020413 0.49278499278499277 0.015306122448979593 0.047619047619047616
12 0.7025510204081633 0.49242424242424243 0.015306122448979593 0.046897546897546896
14 0.7612244897959184 0.4989177489177489 0.0163265306122449 0.00937950937950938
14 0.2836734693877551 0.5104617604617605 0.0163265306122449 0.012265512265512266
14 0.5301020408163266 0.51010101010101 0.017346938775510204 0.0101010101010101
12 0.09642857142857143 0.6446608946608947 0.015306122448979593 0.046897546897546896
12 0.47193877551020413 0.6453823953823954 0.015306122448979593 0.048340548340548344
12 0.7025510204081633 0.645021645021645 0.015306122448979593 0.047619047619047616
12 0.09540816326530613 0.7972582972582972 0.015306122448979593 0.047619047619047616
12 0.47193877551020413 0.797979797979798 0.015306122448979593 0.049062049062049064
12 0.7025510204081633 0.7983405483405484 0.015306122448979593 0.048340548340548344
26 0.13214285714285715 0.18831168831168832 0.05204081632653062 0.10533910533910534
104 0.2556122448979592 0.19336219336219337 0.025510204081632654 0.06204906204906205
106 0.32448979591836735 0.18759018759018758 0.02653061224489796 0.050505050505050504
21 0.38928571428571435 0.18795093795093795 0.02755102040816327 0.026695526695526696
135 0.4357142857142858 0.1937229437229437 0.028571428571428574 0.06277056277056277
103 0.501530612244898 0.19552669552669552 0.025510204081632654 0.06637806637806638
105 0.5714285714285715 0.19155844155844157 0.02653061224489796 0.05844155844155844
104 0.6403061224489797 0.1937229437229437 0.025510204081632654 0.06277056277056277
105 0.7326530612244898 0.19047619047619047 0.02448979591836735 0.05627705627705628
19 0.8045918367346939 0.18578643578643578 0.03571428571428572 0.013708513708513708
26 0.1326530612244898 0.34054834054834054 0.05306122448979592 0.1038961038961039
97 0.2545918367346939 0.3484848484848485 0.02959183673469388 0.06926406926406926
20 0.32040816326530613 0.3409090909090909 0.02653061224489796 0.04112554112554113
100 0.39234693877551025 0.34054834054834054 0.02755102040816327 0.050505050505050504
98 0.5020408163265306 0.34595959595959597 0.02653061224489796 0.06421356421356421
100 0.5719387755102041 0.3398268398268398 0.02755102040816327 0.050505050505050504
101 0.6408163265306123 0.33694083694083693 0.02653061224489796 0.05627705627705628
98 0.7331632653061225 0.34559884559884557 0.025510204081632654 0.06349206349206349
102 0.8020408163265307 0.3333333333333333 0.02653061224489796 0.06060606060606061
100 0.8938775510204082 0.33946608946608947 0.02653061224489796 0.051226551226551224
26 0.1326530612244898 0.49278499278499277 0.05306122448979592 0.10533910533910534
15 0.18571428571428572 0.4675324675324675 0.02448979591836735 0.05194805194805195
72 0.2571428571428572 0.49314574314574317 0.028571428571428574 0.051226551226551224
71 0.5025510204081634 0.49567099567099565 0.02755102040816327 0.05916305916305916
73 0.7341836734693878 0.4898989898989899 0.02755102040816327 0.05627705627705628
27 0.14081632653061227 0.6461038961038961 0.0653061224489796 0.05844155844155844
20 0.25204081632653064 0.6453823953823954 0.02653061224489796 0.04112554112554113
101 0.325 0.6417748917748918 0.02755102040816327 0.056998556998557
101 0.39234693877551025 0.6417748917748918 0.02755102040816327 0.056998556998557
20 0.49897959183673474 0.6453823953823954 0.02653061224489796 0.04112554112554113
100 0.5719387755102041 0.6453823953823954 0.02755102040816327 0.051226551226551224
101 0.641326530612245 0.6421356421356421 0.02755102040816327 0.05627705627705628
104 0.7331632653061225 0.6511544011544012 0.025510204081632654 0.06277056277056277
133 0.8051020408163266 0.6381673881673882 0.0326530612244898 0.06277056277056277
131 0.842857142857143 0.6417748917748918 0.02653061224489796 0.05844155844155844
105 0.8928571428571429 0.6482683982683982 0.02653061224489796 0.056998556998557
27 0.1392857142857143 0.7976190476190477 0.0663265306122449 0.05844155844155844
94 0.2556122448979592 0.8138528138528138 0.031632653061224494 0.08802308802308802
19 0.32806122448979597 0.7954545454545454 0.039795918367346944 0.016594516594516596
93 0.5025510204081634 0.8174603174603174 0.0336734693877551 0.09235209235209235
93 0.5724489795918368 0.8167388167388168 0.03469387755102041 0.09235209235209235
94 0.6418367346938776 0.8145743145743146 0.030612244897959186 0.08802308802308802
95 0.7331632653061225 0.812049062049062 0.031632653061224494 0.08152958152958154
94 0.8025510204081633 0.8174603174603174 0.0336734693877551 0.09379509379509379
96 0.8933673469387756 0.8098845598845599 0.02959183673469388 0.07864357864357864
