12 0.08993637941006362 0.081799591002045 0.010989010989010988 0.027811860940695297
12 0.2579525737420474 0.08139059304703476 0.01156737998843262 0.026993865030674847
12 0.5795257374204742 0.08159509202453988 0.01156737998843262 0.027402862985685072
12 0.9022556390977443 0.08159509202453988 0.01156737998843262 0.027402862985685072
14 0.7848467322151532 0.08466257668711656 0.006940427993059571 0.0057259713701431495
14 0.612781954887218 0.08486707566462168 0.007518796992481203 0.005316973415132925
12 0.08993637941006362 0.17341513292433539 0.01214574898785425 0.027811860940695297
12 0.2582417582417582 0.17341513292433539 0.01214574898785425 0.027811860940695297
12 0.579814921920185 0.17341513292433539 0.013302486986697512 0.027811860940695297
12 0.9019664545980335 0.17341513292433539 0.01214574898785425 0.027811860940695297
12 0.09022556390977443 0.25132924335378326 0.012724117987275881 0.02822085889570552
12 0.9022556390977443 0.25132924335378326 0.01156737998843262 0.02822085889570552
12 0.2582417582417582 0.25153374233128833 0.013302486986697512 0.027811860940695297
12 0.579814921920185 0.25153374233128833 0.013302486986697512 0.027811860940695297
12 0.09051474840948524 0.3294478527607362 0.013302486986697512 0.02822085889570552
12 0.2579525737420474 0.3292433537832311 0.01156737998843262 0.027811860940695297
12 0.5801041064198958 0.3296523517382413 0.01156737998843262 0.027811860940695297
12 0.9022556390977443 0.3296523517382413 0.01156737998843262 0.027811860940695297
14 0.35425101214574894 0.3259713701431493 0.007518796992481203 0.0049079754601227
14 0.612781954887218 0.3263803680981595 0.007518796992481203 0.0057259713701431495
14 0.7874493927125505 0.3261758691206544 0.007518796992481203 0.005316973415132925
12 0.09022556390977443 0.4134969325153374 0.012724117987275881 0.027811860940695297
12 0.2579525737420474 0.41370143149284255 0.012724117987275881 0.02822085889570552
12 0.5801041064198958 0.41370143149284255 0.012724117987275881 0.02822085889570552
12 0.9022556390977443 0.41370143149284255 0.01156737998843262 0.027402862985685072
14 0.3539618276460382 0.4750511247443763 0.008097165991902834 0.005316973415132925
14 0.6130711393869288 0.4750511247443763 0.008097165991902834 0.005316973415132925
12 0.09022556390977443 0.4916155419222904 0.01156737998843262 0.027811860940695297
12 0.2582417582417582 0.49182004089979553 0.013302486986697512 0.02822085889570552
12 0.5806824754193175 0.4916155419222904 0.012724117987275881 0.027811860940695297
12 0.9022556390977443 0.4920245398773006 0.012724117987275881 0.027811860940695297
12 0.09022556390977443 0.5701431492842536 0.01156737998843262 0.027811860940695297
12 0.2582417582417582 0.5701431492842536 0.01214574898785425 0.027811860940695297
12 0.579814921920185 0.5701431492842536 0.013302486986697512 0.027811860940695297
12 0.9019664545980335 0.5701431492842536 0.01214574898785425 0.027811860940695297
12 0.08993637941006362 0.6717791411042945 0.01214574898785425 0.027402862985685072
12 0.25853094274146904 0.6717791411042945 0.012724117987275881 0.027402862985685072
12 0.579814921920185 0.6719836400817996 0.013302486986697512 0.027811860940695297
12 0.9019664545980335 0.6719836400817996 0.01214574898785425 0.027811860940695297
12 0.08993637941006362 0.7501022494887526 0.01214574898785425 0.027811860940695297
12 0.2582417582417582 0.7501022494887526 0.01214574898785425 0.027811860940695297
12 0.9019664545980335 0.7501022494887526 0.01214574898785425 0.027811860940695297
12 0.5801041064198958 0.7503067484662577 0.012724117987275881 0.027402862985685072
12 0.9025448235974551 0.8521472392638036 0.013302486986697512 0.02822085889570552
12 0.08993637941006362 0.8521472392638036 0.010989010989010988 0.027402862985685072
12 0.25853094274146904 0.8519427402862986 0.01156737998843262 0.026993865030674847
12 0.5801041064198958 0.8521472392638036 0.012724117987275881 0.027402862985685072
12 0.08993637941006362 0.9437627811860941 0.01214574898785425 0.027402862985685072
12 0.25853094274146904 0.9437627811860941 0.012724117987275881 0.027402862985685072
12 0.5801041064198958 0.9439672801635992 0.012724117987275881 0.027811860940695297
12 0.9022556390977443 0.9437627811860941 0.012724117987275881 0.027402862985685072
18 0.16049739733950258 0.07668711656441718 0.021399652978600345 0.008588957055214725
21 0.2784846732215153 0.08220858895705521 0.01214574898785425 0.013905930470347648
134 0.30855986119144013 0.08609406952965236 0.014459224985540774 0.03803680981595092
134 0.3418160786581839 0.08548057259713701 0.013880855986119142 0.0376278118609407
135 0.37680740312319255 0.08486707566462168 0.019086176980913822 0.03721881390593047
136 0.4172932330827067 0.08302658486707566 0.015615962984384037 0.03353783231083845
134 0.4540196645459803 0.08323108384458078 0.015037593984962405 0.033946830265848674
134 0.49363794100636205 0.08445807770961146 0.015615962984384037 0.03558282208588957
133 0.5448235974551764 0.0850715746421268 0.020821283979178713 0.0376278118609407
133 0.603238866396761 0.07770961145194274 0.01850780798149219 0.03680981595092025
163 0.6460381723539618 0.07811860940695296 0.013880855986119142 0.03680981595092025
133 0.6868131868131868 0.07770961145194274 0.019086176980913822 0.03680981595092025
133 0.7290341237709659 0.07811860940695296 0.014459224985540774 0.03680981595092025
133 0.7750144592249855 0.07648261758691206 0.019664545980335454 0.0392638036809816
134 0.8201272411798727 0.0754601226993865 0.015037593984962405 0.04130879345603272
103 0.8750722961249277 0.08548057259713701 0.013880855986119142 0.0376278118609407
18 0.16020821283979178 0.16830265848670756 0.020821283979178713 0.008588957055214725
18 0.4190283400809716 0.16830265848670756 0.020242914979757085 0.008588957055214725
18 0.7414690572585309 0.16830265848670756 0.021978021978021976 0.008588957055214725
19 0.013302486986697512 0.2492842535787321 0.019664545980335454 0.008588957055214725
19 0.11798727588201272 0.24948875255623723 0.020821283979178713 0.00899795501022495
19 0.20474262579525737 0.24948875255623723 0.020821283979178713 0.0081799591002045
18 0.4187391555812608 0.24642126789366053 0.020821283979178713 0.008588957055214725
18 0.7417582417582417 0.24642126789366053 0.021399652978600345 0.008588957055214725
20 0.05378831694621168 0.31492842535787324 0.013880855986119142 0.022085889570552148
20 0.05378831694621168 0.3423312883435583 0.013880855986119142 0.0212678936605317
20 0.15847310584152688 0.3151329243353783 0.012724117987275881 0.021676891615541923
20 0.15847310584152688 0.3421267893660532 0.012724117987275881 0.020858895705521473
19 0.20445344129554655 0.3408997955010225 0.021399652978600345 0.008588957055214725
19 0.20474262579525737 0.3132924335378323 0.020821283979178713 0.00899795501022495
28 0.2391555812608444 0.3294478527607362 0.026026604973973393 0.02822085889570552
21 0.27877385772122615 0.316359918200409 0.01156737998843262 0.013496932515337423
16 0.294679005205321 0.3294478527607362 0.009832272990167727 0.020040899795501024
16 0.3649508386350491 0.3188139059304704 0.010410641989589357 0.017586912065439674
136 0.37998843262001153 0.32229038854805725 0.013880855986119142 0.043353783231083846
137 0.4190283400809716 0.3224948875255624 0.01792943898207056 0.04376278118609407
164 0.6460381723539618 0.32372188139059305 0.015037593984962405 0.04212678936605317
134 0.6873915558126084 0.32515337423312884 0.019086176980913822 0.0376278118609407
16 0.7582417582417582 0.3192229038854806 0.010410641989589357 0.019222903885480574
165 0.8198380566801619 0.3235173824130879 0.014459224985540774 0.0425357873210634
20 0.8736263736263735 0.3492842535787321 0.01214574898785425 0.02044989775051125
104 0.876229034123771 0.3245398773006135 0.013880855986119142 0.04049079754601227
18 0.16049739733950258 0.4083844580777096 0.020242914979757085 0.008588957055214725
18 0.4187391555812608 0.4087934560327198 0.020821283979178713 0.008588957055214725
18 0.7414690572585309 0.4083844580777096 0.020821283979178713 0.008588957055214725
20 0.05378831694621168 0.4770961145194274 0.013880855986119142 0.021676891615541923
20 0.05378831694621168 0.5047034764826176 0.013880855986119142 0.0212678936605317
15 0.1026604973973395 0.4815950920245399 0.013302486986697512 0.021676891615541923
20 0.15847310584152688 0.47730061349693254 0.013880855986119142 0.022085889570552148
20 0.1587622903412377 0.5044989775051125 0.013302486986697512 0.021676891615541923
20 0.23221515326778483 0.4775051124744376 0.013302486986697512 0.021676891615541923
20 0.23250433776749566 0.5044989775051125 0.013880855986119142 0.022494887525562373
20 0.8736263736263735 0.4770961145194274 0.013302486986697512 0.020858895705521473
20 0.8736263736263735 0.5044989775051125 0.013302486986697512 0.020858895705521473
18 0.16020821283979178 0.5648261758691207 0.020821283979178713 0.0081799591002045
18 0.4190283400809716 0.5650306748466257 0.020242914979757085 0.008588957055214725
18 0.7414690572585309 0.5648261758691207 0.020821283979178713 0.00899795501022495
18 0.16020821283979178 0.659918200408998 0.020821283979178713 0.008588957055214725
18 0.4187391555812608 0.659918200408998 0.020821283979178713 0.008588957055214725
18 0.7414690572585309 0.660122699386503 0.021978021978021976 0.00899795501022495
18 0.16049739733950258 0.7382413087934561 0.021399652978600345 0.00899795501022495
18 0.4187391555812608 0.7382413087934561 0.020821283979178713 0.00899795501022495
18 0.7417582417582417 0.7382413087934561 0.021399652978600345 0.00899795501022495
18 0.16020821283979178 0.8468302658486707 0.020821283979178713 0.008588957055214725
18 0.4187391555812608 0.8468302658486707 0.020821283979178713 0.008588957055214725
18 0.7414690572585309 0.8468302658486707 0.020821283979178713 0.008588957055214725
18 0.16020821283979178 0.9388548057259714 0.020821283979178713 0.008588957055214725
18 0.4187391555812608 0.9386503067484663 0.020821283979178713 0.00899795501022495
18 0.7417582417582417 0.9386503067484663 0.021399652978600345 0.00899795501022495
131 0.2813765182186235 0.33537832310838445 0.015615962984384037 0.0425357873210634
