14 0.21766917293233085 0.003987240829346093 0.009774436090225564 0.006911217437533227
14 0.4203007518796993 0.003987240829346093 0.010526315789473686 0.006911217437533227
14 0.986842105263158 0.0037214247740563534 0.009774436090225564 0.006379585326953749
12 0.0962406015037594 0.026049973418394472 0.010526315789473686 0.03615098351940457
12 0.737218045112782 0.025784157363104732 0.014285714285714287 0.03561935140882509
14 0.7921052631578948 0.012759170653907498 0.011278195488721806 0.008506113769271665
14 0.9864661654135339 0.012493354598617758 0.010526315789473686 0.006911217437533227
14 0.21766917293233085 0.030303030303030304 0.009774436090225564 0.007442849548112707
14 0.7921052631578948 0.030303030303030304 0.009774436090225564 0.007442849548112707
14 0.2180451127819549 0.04864433811802233 0.010526315789473686 0.007974481658692186
12 0.8045112781954887 0.2179691653375864 0.01804511278195489 0.03721424774056353
12 0.09548872180451129 0.2185007974481659 0.010526315789473686 0.03615098351940457
12 0.8041353383458647 0.3067517278043594 0.014285714285714287 0.03615098351940457
12 0.0962406015037594 0.3067517278043594 0.010526315789473686 0.03508771929824562
27 0.12142857142857144 0.026315789473684213 0.038345864661654135 0.03880914407230197
16 0.1548872180451128 0.030037214247740567 0.015037593984962407 0.024986709197235515
26 0.12293233082706767 0.21610845295055822 0.035338345864661655 0.06751727804359384
16 0.15526315789473685 0.21345029239766083 0.015789473684210527 0.024986709197235515
133 0.27142857142857146 0.22647527910685808 0.019548872180451128 0.05635300372142478
17 0.33270676691729323 0.21823498139287614 0.012781954887218045 0.029239766081871347
136 0.42518796992481206 0.22700691121743755 0.027819548872180452 0.05741626794258373
135 0.5962406015037595 0.21026049973418395 0.019548872180451128 0.053694843168527386
132 0.7364661654135338 0.21345029239766083 0.01879699248120301 0.04837852206273259
131 0.8469924812030075 0.21823498139287614 0.030827067669172935 0.03668261562998405
19 0.9146616541353384 0.19803296119085595 0.024812030075187973 0.01116427432216906
27 0.12142857142857144 0.3072833599149389 0.038345864661654135 0.038277511961722493
16 0.15526315789473685 0.31020733652312604 0.015789473684210527 0.026049973418394472
16 0.41127819548872185 0.3155236576289208 0.013533834586466165 0.024986709197235515
16 0.4116541353383459 0.28415736310473155 0.014285714285714287 0.024986709197235515
