12 0.00663265306122449 0.15692640692640691 0.011224489795918368 0.048340548340548344
12 0.30000000000000004 0.15728715728715728 0.018367346938775512 0.049062049062049064
12 0.5051020408163266 0.15656565656565657 0.0163265306122449 0.047619047619047616
12 0.903061224489796 0.15692640692640691 0.0163265306122449 0.048340548340548344
12 0.589795918367347 0.341991341991342 0.0163265306122449 0.047619047619047616
12 0.9020408163265307 0.3427128427128427 0.0163265306122449 0.047619047619047616
12 0.9025510204081634 0.5281385281385281 0.017346938775510204 0.049062049062049064
12 0.30408163265306126 0.5281385281385281 0.0163265306122449 0.047619047619047616
12 0.9025510204081634 0.713924963924964 0.017346938775510204 0.048340548340548344
12 0.11785714285714287 0.713924963924964 0.017346938775510204 0.046897546897546896
12 0.4056122448979592 0.713924963924964 0.017346938775510204 0.046897546897546896
12 0.6602040816326531 0.713924963924964 0.0163265306122449 0.046897546897546896
12 0.3178571428571429 0.8997113997113997 0.017346938775510204 0.049062049062049064
12 0.9025510204081634 0.8997113997113997 0.017346938775510204 0.049062049062049064
12 0.6831632653061225 0.8997113997113997 0.017346938775510204 0.047619047619047616
20 0.09234693877551022 0.1277056277056277 0.01938775510204082 0.03318903318903319
26 0.2693877551020408 0.16197691197691197 0.036734693877551024 0.05988455988455989
104 0.32551020408163267 0.1626984126984127 0.022448979591836737 0.06277056277056277
107 0.5301020408163266 0.1544011544011544 0.02142857142857143 0.05627705627705628
139 0.01479591836734694 0.34054834054834054 0.023469387755102045 0.05772005772005772
140 0.056632653061224496 0.3344155844155844 0.0336734693877551 0.06854256854256854
139 0.09846938775510206 0.33694083694083693 0.023469387755102045 0.06204906204906205
138 0.1403061224489796 0.3401875901875902 0.023469387755102045 0.056998556998557
137 0.17908163265306123 0.34235209235209235 0.023469387755102045 0.051226551226551224
136 0.21581632653061225 0.3430735930735931 0.02959183673469388 0.051226551226551224
135 0.2780612244897959 0.3344155844155844 0.031632653061224494 0.0670995670995671
134 0.314795918367347 0.33585858585858586 0.025510204081632654 0.0670995670995671
132 0.35102040816326535 0.33585858585858586 0.02448979591836735 0.06565656565656566
134 0.3948979591836735 0.33694083694083693 0.022448979591836737 0.06349206349206349
130 0.43469387755102046 0.33910533910533913 0.030612244897959186 0.0735930735930736
134 0.47500000000000003 0.3354978354978355 0.025510204081632654 0.06637806637806638
128 0.5102040816326531 0.34415584415584416 0.028571428571428574 0.08513708513708514
134 0.5535714285714286 0.3354978354978355 0.025510204081632654 0.06637806637806638
102 0.6153061224489796 0.3373015873015873 0.022448979591836737 0.06277056277056277
131 0.6755102040816328 0.34235209235209235 0.028571428571428574 0.05266955266955267
132 0.7132653061224491 0.341991341991342 0.022448979591836737 0.05483405483405483
133 0.753061224489796 0.3499278499278499 0.02448979591836735 0.06637806637806638
134 0.7933673469387755 0.3484848484848485 0.023469387755102045 0.06204906204906205
135 0.8326530612244899 0.34595959595959597 0.022448979591836737 0.05844155844155844
136 0.8709183673469388 0.34559884559884557 0.02755102040816327 0.05627705627705628
134 0.01479591836734694 0.5223665223665224 0.02142857142857143 0.06349206349206349
17 0.06071428571428572 0.5284992784992785 0.017346938775510204 0.03535353535353535
134 0.08112244897959184 0.534992784992785 0.02142857142857143 0.06421356421356421
135 0.1392857142857143 0.5324675324675324 0.02142857142857143 0.06060606060606061
136 0.1969387755102041 0.5317460317460317 0.022448979591836737 0.05772005772005772
137 0.251530612244898 0.5299422799422799 0.02959183673469388 0.05411255411255411
138 0.33979591836734696 0.5274170274170275 0.022448979591836737 0.06060606060606061
136 0.3806122448979592 0.5324675324675324 0.022448979591836737 0.05772005772005772
135 0.42193877551020414 0.5342712842712842 0.02755102040816327 0.06421356421356421
17 0.46479591836734696 0.5284992784992785 0.017346938775510204 0.03391053391053391
134 0.4862244897959184 0.5353535353535354 0.02142857142857143 0.06349206349206349
136 0.5341836734693878 0.5357142857142857 0.023469387755102045 0.06565656565656566
133 0.5729591836734694 0.5364357864357865 0.02755102040816327 0.0670995670995671
15 0.6153061224489796 0.5404040404040404 0.02448979591836735 0.03463203463203463
132 0.6423469387755103 0.5227272727272727 0.02959183673469388 0.06421356421356421
134 0.6872448979591838 0.523088023088023 0.023469387755102045 0.06349206349206349
133 0.7316326530612246 0.5227272727272727 0.022448979591836737 0.06421356421356421
130 0.7770408163265307 0.525974025974026 0.031632653061224494 0.0707070707070707
134 0.8219387755102041 0.5223665223665224 0.02142857142857143 0.06349206349206349
129 0.8607142857142858 0.5281385281385281 0.025510204081632654 0.07647907647907648
20 0.017346938775510204 0.685064935064935 0.018367346938775512 0.032467532467532464
106 0.07244897959183674 0.7142857142857143 0.020408163265306124 0.050505050505050504
133 0.14642857142857144 0.6991341991341992 0.02959183673469388 0.08225108225108226
137 0.18316326530612245 0.6955266955266955 0.02142857142857143 0.08946608946608947
140 0.22244897959183677 0.6915584415584416 0.02448979591836735 0.09595959595959595
142 0.26479591836734695 0.6865079365079365 0.025510204081632654 0.10894660894660894
78 0.30408163265306126 0.713924963924964 0.028571428571428574 0.051226551226551224
17 0.3352040816326531 0.6717171717171717 0.017346938775510204 0.03607503607503607
17 0.4229591836734694 0.670995670995671 0.017346938775510204 0.03607503607503607
79 0.44795918367346943 0.7121212121212122 0.028571428571428574 0.05772005772005772
15 0.5326530612244899 0.7081529581529582 0.020408163265306124 0.03535353535353535
76 0.5596938775510205 0.7189754689754689 0.02959183673469388 0.06277056277056277
77 0.6913265306122449 0.7160894660894661 0.02959183673469388 0.05555555555555555
134 0.018877551020408164 0.9076479076479076 0.02142857142857143 0.06637806637806638
136 0.0653061224489796 0.9044011544011544 0.022448979591836737 0.05988455988455989
15 0.09540816326530613 0.8697691197691197 0.01938775510204082 0.03391053391053391
139 0.1142857142857143 0.8943001443001443 0.030612244897959186 0.06277056277056277
17 0.1469387755102041 0.8575036075036075 0.018367346938775512 0.0367965367965368
141 0.16989795918367348 0.8874458874458875 0.023469387755102045 0.07503607503607504
139 0.20612244897959187 0.8939393939393939 0.022448979591836737 0.06204906204906205
137 0.24285714285714288 0.8993506493506493 0.02448979591836735 0.051226551226551224
136 0.28316326530612246 0.9011544011544012 0.02755102040816327 0.05339105339105339
135 0.3464285714285715 0.9065656565656566 0.02142857142857143 0.06421356421356421
137 0.39234693877551025 0.9054834054834054 0.023469387755102045 0.06349206349206349
133 0.42908163265306126 0.9062049062049062 0.023469387755102045 0.06349206349206349
135 0.47295918367346945 0.9054834054834054 0.02755102040816327 0.06349206349206349
129 0.5158163265306123 0.8892496392496393 0.031632653061224494 0.09595959595959595
138 0.5576530612244899 0.8831168831168831 0.023469387755102045 0.0836940836940837
136 0.5943877551020409 0.8834776334776335 0.023469387755102045 0.08441558441558442
17 0.6250000000000001 0.90007215007215 0.01938775510204082 0.03535353535353535
134 0.6464285714285715 0.8841991341991342 0.02142857142857143 0.08441558441558442
71 0.7137755102040817 0.9025974025974026 0.02959183673469388 0.05772005772005772
17 0.7903061224489797 0.8993506493506493 0.017346938775510204 0.0367965367965368
75 0.8163265306122449 0.9069264069264069 0.02653061224489796 0.06637806637806638
110 0.3576530612244898 0.6908369408369408 0.01938775510204082 0.09884559884559885
109 0.49897959183673474 0.6937229437229437 0.022448979591836737 0.09307359307359307
108 0.6117346938775511 0.6951659451659452 0.01938775510204082 0.0873015873015873
107 0.7433673469387756 0.6994949494949495 0.01938775510204082 0.08152958152958154
106 0.8551020408163266 0.7002164502164502 0.018367346938775512 0.0772005772005772
