0 0.21553884711779447 0.15013286093888398 0.07268170426065163 0.06820194862710363
12 0.6923558897243107 0.16563330380868024 0.018796992481203006 0.05845881310894597
12 0.09837092731829573 0.16651904340124005 0.016290726817042606 0.05845881310894597
0 0.21428571428571427 0.3387953941541187 0.07268170426065163 0.06820194862710363
12 0.6923558897243107 0.33968113374667847 0.018796992481203006 0.06111603188662534
12 0.09774436090225563 0.3392382639503986 0.015037593984962405 0.05845881310894597
0 0.21553884711779447 0.6740478299379983 0.07017543859649122 0.06731620903454384
12 0.09837092731829573 0.6908768821966342 0.016290726817042606 0.05845881310894597
12 0.5401002506265664 0.6904340124003543 0.017543859649122806 0.057573073516386186
0 0.21679197994987467 0.8423383525243578 0.07017543859649122 0.06731620903454384
12 0.09774436090225563 0.8591674047829938 0.015037593984962405 0.06200177147918512
12 0.8540100250626566 0.858281665190434 0.018796992481203006 0.05845881310894597
12 0.5401002506265664 0.858724534986714 0.017543859649122806 0.057573073516386186
26 0.13721804511278196 0.16696191319751993 0.05388471177944862 0.10363153232949514
112 0.3157894736842105 0.14437555358724535 0.03508771929824561 0.10451727192205491
110 0.40852130325814534 0.15190434012400356 0.03508771929824561 0.09123117803365811
171 0.5012531328320802 0.15234720992028344 0.03508771929824561 0.09211691762621789
172 0.5426065162907268 0.1483613817537644 0.03258145363408521 0.0983170947741364
171 0.581453634085213 0.15234720992028344 0.03258145363408521 0.09211691762621789
170 0.6215538847117794 0.1545615589016829 0.03258145363408521 0.08414526129317981
171 0.6585213032581453 0.15190434012400356 0.041353383458646614 0.09300265721877768
111 0.7349624060150376 0.14747564216120462 0.03884711779448621 0.0983170947741364
109 0.825187969924812 0.15544729849424269 0.03634085213032581 0.08414526129317981
170 0.9172932330827067 0.1550044286979628 0.03508771929824561 0.08325952170062002
171 0.9586466165413533 0.15234720992028344 0.03258145363408521 0.09211691762621789
27 0.13659147869674185 0.3392382639503986 0.06015037593984962 0.06200177147918512
17 0.28696741854636587 0.3330380868024801 0.022556390977443608 0.04428697962798937
26 0.13784461152882205 0.691762621789194 0.05513784461152882 0.10274579273693535
79 0.3151629072681704 0.6868910540301152 0.03132832080200501 0.06997342781222321
17 0.43796992481203006 0.6691762621789195 0.021303258145363407 0.043401240035429584
107 0.5776942355889724 0.687776793622675 0.03258145363408521 0.06997342781222321
20 0.6585213032581453 0.6616474756421612 0.02631578947368421 0.046058458813108945
137 0.7393483709273183 0.6904340124003543 0.03007518796992481 0.06288751107174491
136 0.7913533834586466 0.6922054915854738 0.041353383458646614 0.06465899025686449
72 0.8934837092731829 0.6904340124003543 0.03508771929824561 0.06465899025686449
26 0.13721804511278196 0.8604960141718335 0.05639097744360902 0.10363153232949514
20 0.6597744360902256 0.8299379982285209 0.02631578947368421 0.046058458813108945
20 0.7368421052631579 0.8299379982285209 0.02756892230576441 0.046058458813108945
27 0.81328320802005 0.8591674047829938 0.045112781954887216 0.06200177147918512
