12 0.09837092731829573 0.11116031886625333 0.018796992481203006 0.06111603188662534
12 0.7324561403508771 0.10983170947741365 0.021303258145363407 0.05845881310894597
12 0.731203007518797 0.2652790079716563 0.018796992481203006 0.05934455270150576
12 0.09774436090225563 0.2657218777679362 0.015037593984962405 0.05845881310894597
12 0.09774436090225563 0.4605845881310895 0.017543859649122806 0.06023029229406555
12 0.7324561403508771 0.4596988485385297 0.021303258145363407 0.05845881310894597
12 0.731203007518797 0.6142604074402126 0.018796992481203006 0.05934455270150576
12 0.09774436090225563 0.6151461470327724 0.015037593984962405 0.057573073516386186
12 0.09649122807017543 0.8095659875996457 0.017543859649122806 0.05845881310894597
12 0.731203007518797 0.8091231178033659 0.018796992481203006 0.057573073516386186
26 0.13784461152882205 0.112488928255093 0.05764411027568922 0.10274579273693535
142 0.22807017543859648 0.09211691762621789 0.03508771929824561 0.09920283436669619
139 0.2882205513784461 0.10363153232949514 0.03007518796992481 0.07617360496014172
137 0.35025062656641603 0.11160318866253321 0.03132832080200501 0.0637732506643047
135 0.4091478696741854 0.11426040744021258 0.03884711779448621 0.06908768821966342
132 0.4805764411027569 0.10894596988485386 0.03884711779448621 0.06554472984942428
130 0.537593984962406 0.11160318866253321 0.03508771929824561 0.07971656333038087
132 0.606516290726817 0.1054030115146147 0.03508771929824561 0.07617360496014172
132 0.7744360902255638 0.10850310008857396 0.042606516290726815 0.06465899025686449
130 0.8327067669172932 0.11027457927369354 0.03634085213032581 0.07883082373782108
132 0.9028822055137844 0.10451727192205491 0.03634085213032581 0.07617360496014172
27 0.13659147869674185 0.2652790079716563 0.06015037593984962 0.06288751107174491
26 0.13784461152882205 0.46235606731620904 0.05764411027568922 0.10274579273693535
142 0.22807017543859648 0.4419840566873339 0.03508771929824561 0.09920283436669619
139 0.2882205513784461 0.4534986713906112 0.03007518796992481 0.07617360496014172
137 0.35025062656641603 0.4605845881310895 0.03132832080200501 0.0637732506643047
135 0.40852130325814534 0.4632418069087688 0.040100250626566414 0.06908768821966342
132 0.4805764411027569 0.45837023914969 0.03884711779448621 0.06643046944198405
130 0.537593984962406 0.4610274579273694 0.03508771929824561 0.08060230292294066
132 0.606516290726817 0.45438441098317095 0.03508771929824561 0.07617360496014172
132 0.775062656641604 0.4579273693534101 0.041353383458646614 0.06554472984942428
130 0.8327067669172932 0.4601417183348096 0.03634085213032581 0.07883082373782108
132 0.9028822055137844 0.45438441098317095 0.03634085213032581 0.07617360496014172
27 0.13659147869674185 0.6151461470327724 0.06015037593984962 0.06288751107174491
37 0.13721804511278196 0.8179805137289637 0.06140350877192982 0.08060230292294066
48 0.23370927318295737 0.8095659875996457 0.03884711779448621 0.0637732506643047
