12 0.9060150375939849 0.11071744906997343 0.017543859649122806 0.06023029229406555
12 0.2907268170426065 0.11071744906997343 0.020050125313283207 0.05845881310894597
12 0.2901002506265664 0.2652790079716563 0.021303258145363407 0.05934455270150576
12 0.9041353383458646 0.2657218777679362 0.018796992481203006 0.05845881310894597
12 0.2888471177944862 0.4601417183348096 0.018796992481203006 0.057573073516386186
12 0.9053884711779449 0.4601417183348096 0.018796992481203006 0.057573073516386186
12 0.2894736842105263 0.6142604074402126 0.017543859649122806 0.05934455270150576
12 0.9041353383458646 0.6151461470327724 0.021303258145363407 0.057573073516386186
12 0.2894736842105263 0.8095659875996457 0.020050125313283207 0.05845881310894597
12 0.9047619047619047 0.8100088573959257 0.017543859649122806 0.05934455270150576
132 0.03822055137844611 0.10894596988485386 0.03884711779448621 0.06731620903454384
130 0.09461152882205513 0.11204605845881312 0.03634085213032581 0.07883082373782108
132 0.16541353383458646 0.10496014171833482 0.03508771929824561 0.07528786536758193
132 0.35025062656641603 0.10761736049601417 0.041353383458646614 0.06465899025686449
130 0.40977443609022557 0.10983170947741365 0.03508771929824561 0.08148804251550044
135 0.5006265664160401 0.10008857395925598 0.03383458646616541 0.08503100088573959
137 0.5701754385964912 0.09698848538529672 0.03258145363408521 0.09300265721877768
137 0.6353383458646616 0.1200177147918512 0.03258145363408521 0.08060230292294066
135 0.7205513784461153 0.12223206377325067 0.03258145363408521 0.08680248007085917
132 0.7838345864661653 0.12577502214348982 0.03132832080200501 0.09034543844109832
18 0.5964912280701754 0.2546501328609389 0.040100250626566414 0.01682905225863596
132 0.03884711779448621 0.45837023914969 0.040100250626566414 0.06643046944198405
130 0.09461152882205513 0.46147032772364927 0.03383458646616541 0.07971656333038087
132 0.16541353383458646 0.45438441098317095 0.03258145363408521 0.07440212577502214
18 0.5971177944862155 0.44906997342781224 0.03884711779448621 0.015943312666076175
18 0.5971177944862155 0.6036315323294952 0.03884711779448621 0.015057573073516387
18 0.016290726817042606 0.7980513728963685 0.03007518796992481 0.0141718334809566
102 0.3458646616541353 0.8015943312666076 0.03258145363408521 0.07440212577502214
104 0.49937343358395986 0.816651904340124 0.03132832080200501 0.0779450841452613
133 0.6409774436090225 0.8029229406554473 0.041353383458646614 0.07883082373782108
133 0.7224310776942355 0.8024800708591674 0.03383458646616541 0.07971656333038087
21 0.7863408521303258 0.8095659875996457 0.02882205513784461 0.030115146147032774
130 0.8583959899749373 0.8144375553587245 0.047619047619047616 0.06997342781222321
