12 0.901530612244898 0.2049062049062049 0.02142857142857143 0.049062049062049064
12 0.07500000000000001 0.20382395382395382 0.015306122448979593 0.045454545454545456
12 0.48367346938775513 0.20562770562770563 0.022448979591836737 0.049062049062049064
12 0.07448979591836735 0.45670995670995673 0.0163265306122449 0.049062049062049064
12 0.48367346938775513 0.4577922077922078 0.020408163265306124 0.049783549783549784
12 0.9025510204081634 0.45670995670995673 0.017346938775510204 0.047619047619047616
14 0.5474489795918368 0.43867243867243866 0.017346938775510204 0.008658008658008658
12 0.48265306122448987 0.7088744588744589 0.0163265306122449 0.048340548340548344
12 0.903061224489796 0.7088744588744589 0.0163265306122449 0.048340548340548344
12 0.07448979591836735 0.7088744588744589 0.0163265306122449 0.046897546897546896
12 0.9020408163265307 0.961038961038961 0.018367346938775512 0.049062049062049064
12 0.07551020408163266 0.9613997113997114 0.014285714285714287 0.048340548340548344
12 0.48367346938775513 0.961038961038961 0.020408163265306124 0.047619047619047616
14 0.5489795918367347 0.9440836940836941 0.014285714285714287 0.010822510822510822
14 0.13979591836734695 0.9559884559884559 0.012244897959183675 0.0101010101010101
80 0.1163265306122449 0.4512987012987013 0.028571428571428574 0.06421356421356421
20 0.3622448979591837 0.45202020202020204 0.022448979591836737 0.03391053391053391
77 0.5255102040816327 0.4592352092352092 0.030612244897959186 0.05555555555555555
21 0.01938775510204082 0.7088744588744589 0.02448979591836735 0.023809523809523808
133 0.11785714285714287 0.7031024531024531 0.0336734693877551 0.06277056277056277
21 0.17602040816326534 0.7095959595959596 0.025510204081632654 0.025252525252525252
138 0.238265306122449 0.7063492063492064 0.023469387755102045 0.05627705627705628
21 0.3020408163265306 0.7095959595959596 0.022448979591836737 0.025252525252525252
138 0.36377551020408166 0.7067099567099567 0.023469387755102045 0.056998556998557
21 0.42806122448979594 0.7092352092352092 0.02142857142857143 0.024531024531024532
131 0.526530612244898 0.7085137085137085 0.03469387755102041 0.050505050505050504
21 0.5846938775510204 0.7092352092352092 0.022448979591836737 0.024531024531024532
138 0.6459183673469389 0.7063492063492064 0.022448979591836737 0.05627705627705628
21 0.7112244897959185 0.7095959595959596 0.022448979591836737 0.025252525252525252
138 0.7719387755102042 0.7067099567099567 0.023469387755102045 0.056998556998557
21 0.8479591836734695 0.7092352092352092 0.02448979591836735 0.025974025974025976
75 0.1163265306122449 0.9671717171717171 0.030612244897959186 0.06565656565656566
77 0.5244897959183674 0.963924963924964 0.030612244897959186 0.05627705627705628
