12 0.29846938775510207 0.13383838383838384 0.01938775510204082 0.049783549783549784
12 0.9025510204081634 0.13455988455988455 0.017346938775510204 0.049783549783549784
12 0.29846938775510207 0.26046176046176045 0.017346938775510204 0.049062049062049064
12 0.9035714285714287 0.2601010101010101 0.017346938775510204 0.048340548340548344
12 0.2979591836734694 0.3777056277056277 0.0163265306122449 0.048340548340548344
12 0.903061224489796 0.3777056277056277 0.0163265306122449 0.046897546897546896
12 0.9025510204081634 0.6435786435786436 0.017346938775510204 0.049062049062049064
12 0.9020408163265307 0.7691197691197691 0.0163265306122449 0.049062049062049064
12 0.3663265306122449 0.7702020202020202 0.018367346938775512 0.046897546897546896
12 0.36530612244897964 0.8863636363636364 0.018367346938775512 0.048340548340548344
12 0.9020408163265307 0.887085137085137 0.0163265306122449 0.048340548340548344
166 0.061734693877551025 0.14105339105339104 0.025510204081632654 0.06565656565656566
165 0.10204081632653061 0.13997113997113997 0.0326530612244898 0.06349206349206349
164 0.15408163265306124 0.1277056277056277 0.0326530612244898 0.06349206349206349
163 0.19387755102040818 0.12987012987012986 0.02653061224489796 0.05916305916305916
132 0.23877551020408166 0.13167388167388167 0.02653061224489796 0.056998556998557
132 0.33979591836734696 0.1331168831168831 0.03469387755102041 0.05411255411255411
133 0.4229591836734694 0.13203463203463203 0.02755102040816327 0.05627705627705628
102 0.5117346938775511 0.12914862914862915 0.02755102040816327 0.06204906204906205
21 0.7586734693877552 0.13528138528138528 0.02142857142857143 0.025252525252525252
135 0.8489795918367348 0.1396103896103896 0.02653061224489796 0.06277056277056277
136 0.0576530612244898 0.26046176046176045 0.0336734693877551 0.05194805194805195
103 0.15000000000000002 0.268037518037518 0.02653061224489796 0.0670995670995671
164 0.3346938775510204 0.27056277056277056 0.02448979591836735 0.07215007215007214
165 0.3790816326530613 0.2709235209235209 0.025510204081632654 0.07431457431457432
164 0.42244897959183675 0.27236652236652237 0.02653061224489796 0.07575757575757576
163 0.46326530612244904 0.27200577200577203 0.0326530612244898 0.07647907647907648
164 0.5112244897959184 0.26731601731601734 0.02653061224489796 0.06565656565656566
15 0.5535714285714286 0.24855699855699856 0.023469387755102045 0.03823953823953824
166 0.5790816326530612 0.2647907647907648 0.025510204081632654 0.06204906204906205
167 0.6474489795918368 0.26262626262626265 0.02755102040816327 0.05916305916305916
168 0.7102040816326531 0.25793650793650796 0.0326530612244898 0.056998556998557
139 0.7596938775510205 0.25432900432900435 0.025510204081632654 0.06277056277056277
137 0.8433673469387756 0.2601010101010101 0.0336734693877551 0.051226551226551224
132 0.06275510204081633 0.37481962481962483 0.02755102040816327 0.05844155844155844
15 0.12244897959183675 0.38311688311688313 0.02448979591836735 0.03751803751803752
133 0.1556122448979592 0.37157287157287155 0.03571428571428572 0.06349206349206349
134 0.23877551020408166 0.3704906204906205 0.02653061224489796 0.06565656565656566
135 0.33877551020408164 0.3704906204906205 0.0326530612244898 0.06565656565656566
128 0.4239795918367347 0.38636363636363635 0.031632653061224494 0.06854256854256854
22 0.5096938775510205 0.38492063492063494 0.025510204081632654 0.0367965367965368
162 0.5831632653061225 0.3712121212121212 0.0336734693877551 0.06421356421356421
15 0.6219387755102042 0.3841991341991342 0.02142857142857143 0.03823953823953824
163 0.6489795918367347 0.3694083694083694 0.02653061224489796 0.06637806637806638
15 0.6908163265306123 0.3777056277056277 0.022448979591836737 0.0367965367965368
164 0.717857142857143 0.36688311688311687 0.025510204081632654 0.07142857142857142
165 0.7596938775510205 0.38311688311688313 0.025510204081632654 0.06349206349206349
166 0.8 0.3813131313131313 0.030612244897959186 0.05988455988455989
137 0.842857142857143 0.38023088023088025 0.0326530612244898 0.05627705627705628
22 0.04081632653061225 0.6507936507936508 0.02448979591836735 0.03607503607503607
168 0.0816326530612245 0.6414141414141414 0.02653061224489796 0.05772005772005772
167 0.1229591836734694 0.6439393939393939 0.02755102040816327 0.05411255411255411
168 0.16122448979591839 0.6410533910533911 0.0326530612244898 0.056998556998557
166 0.2056122448979592 0.6497113997113997 0.025510204081632654 0.06421356421356421
168 0.24948979591836737 0.6464646464646464 0.02755102040816327 0.06926406926406926
164 0.28979591836734697 0.6497113997113997 0.02448979591836735 0.06277056277056277
168 0.3285714285714286 0.6464646464646464 0.036734693877551024 0.06782106782106782
164 0.4025510204081633 0.6540404040404041 0.025510204081632654 0.07142857142857142
166 0.4484693877551021 0.6522366522366523 0.025510204081632654 0.06926406926406926
165 0.49030612244897964 0.6511544011544012 0.025510204081632654 0.0670995670995671
166 0.526530612244898 0.65007215007215 0.036734693877551024 0.06637806637806638
164 0.5729591836734694 0.6511544011544012 0.025510204081632654 0.06565656565656566
166 0.6193877551020409 0.6497113997113997 0.02653061224489796 0.0670995670995671
163 0.6581632653061225 0.65007215007215 0.02653061224489796 0.06493506493506493
166 0.6989795918367347 0.65007215007215 0.036734693877551024 0.06637806637806638
162 0.7469387755102042 0.6298701298701299 0.03469387755102041 0.07792207792207792
166 0.7877551020408164 0.6305916305916306 0.02653061224489796 0.07792207792207792
161 0.828061224489796 0.6316738816738817 0.02959183673469388 0.08152958152958154
166 0.8719387755102042 0.6298701298701299 0.025510204081632654 0.07936507936507936
78 0.04081632653061225 0.7694805194805194 0.028571428571428574 0.051226551226551224
78 0.4025510204081633 0.7698412698412699 0.02755102040816327 0.05194805194805195
137 0.7464285714285714 0.7561327561327561 0.031632653061224494 0.07792207792207792
130 0.8275510204081633 0.7687590187590188 0.028571428571428574 0.06565656565656566
137 0.04183673469387755 0.887085137085137 0.02653061224489796 0.05266955266955267
139 0.11887755102040817 0.8805916305916306 0.0336734693877551 0.06277056277056277
168 0.20510204081632655 0.8849206349206349 0.02653061224489796 0.05988455988455989
167 0.24846938775510205 0.88997113997114 0.025510204081632654 0.05988455988455989
166 0.2892857142857143 0.8910533910533911 0.025510204081632654 0.06060606060606061
165 0.33010204081632655 0.8924963924963925 0.0336734693877551 0.06349206349206349
140 0.4035714285714286 0.8784271284271284 0.031632653061224494 0.06854256854256854
172 0.4908163265306123 0.8722943722943723 0.030612244897959186 0.0808080808080808
171 0.5285714285714286 0.8755411255411255 0.03469387755102041 0.07575757575757576
140 0.5724489795918368 0.8784271284271284 0.028571428571428574 0.06998556998556998
139 0.6535714285714286 0.8813131313131313 0.03571428571428572 0.06277056277056277
168 0.7423469387755103 0.8845598845598845 0.025510204081632654 0.05916305916305916
167 0.7852040816326531 0.88997113997114 0.025510204081632654 0.05988455988455989
166 0.8270408163265307 0.8910533910533911 0.025510204081632654 0.06060606060606061
165 0.8678571428571429 0.8924963924963925 0.031632653061224494 0.06349206349206349
