12 0.2540816326530613 0.25901875901875904 0.00816326530612245 0.044733044733044736
12 0.3658163265306123 0.26046176046176045 0.00816326530612245 0.047619047619047616
12 0.42117346938775513 0.2593795093795094 0.007653061224489797 0.045454545454545456
12 0.6627551020408163 0.25901875901875904 0.00816326530612245 0.044733044733044736
12 0.8362244897959185 0.26082251082251084 0.00816326530612245 0.048340548340548344
12 0.9512755102040817 0.2611832611832612 0.007653061224489797 0.049062049062049064
12 0.30892857142857144 0.26046176046176045 0.007653061224489797 0.046176046176046176
12 0.5946428571428573 0.26082251082251084 0.008673469387755102 0.046897546897546896
12 0.7186224489795919 0.2611832611832612 0.008673469387755102 0.047619047619047616
12 0.8933673469387756 0.2611832611832612 0.00816326530612245 0.047619047619047616
12 0.47704081632653067 0.2637085137085137 0.0071428571428571435 0.04401154401154401
12 0.20739795918367349 0.4036796536796537 0.008673469387755102 0.048340548340548344
12 0.3352040816326531 0.4033189033189033 0.00816326530612245 0.047619047619047616
12 0.763265306122449 0.4025974025974026 0.00816326530612245 0.046176046176046176
12 0.46198979591836736 0.40440115440115443 0.007653061224489797 0.048340548340548344
12 0.5221938775510204 0.40440115440115443 0.008673469387755102 0.048340548340548344
12 0.5839285714285715 0.40404040404040403 0.007653061224489797 0.047619047619047616
12 0.8227040816326532 0.40440115440115443 0.008673469387755102 0.048340548340548344
12 0.8915816326530613 0.40404040404040403 0.008673469387755102 0.047619047619047616
12 0.9515306122448981 0.40440115440115443 0.00816326530612245 0.048340548340548344
12 0.27602040816326534 0.40440115440115443 0.00816326530612245 0.046897546897546896
12 0.6459183673469389 0.40440115440115443 0.00816326530612245 0.046897546897546896
12 0.1479591836734694 0.40476190476190477 0.00816326530612245 0.046176046176046176
12 0.4033163265306123 0.4069264069264069 0.007653061224489797 0.04329004329004329
12 0.7048469387755103 0.40764790764790765 0.007653061224489797 0.0404040404040404
12 0.777295918367347 0.5447330447330447 0.007653061224489797 0.044733044733044736
12 0.9517857142857143 0.5468975468975469 0.007653061224489797 0.049062049062049064
12 0.4622448979591837 0.5468975468975469 0.00816326530612245 0.047619047619047616
12 0.5875 0.5468975468975469 0.007653061224489797 0.047619047619047616
12 0.6461734693877551 0.5472582972582972 0.008673469387755102 0.048340548340548344
12 0.7165816326530613 0.5472582972582972 0.007653061224489797 0.048340548340548344
12 0.8346938775510205 0.5465367965367965 0.00816326530612245 0.046897546897546896
12 0.21301020408163268 0.5476190476190477 0.008673469387755102 0.047619047619047616
12 0.3375 0.5476190476190477 0.008673469387755102 0.047619047619047616
12 0.2811224489795919 0.547979797979798 0.00816326530612245 0.046897546897546896
12 0.5293367346938777 0.5476190476190477 0.008673469387755102 0.046176046176046176
12 0.8938775510204082 0.5476190476190477 0.00816326530612245 0.046176046176046176
12 0.1566326530612245 0.5508658008658008 0.00816326530612245 0.04256854256854257
12 0.7502551020408164 0.689033189033189 0.007653061224489797 0.046176046176046176
12 0.8145408163265306 0.6901154401154401 0.008673469387755102 0.048340548340548344
12 0.9515306122448981 0.6904761904761905 0.00816326530612245 0.049062049062049064
12 0.1517857142857143 0.6904761904761905 0.008673469387755102 0.047619047619047616
12 0.2839285714285715 0.6904761904761905 0.008673469387755102 0.047619047619047616
12 0.3591836734693878 0.6893939393939394 0.00816326530612245 0.045454545454545456
12 0.42219387755102045 0.6904761904761905 0.008673469387755102 0.047619047619047616
12 0.553826530612245 0.6904761904761905 0.008673469387755102 0.047619047619047616
12 0.6267857142857144 0.6908369408369408 0.007653061224489797 0.048340548340548344
12 0.8885204081632654 0.6897546897546898 0.007653061224489797 0.046176046176046176
12 0.6880102040816327 0.6911976911976911 0.007653061224489797 0.047619047619047616
12 0.49464285714285716 0.6919191919191919 0.007653061224489797 0.046176046176046176
12 0.22423469387755104 0.6922799422799423 0.007653061224489797 0.04401154401154401
11 0.9471938775510205 0.8329725829725829 0.013775510204081635 0.049783549783549784
12 0.32806122448979597 0.8333333333333334 0.00816326530612245 0.047619047619047616
12 0.5543367346938776 0.8336940836940837 0.007653061224489797 0.048340548340548344
12 0.7806122448979592 0.834054834054834 0.00816326530612245 0.047619047619047616
26 0.138265306122449 0.2619047619047619 0.025510204081632654 0.10533910533910534
69 0.2084183673469388 0.2698412698412698 0.01683673469387755 0.0707070707070707
73 0.2344387755102041 0.2582972582972583 0.013775510204081635 0.05772005772005772
73 0.26734693877551025 0.2582972582972583 0.014285714285714287 0.05772005772005772
71 0.289030612244898 0.2644300144300144 0.01479591836734694 0.05988455988455989
71 0.32142857142857145 0.2644300144300144 0.014285714285714287 0.05844155844155844
76 0.3477040816326531 0.2662337662337662 0.013775510204081635 0.06204906204906205
76 0.3788265306122449 0.2665945165945166 0.013775510204081635 0.06277056277056277
73 0.40127551020408164 0.2582972582972583 0.013775510204081635 0.05627705627705628
73 0.4341836734693878 0.25865800865800864 0.01326530612244898 0.056998556998557
78 0.4596938775510204 0.2611832611832612 0.01326530612244898 0.050505050505050504
105 0.4895408163265307 0.2644300144300144 0.012755102040816327 0.05555555555555555
20 0.5063775510204082 0.262987012987013 0.010714285714285714 0.04256854256854257
77 0.525 0.26406926406926406 0.01326530612244898 0.05483405483405483
77 0.5551020408163265 0.26406926406926406 0.01326530612244898 0.05627705627705628
75 0.577295918367347 0.2683982683982684 0.013775510204081635 0.06493506493506493
104 0.6073979591836736 0.26695526695526695 0.012755102040816327 0.06204906204906205
20 0.6239795918367348 0.26082251082251084 0.011224489795918368 0.04112554112554113
73 0.6431122448979593 0.2582972582972583 0.013775510204081635 0.05772005772005772
73 0.675765306122449 0.2582972582972583 0.013775510204081635 0.05772005772005772
78 0.701530612244898 0.2611832611832612 0.014285714285714287 0.050505050505050504
105 0.7308673469387755 0.26406926406926406 0.012755102040816327 0.05627705627705628
20 0.7477040816326531 0.262987012987013 0.010714285714285714 0.04112554112554113
77 0.7660714285714286 0.26406926406926406 0.013775510204081635 0.05627705627705628
77 0.7964285714285715 0.26334776334776333 0.01326530612244898 0.05483405483405483
75 0.8183673469387756 0.2683982683982684 0.01326530612244898 0.06493506493506493
76 0.8492346938775511 0.26731601731601734 0.013775510204081635 0.06132756132756133
19 0.8739795918367348 0.25901875901875904 0.018367346938775512 0.01443001443001443
19 0.9068877551020409 0.25865800865800864 0.01785714285714286 0.015151515151515152
73 0.9318877551020409 0.25865800865800864 0.013775510204081635 0.056998556998557
26 0.06683673469387756 0.4054834054834055 0.025510204081632654 0.10533910533910534
74 0.10255102040816327 0.398989898989899 0.014285714285714287 0.06204906204906205
76 0.12831632653061226 0.41053391053391053 0.013775510204081635 0.06204906204906205
76 0.16096938775510206 0.4101731601731602 0.013775510204081635 0.06277056277056277
74 0.18571428571428572 0.3986291486291486 0.014285714285714287 0.06277056277056277
101 0.21964285714285717 0.4015151515151515 0.013775510204081635 0.05844155844155844
20 0.23673469387755103 0.4051226551226551 0.011224489795918368 0.04112554112554113
76 0.2563775510204082 0.4101731601731602 0.013775510204081635 0.06277056277056277
76 0.289030612244898 0.40945165945165946 0.013775510204081635 0.06277056277056277
73 0.3135204081632653 0.4018759018759019 0.013775510204081635 0.05627705627705628
100 0.34719387755102044 0.40476190476190477 0.013775510204081635 0.05194805194805195
20 0.3645408163265306 0.4054834054834055 0.011734693877551022 0.0404040404040404
77 0.3844387755102041 0.4065656565656566 0.013775510204081635 0.05555555555555555
77 0.41632653061224495 0.4065656565656566 0.01326530612244898 0.05555555555555555
72 0.4400510204081633 0.4051226551226551 0.013775510204081635 0.05266955266955267
71 0.47474489795918373 0.4072871572871573 0.013775510204081635 0.05844155844155844
19 0.5010204081632653 0.4022366522366522 0.018367346938775512 0.015151515151515152
19 0.5354591836734695 0.4018759018759019 0.01785714285714286 0.015873015873015872
71 0.5619897959183674 0.408008658008658 0.013775510204081635 0.05844155844155844
70 0.5969387755102041 0.41089466089466087 0.01326530612244898 0.06421356421356421
74 0.624234693877551 0.39826839826839827 0.013775510204081635 0.06204906204906205
74 0.6586734693877552 0.3986291486291486 0.014285714285714287 0.06277056277056277
77 0.6852040816326531 0.4069264069264069 0.01326530612244898 0.05627705627705628
77 0.717857142857143 0.4065656565656566 0.01326530612244898 0.05555555555555555
73 0.7420918367346939 0.4015151515151515 0.013775510204081635 0.056998556998557
73 0.776530612244898 0.4015151515151515 0.014285714285714287 0.056998556998557
77 0.8035714285714286 0.4062049062049062 0.014285714285714287 0.05627705627705628
106 0.8354591836734695 0.40476190476190477 0.013775510204081635 0.050505050505050504
20 0.853061224489796 0.40584415584415584 0.011224489795918368 0.04112554112554113
76 0.8724489795918368 0.4101731601731602 0.01326530612244898 0.06132756132756133
76 0.9048469387755103 0.4101731601731602 0.013775510204081635 0.06277056277056277
74 0.9301020408163266 0.3986291486291486 0.01326530612244898 0.06132756132756133
26 0.06683673469387756 0.5483405483405484 0.025510204081632654 0.10533910533910534
101 0.10204081632653061 0.5450937950937951 0.01326530612244898 0.05844155844155844
20 0.11862244897959184 0.5483405483405484 0.011734693877551022 0.04329004329004329
77 0.13801020408163267 0.5505050505050505 0.013775510204081635 0.05627705627705628
77 0.16964285714285715 0.5497835497835498 0.013775510204081635 0.05627705627705628
77 0.19464285714285717 0.5501443001443002 0.013775510204081635 0.05555555555555555
104 0.22551020408163266 0.5533910533910534 0.012244897959183675 0.06204906204906205
20 0.24285714285714288 0.547979797979798 0.011224489795918368 0.04256854256854257
76 0.26173469387755105 0.5533910533910534 0.01326530612244898 0.06204906204906205
76 0.2938775510204082 0.5533910533910534 0.01326530612244898 0.06204906204906205
76 0.31862244897959185 0.5541125541125541 0.013775510204081635 0.06204906204906205
103 0.34974489795918373 0.5559163059163059 0.012755102040816327 0.06565656565656566
20 0.36683673469387756 0.5483405483405484 0.011224489795918368 0.04184704184704185
75 0.3862244897959184 0.5555555555555556 0.01326530612244898 0.06493506493506493
75 0.41811224489795923 0.5555555555555556 0.013775510204081635 0.06637806637806638
75 0.4428571428571429 0.5551948051948052 0.01326530612244898 0.06565656565656566
102 0.4739795918367347 0.5418470418470418 0.01326530612244898 0.06060606060606061
20 0.4908163265306123 0.547979797979798 0.011224489795918368 0.04112554112554113
76 0.5099489795918368 0.5533910533910534 0.012755102040816327 0.06204906204906205
76 0.542091836734694 0.5526695526695526 0.013775510204081635 0.06204906204906205
74 0.5663265306122449 0.5414862914862915 0.014285714285714287 0.06277056277056277
73 0.6005102040816327 0.5447330447330447 0.014285714285714287 0.05772005772005772
19 0.6257653061224491 0.5450937950937951 0.01785714285714286 0.015151515151515152
18 0.6793367346938776 0.54004329004329 0.02295918367346939 0.016594516594516596
69 0.728826530612245 0.5566378066378066 0.01683673469387755 0.06998556998556998
73 0.7563775510204083 0.5450937950937951 0.01479591836734694 0.05844155844155844
73 0.790561224489796 0.5447330447330447 0.01479591836734694 0.05772005772005772
71 0.8132653061224491 0.5505050505050505 0.014285714285714287 0.05916305916305916
71 0.8471938775510205 0.5505050505050505 0.01479591836734694 0.05772005772005772
76 0.8744897959183674 0.5523088023088023 0.01326530612244898 0.06132756132756133
76 0.9063775510204083 0.553030303030303 0.013775510204081635 0.06277056277056277
73 0.9308673469387756 0.5454545454545454 0.012755102040816327 0.05772005772005772
26 0.06658163265306123 0.6911976911976911 0.02602040816326531 0.1038961038961039
73 0.10255102040816327 0.687950937950938 0.014285714285714287 0.056998556998557
78 0.13112244897959185 0.6908369408369408 0.01326530612244898 0.051226551226551224
105 0.16505102040816327 0.6933621933621934 0.012755102040816327 0.05627705627705628
20 0.18341836734693878 0.6922799422799423 0.011734693877551022 0.04112554112554113
77 0.20382653061224493 0.6933621933621934 0.013775510204081635 0.05627705627705628
77 0.23775510204081635 0.693001443001443 0.01326530612244898 0.05555555555555555
75 0.2625 0.6976911976911977 0.013775510204081635 0.06493506493506493
104 0.2969387755102041 0.6966089466089466 0.012244897959183675 0.06277056277056277
20 0.31581632653061226 0.6908369408369408 0.012244897959183675 0.04112554112554113
73 0.3364795918367347 0.687950937950938 0.013775510204081635 0.056998556998557
73 0.3727040816326531 0.687950937950938 0.013775510204081635 0.056998556998557
78 0.401530612244898 0.6908369408369408 0.01326530612244898 0.051226551226551224
105 0.43494897959183676 0.6933621933621934 0.012755102040816327 0.05627705627705628
20 0.4535714285714286 0.6919191919191919 0.011224489795918368 0.0404040404040404
77 0.4739795918367347 0.693001443001443 0.01326530612244898 0.05555555555555555
77 0.5079081632653062 0.693001443001443 0.012755102040816327 0.05555555555555555
75 0.5329081632653062 0.6976911976911977 0.013775510204081635 0.06493506493506493
104 0.5670918367346939 0.6966089466089466 0.012755102040816327 0.06277056277056277
20 0.5854591836734694 0.6911976911976911 0.010714285714285714 0.0404040404040404
76 0.6056122448979593 0.6962481962481962 0.01326530612244898 0.06204906204906205
76 0.6400510204081633 0.6962481962481962 0.013775510204081635 0.06204906204906205
76 0.6668367346938776 0.6962481962481962 0.01326530612244898 0.06204906204906205
76 0.7012755102040817 0.6958874458874459 0.013775510204081635 0.06277056277056277
73 0.7275510204081633 0.687950937950938 0.014285714285714287 0.056998556998557
73 0.764030612244898 0.6875901875901876 0.01479591836734694 0.05772005772005772
72 0.7908163265306123 0.6919191919191919 0.014285714285714287 0.05339105339105339
99 0.8267857142857143 0.6937229437229437 0.013775510204081635 0.05844155844155844
20 0.8451530612244899 0.6908369408369408 0.012755102040816327 0.04256854256854257
74 0.8653061224489796 0.6854256854256854 0.014285714285714287 0.06349206349206349
74 0.902295918367347 0.6854256854256854 0.01479591836734694 0.06349206349206349
74 0.9285714285714286 0.685064935064935 0.01326530612244898 0.06277056277056277
26 0.06658163265306123 0.8347763347763347 0.02602040816326531 0.10533910533910534
101 0.10306122448979593 0.8311688311688312 0.01326530612244898 0.05772005772005772
20 0.16454081632653061 0.8344155844155844 0.012755102040816327 0.04112554112554113
73 0.22933673469387758 0.8311688311688312 0.01479591836734694 0.05627705627705628
73 0.35306122448979593 0.8308080808080808 0.014285714285714287 0.056998556998557
73 0.4556122448979592 0.8308080808080808 0.014285714285714287 0.056998556998557
69 0.578826530612245 0.8430735930735931 0.01683673469387755 0.06998556998556998
19 0.6823979591836735 0.8311688311688312 0.01785714285714286 0.012987012987012988
