13 0.2609693877551021 0.05411255411255411 0.011734693877551022 0.050505050505050504
12 0.9512755102040817 0.05339105339105339 0.008673469387755102 0.049062049062049064
12 0.048469387755102046 0.05411255411255411 0.0071428571428571435 0.049062049062049064
12 0.4369897959183674 0.05339105339105339 0.007653061224489797 0.047619047619047616
12 0.6071428571428572 0.05303030303030303 0.0071428571428571435 0.046897546897546896
12 0.7783163265306123 0.05339105339105339 0.008673469387755102 0.047619047619047616
12 0.048469387755102046 0.17316017316017315 0.0071428571428571435 0.049062049062049064
13 0.2609693877551021 0.17352092352092352 0.01479591836734694 0.049783549783549784
12 0.4369897959183674 0.17316017316017315 0.008673469387755102 0.049062049062049064
12 0.6073979591836736 0.17352092352092352 0.008673469387755102 0.048340548340548344
12 0.7783163265306123 0.17352092352092352 0.008673469387755102 0.048340548340548344
12 0.9510204081632654 0.17352092352092352 0.00816326530612245 0.048340548340548344
13 0.780357142857143 0.45815295815295815 0.012755102040816327 0.049062049062049064
12 0.9515306122448981 0.4588744588744589 0.009183673469387756 0.049062049062049064
12 0.048214285714285716 0.4588744588744589 0.00663265306122449 0.047619047619047616
12 0.4456632653061225 0.4588744588744589 0.00969387755102041 0.047619047619047616
12 0.6239795918367348 0.4588744588744589 0.009183673469387756 0.047619047619047616
12 0.26734693877551025 0.4588744588744589 0.009183673469387756 0.046176046176046176
14 0.6556122448979592 0.465007215007215 0.0071428571428571435 0.010822510822510822
14 0.6558673469387756 0.5483405483405484 0.007653061224489797 0.0101010101010101
12 0.6239795918367348 0.577922077922078 0.00816326530612245 0.049062049062049064
12 0.04872448979591837 0.577922077922078 0.00663265306122449 0.047619047619047616
12 0.26760204081632655 0.577922077922078 0.008673469387755102 0.047619047619047616
12 0.4459183673469388 0.577922077922078 0.00816326530612245 0.047619047619047616
13 0.7798469387755103 0.5782828282828283 0.012755102040816327 0.048340548340548344
12 0.9512755102040817 0.5782828282828283 0.008673469387755102 0.048340548340548344
14 0.6558673469387756 0.5598845598845599 0.007653061224489797 0.008658008658008658
14 0.6558673469387756 0.5725108225108225 0.007653061224489797 0.00937950937950938
14 0.6558673469387756 0.5844155844155844 0.007653061224489797 0.008658008658008658
14 0.6556122448979592 0.5959595959595959 0.0071428571428571435 0.0101010101010101
12 0.048469387755102046 0.7564935064935064 0.0071428571428571435 0.048340548340548344
12 0.2670918367346939 0.7561327561327561 0.007653061224489797 0.047619047619047616
13 0.7798469387755103 0.7561327561327561 0.013775510204081635 0.047619047619047616
12 0.9515306122448981 0.7572150072150072 0.0071428571428571435 0.049783549783549784
12 0.4454081632653062 0.7564935064935064 0.00816326530612245 0.046897546897546896
12 0.6239795918367348 0.7564935064935064 0.00816326530612245 0.046897546897546896
13 0.7795918367346939 0.8762626262626263 0.015306122448979593 0.051226551226551224
12 0.048469387755102046 0.8759018759018758 0.0071428571428571435 0.049062049062049064
12 0.2670918367346939 0.8759018759018758 0.008673469387755102 0.049062049062049064
12 0.6239795918367348 0.8759018759018758 0.00816326530612245 0.049062049062049064
12 0.9512755102040817 0.8759018759018758 0.007653061224489797 0.049062049062049064
12 0.4459183673469388 0.8762626262626263 0.00816326530612245 0.048340548340548344
26 0.06683673469387756 0.051587301587301584 0.02448979591836735 0.09307359307359307
104 0.10229591836734694 0.06024531024531025 0.012755102040816327 0.06565656565656566
140 0.14285714285714288 0.045815295815295816 0.014285714285714287 0.06854256854256854
139 0.16173469387755104 0.048701298701298704 0.015306122448979593 0.06277056277056277
136 0.1823979591836735 0.056998556998557 0.012755102040816327 0.05772005772005772
137 0.20255102040816328 0.05555555555555555 0.01326530612244898 0.05339105339105339
138 0.2229591836734694 0.05194805194805195 0.01326530612244898 0.05916305916305916
137 0.24285714285714288 0.05447330447330447 0.0163265306122449 0.051226551226551224
21 0.27908163265306124 0.05483405483405483 0.012244897959183675 0.024531024531024532
142 0.29923469387755103 0.04076479076479077 0.015816326530612247 0.08008658008658008
21 0.3196428571428572 0.05447330447330447 0.011734693877551022 0.023809523809523808
142 0.3403061224489796 0.04076479076479077 0.015306122448979593 0.08008658008658008
21 0.36096938775510207 0.05375180375180375 0.011734693877551022 0.023809523809523808
142 0.38112244897959185 0.04076479076479077 0.015306122448979593 0.08008658008658008
21 0.40127551020408164 0.05375180375180375 0.011734693877551022 0.023809523809523808
142 0.42193877551020414 0.04076479076479077 0.0163265306122449 0.08008658008658008
21 0.4512755102040817 0.05411255411255411 0.011734693877551022 0.024531024531024532
142 0.4714285714285715 0.04292929292929293 0.015306122448979593 0.07864357864357864
21 0.49132653061224496 0.05375180375180375 0.011224489795918368 0.023809523809523808
141 0.5114795918367347 0.04292929292929293 0.01479591836734694 0.07575757575757576
21 0.5318877551020409 0.05411255411255411 0.011734693877551022 0.023088023088023088
141 0.5520408163265307 0.04292929292929293 0.015306122448979593 0.07575757575757576
21 0.5721938775510205 0.05375180375180375 0.011734693877551022 0.023809523809523808
141 0.5928571428571429 0.04256854256854257 0.015306122448979593 0.07503607503607504
21 0.6216836734693878 0.05447330447330447 0.011734693877551022 0.025252525252525252
141 0.6423469387755103 0.04256854256854257 0.015306122448979593 0.07503607503607504
21 0.6625000000000001 0.05411255411255411 0.011734693877551022 0.024531024531024532
140 0.6829081632653062 0.045454545454545456 0.015816326530612247 0.06782106782106782
21 0.702295918367347 0.05447330447330447 0.011734693877551022 0.023809523809523808
140 0.7227040816326531 0.046176046176046176 0.015816326530612247 0.06926406926406926
21 0.7426020408163266 0.05447330447330447 0.011734693877551022 0.023809523809523808
140 0.763265306122449 0.046176046176046176 0.015306122448979593 0.06782106782106782
21 0.7931122448979593 0.05447330447330447 0.011734693877551022 0.023809523809523808
140 0.8132653061224491 0.046536796536796536 0.015306122448979593 0.06854256854256854
21 0.8331632653061225 0.05447330447330447 0.011224489795918368 0.023809523809523808
140 0.8533163265306123 0.046176046176046176 0.01479591836734694 0.06926406926406926
21 0.8734693877551021 0.05411255411255411 0.011224489795918368 0.023088023088023088
140 0.8948979591836735 0.046176046176046176 0.015306122448979593 0.06926406926406926
21 0.9137755102040818 0.05411255411255411 0.011224489795918368 0.023088023088023088
141 0.9354591836734695 0.04256854256854257 0.01479591836734694 0.07503607503607504
27 0.06556122448979593 0.1738816738816739 0.02602040816326531 0.05339105339105339
109 0.10229591836734694 0.16558441558441558 0.015816326530612247 0.06998556998556998
110 0.1431122448979592 0.1616161616161616 0.01479591836734694 0.07647907647907648
19 0.18265306122448982 0.17063492063492064 0.0163265306122449 0.012265512265512266
18 0.34974489795918373 0.1645021645021645 0.015816326530612247 0.012987012987012988
18 0.5224489795918368 0.16414141414141414 0.015306122448979593 0.012265512265512266
18 0.6931122448979592 0.1645021645021645 0.015816326530612247 0.012987012987012988
18 0.864795918367347 0.16414141414141414 0.015306122448979593 0.012265512265512266
27 0.06607142857142857 0.577922077922078 0.02602040816326531 0.05194805194805195
26 0.06683673469387756 0.45670995670995673 0.025510204081632654 0.09379509379509379
104 0.10229591836734694 0.465007215007215 0.012755102040816327 0.06421356421356421
100 0.10255102040816327 0.5786435786435786 0.01326530612244898 0.050505050505050504
135 0.1441326530612245 0.465007215007215 0.012755102040816327 0.06421356421356421
104 0.14438775510204083 0.5844155844155844 0.012244897959183675 0.06349206349206349
135 0.16352040816326532 0.4653679653679654 0.015816326530612247 0.06349206349206349
111 0.18775510204081636 0.4440836940836941 0.015306122448979593 0.08152958152958154
109 0.18775510204081636 0.5696248196248196 0.014285714285714287 0.06998556998556998
104 0.2295918367346939 0.5844155844155844 0.01326530612244898 0.06349206349206349
111 0.2298469387755102 0.4444444444444444 0.01479591836734694 0.0808080808080808
97 0.28188775510204084 0.5865800865800865 0.01479591836734694 0.06926406926406926
112 0.2821428571428572 0.44191919191919193 0.015306122448979593 0.0873015873015873
141 0.32423469387755105 0.44696969696969696 0.013775510204081635 0.07575757575757576
101 0.32423469387755105 0.5753968253968254 0.013775510204081635 0.056998556998557
142 0.3436224489795919 0.4444444444444444 0.01683673469387755 0.0808080808080808
106 0.3660714285714286 0.5782828282828283 0.013775510204081635 0.051226551226551224
112 0.3663265306122449 0.44155844155844154 0.015306122448979593 0.08658008658008658
104 0.40790816326530616 0.5844155844155844 0.013775510204081635 0.06349206349206349
112 0.40816326530612246 0.44264069264069267 0.014285714285714287 0.0873015873015873
98 0.46045918367346944 0.5847763347763347 0.013775510204081635 0.06421356421356421
109 0.46071428571428574 0.45021645021645024 0.014285714285714287 0.06926406926406926
109 0.502295918367347 0.4505772005772006 0.01479591836734694 0.06998556998556998
102 0.503061224489796 0.5725108225108225 0.01326530612244898 0.06277056277056277
105 0.5443877551020408 0.5815295815295816 0.01326530612244898 0.05772005772005772
109 0.5446428571428572 0.45021645021645024 0.01479591836734694 0.06926406926406926
109 0.5862244897959185 0.4505772005772006 0.014285714285714287 0.06998556998556998
106 0.5867346938775511 0.5782828282828283 0.01326530612244898 0.051226551226551224
73 0.6436224489795919 0.4707792207792208 0.012755102040816327 0.07431457431457432
20 0.7267857142857144 0.5761183261183261 0.010714285714285714 0.03968253968253968
21 0.7285714285714286 0.45995670995670995 0.012244897959183675 0.025252525252525252
22 0.7497448979591838 0.46645021645021645 0.012755102040816327 0.0367965367965368
162 0.7660714285714286 0.47186147186147187 0.012755102040816327 0.07647907647907648
107 0.7959183673469389 0.4556277056277056 0.01326530612244898 0.056998556998557
129 0.7977040816326532 0.5826118326118326 0.01683673469387755 0.06421356421356421
16 0.8104591836734695 0.5894660894660895 0.008673469387755102 0.03318903318903319
131 0.8237244897959184 0.575036075036075 0.013775510204081635 0.05916305916305916
107 0.8464285714285715 0.45634920634920634 0.01326530612244898 0.056998556998557
133 0.8466836734693878 0.5732323232323232 0.013775510204081635 0.06277056277056277
134 0.8681122448979592 0.5703463203463204 0.012755102040816327 0.06854256854256854
16 0.8818877551020409 0.5483405483405484 0.008673469387755102 0.03463203463203463
107 0.8946428571428572 0.45670995670995673 0.012755102040816327 0.05772005772005772
79 0.8954081632653063 0.575036075036075 0.014285714285714287 0.05916305916305916
107 0.9262755102040817 0.45670995670995673 0.012755102040816327 0.05772005772005772
26 0.0673469387755102 0.7543290043290043 0.025510204081632654 0.09307359307359307
21 0.10204081632653061 0.7572150072150072 0.012244897959183675 0.023809523809523808
142 0.12346938775510205 0.7431457431457431 0.015306122448979593 0.0808080808080808
21 0.14438775510204083 0.7575757575757576 0.011224489795918368 0.024531024531024532
142 0.1660714285714286 0.7442279942279942 0.01683673469387755 0.08008658008658008
21 0.18750000000000003 0.7568542568542569 0.011734693877551022 0.024531024531024532
142 0.20867346938775513 0.7445887445887446 0.0163265306122449 0.07936507936507936
21 0.2295918367346939 0.7568542568542569 0.011224489795918368 0.023088023088023088
142 0.2512755102040817 0.7445887445887446 0.015816326530612247 0.07792207792207792
21 0.28163265306122454 0.7575757575757576 0.011224489795918368 0.025974025974025976
143 0.30306122448979594 0.7413419913419913 0.015306122448979593 0.08441558441558442
21 0.3237244897959184 0.7572150072150072 0.011734693877551022 0.023809523809523808
141 0.3448979591836735 0.746031746031746 0.015306122448979593 0.0735930735930736
21 0.3660714285714286 0.7575757575757576 0.011734693877551022 0.024531024531024532
141 0.38673469387755105 0.7467532467532467 0.015306122448979593 0.0735930735930736
21 0.40816326530612246 0.7579365079365079 0.012244897959183675 0.025252525252525252
21 0.4602040816326531 0.7579365079365079 0.012244897959183675 0.025252525252525252
21 0.502295918367347 0.7575757575757576 0.011734693877551022 0.024531024531024532
140 0.5234693877551021 0.7489177489177489 0.015306122448979593 0.06926406926406926
21 0.5441326530612245 0.7575757575757576 0.011734693877551022 0.024531024531024532
140 0.565561224489796 0.7489177489177489 0.015816326530612247 0.06926406926406926
21 0.5862244897959185 0.7575757575757576 0.011224489795918368 0.024531024531024532
140 0.6079081632653062 0.7489177489177489 0.015816326530612247 0.06782106782106782
21 0.6431122448979593 0.7575757575757576 0.011734693877551022 0.024531024531024532
146 0.6645408163265307 0.7312409812409812 0.015816326530612247 0.10461760461760462
20 0.7267857142857144 0.7550505050505051 0.011734693877551022 0.03968253968253968
18 0.8665816326530613 0.7478354978354979 0.015816326530612247 0.012265512265512266
27 0.06581632653061226 0.8748196248196248 0.02653061224489796 0.049783549783549784
18 0.17346938775510207 0.8676046176046176 0.0163265306122449 0.013708513708513708
18 0.35663265306122455 0.8672438672438673 0.0163265306122449 0.012987012987012988
18 0.5349489795918367 0.8672438672438673 0.015816326530612247 0.012987012987012988
18 0.700765306122449 0.8672438672438673 0.015816326530612247 0.012987012987012988
18 0.8665816326530613 0.8672438672438673 0.015816326530612247 0.012987012987012988
87 0.6854591836734695 0.7312409812409812 0.015816326530612247 0.10461760461760462
