14 0.7834183673469388 0.10642135642135642 0.00663265306122449 0.00937950937950938
12 0.9515306122448981 0.13564213564213565 0.00816326530612245 0.049062049062049064
12 0.048214285714285716 0.13600288600288601 0.007653061224489797 0.048340548340548344
12 0.25 0.13600288600288601 0.00816326530612245 0.048340548340548344
12 0.4053571428571429 0.13600288600288601 0.008673469387755102 0.048340548340548344
12 0.514795918367347 0.13600288600288601 0.00816326530612245 0.048340548340548344
12 0.6076530612244898 0.13600288600288601 0.00816326530612245 0.048340548340548344
12 0.7290816326530613 0.13564213564213565 0.0071428571428571435 0.047619047619047616
12 0.7293367346938776 0.2766955266955267 0.008673469387755102 0.048340548340548344
12 0.9515306122448981 0.2766955266955267 0.00816326530612245 0.048340548340548344
12 0.048469387755102046 0.2774170274170274 0.0071428571428571435 0.048340548340548344
12 0.25 0.27705627705627706 0.00816326530612245 0.047619047619047616
12 0.40510204081632656 0.2774170274170274 0.00816326530612245 0.048340548340548344
12 0.514795918367347 0.2774170274170274 0.00816326530612245 0.048340548340548344
12 0.6073979591836736 0.27705627705627706 0.007653061224489797 0.047619047619047616
12 0.514795918367347 0.41233766233766234 0.009183673469387756 0.048340548340548344
12 0.6073979591836736 0.41233766233766234 0.00969387755102041 0.048340548340548344
12 0.048214285714285716 0.41305916305916307 0.00663265306122449 0.048340548340548344
12 0.25 0.4126984126984127 0.00816326530612245 0.047619047619047616
12 0.728826530612245 0.41305916305916307 0.00969387755102041 0.048340548340548344
12 0.9515306122448981 0.41233766233766234 0.00816326530612245 0.046897546897546896
12 0.4053571428571429 0.41305916305916307 0.007653061224489797 0.046897546897546896
12 0.6076530612244898 0.547979797979798 0.010204081632653062 0.048340548340548344
12 0.7290816326530613 0.5483405483405484 0.009183673469387756 0.049062049062049064
12 0.048214285714285716 0.5487012987012987 0.00663265306122449 0.048340548340548344
12 0.25 0.5483405483405484 0.00816326530612245 0.047619047619047616
12 0.5145408163265307 0.547979797979798 0.00969387755102041 0.046897546897546896
12 0.9512755102040817 0.5483405483405484 0.008673469387755102 0.047619047619047616
12 0.4053571428571429 0.5487012987012987 0.007653061224489797 0.046897546897546896
12 0.7293367346938776 0.6843434343434344 0.007653061224489797 0.048340548340548344
12 0.9512755102040817 0.683982683982684 0.008673469387755102 0.047619047619047616
12 0.048214285714285716 0.6847041847041847 0.00663265306122449 0.047619047619047616
12 0.25 0.6847041847041847 0.00816326530612245 0.047619047619047616
12 0.40510204081632656 0.6847041847041847 0.00816326530612245 0.047619047619047616
12 0.5145408163265307 0.6843434343434344 0.007653061224489797 0.046897546897546896
12 0.6076530612244898 0.6847041847041847 0.00816326530612245 0.047619047619047616
14 0.5609693877551021 0.6782106782106783 0.00663265306122449 0.0101010101010101
12 0.048214285714285716 0.81998556998557 0.00663265306122449 0.048340548340548344
12 0.5145408163265307 0.81998556998557 0.008673469387755102 0.048340548340548344
12 0.7293367346938776 0.81998556998557 0.007653061224489797 0.048340548340548344
12 0.9515306122448981 0.8196248196248196 0.00816326530612245 0.047619047619047616
12 0.25025510204081636 0.8203463203463204 0.007653061224489797 0.047619047619047616
12 0.4053571428571429 0.81998556998557 0.007653061224489797 0.046897546897546896
12 0.6073979591836736 0.81998556998557 0.007653061224489797 0.046897546897546896
14 0.6426020408163265 0.8376623376623377 0.00663265306122449 0.0101010101010101
27 0.0642857142857143 0.1349206349206349 0.02653061224489796 0.05194805194805195
15 0.08801020408163267 0.12445887445887446 0.01479591836734694 0.04112554112554113
18 0.17142857142857143 0.12698412698412698 0.018367346938775512 0.01443001443001443
18 0.32729591836734695 0.1266233766233766 0.01785714285714286 0.013708513708513708
18 0.4602040816326531 0.12698412698412698 0.017346938775510204 0.012987012987012988
18 0.5612244897959184 0.1266233766233766 0.017346938775510204 0.012265512265512266
18 0.6683673469387755 0.1266233766233766 0.018367346938775512 0.013708513708513708
171 0.7415816326530613 0.12301587301587301 0.013775510204081635 0.07431457431457432
169 0.754591836734694 0.12950937950937952 0.015306122448979593 0.06277056277056277
108 0.7719387755102042 0.12987012987012986 0.01326530612244898 0.06349206349206349
169 0.8364795918367348 0.12950937950937952 0.012755102040816327 0.06277056277056277
171 0.854591836734694 0.12337662337662338 0.014285714285714287 0.07503607503607504
175 0.8727040816326531 0.11183261183261184 0.01479591836734694 0.09812409812409813
171 0.8880102040816328 0.12373737373737374 0.01683673469387755 0.07431457431457432
174 0.9071428571428573 0.11435786435786435 0.014285714285714287 0.09451659451659451
169 0.9204081632653062 0.1305916305916306 0.014285714285714287 0.06204906204906205
138 0.9359693877551021 0.13275613275613277 0.01479591836734694 0.05772005772005772
27 0.0642857142857143 0.2763347763347763 0.025510204081632654 0.05339105339105339
15 0.08801020408163267 0.26515151515151514 0.012755102040816327 0.04112554112554113
18 0.1709183673469388 0.268037518037518 0.018367346938775512 0.013708513708513708
18 0.32806122448979597 0.268037518037518 0.017346938775510204 0.012265512265512266
18 0.4599489795918368 0.268037518037518 0.01785714285714286 0.013708513708513708
18 0.5609693877551021 0.268037518037518 0.01785714285714286 0.013708513708513708
15 0.6173469387755103 0.240981240981241 0.011224489795918368 0.03896103896103896
109 0.6308673469387756 0.26875901875901875 0.013775510204081635 0.06998556998556998
110 0.6566326530612245 0.26515151515151514 0.014285714285714287 0.07575757575757576
111 0.6829081632653062 0.262987012987013 0.01479591836734694 0.08152958152958154
139 0.7426020408163266 0.27056277056277056 0.012755102040816327 0.06349206349206349
141 0.7721938775510204 0.26515151515151514 0.013775510204081635 0.07575757575757576
145 0.7951530612244899 0.2536075036075036 0.01479591836734694 0.10028860028860029
141 0.8125000000000001 0.2644300144300144 0.01683673469387755 0.07575757575757576
113 0.8369897959183674 0.2564935064935065 0.015816326530612247 0.09307359307359307
20 0.9058673469387756 0.27525252525252525 0.010714285714285714 0.0367965367965368
27 0.0642857142857143 0.4126984126984127 0.025510204081632654 0.05194805194805195
15 0.08852040816326531 0.4007936507936508 0.012755102040816327 0.03968253968253968
20 0.11734693877551021 0.41125541125541126 0.011224489795918368 0.03896103896103896
139 0.14158163265306123 0.4065656565656566 0.012755102040816327 0.06277056277056277
141 0.163265306122449 0.4000721500721501 0.0163265306122449 0.0772005772005772
114 0.18801020408163266 0.3888888888888889 0.01683673469387755 0.09812409812409813
141 0.21096938775510207 0.39935064935064934 0.013775510204081635 0.07575757575757576
143 0.2334183673469388 0.3943001443001443 0.01785714285714286 0.0873015873015873
18 0.3278061224489796 0.4036796536796537 0.01785714285714286 0.013708513708513708
18 0.4594387755102041 0.4036796536796537 0.01785714285714286 0.013708513708513708
19 0.528061224489796 0.4098124098124098 0.01938775510204082 0.015873015873015872
20 0.561734693877551 0.4116161616161616 0.011224489795918368 0.03823953823953824
15 0.5744897959183674 0.37662337662337664 0.011224489795918368 0.03896103896103896
109 0.5877551020408164 0.40440115440115443 0.014285714285714287 0.06998556998556998
54 0.6336734693877552 0.4065656565656566 0.018367346938775512 0.06565656565656566
56 0.7454081632653062 0.4007936507936508 0.020408163265306124 0.07431457431457432
27 0.06454081632653062 0.547979797979798 0.025 0.051226551226551224
15 0.08852040816326531 0.5367965367965368 0.012755102040816327 0.0404040404040404
76 0.11938775510204083 0.5541125541125541 0.014285714285714287 0.06349206349206349
75 0.18877551020408165 0.5551948051948052 0.014285714285714287 0.0670995670995671
20 0.2596938775510204 0.5476190476190477 0.011224489795918368 0.03751803751803752
140 0.28443877551020413 0.5393217893217893 0.013775510204081635 0.06854256854256854
137 0.30153061224489797 0.5476190476190477 0.014285714285714287 0.050505050505050504
135 0.32117346938775515 0.5555555555555556 0.012755102040816327 0.06637806637806638
15 0.3352040816326531 0.5483405483405484 0.011224489795918368 0.03896103896103896
134 0.34821428571428575 0.5551948051948052 0.013775510204081635 0.06421356421356421
135 0.3688775510204082 0.5551948051948052 0.01326530612244898 0.06421356421356421
136 0.388265306122449 0.5544733044733045 0.017346938775510204 0.06421356421356421
18 0.4602040816326531 0.5396825396825397 0.018367346938775512 0.01443001443001443
19 0.5278061224489796 0.5458152958152959 0.019897959183673472 0.016594516594516596
80 0.564030612244898 0.5425685425685426 0.01479591836734694 0.06349206349206349
52 0.6339285714285715 0.5483405483405484 0.01785714285714286 0.05194805194805195
54 0.7454081632653062 0.5418470418470418 0.018367346938775512 0.06349206349206349
27 0.06479591836734694 0.6843434343434344 0.025510204081632654 0.05266955266955267
15 0.08826530612244898 0.6724386724386724 0.01326530612244898 0.0404040404040404
18 0.1709183673469388 0.6753246753246753 0.018367346938775512 0.01443001443001443
18 0.32729591836734695 0.674963924963925 0.01785714285714286 0.013708513708513708
18 0.4596938775510204 0.6756854256854257 0.018367346938775512 0.013708513708513708
20 0.5244897959183674 0.6836219336219336 0.011224489795918368 0.0367965367965368
75 0.5494897959183674 0.6915584415584416 0.014285714285714287 0.0670995670995671
49 0.6334183673469388 0.683982683982684 0.018877551020408164 0.05339105339105339
27 0.06479591836734694 0.8174603174603174 0.02653061224489796 0.047619047619047616
15 0.08826530612244898 0.8080808080808081 0.01326530612244898 0.0404040404040404
18 0.17066326530612247 0.810966810966811 0.01785714285714286 0.01443001443001443
74 0.2625 0.8142135642135642 0.013775510204081635 0.06132756132756133
73 0.32244897959183677 0.8167388167388168 0.014285714285714287 0.05627705627705628
102 0.4170918367346939 0.8142135642135642 0.012755102040816327 0.06132756132756133
100 0.4408163265306123 0.8203463203463204 0.01326530612244898 0.05194805194805195
104 0.4683673469387756 0.8257575757575758 0.012244897959183675 0.06277056277056277
103 0.49464285714285716 0.8272005772005772 0.012755102040816327 0.0670995670995671
45 0.5293367346938777 0.8228715728715729 0.01785714285714286 0.05988455988455989
71 0.6313775510204083 0.8228715728715729 0.01479591836734694 0.05844155844155844
96 0.7079081632653061 0.8318903318903319 0.01479591836734694 0.07647907647907648
45 0.7451530612244899 0.8243145743145743 0.01785714285714286 0.05844155844155844
