2 0.16709183673469388 0.24494949494949494 0.01785714285714286 0.05988455988455989
12 0.1191326530612245 0.2597402597402597 0.00663265306122449 0.049062049062049064
12 0.9517857142857143 0.2601010101010101 0.007653061224489797 0.049783549783549784
12 0.3793367346938776 0.2597402597402597 0.007653061224489797 0.047619047619047616
12 0.45459183673469394 0.2597402597402597 0.00816326530612245 0.047619047619047616
12 0.5505102040816326 0.2597402597402597 0.0071428571428571435 0.047619047619047616
12 0.8114795918367348 0.2601010101010101 0.007653061224489797 0.048340548340548344
12 0.888265306122449 0.2597402597402597 0.00816326530612245 0.047619047619047616
12 0.2813775510204082 0.26046176046176045 0.007653061224489797 0.047619047619047616
12 0.6270408163265306 0.2601010101010101 0.00816326530612245 0.046897546897546896
12 0.7234693877551021 0.26046176046176045 0.0071428571428571435 0.047619047619047616
2 0.16683673469387755 0.3874458874458874 0.017346938775510204 0.06060606060606061
12 0.12015306122448981 0.4033189033189033 0.00663265306122449 0.050505050505050504
12 0.45459183673469394 0.4025974025974026 0.00816326530612245 0.047619047619047616
12 0.8114795918367348 0.40295815295815296 0.007653061224489797 0.048340548340548344
12 0.9517857142857143 0.4033189033189033 0.007653061224489797 0.049062049062049064
12 0.37959183673469393 0.4022366522366522 0.0071428571428571435 0.045454545454545456
12 0.5505102040816326 0.40295815295815296 0.00816326530612245 0.046897546897546896
12 0.6270408163265306 0.4033189033189033 0.00816326530612245 0.047619047619047616
12 0.7234693877551021 0.40295815295815296 0.00816326530612245 0.046897546897546896
12 0.8885204081632654 0.40295815295815296 0.007653061224489797 0.046897546897546896
12 0.2811224489795919 0.4033189033189033 0.00816326530612245 0.044733044733044736
14 0.9173469387755103 0.4805194805194805 0.0071428571428571435 0.0101010101010101
2 0.16658163265306125 0.5068542568542569 0.01683673469387755 0.05988455988455989
12 0.888265306122449 0.5093795093795094 0.0071428571428571435 0.047619047619047616
12 0.2813775510204082 0.5104617604617605 0.008673469387755102 0.048340548340548344
12 0.3790816326530613 0.5097402597402597 0.00816326530612245 0.046897546897546896
12 0.45484693877551025 0.51010101010101 0.007653061224489797 0.047619047619047616
12 0.5502551020408164 0.51010101010101 0.007653061224489797 0.047619047619047616
12 0.626530612244898 0.5104617604617605 0.0071428571428571435 0.048340548340548344
12 0.7232142857142858 0.5097402597402597 0.007653061224489797 0.046897546897546896
12 0.9512755102040817 0.5104617604617605 0.007653061224489797 0.048340548340548344
12 0.11989795918367348 0.5097402597402597 0.006122448979591837 0.045454545454545456
14 0.9178571428571429 0.5165945165945166 0.0071428571428571435 0.0101010101010101
2 0.09540816326530613 0.6482683982683982 0.017346938775510204 0.06132756132756133
12 0.047704081632653064 0.6641414141414141 0.005612244897959184 0.049783549783549784
12 0.401530612244898 0.6634199134199135 0.00816326530612245 0.048340548340548344
12 0.9515306122448981 0.6641414141414141 0.00816326530612245 0.049783549783549784
12 0.20918367346938777 0.6634199134199135 0.00816326530612245 0.046897546897546896
12 0.30714285714285716 0.6637806637806638 0.00816326530612245 0.047619047619047616
12 0.4997448979591837 0.6634199134199135 0.008673469387755102 0.046897546897546896
12 0.5941326530612245 0.6634199134199135 0.008673469387755102 0.046897546897546896
12 0.6987244897959184 0.6634199134199135 0.007653061224489797 0.046897546897546896
12 0.7938775510204082 0.6634199134199135 0.00816326530612245 0.046897546897546896
12 0.8849489795918368 0.6641414141414141 0.007653061224489797 0.048340548340548344
2 0.09591836734693879 0.7907647907647908 0.017346938775510204 0.06060606060606061
12 0.048469387755102046 0.8066378066378066 0.006122448979591837 0.049062049062049064
12 0.5943877551020409 0.8059163059163059 0.00816326530612245 0.047619047619047616
12 0.6984693877551021 0.8066378066378066 0.00816326530612245 0.049062049062049064
12 0.9512755102040817 0.8066378066378066 0.007653061224489797 0.049062049062049064
12 0.401530612244898 0.8062770562770563 0.00816326530612245 0.046897546897546896
12 0.5 0.8066378066378066 0.00816326530612245 0.047619047619047616
12 0.7941326530612246 0.8059163059163059 0.007653061224489797 0.046176046176046176
12 0.8846938775510205 0.8066378066378066 0.00816326530612245 0.047619047619047616
12 0.20918367346938777 0.8066378066378066 0.00816326530612245 0.046176046176046176
12 0.30714285714285716 0.8062770562770563 0.00816326530612245 0.045454545454545456
14 0.8247448979591837 0.8845598845598845 0.007653061224489797 0.011544011544011544
12 0.30714285714285716 0.9141414141414141 0.00816326530612245 0.049062049062049064
12 0.7941326530612246 0.913059163059163 0.007653061224489797 0.046897546897546896
12 0.8849489795918368 0.9137806637806638 0.007653061224489797 0.048340548340548344
12 0.9510204081632654 0.9141414141414141 0.00816326530612245 0.049062049062049064
12 0.048214285714285716 0.913059163059163 0.00663265306122449 0.045454545454545456
12 0.5 0.9141414141414141 0.0071428571428571435 0.047619047619047616
14 0.8247448979591837 0.9195526695526696 0.007653061224489797 0.00937950937950938
26 0.13698979591836735 0.2601010101010101 0.02602040816326531 0.10606060606060606
100 0.22142857142857145 0.26082251082251084 0.01326530612244898 0.049783549783549784
103 0.29438775510204085 0.268037518037518 0.01326530612244898 0.0670995670995671
134 0.3168367346938776 0.26695526695526695 0.01326530612244898 0.06493506493506493
135 0.3316326530612245 0.2665945165945166 0.0163265306122449 0.06421356421356421
134 0.35127551020408165 0.2528860028860029 0.01683673469387755 0.06565656565656566
133 0.3658163265306123 0.25396825396825395 0.01326530612244898 0.06493506493506493
101 0.3915816326530613 0.25757575757575757 0.013775510204081635 0.05772005772005772
101 0.41454081632653067 0.25721500721500723 0.013775510204081635 0.056998556998557
101 0.4369897959183674 0.25721500721500723 0.013775510204081635 0.056998556998557
104 0.4681122448979592 0.2665945165945166 0.012755102040816327 0.06277056277056277
135 0.49056122448979594 0.26262626262626265 0.012755102040816327 0.05627705627705628
136 0.5056122448979592 0.2619047619047619 0.015306122448979593 0.05483405483405483
135 0.5232142857142857 0.26695526695526695 0.012755102040816327 0.06493506493506493
134 0.538265306122449 0.268037518037518 0.015306122448979593 0.06565656565656566
102 0.5632653061224491 0.2546897546897547 0.01326530612244898 0.06204906204906205
100 0.5852040816326531 0.2601010101010101 0.01326530612244898 0.051226551226551224
100 0.6079081632653062 0.26046176046176045 0.013775510204081635 0.05194805194805195
105 0.6403061224489797 0.262987012987013 0.012244897959183675 0.056998556998557
136 0.6635204081632654 0.2611832611832612 0.012755102040816327 0.05339105339105339
137 0.6785714285714286 0.2601010101010101 0.015306122448979593 0.051226551226551224
136 0.6961734693877552 0.26226551226551226 0.012755102040816327 0.05411255411255411
135 0.7112244897959185 0.26334776334776333 0.015306122448979593 0.05627705627705628
103 0.7367346938775511 0.268037518037518 0.01326530612244898 0.06565656565656566
101 0.7591836734693879 0.25757575757575757 0.01326530612244898 0.05627705627705628
131 0.7829081632653062 0.2601010101010101 0.015816326530612247 0.051226551226551224
131 0.7979591836734694 0.26046176046176045 0.012244897959183675 0.05194805194805195
102 0.8239795918367347 0.255050505050505 0.01326530612244898 0.06132756132756133
104 0.8466836734693878 0.26587301587301587 0.012755102040816327 0.06277056277056277
102 0.8696428571428573 0.2546897546897547 0.012755102040816327 0.06204906204906205
75 0.903061224489796 0.268037518037518 0.01326530612244898 0.0670995670995671
100 0.9323979591836735 0.2601010101010101 0.012755102040816327 0.051226551226551224
26 0.13698979591836735 0.4036796536796537 0.025 0.10606060606060606
100 0.22142857142857145 0.40295815295815296 0.01326530612244898 0.051226551226551224
135 0.3331632653061225 0.3961038961038961 0.012244897959183675 0.06637806637806638
134 0.350765306122449 0.395021645021645 0.015816326530612247 0.06565656565656566
133 0.3660714285714286 0.3961038961038961 0.012755102040816327 0.06493506493506493
101 0.4372448979591837 0.3997113997113997 0.014285714285714287 0.05772005772005772
136 0.5071428571428572 0.3935786435786436 0.012244897959183675 0.07431457431457432
135 0.5229591836734694 0.4090909090909091 0.012244897959183675 0.06493506493506493
134 0.5377551020408163 0.40945165945165946 0.015306122448979593 0.06565656565656566
100 0.6079081632653062 0.4033189033189033 0.012755102040816327 0.05194805194805195
137 0.6793367346938776 0.4098124098124098 0.013775510204081635 0.06493506493506493
136 0.6959183673469388 0.40476190476190477 0.012244897959183675 0.05483405483405483
135 0.7112244897959185 0.4051226551226551 0.015306122448979593 0.05555555555555555
131 0.7829081632653062 0.4025974025974026 0.015816326530612247 0.05194805194805195
131 0.7979591836734694 0.4033189033189033 0.012244897959183675 0.05194805194805195
100 0.9326530612244899 0.40295815295815296 0.01326530612244898 0.051226551226551224
27 0.14056122448979594 0.5126262626262627 0.03214285714285715 0.05988455988455989
20 0.21938775510204084 0.5104617604617605 0.012244897959183675 0.04112554112554113
98 0.29540816326530617 0.5165945165945166 0.014285714285714287 0.06493506493506493
101 0.31760204081632654 0.5068542568542569 0.013775510204081635 0.056998556998557
103 0.3492346938775511 0.5173160173160173 0.013775510204081635 0.06637806637806638
99 0.39234693877551025 0.5133477633477633 0.01326530612244898 0.05844155844155844
101 0.41454081632653067 0.5072150072150072 0.013775510204081635 0.05772005772005772
104 0.43647959183673474 0.5158730158730159 0.012755102040816327 0.06349206349206349
97 0.46913265306122454 0.5191197691197691 0.01479591836734694 0.06998556998556998
99 0.4920918367346939 0.5133477633477633 0.013775510204081635 0.056998556998557
102 0.5234693877551021 0.503968253968254 0.01326530612244898 0.06277056277056277
98 0.5635204081632653 0.5165945165945166 0.013775510204081635 0.06493506493506493
100 0.5852040816326531 0.51010101010101 0.01326530612244898 0.05194805194805195
102 0.6076530612244898 0.503968253968254 0.01326530612244898 0.06277056277056277
98 0.641326530612245 0.5162337662337663 0.01326530612244898 0.06421356421356421
101 0.6645408163265307 0.5068542568542569 0.013775510204081635 0.056998556998557
103 0.6964285714285715 0.5173160173160173 0.01326530612244898 0.06637806637806638
99 0.7372448979591837 0.512987012987013 0.01326530612244898 0.05772005772005772
101 0.7594387755102041 0.5068542568542569 0.013775510204081635 0.056998556998557
104 0.7808673469387756 0.5158730158730159 0.013775510204081635 0.06349206349206349
98 0.8244897959183675 0.5165945165945166 0.01326530612244898 0.06349206349206349
100 0.8469387755102041 0.51010101010101 0.01326530612244898 0.05194805194805195
102 0.8693877551020409 0.503968253968254 0.01326530612244898 0.06277056277056277
26 0.06556122448979593 0.6641414141414141 0.02602040816326531 0.10606060606060606
103 0.13010204081632654 0.6717171717171717 0.01326530612244898 0.06637806637806638
103 0.15892857142857145 0.6717171717171717 0.013775510204081635 0.06637806637806638
103 0.1864795918367347 0.6713564213564214 0.013775510204081635 0.06565656565656566
74 0.22346938775510206 0.6587301587301587 0.014285714285714287 0.06204906204906205
102 0.2826530612244898 0.658008658008658 0.01326530612244898 0.06349206349206349
103 0.3219387755102041 0.6713564213564214 0.01326530612244898 0.0670995670995671
102 0.35025510204081634 0.6576479076479076 0.013775510204081635 0.06277056277056277
101 0.37831632653061226 0.6608946608946609 0.013775510204081635 0.05772005772005772
72 0.4168367346938776 0.6641414141414141 0.014285714285714287 0.051226551226551224
102 0.4752551020408164 0.6583694083694084 0.013775510204081635 0.06277056277056277
105 0.5150510204081633 0.6670274170274171 0.012755102040816327 0.056998556998557
104 0.5438775510204082 0.6699134199134199 0.01326530612244898 0.06277056277056277
103 0.5719387755102041 0.670995670995671 0.01326530612244898 0.06637806637806638
107 0.6094387755102041 0.6612554112554112 0.013775510204081635 0.05844155844155844
100 0.6359693877551021 0.6641414141414141 0.013775510204081635 0.051226551226551224
131 0.6645408163265307 0.6634199134199135 0.01683673469387755 0.05266955266955267
131 0.6826530612244899 0.6645021645021645 0.01326530612244898 0.05194805194805195
102 0.7127551020408164 0.658008658008658 0.01326530612244898 0.06204906204906205
104 0.7408163265306124 0.6695526695526696 0.01326530612244898 0.06349206349206349
102 0.7693877551020409 0.6576479076479076 0.01326530612244898 0.06277056277056277
75 0.8099489795918368 0.670995670995671 0.013775510204081635 0.06637806637806638
100 0.8494897959183674 0.6645021645021645 0.01326530612244898 0.050505050505050504
18 0.915561224489796 0.6554834054834054 0.021938775510204084 0.015151515151515152
26 0.06581632653061226 0.806998556998557 0.02653061224489796 0.10461760461760462
103 0.15892857142857145 0.8142135642135642 0.013775510204081635 0.0670995670995671
103 0.1864795918367347 0.8138528138528138 0.013775510204081635 0.06782106782106782
102 0.2826530612244898 0.8001443001443002 0.01326530612244898 0.06349206349206349
102 0.35025510204081634 0.8001443001443002 0.013775510204081635 0.06349206349206349
101 0.37831632653061226 0.8033910533910534 0.013775510204081635 0.056998556998557
102 0.4752551020408164 0.8005050505050505 0.012755102040816327 0.06277056277056277
104 0.5436224489795919 0.8124098124098124 0.012755102040816327 0.06349206349206349
103 0.5714285714285715 0.8138528138528138 0.01326530612244898 0.06637806637806638
100 0.6359693877551021 0.8073593073593074 0.013775510204081635 0.05194805194805195
131 0.664795918367347 0.8066378066378066 0.0163265306122449 0.05194805194805195
131 0.6826530612244899 0.806998556998557 0.01326530612244898 0.05266955266955267
100 0.8494897959183674 0.806998556998557 0.01326530612244898 0.051226551226551224
18 0.9150510204081633 0.797979797979798 0.020918367346938777 0.012987012987012988
27 0.06887755102040817 0.9155844155844156 0.0326530612244898 0.05916305916305916
98 0.1306122448979592 0.9199134199134199 0.01326530612244898 0.06349206349206349
101 0.15969387755102044 0.9105339105339105 0.014285714285714287 0.05772005772005772
103 0.18673469387755104 0.920995670995671 0.014285714285714287 0.0670995670995671
98 0.22372448979591839 0.9199134199134199 0.013775510204081635 0.06349206349206349
100 0.25306122448979596 0.9141414141414141 0.014285714285714287 0.05194805194805195
102 0.2826530612244898 0.908008658008658 0.01326530612244898 0.06277056277056277
98 0.32244897959183677 0.9199134199134199 0.014285714285714287 0.06493506493506493
101 0.3505102040816327 0.9108946608946609 0.014285714285714287 0.056998556998557
103 0.37780612244897965 0.9213564213564214 0.013775510204081635 0.06782106782106782
98 0.41658163265306125 0.9202741702741702 0.013775510204081635 0.06421356421356421
100 0.4459183673469388 0.9141414141414141 0.014285714285714287 0.05194805194805195
102 0.4752551020408164 0.908008658008658 0.013775510204081635 0.06277056277056277
98 0.5155612244897959 0.9202741702741702 0.013775510204081635 0.06421356421356421
101 0.5443877551020408 0.9108946608946609 0.014285714285714287 0.056998556998557
103 0.5716836734693878 0.9213564213564214 0.013775510204081635 0.06637806637806638
98 0.6104591836734694 0.9202741702741702 0.013775510204081635 0.06421356421356421
101 0.6357142857142858 0.9105339105339105 0.014285714285714287 0.05772005772005772
103 0.6630102040816327 0.9213564213564214 0.013775510204081635 0.06637806637806638
98 0.7132653061224491 0.9202741702741702 0.01326530612244898 0.06421356421356421
100 0.741326530612245 0.9141414141414141 0.014285714285714287 0.05194805194805195
102 0.7691326530612246 0.908008658008658 0.013775510204081635 0.06277056277056277
18 0.9153061224489797 0.9054834054834054 0.02142857142857143 0.01443001443001443
16 0.3102040816326531 0.3268398268398268 0.011224489795918368 0.044733044733044736
16 0.4071428571428572 0.3282828282828283 0.011224489795918368 0.044733044733044736
16 0.6566326530612245 0.329004329004329 0.011224489795918368 0.044733044733044736
16 0.751530612244898 0.32756132756132755 0.011224489795918368 0.044733044733044736
16 0.9178571428571429 0.3268398268398268 0.011224489795918368 0.044733044733044736
