14 0.8435710567412805 0.053019145802650956 0.007808433107756377 0.011782032400589101
14 0.5897969807391983 0.06369661266568483 0.007287870900572618 0.011045655375552282
14 0.6262363352420615 0.06443298969072164 0.007287870900572618 0.011045655375552282
12 0.26626756897449244 0.093519882179676 0.007808433107756377 0.050073637702503684
12 0.4109838625715773 0.09425625920471281 0.007808433107756377 0.050073637702503684
12 0.549453409682457 0.09425625920471281 0.008849557522123894 0.050073637702503684
11 0.8992712129099427 0.09425625920471281 0.015096304008328995 0.050073637702503684
12 0.6876626756897449 0.09425625920471281 0.009370119729307652 0.048600883652430045
14 0.7144716293597084 0.07621502209131074 0.007808433107756377 0.012518409425625921
12 0.8185840707964601 0.09462444771723122 0.008849557522123894 0.04933726067746686
12 0.048412285268089536 0.09462444771723122 0.008328995314940135 0.04786450662739322
12 0.9510671525247267 0.09499263622974963 0.010411244143675169 0.048600883652430045
12 0.9513274336283186 0.5257731958762887 0.008849557522123894 0.050073637702503684
12 0.2954190525767829 0.5257731958762887 0.008849557522123894 0.048600883652430045
12 0.555960437272254 0.5257731958762887 0.009370119729307652 0.048600883652430045
12 0.8154606975533576 0.5257731958762887 0.008849557522123894 0.048600883652430045
12 0.048672566371681415 0.5261413843888071 0.007808433107756377 0.04786450662739322
12 0.048412285268089536 0.6590574374079529 0.008328995314940135 0.050073637702503684
12 0.2954190525767829 0.6586892488954345 0.00989068193649141 0.04933726067746686
12 0.5557001561686622 0.658321060382916 0.00989068193649141 0.048600883652430045
12 0.8154606975533576 0.658321060382916 0.00989068193649141 0.048600883652430045
12 0.9508068714211348 0.6586892488954345 0.00989068193649141 0.04933726067746686
12 0.2954190525767829 0.804860088365243 0.00989068193649141 0.050073637702503684
12 0.555960437272254 0.804860088365243 0.009370119729307652 0.050073637702503684
12 0.048412285268089536 0.804860088365243 0.008328995314940135 0.048600883652430045
12 0.8152004164497657 0.804860088365243 0.009370119729307652 0.048600883652430045
12 0.9513274336283186 0.8052282768777614 0.008849557522123894 0.04786450662739322
27 0.0663716814159292 0.09499263622974963 0.02654867256637168 0.053019145802650956
15 0.09083810515356586 0.08357879234167893 0.011972930765226444 0.04050073637702504
17 0.11035918792295679 0.04086892488954345 0.008328995314940135 0.04050073637702504
112 0.12233211868818324 0.0780559646539028 0.014575741801145237 0.0898379970544919
141 0.1639770952628839 0.08284241531664212 0.014575741801145237 0.07584683357879234
106 0.191827173347215 0.0938880706921944 0.013014055179593961 0.05228276877761414
143 0.21811556480999478 0.07695139911634757 0.015616866215512754 0.08762886597938144
111 0.2803227485684539 0.07952871870397643 0.016137428422696512 0.08247422680412371
140 0.3175429463820927 0.0861561119293078 0.015616866215512754 0.06921944035346098
108 0.33810515356585114 0.08873343151693668 0.013014055179593961 0.06406480117820323
21 0.36257157730348777 0.09536082474226804 0.011972930765226444 0.02577319587628866
140 0.4247787610619469 0.0857879234167894 0.014575741801145237 0.06995581737849779
140 0.44143675169182717 0.0857879234167894 0.01665799062988027 0.06995581737849779
140 0.46069755335762624 0.0857879234167894 0.015616866215512754 0.06995581737849779
108 0.4820406038521603 0.08910162002945508 0.01353461738677772 0.06480117820324005
140 0.5296720458094742 0.0857879234167894 0.016137428422696512 0.06995581737849779
107 0.5780843310775637 0.09241531664212077 0.014055179593961478 0.05817378497790869
16 0.6009890681936492 0.06296023564064801 0.00989068193649141 0.03608247422680412
107 0.6145236855804268 0.09241531664212077 0.013014055179593961 0.05817378497790869
78 0.7022384174908901 0.09462444771723122 0.014575741801145237 0.05228276877761414
109 0.8321186881832379 0.0861561119293078 0.016137428422696512 0.06921944035346098
20 0.8589276418532015 0.09315169366715759 0.011452368558042686 0.04050073637702504
21 0.8831337844872462 0.09646539027982327 0.013014055179593961 0.026509572901325478
26 0.06715252472670484 0.5231958762886598 0.024986985944820406 0.093519882179676
15 0.09057782404997397 0.501840942562592 0.012493492972410203 0.04050073637702504
143 0.13846954711087975 0.5073637702503682 0.015616866215512754 0.08836524300441825
176 0.31025507548152004 0.49815905743740796 0.014575741801145237 0.10235640648011782
175 0.3266527850078084 0.501840942562592 0.014055179593961478 0.09646539027982327
174 0.3433107756376887 0.5044182621502209 0.014055179593961478 0.09278350515463918
173 0.35996876626756896 0.5077319587628866 0.014055179593961478 0.08910162002945508
172 0.37662675689744923 0.5110456553755522 0.014055179593961478 0.08100147275405008
171 0.39146277980218636 0.5136229749631811 0.01665799062988027 0.07879234167893961
174 0.571056741280583 0.5055228276877761 0.01353461738677772 0.09204712812960235
173 0.5874544508068714 0.5077319587628866 0.014055179593961478 0.08910162002945508
172 0.6038521603331598 0.5110456553755522 0.01353461738677772 0.08247422680412371
171 0.6202498698594482 0.5132547864506627 0.014055179593961478 0.07658321060382917
170 0.6371681415929203 0.51620029455081 0.01353461738677772 0.07069219440353461
169 0.6512233211868819 0.5198821796759941 0.014575741801145237 0.0662739322533137
168 0.829776158250911 0.522459499263623 0.012493492972410203 0.05670103092783505
169 0.8459135866736075 0.5198821796759941 0.012493492972410203 0.06332842415316642
170 0.862051015096304 0.5165684830633284 0.01353461738677772 0.06995581737849779
171 0.8784487246225924 0.5139911634756995 0.014055179593961478 0.07658321060382917
172 0.8948464341488808 0.5103092783505154 0.01353461738677772 0.08247422680412371
173 0.9099427381572098 0.5077319587628866 0.01665799062988027 0.08910162002945508
26 0.06715252472670484 0.6568483063328424 0.026028110359187923 0.09572901325478644
15 0.09083810515356586 0.6351251840942562 0.013014055179593961 0.04050073637702504
21 0.137948984903696 0.6590574374079529 0.012493492972410203 0.025036818851251842
21 0.3110359187922957 0.6601620029455081 0.014055179593961478 0.027245949926362298
162 0.34461218115564807 0.6527982326951399 0.01665799062988027 0.06553755522827688
164 0.3610098906819365 0.6527982326951399 0.013014055179593961 0.06553755522827688
132 0.377147319104633 0.6527982326951399 0.013014055179593961 0.06553755522827688
21 0.5715773034877668 0.6597938144329897 0.01353461738677772 0.026509572901325478
162 0.6054138469547111 0.6520618556701031 0.01665799062988027 0.06553755522827688
164 0.6212909942738157 0.6524300441826215 0.013014055179593961 0.0662739322533137
162 0.6374284226965122 0.6527982326951399 0.013014055179593961 0.06701030927835051
21 0.8305570015616867 0.6597938144329897 0.013014055179593961 0.026509572901325478
161 0.8638729828214472 0.6594256259204713 0.01717855283706403 0.05375552282768777
160 0.8789692868297762 0.6620029455081001 0.013014055179593961 0.05891016200294551
161 0.8953669963560645 0.6594256259204713 0.01353461738677772 0.05375552282768777
27 0.06663196251952108 0.8055964653902798 0.026028110359187923 0.053019145802650956
15 0.09083810515356586 0.7934462444771723 0.013014055179593961 0.04050073637702504
21 0.13820926600728786 0.8055964653902798 0.013014055179593961 0.025036818851251842
137 0.3107756376887038 0.8052282768777614 0.01353461738677772 0.05228276877761414
139 0.3435710567412806 0.7993372606774668 0.01353461738677772 0.06553755522827688
141 0.3748047891723061 0.7934462444771723 0.018740239458615304 0.07731958762886598
137 0.5715773034877668 0.804860088365243 0.01353461738677772 0.053019145802650956
139 0.6041124414367517 0.7997054491899852 0.013014055179593961 0.06480117820324005
141 0.6353461738677771 0.7930780559646539 0.018219677251431546 0.0780559646539028
137 0.8305570015616867 0.804860088365243 0.014055179593961478 0.053019145802650956
140 0.8617907339927121 0.7967599410898379 0.015096304008328995 0.07069219440353461
141 0.892243623112962 0.7938144329896907 0.01978136387298282 0.0780559646539028
