14 0.38265306122448983 0.02958152958152958 0.006122448979591837 0.008658008658008658
12 0.34846938775510206 0.0588023088023088 0.010204081632653062 0.048340548340548344
12 0.5433673469387755 0.0588023088023088 0.009183673469387756 0.048340548340548344
12 0.7489795918367348 0.05916305916305916 0.009183673469387756 0.049062049062049064
12 0.9512755102040817 0.05952380952380952 0.008673469387755102 0.048340548340548344
14 0.12806122448979593 0.16125541125541126 0.006122448979591837 0.00937950937950938
12 0.3135204081632653 0.20238095238095238 0.010714285714285714 0.048340548340548344
12 0.5783163265306123 0.20238095238095238 0.010714285714285714 0.048340548340548344
12 0.7612244897959184 0.20274170274170275 0.00816326530612245 0.047619047619047616
14 0.23571428571428574 0.3041125541125541 0.006122448979591837 0.00937950937950938
14 0.6551020408163266 0.30483405483405485 0.006122448979591837 0.00937950937950938
11 0.9471938775510205 0.34523809523809523 0.013775510204081635 0.049783549783549784
12 0.30969387755102046 0.34523809523809523 0.010204081632653062 0.048340548340548344
12 0.7293367346938776 0.34523809523809523 0.010714285714285714 0.048340548340548344
12 0.8561224489795919 0.34523809523809523 0.011224489795918368 0.048340548340548344
12 0.20892857142857144 0.34595959595959597 0.00969387755102041 0.048340548340548344
12 0.4326530612244898 0.34559884559884557 0.010204081632653062 0.047619047619047616
12 0.5209183673469389 0.34595959595959597 0.010204081632653062 0.048340548340548344
12 0.6283163265306123 0.34559884559884557 0.00969387755102041 0.047619047619047616
26 0.06479591836734694 0.06096681096681097 0.023469387755102045 0.08441558441558442
111 0.11785714285714287 0.044733044733044736 0.015306122448979593 0.08225108225108226
111 0.17755102040816328 0.044733044733044736 0.015306122448979593 0.08225108225108226
109 0.23469387755102042 0.050505050505050504 0.014285714285714287 0.06926406926406926
109 0.2941326530612245 0.050144300144300144 0.01479591836734694 0.06998556998556998
79 0.37219387755102046 0.056998556998557 0.012755102040816327 0.05772005772005772
111 0.48852040816326536 0.045093795093795096 0.01479591836734694 0.08152958152958154
82 0.5663265306122449 0.048701298701298704 0.014285714285714287 0.07431457431457432
82 0.6602040816326531 0.049062049062049064 0.01326530612244898 0.07503607503607504
82 0.7719387755102042 0.048701298701298704 0.01326530612244898 0.07431457431457432
78 0.8640306122448981 0.05916305916305916 0.013775510204081635 0.05194805194805195
26 0.06479591836734694 0.2041847041847042 0.023469387755102045 0.08513708513708514
81 0.11760204081632654 0.19444444444444445 0.01479591836734694 0.06998556998556998
108 0.250765306122449 0.19660894660894662 0.012755102040816327 0.06277056277056277
79 0.33979591836734696 0.19985569985569984 0.01326530612244898 0.05772005772005772
108 0.4484693877551021 0.19624819624819625 0.01326530612244898 0.06349206349206349
103 0.514795918367347 0.20995670995670995 0.01326530612244898 0.06637806637806638
52 0.614030612244898 0.2031024531024531 0.01683673469387755 0.051226551226551224
18 0.8494897959183674 0.193001443001443 0.0163265306122449 0.012265512265512266
26 0.06479591836734694 0.34704184704184704 0.022448979591836737 0.08513708513708514
19 0.11862244897959184 0.3434343434343434 0.01683673469387755 0.01443001443001443
78 0.16658163265306125 0.3463203463203463 0.013775510204081635 0.05194805194805195
81 0.22525510204081634 0.33694083694083693 0.013775510204081635 0.06926406926406926
108 0.2823979591836735 0.3401875901875902 0.013775510204081635 0.06277056277056277
79 0.326530612244898 0.3430735930735931 0.01326530612244898 0.05844155844155844
108 0.37423469387755104 0.33946608946608947 0.012755102040816327 0.06277056277056277
103 0.40510204081632656 0.3528138528138528 0.01326530612244898 0.06782106782106782
52 0.45892857142857146 0.34595959595959597 0.01683673469387755 0.051226551226551224
78 0.5380102040816327 0.34595959595959597 0.012755102040816327 0.051226551226551224
78 0.5862244897959185 0.34559884559884557 0.01326530612244898 0.05194805194805195
81 0.6448979591836735 0.3373015873015873 0.015306122448979593 0.06998556998556998
108 0.7017857142857143 0.3398268398268398 0.013775510204081635 0.06349206349206349
79 0.7461734693877552 0.3430735930735931 0.013775510204081635 0.05844155844155844
108 0.7941326530612246 0.3401875901875902 0.013775510204081635 0.06277056277056277
110 0.828826530612245 0.33405483405483405 0.013775510204081635 0.07503607503607504
58 0.8823979591836736 0.3282828282828283 0.018877551020408164 0.08802308802308802
