8 0.10357142857142858 0.08261183261183261 0.04081632653061225 0.06132756132756133
12 0.6872448979591838 0.08766233766233766 0.00816326530612245 0.046897546897546896
12 0.04872448979591837 0.08946608946608947 0.00663265306122449 0.049062049062049064
12 0.3841836734693878 0.08946608946608947 0.009183673469387756 0.049062049062049064
12 0.9512755102040817 0.0891053391053391 0.008673469387755102 0.048340548340548344
8 0.10331632653061225 0.5147907647907648 0.03826530612244898 0.06132756132756133
12 0.048469387755102046 0.5328282828282829 0.0071428571428571435 0.048340548340548344
12 0.40229591836734696 0.5328282828282829 0.007653061224489797 0.048340548340548344
12 0.6885204081632653 0.5331890331890332 0.00969387755102041 0.049062049062049064
12 0.9517857142857143 0.5328282828282829 0.007653061224489797 0.048340548340548344
12 0.40229591836734696 0.6648629148629148 0.00969387755102041 0.049783549783549784
12 0.0489795918367347 0.6655844155844156 0.00816326530612245 0.049783549783549784
12 0.6887755102040817 0.6648629148629148 0.009183673469387756 0.048340548340548344
12 0.9512755102040817 0.6652236652236653 0.008673469387755102 0.047619047619047616
8 0.10382653061224491 0.6764069264069265 0.040306122448979596 0.06277056277056277
8 0.10382653061224491 0.7914862914862915 0.040306122448979596 0.06204906204906205
12 0.40229591836734696 0.7968975468975469 0.008673469387755102 0.048340548340548344
12 0.04872448979591837 0.7976190476190477 0.00663265306122449 0.048340548340548344
12 0.6882653061224491 0.7972582972582972 0.00816326530612245 0.047619047619047616
12 0.9515306122448981 0.7972582972582972 0.009183673469387756 0.047619047619047616
27 0.06607142857142857 0.0891053391053391 0.02602040816326531 0.05266955266955267
135 0.14821428571428572 0.09451659451659451 0.012755102040816327 0.06204906204906205
21 0.20408163265306123 0.08946608946608947 0.012244897959183675 0.024531024531024532
21 0.2663265306122449 0.08982683982683982 0.012244897959183675 0.025252525252525252
15 0.314795918367347 0.0588023088023088 0.011224489795918368 0.03823953823953824
139 0.32806122448979597 0.0836940836940837 0.01326530612244898 0.06349206349206349
170 0.39795918367346944 0.08008658008658008 0.014285714285714287 0.06926406926406926
171 0.41836734693877553 0.07683982683982683 0.014285714285714287 0.07575757575757576
172 0.438265306122449 0.07431457431457432 0.017346938775510204 0.08225108225108226
171 0.4599489795918368 0.0772005772005772 0.013775510204081635 0.07503607503607504
170 0.48086734693877553 0.08044733044733045 0.013775510204081635 0.06998556998556998
172 0.502295918367347 0.07395382395382395 0.01785714285714286 0.08008658008658008
28 0.5196428571428572 0.08874458874458875 0.020918367346938777 0.050505050505050504
190 0.5418367346938776 0.0955988455988456 0.01326530612244898 0.06421356421356421
15 0.5568877551020409 0.07683982683982683 0.011734693877551022 0.03968253968253968
191 0.5688775510204083 0.09415584415584416 0.01326530612244898 0.06421356421356421
167 0.5887755102040817 0.09415584415584416 0.012244897959183675 0.06421356421356421
167 0.6216836734693878 0.09343434343434344 0.012755102040816327 0.06421356421356421
166 0.6538265306122449 0.09307359307359307 0.01683673469387755 0.06060606060606061
135 0.7020408163265307 0.09487734487734488 0.01326530612244898 0.06277056277056277
21 0.7637755102040817 0.08946608946608947 0.012244897959183675 0.024531024531024532
27 0.8107142857142858 0.08874458874458875 0.020408163265306124 0.050505050505050504
21 0.8329081632653061 0.08982683982683982 0.011734693877551022 0.025252525252525252
136 0.8954081632653063 0.09199134199134198 0.012244897959183675 0.056998556998557
26 0.06658163265306123 0.5295815295815296 0.025 0.09235209235209235
137 0.14821428571428572 0.5324675324675324 0.012755102040816327 0.05194805194805195
169 0.18494897959183676 0.5263347763347763 0.018877551020408164 0.06277056277056277
142 0.21556122448979595 0.5176767676767676 0.01479591836734694 0.08152958152958154
169 0.24846938775510205 0.5263347763347763 0.018367346938775512 0.06421356421356421
137 0.2747448979591837 0.5328282828282829 0.012755102040816327 0.051226551226551224
166 0.3094387755102041 0.5339105339105339 0.018877551020408164 0.05483405483405483
15 0.3323979591836735 0.5144300144300145 0.011734693877551022 0.03751803751803752
137 0.34515306122448985 0.5324675324675324 0.012755102040816327 0.05194805194805195
17 0.3719387755102041 0.5028860028860029 0.009183673469387756 0.03896103896103896
169 0.3806122448979592 0.5266955266955267 0.018367346938775512 0.06349206349206349
139 0.4186224489795919 0.5277777777777778 0.011734693877551022 0.06565656565656566
134 0.47576530612244905 0.5411255411255411 0.01683673469387755 0.06782106782106782
136 0.5459183673469388 0.5339105339105339 0.01326530612244898 0.05483405483405483
139 0.6086734693877551 0.5266955266955267 0.017346938775510204 0.06349206349206349
136 0.7043367346938776 0.534992784992785 0.013775510204081635 0.056998556998557
168 0.741326530612245 0.5303030303030303 0.01938775510204082 0.05772005772005772
141 0.7719387755102042 0.5205627705627706 0.014285714285714287 0.07575757575757576
168 0.8048469387755103 0.5292207792207793 0.018877551020408164 0.056998556998557
136 0.8308673469387756 0.538961038961039 0.012755102040816327 0.06493506493506493
165 0.8660714285714286 0.54004329004329 0.018877551020408164 0.06565656565656566
136 0.8941326530612246 0.534992784992785 0.012755102040816327 0.056998556998557
15 0.9201530612244899 0.5144300144300145 0.011734693877551022 0.03751803751803752
167 0.9295918367346939 0.5331890331890332 0.018367346938775512 0.05194805194805195
33 0.06709183673469388 0.6767676767676768 0.02602040816326531 0.07647907647907648
134 0.15025510204081635 0.6583694083694084 0.01683673469387755 0.06421356421356421
132 0.21556122448979595 0.661976911976912 0.012755102040816327 0.056998556998557
130 0.27704081632653066 0.6673881673881674 0.017346938775510204 0.05916305916305916
134 0.34540816326530616 0.658008658008658 0.01326530612244898 0.06637806637806638
131 0.4229591836734694 0.6648629148629148 0.02142857142857143 0.051226551226551224
21 0.478061224489796 0.6652236652236653 0.012244897959183675 0.024531024531024532
21 0.5454081632653062 0.6655844155844156 0.012244897959183675 0.025252525252525252
131 0.6153061224489796 0.6648629148629148 0.02142857142857143 0.051226551226551224
138 0.7068877551020408 0.6468253968253969 0.01785714285714286 0.08874458874458875
131 0.7719387755102042 0.658008658008658 0.014285714285714287 0.06782106782106782
129 0.8329081632653061 0.670995670995671 0.01683673469387755 0.06349206349206349
133 0.8948979591836735 0.6626984126984127 0.01326530612244898 0.056998556998557
27 0.06556122448979593 0.7972582972582972 0.02602040816326531 0.05194805194805195
140 0.1479591836734694 0.788961038961039 0.014285714285714287 0.06998556998556998
21 0.21530612244897962 0.797979797979798 0.012244897959183675 0.024531024531024532
21 0.27448979591836736 0.7976190476190477 0.012244897959183675 0.025252525252525252
140 0.34515306122448985 0.7886002886002886 0.01479591836734694 0.06926406926406926
139 0.41836734693877553 0.7911255411255411 0.01326530612244898 0.06277056277056277
167 0.45178571428571435 0.7972582972582972 0.019897959183673472 0.05194805194805195
134 0.478061224489796 0.8033910533910534 0.01326530612244898 0.06421356421356421
167 0.514795918367347 0.799062049062049 0.01938775510204082 0.05555555555555555
139 0.5451530612244898 0.7907647907647908 0.012755102040816327 0.06349206349206349
171 0.5831632653061225 0.7853535353535354 0.01938775510204082 0.07575757575757576
140 0.6112244897959184 0.7882395382395382 0.014285714285714287 0.06854256854256854
169 0.6459183673469389 0.7907647907647908 0.018367346938775512 0.06349206349206349
34 0.6719387755102041 0.7936507936507936 0.020408163265306124 0.05772005772005772
139 0.703826530612245 0.7918470418470418 0.012755102040816327 0.06277056277056277
21 0.7716836734693878 0.7976190476190477 0.012755102040816327 0.025252525252525252
21 0.8311224489795919 0.7972582972582972 0.012244897959183675 0.024531024531024532
135 0.8946428571428572 0.8026695526695526 0.012755102040816327 0.06277056277056277
