6 0.16301020408163266 0.1810966810966811 0.01785714285714286 0.05194805194805195
12 0.11964285714285715 0.1958874458874459 0.007653061224489797 0.048340548340548344
12 0.577295918367347 0.19624819624819625 0.008673469387755102 0.047619047619047616
12 0.9515306122448981 0.19624819624819625 0.00816326530612245 0.047619047619047616
6 0.16301020408163266 0.29617604617604615 0.01785714285714286 0.05266955266955267
12 0.12091836734693878 0.2994227994227994 0.009183673469387756 0.049062049062049064
12 0.9515306122448981 0.2987012987012987 0.00816326530612245 0.047619047619047616
12 0.577295918367347 0.2994227994227994 0.008673469387755102 0.047619047619047616
6 0.09158163265306123 0.4087301587301587 0.01785714285714286 0.051226551226551224
12 0.048214285714285716 0.42388167388167386 0.00663265306122449 0.048340548340548344
12 0.9515306122448981 0.42388167388167386 0.00816326530612245 0.048340548340548344
12 0.6288265306122449 0.42424242424242425 0.00969387755102041 0.047619047619047616
6 0.09183673469387756 0.523088023088023 0.018367346938775512 0.05194805194805195
12 0.6285714285714287 0.5266955266955267 0.00816326530612245 0.047619047619047616
12 0.9512755102040817 0.5266955266955267 0.008673469387755102 0.047619047619047616
12 0.048469387755102046 0.527056277056277 0.0071428571428571435 0.046897546897546896
6 0.09183673469387756 0.6363636363636364 0.018367346938775512 0.050505050505050504
12 0.048214285714285716 0.6515151515151515 0.00663265306122449 0.047619047619047616
12 0.5089285714285715 0.6515151515151515 0.008673469387755102 0.047619047619047616
12 0.9515306122448981 0.6515151515151515 0.00816326530612245 0.047619047619047616
6 0.09183673469387756 0.7507215007215007 0.018367346938775512 0.051226551226551224
12 0.048214285714285716 0.7543290043290043 0.00663265306122449 0.048340548340548344
12 0.9515306122448981 0.753968253968254 0.00816326530612245 0.047619047619047616
12 0.5091836734693878 0.7546897546897547 0.00816326530612245 0.047619047619047616
6 0.09158163265306123 0.863997113997114 0.018877551020408164 0.049783549783549784
12 0.047959183673469394 0.8791486291486291 0.006122448979591837 0.048340548340548344
12 0.5295918367346939 0.8787878787878788 0.00816326530612245 0.047619047619047616
12 0.9512755102040817 0.8787878787878788 0.008673469387755102 0.047619047619047616
6 0.09158163265306123 0.9761904761904762 0.01785714285714286 0.046176046176046176
12 0.9512755102040817 0.9776334776334776 0.007653061224489797 0.0404040404040404
12 0.048214285714285716 0.9790764790764791 0.00663265306122449 0.04184704184704185
12 0.5295918367346939 0.9783549783549783 0.00816326530612245 0.03896103896103896
26 0.13596938775510206 0.19696969696969696 0.02295918367346939 0.0735930735930736
170 0.21862244897959185 0.18867243867243869 0.011734693877551022 0.0670995670995671
168 0.238265306122449 0.19444444444444445 0.010204081632653062 0.056998556998557
166 0.2584183673469388 0.19696969696969696 0.010714285714285714 0.05339105339105339
168 0.28010204081632656 0.19516594516594515 0.015306122448979593 0.05844155844155844
170 0.30714285714285716 0.18867243867243869 0.012244897959183675 0.06854256854256854
168 0.32704081632653065 0.19408369408369408 0.011224489795918368 0.05772005772005772
166 0.34719387755102044 0.19696969696969696 0.010714285714285714 0.05339105339105339
168 0.36862244897959184 0.19516594516594515 0.01479591836734694 0.05844155844155844
171 0.5928571428571429 0.18506493506493507 0.012244897959183675 0.07575757575757576
169 0.6125 0.19083694083694083 0.010714285714285714 0.06421356421356421
167 0.6326530612244898 0.19624819624819625 0.011224489795918368 0.05339105339105339
169 0.6548469387755103 0.19047619047619047 0.01479591836734694 0.06349206349206349
172 0.6816326530612246 0.1821789321789322 0.01326530612244898 0.08152958152958154
169 0.7010204081632654 0.19047619047619047 0.011224489795918368 0.06493506493506493
167 0.7209183673469388 0.19624819624819625 0.011224489795918368 0.05339105339105339
169 0.7428571428571429 0.19083694083694083 0.014285714285714287 0.06421356421356421
27 0.1364795918367347 0.29834054834054835 0.023979591836734697 0.049783549783549784
26 0.06454081632653062 0.42604617604617606 0.02295918367346939 0.07575757575757576
173 0.12448979591836735 0.4065656565656566 0.012244897959183675 0.08585858585858586
170 0.15357142857142858 0.4163059163059163 0.011224489795918368 0.06782106782106782
168 0.18265306122448982 0.42207792207792205 0.011224489795918368 0.05772005772005772
170 0.2142857142857143 0.4163059163059163 0.015306122448979593 0.06926406926406926
173 0.24948979591836737 0.4065656565656566 0.012244897959183675 0.08585858585858586
170 0.2785714285714286 0.4163059163059163 0.012244897959183675 0.06926406926406926
168 0.3076530612244898 0.42207792207792205 0.011224489795918368 0.05772005772005772
170 0.33852040816326534 0.4163059163059163 0.015816326530612247 0.06926406926406926
105 0.6482142857142857 0.42676767676767674 0.010714285714285714 0.056998556998557
20 0.7234693877551021 0.39466089466089466 0.010204081632653062 0.03463203463203463
27 0.06505102040816327 0.5274170274170275 0.023979591836734697 0.050505050505050504
20 0.7232142857142858 0.49783549783549785 0.010714285714285714 0.03463203463203463
26 0.06454081632653062 0.6533189033189033 0.02295918367346939 0.07575757575757576
19 0.12551020408163266 0.6240981240981242 0.0163265306122449 0.012987012987012988
19 0.525765306122449 0.6251803751803752 0.01683673469387755 0.015151515151515152
27 0.06505102040816327 0.7546897546897547 0.023979591836734697 0.050505050505050504
157 0.18392857142857144 0.7665945165945166 0.01683673469387755 0.07431457431457432
158 0.20739795918367349 0.7637085137085137 0.012755102040816327 0.06854256854256854
159 0.2344387755102041 0.76010101010101 0.011734693877551022 0.06277056277056277
161 0.26275510204081637 0.7550505050505051 0.012244897959183675 0.051226551226551224
162 0.525765306122449 0.7546897546897547 0.01479591836734694 0.050505050505050504
157 0.5484693877551021 0.766955266955267 0.01326530612244898 0.0735930735930736
161 0.5767857142857143 0.7543290043290043 0.012755102040816327 0.051226551226551224
157 0.6005102040816327 0.766955266955267 0.01326530612244898 0.0735930735930736
162 0.6306122448979592 0.7546897546897547 0.014285714285714287 0.050505050505050504
157 0.6533163265306123 0.7665945165945166 0.012755102040816327 0.07431457431457432
161 0.6816326530612246 0.7546897546897547 0.012244897959183675 0.05194805194805195
157 0.7053571428571429 0.7658730158730159 0.013775510204081635 0.07575757575757576
26 0.06454081632653062 0.8805916305916306 0.02295918367346939 0.07575757575757576
19 0.125765306122449 0.8517316017316018 0.01683673469387755 0.013708513708513708
18 0.5456632653061225 0.8528138528138528 0.01683673469387755 0.017316017316017316
27 0.06505102040816327 0.9783549783549783 0.023979591836734697 0.04184704184704185
34 0.9362244897959184 0.9751082251082251 0.01938775510204082 0.049783549783549784
