7 0.15846153846153846 0.19807213930348258 0.018901098901098902 0.04788557213930348
14 0.9443956043956044 0.1828358208955224 0.004835164835164835 0.007462686567164179
14 0.7487912087912088 0.18314676616915423 0.004835164835164835 0.006840796019900498
12 0.11956043956043956 0.208955223880597 0.006153846153846154 0.04353233830845771
12 0.9514285714285714 0.20926616915422885 0.006593406593406593 0.04415422885572139
12 0.8415384615384616 0.208955223880597 0.0074725274725274725 0.04228855721393035
12 0.2465934065934066 0.20926616915422885 0.007912087912087912 0.041666666666666664
12 0.30263736263736263 0.20926616915422885 0.008351648351648353 0.041666666666666664
12 0.361978021978022 0.20926616915422885 0.0074725274725274725 0.041666666666666664
12 0.41802197802197805 0.20926616915422885 0.007912087912087912 0.041666666666666664
12 0.47604395604395605 0.20926616915422885 0.007032967032967033 0.041666666666666664
12 0.5896703296703296 0.20926616915422885 0.0074725274725274725 0.041666666666666664
12 0.6459340659340659 0.20926616915422885 0.0074725274725274725 0.041666666666666664
12 0.756043956043956 0.2095771144278607 0.007032967032967033 0.04228855721393035
12 0.5320879120879121 0.2095771144278607 0.0074725274725274725 0.041044776119402986
7 0.15868131868131868 0.3177860696517413 0.01934065934065934 0.0472636815920398
12 0.8417582417582418 0.31840796019900497 0.007032967032967033 0.04228855721393035
12 0.11978021978021978 0.31902985074626866 0.005714285714285714 0.04228855721393035
12 0.2465934065934066 0.31902985074626866 0.007912087912087912 0.04228855721393035
12 0.30263736263736263 0.31902985074626866 0.0074725274725274725 0.04228855721393035
12 0.361978021978022 0.3187189054726368 0.0074725274725274725 0.041666666666666664
12 0.41802197802197805 0.3187189054726368 0.007912087912087912 0.041666666666666664
12 0.47604395604395605 0.31902985074626866 0.007912087912087912 0.04228855721393035
12 0.5323076923076923 0.31902985074626866 0.007912087912087912 0.04228855721393035
12 0.5898901098901099 0.31902985074626866 0.007912087912087912 0.04228855721393035
12 0.6459340659340659 0.31902985074626866 0.0074725274725274725 0.04228855721393035
12 0.9514285714285714 0.3193407960199005 0.0074725274725274725 0.04291044776119403
7 0.08703296703296703 0.43097014925373134 0.01846153846153846 0.0472636815920398
14 0.5745054945054945 0.4166666666666667 0.005274725274725275 0.007462686567164179
14 0.8171428571428572 0.4169776119402985 0.005274725274725275 0.00808457711442786
14 0.3386813186813187 0.4169776119402985 0.004835164835164835 0.006840796019900498
12 0.22505494505494505 0.4427860696517413 0.007912087912087912 0.04353233830845771
12 0.46593406593406594 0.44247512437810943 0.007912087912087912 0.04291044776119403
12 0.9516483516483516 0.44247512437810943 0.007032967032967033 0.04291044776119403
12 0.04835164835164835 0.4427860696517413 0.007032967032967033 0.04228855721393035
12 0.35494505494505496 0.4427860696517413 0.0074725274725274725 0.04228855721393035
12 0.5907692307692307 0.4427860696517413 0.007912087912087912 0.04228855721393035
12 0.7017582417582418 0.4427860696517413 0.0074725274725274725 0.04228855721393035
12 0.8327472527472527 0.44247512437810943 0.006593406593406593 0.041666666666666664
14 0.8173626373626374 0.44713930348258707 0.004835164835164835 0.007462686567164179
7 0.08681318681318681 0.5848880597014925 0.018901098901098902 0.046641791044776115
12 0.04835164835164835 0.5855099502487562 0.006153846153846154 0.04291044776119403
12 0.22483516483516483 0.5855099502487562 0.0074725274725274725 0.04291044776119403
12 0.4657142857142857 0.5855099502487562 0.0074725274725274725 0.04291044776119403
12 0.5916483516483516 0.585820895522388 0.007912087912087912 0.04228855721393035
12 0.7017582417582418 0.585820895522388 0.0074725274725274725 0.04228855721393035
12 0.950989010989011 0.585820895522388 0.0074725274725274725 0.041044776119402986
7 0.08703296703296703 0.6977611940298507 0.01846153846153846 0.0472636815920398
14 0.21714285714285714 0.6837686567164178 0.005274725274725275 0.00808457711442786
14 0.4443956043956044 0.6834577114427861 0.005274725274725275 0.007462686567164179
14 0.6668131868131868 0.6837686567164178 0.005274725274725275 0.00808457711442786
12 0.04835164835164835 0.7095771144278606 0.006153846153846154 0.04228855721393035
12 0.33604395604395604 0.7095771144278606 0.0074725274725274725 0.04228855721393035
12 0.5637362637362637 0.7095771144278606 0.0074725274725274725 0.04228855721393035
12 0.678901098901099 0.7095771144278606 0.0074725274725274725 0.04228855721393035
12 0.8391208791208791 0.7095771144278606 0.007912087912087912 0.04228855721393035
12 0.9514285714285714 0.7095771144278606 0.0074725274725274725 0.04228855721393035
12 0.22923076923076924 0.7095771144278606 0.006593406593406593 0.041044776119402986
12 0.4564835164835165 0.7095771144278606 0.006593406593406593 0.041044776119402986
12 0.7793406593406593 0.7095771144278606 0.007032967032967033 0.041044776119402986
12 0.8949450549450549 0.7098880597014925 0.007912087912087912 0.0404228855721393
14 0.6672527472527473 0.7139303482587065 0.005274725274725275 0.007462686567164179
14 0.21736263736263736 0.7142412935323383 0.004835164835164835 0.006840796019900498
14 0.44461538461538463 0.7142412935323383 0.004835164835164835 0.006840796019900498
7 0.08703296703296703 0.8345771144278606 0.01934065934065934 0.0472636815920398
12 0.04835164835164835 0.8345771144278606 0.006153846153846154 0.04228855721393035
12 0.33582417582417584 0.8345771144278606 0.007032967032967033 0.04228855721393035
12 0.8391208791208791 0.8345771144278606 0.007032967032967033 0.04228855721393035
12 0.8953846153846153 0.8345771144278606 0.007032967032967033 0.04228855721393035
12 0.950989010989011 0.8348880597014925 0.0074725274725274725 0.04291044776119403
12 0.5637362637362637 0.8348880597014925 0.0074725274725274725 0.041666666666666664
12 0.7791208791208791 0.8348880597014925 0.0074725274725274725 0.041666666666666664
7 0.08703296703296703 0.9468283582089552 0.01846153846153846 0.04788557213930348
12 0.7808791208791209 0.9583333333333334 0.0074725274725274725 0.04477611940298507
12 0.04835164835164835 0.9580223880597015 0.006153846153846154 0.04291044776119403
12 0.1676923076923077 0.9583333333333334 0.0074725274725274725 0.04228855721393035
12 0.2549450549450549 0.9583333333333334 0.007912087912087912 0.04228855721393035
12 0.40065934065934067 0.9583333333333334 0.0074725274725274725 0.04228855721393035
12 0.4613186813186813 0.9583333333333334 0.0074725274725274725 0.04228855721393035
12 0.6545054945054946 0.9583333333333334 0.007032967032967033 0.04228855721393035
12 0.8956043956043956 0.9583333333333334 0.008351648351648353 0.04228855721393035
12 0.950989010989011 0.9586442786069651 0.008351648351648353 0.04291044776119403
12 0.3149450549450549 0.9583333333333334 0.0074725274725274725 0.041044776119402986
12 0.5523076923076923 0.9595771144278606 0.006593406593406593 0.04353233830845771
14 0.5446153846153846 0.953047263681592 0.005274725274725275 0.006840796019900498
12 0.8325274725274725 0.5864427860696517 0.007912087912087912 0.04228855721393035
26 0.13384615384615384 0.20926616915422885 0.01978021978021978 0.07276119402985075
107 0.32857142857142857 0.20708955223880596 0.01010989010989011 0.04975124378109452
109 0.3485714285714286 0.20180348258706468 0.012307692307692308 0.06032338308457711
17 0.36967032967032964 0.2095771144278607 0.007032967032967033 0.029850746268656716
17 0.376043956043956 0.19434079601990048 0.0074725274725274725 0.03296019900497513
107 0.44395604395604393 0.20677860696517414 0.01054945054945055 0.049129353233830844
108 0.4624175824175824 0.20366915422885573 0.01054945054945055 0.054104477611940295
17 0.5523076923076923 0.17817164179104478 0.0074725274725274725 0.030472636815920398
17 0.5984615384615385 0.21455223880597016 0.0074725274725274725 0.029850746268656716
135 0.6694505494505495 0.21019900497512436 0.01054945054945055 0.046019900497512436
137 0.685054945054945 0.20926616915422885 0.01010989010989011 0.04415422885572139
138 0.6986813186813187 0.20677860696517414 0.01010989010989011 0.049129353233830844
139 0.7112087912087912 0.2042910447761194 0.013186813186813187 0.054104477611940295
138 0.7263736263736263 0.20708955223880596 0.010989010989010988 0.04975124378109452
108 0.7404395604395604 0.2042910447761194 0.010989010989010988 0.054104477611940295
135 0.7668131868131868 0.2105099502487562 0.010989010989010988 0.046641791044776115
137 0.7824175824175824 0.20926616915422885 0.01054945054945055 0.04415422885572139
138 0.7962637362637363 0.2064676616915423 0.01010989010989011 0.048507462686567165
139 0.8085714285714286 0.2042910447761194 0.012747252747252746 0.054104477611940295
79 0.8237362637362637 0.20708955223880596 0.01054945054945055 0.04975124378109452
135 0.8648351648351649 0.21019900497512436 0.010989010989010988 0.046019900497512436
137 0.8804395604395604 0.20926616915422885 0.01054945054945055 0.04415422885572139
138 0.8942857142857142 0.20677860696517414 0.01010989010989011 0.049129353233830844
139 0.9068131868131868 0.2042910447761194 0.013186813186813187 0.054104477611940295
138 0.9219780219780219 0.20708955223880596 0.010989010989010988 0.04975124378109452
108 0.9356043956043956 0.2042910447761194 0.01010989010989011 0.054104477611940295
27 0.13428571428571429 0.31902985074626866 0.021538461538461538 0.04477611940298507
18 0.21582417582417582 0.3009950248756219 0.014065934065934066 0.011194029850746268
18 0.2745054945054945 0.30068407960199006 0.014505494505494505 0.010572139303482588
18 0.3325274725274725 0.3009950248756219 0.013626373626373627 0.011194029850746268
18 0.3901098901098901 0.3009950248756219 0.013626373626373627 0.011194029850746268
18 0.447032967032967 0.3009950248756219 0.014065934065934066 0.011194029850746268
18 0.503956043956044 0.3009950248756219 0.014505494505494505 0.011194029850746268
18 0.5610989010989011 0.30068407960199006 0.013626373626373627 0.010572139303482588
18 0.6178021978021978 0.30068407960199006 0.013626373626373627 0.010572139303482588
17 0.6534065934065935 0.3140547263681592 0.0074725274725274725 0.029850746268656716
17 0.6597802197802198 0.298818407960199 0.007032967032967033 0.030472636815920398
17 0.8487912087912088 0.3149875621890547 0.006153846153846154 0.034203980099502485
17 0.8553846153846154 0.292910447761194 0.007032967032967033 0.029850746268656716
17 0.8556043956043956 0.3283582089552239 0.006593406593406593 0.03109452736318408
26 0.06241758241758242 0.44340796019900497 0.01934065934065934 0.07338308457711443
135 0.12593406593406595 0.44402985074626866 0.010989010989010988 0.0472636815920398
137 0.14483516483516484 0.4427860696517413 0.010989010989010988 0.04477611940298507
138 0.16175824175824177 0.44029850746268656 0.01054945054945055 0.04975124378109452
139 0.17802197802197803 0.43781094527363185 0.013186813186813187 0.05472636815920398
81 0.1967032967032967 0.43532338308457713 0.012747252747252746 0.05970149253731343
135 0.24175824175824176 0.44402985074626866 0.01054945054945055 0.0472636815920398
137 0.26087912087912085 0.4427860696517413 0.010989010989010988 0.04477611940298507
138 0.27802197802197803 0.44029850746268656 0.010989010989010988 0.04975124378109452
139 0.29384615384615387 0.43781094527363185 0.013626373626373627 0.05472636815920398
139 0.3035164835164835 0.43781094527363185 0.017142857142857144 0.05223880597014925
138 0.31274725274725274 0.44092039800995025 0.010989010989010988 0.04975124378109452
108 0.3298901098901099 0.43781094527363185 0.010989010989010988 0.05472636815920398
135 0.3665934065934066 0.44402985074626866 0.01054945054945055 0.046019900497512436
137 0.38593406593406593 0.4427860696517413 0.01054945054945055 0.04477611940298507
138 0.40307692307692305 0.44029850746268656 0.01054945054945055 0.04975124378109452
139 0.4186813186813187 0.4381218905472637 0.013626373626373627 0.054104477611940295
79 0.43758241758241756 0.4406094527363184 0.010989010989010988 0.05037313432835821
135 0.4778021978021978 0.4437189054726368 0.01054945054945055 0.046641791044776115
137 0.4969230769230769 0.44247512437810943 0.010989010989010988 0.04415422885572139
138 0.5138461538461538 0.44029850746268656 0.01054945054945055 0.04975124378109452
139 0.5298901098901099 0.43781094527363185 0.013626373626373627 0.05472636815920398
138 0.5487912087912088 0.4406094527363184 0.010989010989010988 0.05037313432835821
108 0.5657142857142857 0.43718905472636815 0.01054945054945055 0.05472636815920398
135 0.6026373626373627 0.44402985074626866 0.01054945054945055 0.0472636815920398
137 0.6217582417582418 0.4427860696517413 0.010989010989010988 0.04477611940298507
138 0.6389010989010989 0.44029850746268656 0.010989010989010988 0.04975124378109452
139 0.654945054945055 0.43781094527363185 0.013186813186813187 0.05472636815920398
81 0.6738461538461539 0.43532338308457713 0.012307692307692308 0.05970149253731343
17 0.7813186813186813 0.44807213930348255 0.0074725274725274725 0.030472636815920398
135 0.8457142857142858 0.4325248756218905 0.013186813186813187 0.06654228855721393
137 0.8632967032967033 0.43034825870646765 0.01054945054945055 0.06840796019900497
138 0.8806593406593407 0.42879353233830847 0.010989010989010988 0.07276119402985075
139 0.8978021978021978 0.42661691542288555 0.01010989010989011 0.07462686567164178
78 0.9151648351648352 0.42879353233830847 0.00967032967032967 0.06902985074626866
104 0.930989010989011 0.4474502487562189 0.01054945054945055 0.05534825870646766
27 0.06263736263736264 0.5864427860696517 0.021538461538461538 0.04477611940298507
17 0.11604395604395604 0.5590796019900497 0.007032967032967033 0.02736318407960199
17 0.11648351648351649 0.595771144278607 0.006153846153846154 0.029850746268656716
17 0.23208791208791207 0.6013681592039801 0.007912087912087912 0.029850746268656716
17 0.7094505494505494 0.5659203980099502 0.007032967032967033 0.03109452736318408
53 0.7208791208791209 0.5833333333333334 0.014945054945054945 0.05099502487562189
17 0.7813186813186813 0.5808457711442786 0.0074725274725274725 0.029850746268656716
76 0.7918681318681319 0.5914179104477612 0.010989010989010988 0.053482587064676616
26 0.06197802197802198 0.7101990049751243 0.01934065934065934 0.07338308457711443
17 0.18307692307692308 0.7151741293532338 0.0074725274725274725 0.029850746268656716
135 0.24153846153846154 0.6986940298507462 0.013626373626373627 0.06654228855721393
137 0.2578021978021978 0.6974502487562189 0.010989010989010988 0.06902985074626866
138 0.27362637362637365 0.6962064676616915 0.010989010989010988 0.07151741293532338
139 0.28945054945054943 0.6930970149253731 0.01010989010989011 0.0740049751243781
81 0.30505494505494507 0.6915422885572139 0.011428571428571429 0.07835820895522388
106 0.3189010989010989 0.7095771144278606 0.010989010989010988 0.04477611940298507
17 0.4103296703296703 0.7145522388059702 0.008351648351648353 0.03109452736318408
135 0.46901098901098903 0.6990049751243781 0.013186813186813187 0.06716417910447761
137 0.48505494505494506 0.697139303482587 0.010989010989010988 0.06965174129353234
138 0.5008791208791209 0.6955845771144279 0.010989010989010988 0.07276119402985075
139 0.5167032967032967 0.693407960199005 0.01010989010989011 0.07587064676616916
78 0.5323076923076923 0.6958955223880597 0.01054945054945055 0.07213930348258707
104 0.5463736263736264 0.7142412935323383 0.01054945054945055 0.054104477611940295
17 0.6327472527472527 0.7151741293532338 0.0074725274725274725 0.029850746268656716
135 0.6905494505494505 0.7111318407960199 0.01054945054945055 0.046641791044776115
137 0.7081318681318681 0.7098880597014925 0.01054945054945055 0.04415422885572139
138 0.7237362637362638 0.7074004975124378 0.010989010989010988 0.049129353233830844
139 0.7384615384615385 0.7049129353233831 0.013186813186813187 0.054104477611940295
81 0.7558241758241758 0.7024253731343283 0.012747252747252746 0.06032338308457711
17 0.787032967032967 0.7157960199004975 0.006593406593406593 0.02860696517412935
16 0.7927472527472528 0.6918532338308457 0.0074725274725274725 0.027985074626865673
27 0.06241758241758242 0.8355099502487562 0.0210989010989011 0.04415422885572139
17 0.10945054945054945 0.8317786069651741 0.007032967032967033 0.030472636815920398
17 0.11604395604395604 0.8078358208955224 0.007032967032967033 0.02860696517412935
17 0.11626373626373626 0.8451492537313433 0.006593406593406593 0.029850746268656716
17 0.3432967032967033 0.8498134328358209 0.007032967032967033 0.029228855721393034
18 0.8092307692307692 0.816231343283582 0.014065934065934066 0.01181592039800995
18 0.8670329670329671 0.8165422885572139 0.014505494505494505 0.01243781094527363
18 0.9232967032967033 0.816231343283582 0.013626373626373627 0.010572139303482588
26 0.06197802197802198 0.958955223880597 0.01934065934065934 0.07338308457711443
17 0.42945054945054945 0.9645522388059702 0.007032967032967033 0.03109452736318408
139 0.49934065934065935 0.9533582089552238 0.01054945054945055 0.05472636815920398
137 0.5107692307692308 0.958955223880597 0.01054945054945055 0.04477611940298507
135 0.5215384615384615 0.9605099502487562 0.011868131868131869 0.04788557213930348
103 0.5356043956043957 0.9654850746268656 0.01010989010989011 0.05783582089552239
17 0.5597802197802197 0.9642412935323383 0.0074725274725274725 0.030472636815920398
104 0.6063736263736264 0.9636194029850746 0.01010989010989011 0.054104477611940295
106 0.625934065934066 0.9583333333333334 0.01054945054945055 0.04353233830845771
104 0.6415384615384615 0.9636194029850746 0.01010989010989011 0.054104477611940295
17 0.661978021978022 0.9782338308457711 0.006153846153846154 0.029850746268656716
17 0.6685714285714286 0.9642412935323383 0.007032967032967033 0.03171641791044776
132 0.7059340659340659 0.9689054726368159 0.01054945054945055 0.06218905472636816
16 0.7158241758241758 0.9574004975124378 0.0074725274725274725 0.026741293532338308
133 0.7261538461538461 0.9661069651741293 0.01054945054945055 0.05907960199004975
135 0.741978021978022 0.9633084577114428 0.01054945054945055 0.053482587064676616
137 0.7578021978021978 0.9611318407960199 0.01054945054945055 0.049129353233830844
138 0.7707692307692308 0.9577114427860697 0.012747252747252746 0.05099502487562189
104 0.8096703296703297 0.9636194029850746 0.01054945054945055 0.054104477611940295
101 0.8261538461538461 0.9561567164179104 0.010989010989010988 0.049129353233830844
17 0.8558241758241758 0.9592661691542288 0.007032967032967033 0.030472636815920398
103 0.8654945054945055 0.9661069651741293 0.01054945054945055 0.05783582089552239
