12 0.048214285714285716 0.09956709956709957 0.00663265306122449 0.047619047619047616
12 0.047959183673469394 0.29653679653679654 0.00816326530612245 0.049062049062049064
12 0.048214285714285716 0.49242424242424243 0.00663265306122449 0.048340548340548344
12 0.04872448979591837 0.6493506493506493 0.00663265306122449 0.047619047619047616
36 0.06479591836734694 0.10822510822510822 0.025510204081632654 0.07215007215007214
15 0.08826530612244898 0.08694083694083694 0.014285714285714287 0.04112554112554113
18 0.514795918367347 0.09018759018759019 0.018367346938775512 0.01443001443001443
33 0.06556122448979593 0.30808080808080807 0.027040816326530614 0.07647907647907648
15 0.08750000000000001 0.30122655122655123 0.013775510204081635 0.03968253968253968
25 0.13367346938775512 0.2958152958152958 0.0163265306122449 0.07215007215007214
25 0.16989795918367348 0.2958152958152958 0.0163265306122449 0.0707070707070707
25 0.20969387755102042 0.2958152958152958 0.0163265306122449 0.07215007215007214
24 0.22653061224489798 0.3023088023088023 0.015306122448979593 0.05916305916305916
25 0.27346938775510204 0.2958152958152958 0.015306122448979593 0.0707070707070707
24 0.2900510204081633 0.30266955266955264 0.015816326530612247 0.05988455988455989
25 0.36862244897959184 0.29653679653679654 0.01479591836734694 0.07215007215007214
25 0.4053571428571429 0.29545454545454547 0.01479591836734694 0.07142857142857142
244 0.4209183673469388 0.31493506493506496 0.012244897959183675 0.09595959595959595
25 0.43647959183673474 0.29653679653679654 0.01479591836734694 0.0707070707070707
243 0.4573979591836735 0.2857142857142857 0.019897959183673472 0.08513708513708514
25 0.4724489795918368 0.29653679653679654 0.0163265306122449 0.07215007215007214
24 0.4892857142857143 0.30266955266955264 0.015306122448979593 0.05988455988455989
25 0.5290816326530613 0.2958152958152958 0.014285714285714287 0.0707070707070707
24 0.5446428571428572 0.30303030303030304 0.01479591836734694 0.06060606060606061
23 0.5801020408163265 0.2976190476190476 0.014285714285714287 0.049783549783549784
20 0.6520408163265307 0.29473304473304474 0.011224489795918368 0.0367965367965368
18 0.9005102040816327 0.2878787878787879 0.01938775510204082 0.015873015873015872
36 0.06479591836734694 0.5007215007215007 0.025510204081632654 0.06926406926406926
15 0.08801020408163267 0.48088023088023085 0.01479591836734694 0.04112554112554113
18 0.514795918367347 0.48412698412698413 0.018367346938775512 0.01443001443001443
27 0.06454081632653062 0.6497113997113997 0.02602040816326531 0.05266955266955267
15 0.08801020408163267 0.6385281385281385 0.013775510204081635 0.04184704184704185
25 0.1334183673469388 0.648989898989899 0.01479591836734694 0.06998556998556998
25 0.16989795918367348 0.6493506493506493 0.014285714285714287 0.0707070707070707
25 0.20969387755102042 0.648989898989899 0.015306122448979593 0.07142857142857142
24 0.22602040816326532 0.6562049062049062 0.015306122448979593 0.05988455988455989
239 0.2571428571428572 0.6468253968253969 0.01938775510204082 0.07864357864357864
25 0.2739795918367347 0.6486291486291487 0.014285714285714287 0.0707070707070707
24 0.2895408163265306 0.6565656565656566 0.015816326530612247 0.05916305916305916
25 0.3688775510204082 0.6493506493506493 0.014285714285714287 0.0735930735930736
249 0.38494897959183677 0.6518759018759018 0.012755102040816327 0.07864357864357864
25 0.40510204081632656 0.65007215007215 0.014285714285714287 0.0707070707070707
25 0.4362244897959184 0.6493506493506493 0.015306122448979593 0.07503607503607504
25 0.47295918367346945 0.65007215007215 0.015306122448979593 0.0707070707070707
24 0.489030612244898 0.6565656565656566 0.01479591836734694 0.06060606060606061
245 0.5081632653061225 0.6677489177489178 0.012244897959183675 0.09018759018759019
25 0.5285714285714286 0.6497113997113997 0.015306122448979593 0.07142857142857142
24 0.5446428571428572 0.6565656565656566 0.013775510204081635 0.06060606060606061
23 0.5801020408163265 0.6507936507936508 0.014285714285714287 0.050505050505050504
20 0.6520408163265307 0.6486291486291487 0.011224489795918368 0.03751803751803752
18 0.9005102040816327 0.6410533910533911 0.018367346938775512 0.015151515151515152
234 0.35535714285714287 0.31132756132756134 0.01683673469387755 0.10606060606060606
235 0.5112244897959184 0.31493506493506496 0.02142857142857143 0.0873015873015873
239 0.11658163265306123 0.6482683982683982 0.01785714285714286 0.07864357864357864
237 0.15204081632653063 0.6598124098124099 0.020408163265306124 0.07864357864357864
239 0.339030612244898 0.6341991341991342 0.013775510204081635 0.10678210678210678
244 0.35535714285714287 0.6287878787878788 0.012755102040816327 0.09451659451659451
254 0.4214285714285715 0.6298701298701299 0.015306122448979593 0.09090909090909091
251 0.4525510204081633 0.6414141414141414 0.015306122448979593 0.0808080808080808
