12 0.6571428571428573 0.11507936507936507 0.009183673469387756 0.049783549783549784
12 0.048214285714285716 0.11616161616161616 0.007653061224489797 0.049062049062049064
12 0.37500000000000006 0.11544011544011544 0.009183673469387756 0.047619047619047616
12 0.9517857142857143 0.11544011544011544 0.008673469387755102 0.047619047619047616
12 0.9517857142857143 0.2417027417027417 0.007653061224489797 0.049062049062049064
12 0.048469387755102046 0.24206349206349206 0.0071428571428571435 0.048340548340548344
12 0.3747448979591837 0.24206349206349206 0.008673469387755102 0.048340548340548344
12 0.6573979591836735 0.2417027417027417 0.008673469387755102 0.047619047619047616
12 0.3747448979591837 0.35858585858585856 0.007653061224489797 0.047619047619047616
12 0.6571428571428573 0.35858585858585856 0.00816326530612245 0.047619047619047616
12 0.04872448979591837 0.3593073593073593 0.00663265306122449 0.047619047619047616
12 0.9515306122448981 0.3593073593073593 0.00816326530612245 0.047619047619047616
12 0.3196428571428572 0.6248196248196248 0.008673469387755102 0.049062049062049064
12 0.5426020408163266 0.6244588744588745 0.008673469387755102 0.048340548340548344
12 0.7369897959183674 0.6248196248196248 0.007653061224489797 0.049062049062049064
12 0.9512755102040817 0.6248196248196248 0.00969387755102041 0.049062049062049064
12 0.048214285714285716 0.6251803751803752 0.007653061224489797 0.048340548340548344
14 0.5051020408163266 0.6067821067821068 0.0071428571428571435 0.0101010101010101
12 0.9515306122448981 0.7503607503607503 0.00816326530612245 0.050505050505050504
12 0.5423469387755102 0.7503607503607503 0.00816326530612245 0.049062049062049064
12 0.048469387755102046 0.7510822510822511 0.0071428571428571435 0.049062049062049064
12 0.32015306122448983 0.7510822510822511 0.008673469387755102 0.049062049062049064
12 0.7369897959183674 0.7507215007215007 0.007653061224489797 0.048340548340548344
14 0.4341836734693878 0.7449494949494949 0.0071428571428571435 0.010822510822510822
14 0.5051020408163266 0.7561327561327561 0.0071428571428571435 0.0101010101010101
12 0.7372448979591837 0.8679653679653679 0.00816326530612245 0.049062049062049064
12 0.9515306122448981 0.8683261183261183 0.00816326530612245 0.049783549783549784
12 0.04872448979591837 0.8679653679653679 0.00663265306122449 0.047619047619047616
12 0.3196428571428572 0.8683261183261183 0.008673469387755102 0.048340548340548344
12 0.542091836734694 0.8679653679653679 0.007653061224489797 0.047619047619047616
27 0.0653061224489796 0.11580086580086581 0.02755102040816327 0.05266955266955267
15 0.08954081632653062 0.10461760461760462 0.013775510204081635 0.0404040404040404
132 0.125 0.11291486291486291 0.020408163265306124 0.05555555555555555
21 0.15790816326530613 0.11652236652236653 0.012755102040816327 0.025252525252525252
20 0.2028061224489796 0.113997113997114 0.010714285714285714 0.03896103896103896
21 0.2977040816326531 0.11652236652236653 0.011734693877551022 0.025252525252525252
137 0.3431122448979592 0.11616161616161616 0.012755102040816327 0.050505050505050504
167 0.39540816326530615 0.1176046176046176 0.012244897959183675 0.05627705627705628
165 0.41734693877551027 0.1176046176046176 0.01326530612244898 0.05483405483405483
166 0.44056122448979596 0.11724386724386725 0.012755102040816327 0.05411255411255411
167 0.46147959183673476 0.11724386724386725 0.01683673469387755 0.05411255411255411
168 0.4867346938775511 0.11327561327561328 0.01326530612244898 0.05772005772005772
169 0.5081632653061225 0.11038961038961038 0.0163265306122449 0.06349206349206349
140 0.5318877551020409 0.1075036075036075 0.01785714285714286 0.06926406926406926
134 0.5795918367346939 0.12265512265512266 0.01326530612244898 0.06349206349206349
136 0.6232142857142857 0.11904761904761904 0.01785714285714286 0.05772005772005772
167 0.6778061224489796 0.12265512265512266 0.012755102040816327 0.06637806637806638
164 0.7000000000000001 0.12229437229437229 0.01326530612244898 0.06421356421356421
165 0.7224489795918368 0.12193362193362194 0.01326530612244898 0.06349206349206349
166 0.7433673469387756 0.12157287157287157 0.017346938775510204 0.06421356421356421
167 0.7691326530612246 0.11652236652236653 0.012755102040816327 0.05266955266955267
168 0.7923469387755103 0.11327561327561328 0.01326530612244898 0.05772005772005772
169 0.8153061224489797 0.11002886002886003 0.01326530612244898 0.06421356421356421
170 0.8372448979591838 0.1075036075036075 0.018367346938775512 0.06926406926406926
141 0.8619897959183674 0.1038961038961039 0.01479591836734694 0.07647907647907648
139 0.905357142857143 0.11002886002886003 0.01785714285714286 0.06277056277056277
26 0.06683673469387756 0.23917748917748918 0.02448979591836735 0.09163059163059163
15 0.08979591836734695 0.21753246753246752 0.012244897959183675 0.03823953823953824
139 0.12040816326530614 0.23593073593073594 0.012244897959183675 0.06349206349206349
168 0.15790816326530613 0.23917748917748918 0.012755102040816327 0.056998556998557
167 0.17908163265306123 0.2417027417027417 0.0163265306122449 0.05194805194805195
166 0.20433673469387756 0.24927849927849927 0.012755102040816327 0.0670995670995671
165 0.22755102040816327 0.25036075036075034 0.01326530612244898 0.0707070707070707
164 0.251530612244898 0.25216450216450215 0.01326530612244898 0.07431457431457432
163 0.2727040816326531 0.2532467532467532 0.015816326530612247 0.07503607503607504
162 0.30000000000000004 0.2344877344877345 0.0163265306122449 0.06493506493506493
163 0.3209183673469388 0.23376623376623376 0.01326530612244898 0.06637806637806638
134 0.3436224489795919 0.23160173160173161 0.012755102040816327 0.07215007215007214
134 0.3977040816326531 0.23484848484848486 0.01683673469387755 0.06565656565656566
133 0.4410714285714286 0.23593073593073594 0.013775510204081635 0.06493506493506493
133 0.4892857142857143 0.23917748917748918 0.017346938775510204 0.056998556998557
161 0.5349489795918367 0.2417027417027417 0.01683673469387755 0.05339105339105339
162 0.5568877551020409 0.24134199134199133 0.012755102040816327 0.051226551226551224
163 0.5798469387755103 0.25216450216450215 0.012755102040816327 0.07142857142857142
164 0.6012755102040817 0.24963924963924963 0.015816326530612247 0.06782106782106782
135 0.624234693877551 0.2481962481962482 0.01683673469387755 0.06493506493506493
135 0.677295918367347 0.2481962481962482 0.012755102040816327 0.06493506493506493
134 0.7206632653061226 0.24891774891774893 0.01785714285714286 0.06637806637806638
134 0.7688775510204082 0.24783549783549783 0.01326530612244898 0.06421356421356421
136 0.8127551020408164 0.24458874458874458 0.018367346938775512 0.05772005772005772
165 0.8645408163265307 0.2297979797979798 0.01785714285714286 0.07575757575757576
164 0.8857142857142858 0.23124098124098125 0.01326530612244898 0.07287157287157287
163 0.9084183673469388 0.23196248196248195 0.013775510204081635 0.06998556998556998
162 0.9318877551020409 0.23412698412698413 0.012755102040816327 0.0670995670995671
27 0.06581632653061226 0.35894660894660896 0.02653061224489796 0.05266955266955267
15 0.08979591836734695 0.3477633477633478 0.01326530612244898 0.0404040404040404
135 0.12040816326530614 0.36507936507936506 0.01326530612244898 0.06349206349206349
168 0.1576530612244898 0.3593073593073593 0.012244897959183675 0.06349206349206349
167 0.17908163265306123 0.36075036075036077 0.0163265306122449 0.05483405483405483
166 0.20433673469387756 0.36038961038961037 0.012755102040816327 0.05411255411255411
167 0.2267857142857143 0.35894660894660896 0.012755102040816327 0.05266955266955267
171 0.251530612244898 0.3477633477633478 0.015306122448979593 0.07503607503607504
170 0.2739795918367347 0.35064935064935066 0.017346938775510204 0.06926406926406926
169 0.29744897959183675 0.35425685425685427 0.012244897959183675 0.06637806637806638
168 0.31862244897959185 0.36147186147186144 0.01683673469387755 0.06637806637806638
134 0.34132653061224494 0.36796536796536794 0.0163265306122449 0.06782106782106782
140 0.3956632653061225 0.3531746031746032 0.01479591836734694 0.07575757575757576
163 0.4410714285714286 0.3694083694083694 0.012755102040816327 0.07215007215007214
162 0.46198979591836736 0.37265512265512263 0.01683673469387755 0.0772005772005772
133 0.4895408163265307 0.3531746031746032 0.01683673469387755 0.06421356421356421
131 0.5331632653061225 0.35678210678210676 0.014285714285714287 0.05844155844155844
134 0.5821428571428572 0.3531746031746032 0.0163265306122449 0.06421356421356421
127 0.6270408163265306 0.3712121212121212 0.014285714285714287 0.07431457431457432
99 0.678061224489796 0.3621933621933622 0.01326530612244898 0.05772005772005772
20 0.7678571428571429 0.3564213564213564 0.011224489795918368 0.03896103896103896
99 0.8625 0.3625541125541126 0.012755102040816327 0.05844155844155844
27 0.0653061224489796 0.6244588744588745 0.02755102040816327 0.05266955266955267
15 0.08979591836734695 0.6132756132756133 0.014285714285714287 0.0404040404040404
137 0.12040816326530614 0.6280663780663781 0.01326530612244898 0.05844155844155844
135 0.1441326530612245 0.6309523809523809 0.015816326530612247 0.06421356421356421
168 0.18086734693877551 0.6222943722943723 0.012755102040816327 0.056998556998557
169 0.19897959183673472 0.6190476190476191 0.01326530612244898 0.06349206349206349
170 0.21683673469387757 0.6161616161616161 0.014285714285714287 0.06926406926406926
171 0.2334183673469388 0.6132756132756133 0.01683673469387755 0.07503607503607504
172 0.2528061224489796 0.6103896103896104 0.013775510204081635 0.0808080808080808
171 0.27040816326530615 0.6132756132756133 0.014285714285714287 0.07503607503607504
170 0.28852040816326535 0.6161616161616161 0.01479591836734694 0.06926406926406926
169 0.3053571428571429 0.6190476190476191 0.01479591836734694 0.06349206349206349
168 0.3364795918367347 0.6219336219336219 0.013775510204081635 0.05772005772005772
170 0.3561224489795919 0.6161616161616161 0.015306122448979593 0.06926406926406926
169 0.3732142857142857 0.6194083694083694 0.012755102040816327 0.06421356421356421
168 0.3903061224489796 0.6219336219336219 0.0163265306122449 0.05627705627705628
167 0.42219387755102045 0.6266233766233766 0.012755102040816327 0.05555555555555555
166 0.44056122448979596 0.6255411255411255 0.012755102040816327 0.05339105339105339
167 0.45765306122448984 0.6251803751803752 0.01326530612244898 0.05266955266955267
168 0.4739795918367347 0.6226551226551227 0.015306122448979593 0.05627705627705628
136 0.4936224489795919 0.6277056277056277 0.012755102040816327 0.05627705627705628
167 0.5252551020408164 0.6255411255411255 0.018877551020408164 0.05194805194805195
106 0.5586734693877552 0.6248196248196248 0.01326530612244898 0.050505050505050504
20 0.6198979591836735 0.623015873015873 0.011224489795918368 0.03968253968253968
20 0.6806122448979592 0.6233766233766234 0.011224489795918368 0.0404040404040404
18 0.8443877551020409 0.6158008658008658 0.0163265306122449 0.013708513708513708
26 0.06683673469387756 0.7478354978354979 0.025510204081632654 0.09163059163059163
15 0.08979591836734695 0.7261904761904762 0.01326530612244898 0.03968253968253968
137 0.12040816326530614 0.7507215007215007 0.01326530612244898 0.051226551226551224
169 0.14515306122448982 0.7449494949494949 0.012755102040816327 0.06277056277056277
168 0.16122448979591839 0.7481962481962482 0.015306122448979593 0.05627705627705628
137 0.18137755102040817 0.7510822510822511 0.012755102040816327 0.05194805194805195
136 0.2142857142857143 0.7514430014430015 0.018367346938775512 0.05411255411255411
165 0.25510204081632654 0.7384559884559885 0.0163265306122449 0.07575757575757576
164 0.27142857142857146 0.7402597402597403 0.01326530612244898 0.07215007215007214
163 0.28877551020408165 0.7413419913419913 0.01326530612244898 0.06998556998556998
162 0.3063775510204082 0.7424242424242424 0.012755102040816327 0.06782106782106782
168 0.33673469387755106 0.7474747474747475 0.01326530612244898 0.05772005772005772
167 0.35535714285714287 0.7510822510822511 0.012755102040816327 0.05339105339105339
166 0.3732142857142857 0.7510822510822511 0.012755102040816327 0.05339105339105339
170 0.3903061224489796 0.7424242424242424 0.018367346938775512 0.0707070707070707
134 0.42525510204081635 0.7424242424242424 0.01683673469387755 0.06782106782106782
163 0.47602040816326535 0.7442279942279942 0.01326530612244898 0.06421356421356421
133 0.4954081632653062 0.7435064935064936 0.0163265306122449 0.06565656565656566
162 0.5288265306122449 0.7442279942279942 0.012755102040816327 0.06421356421356421
101 0.5591836734693878 0.7478354978354979 0.01326530612244898 0.056998556998557
21 0.6216836734693878 0.7510822510822511 0.011734693877551022 0.024531024531024532
139 0.6568877551020409 0.7449494949494949 0.012755102040816327 0.06277056277056277
166 0.6821428571428572 0.7568542568542569 0.012244897959183675 0.06493506493506493
135 0.6982142857142858 0.7586580086580087 0.01479591836734694 0.0670995670995671
134 0.7165816326530613 0.7608225108225108 0.015816326530612247 0.07142857142857142
134 0.7538265306122449 0.7582972582972582 0.012755102040816327 0.06493506493506493
135 0.7864795918367348 0.7572150072150072 0.01785714285714286 0.06421356421356421
135 0.8247448979591837 0.7532467532467533 0.012755102040816327 0.05627705627705628
167 0.8494897959183674 0.7510822510822511 0.012244897959183675 0.05339105339105339
166 0.8658163265306124 0.7507215007215007 0.015306122448979593 0.051226551226551224
165 0.8852040816326532 0.7564935064935064 0.012244897959183675 0.06421356421356421
164 0.9017857142857144 0.7586580086580087 0.01479591836734694 0.06854256854256854
133 0.9201530612244899 0.7611832611832612 0.01479591836734694 0.07215007215007214
27 0.06607142857142857 0.8676046176046176 0.02602040816326531 0.051226551226551224
15 0.08979591836734695 0.8564213564213564 0.012244897959183675 0.03896103896103896
102 0.12142857142857144 0.8621933621933622 0.01326530612244898 0.06204906204906205
20 0.1795918367346939 0.8658008658008658 0.010204081632653062 0.03896103896103896
100 0.2528061224489796 0.8690476190476191 0.013775510204081635 0.051226551226551224
134 0.33673469387755106 0.8744588744588745 0.01326530612244898 0.06349206349206349
136 0.3704081632653062 0.8708513708513709 0.018367346938775512 0.05772005772005772
137 0.42244897959183675 0.8697691197691197 0.01326530612244898 0.05411255411255411
133 0.4556122448979592 0.8755411255411255 0.017346938775510204 0.06565656565656566
134 0.4951530612244898 0.8596681096681097 0.015816326530612247 0.0670995670995671
127 0.5173469387755103 0.8787878787878788 0.015306122448979593 0.07792207792207792
130 0.5586734693877552 0.8874458874458875 0.012244897959183675 0.08802308802308802
169 0.5854591836734694 0.8726551226551227 0.012755102040816327 0.08441558441558442
168 0.6010204081632654 0.8726551226551227 0.0163265306122449 0.07142857142857142
167 0.6211734693877552 0.8701298701298701 0.012755102040816327 0.05627705627705628
166 0.6375000000000001 0.8719336219336219 0.01479591836734694 0.05844155844155844
135 0.6556122448979592 0.8744588744588745 0.0163265306122449 0.06349206349206349
135 0.6823979591836735 0.8744588744588745 0.012755102040816327 0.06349206349206349
15 0.7048469387755103 0.8502886002886003 0.011734693877551022 0.03823953823953824
137 0.7153061224489796 0.8704906204906205 0.017346938775510204 0.056998556998557
168 0.753061224489796 0.8650793650793651 0.01326530612244898 0.05627705627705628
169 0.7709183673469389 0.8621933621933622 0.01326530612244898 0.06349206349206349
168 0.7887755102040817 0.8654401154401155 0.01326530612244898 0.056998556998557
167 0.8053571428571429 0.8679653679653679 0.015816326530612247 0.05194805194805195
136 0.8247448979591837 0.8715728715728716 0.012755102040816327 0.05772005772005772
134 0.8474489795918368 0.8744588744588745 0.0163265306122449 0.06349206349206349
134 0.8854591836734694 0.8787878787878788 0.012755102040816327 0.07215007215007214
165 0.9206632653061225 0.8759018759018758 0.011734693877551022 0.06637806637806638
166 0.9364795918367348 0.8751803751803752 0.01683673469387755 0.06637806637806638
