14 0.33571428571428574 0.08225108225108226 0.006122448979591837 0.011544011544011544
12 0.30586734693877554 0.12301587301587301 0.00969387755102041 0.048340548340548344
12 0.048469387755102046 0.12301587301587301 0.00816326530612245 0.046897546897546896
12 0.5252551020408164 0.12373737373737374 0.008673469387755102 0.048340548340548344
12 0.9515306122448981 0.12373737373737374 0.00816326530612245 0.048340548340548344
12 0.7364795918367347 0.1240981240981241 0.00969387755102041 0.047619047619047616
12 0.048469387755102046 0.24927849927849927 0.00816326530612245 0.048340548340548344
12 0.3063775510204082 0.24927849927849927 0.00969387755102041 0.048340548340548344
12 0.5255102040816327 0.24927849927849927 0.009183673469387756 0.046897546897546896
12 0.7359693877551021 0.24963924963924963 0.008673469387755102 0.047619047619047616
12 0.9517857142857143 0.25 0.007653061224489797 0.046897546897546896
12 0.3053571428571429 0.3665223665223665 0.008673469387755102 0.049062049062049064
12 0.7357142857142858 0.3661616161616162 0.00816326530612245 0.048340548340548344
12 0.04872448979591837 0.36688311688311687 0.007653061224489797 0.048340548340548344
12 0.525 0.3665223665223665 0.009183673469387756 0.047619047619047616
12 0.9517857142857143 0.36688311688311687 0.007653061224489797 0.048340548340548344
12 0.4438775510204082 0.6302308802308803 0.009183673469387756 0.048340548340548344
12 0.9515306122448981 0.6309523809523809 0.0071428571428571435 0.049783549783549784
12 0.2737244897959184 0.6309523809523809 0.008673469387755102 0.048340548340548344
12 0.6127551020408164 0.6305916305916306 0.00816326530612245 0.047619047619047616
12 0.7823979591836735 0.6305916305916306 0.008673469387755102 0.047619047619047616
12 0.048469387755102046 0.6309523809523809 0.0071428571428571435 0.046897546897546896
12 0.9515306122448981 0.7561327561327561 0.0071428571428571435 0.050505050505050504
12 0.7826530612244899 0.7561327561327561 0.009183673469387756 0.049062049062049064
12 0.048469387755102046 0.7561327561327561 0.00816326530612245 0.047619047619047616
12 0.4438775510204082 0.7564935064935064 0.00816326530612245 0.048340548340548344
12 0.6130102040816328 0.7564935064935064 0.008673469387755102 0.048340548340548344
12 0.2739795918367347 0.7575757575757576 0.009183673469387756 0.046176046176046176
12 0.04872448979591837 0.8737373737373737 0.007653061224489797 0.049062049062049064
12 0.2739795918367347 0.873015873015873 0.00816326530612245 0.047619047619047616
12 0.6130102040816328 0.873015873015873 0.008673469387755102 0.047619047619047616
12 0.7826530612244899 0.873015873015873 0.00816326530612245 0.047619047619047616
12 0.9510204081632654 0.8737373737373737 0.00816326530612245 0.049062049062049064
12 0.4438775510204082 0.8737373737373737 0.00816326530612245 0.047619047619047616
34 0.06479591836734694 0.11796536796536797 0.02448979591836735 0.06277056277056277
15 0.08801020408163267 0.13672438672438672 0.010714285714285714 0.03535353535353535
84 0.11887755102040817 0.10606060606060606 0.018367346938775512 0.08946608946608947
83 0.21581632653061225 0.11002886002886003 0.017346938775510204 0.08152958152958154
82 0.3234693877551021 0.11219336219336219 0.015306122448979593 0.07575757575757576
140 0.48367346938775513 0.11507936507936507 0.012244897959183675 0.06854256854256854
139 0.5040816326530613 0.11868686868686869 0.014285714285714287 0.06277056277056277
138 0.542091836734694 0.12157287157287157 0.011734693877551022 0.056998556998557
15 0.5604591836734695 0.10642135642135642 0.00969387755102041 0.03535353535353535
137 0.5698979591836735 0.12373737373737374 0.01326530612244898 0.051226551226551224
79 0.5977040816326531 0.12157287157287157 0.013775510204081635 0.05844155844155844
17 0.6821428571428572 0.10606060606060606 0.009183673469387756 0.03607503607503607
106 0.6936224489795919 0.12373737373737374 0.011734693877551022 0.051226551226551224
106 0.7586734693877552 0.1240981240981241 0.011224489795918368 0.050505050505050504
77 0.8089285714285716 0.12698412698412698 0.013775510204081635 0.05627705627705628
27 0.8892857142857143 0.1240981240981241 0.018367346938775512 0.050505050505050504
139 0.9086734693877552 0.11868686868686869 0.011224489795918368 0.06277056277056277
138 0.9306122448979592 0.12157287157287157 0.015306122448979593 0.056998556998557
26 0.06505102040816327 0.25036075036075034 0.02295918367346939 0.0735930735930736
15 0.08775510204081634 0.22546897546897546 0.010204081632653062 0.03391053391053391
102 0.11734693877551021 0.24386724386724387 0.012244897959183675 0.06349206349206349
81 0.1673469387755102 0.240981240981241 0.017346938775510204 0.0707070707070707
108 0.2622448979591837 0.24386724386724387 0.011224489795918368 0.06349206349206349
108 0.3216836734693878 0.24386724386724387 0.010714285714285714 0.06204906204906205
138 0.3704081632653062 0.24711399711399712 0.011224489795918368 0.056998556998557
137 0.3915816326530613 0.24927849927849927 0.013775510204081635 0.051226551226551224
15 0.4119897959183674 0.237012987012987 0.00969387755102041 0.03391053391053391
105 0.42346938775510207 0.2518037518037518 0.010204081632653062 0.05627705627705628
103 0.48316326530612247 0.25757575757575757 0.011224489795918368 0.06637806637806638
80 0.5436224489795919 0.24386724386724387 0.013775510204081635 0.06349206349206349
79 0.6461734693877551 0.24675324675324675 0.013775510204081635 0.05772005772005772
78 0.7604591836734694 0.24927849927849927 0.013775510204081635 0.051226551226551224
77 0.8617346938775511 0.25252525252525254 0.01326530612244898 0.05772005772005772
27 0.06377551020408163 0.3625541125541126 0.025510204081632654 0.056998556998557
15 0.08750000000000001 0.3546176046176046 0.011734693877551022 0.03535353535353535
138 0.11683673469387756 0.363997113997114 0.011224489795918368 0.056998556998557
139 0.1410714285714286 0.36147186147186144 0.010714285714285714 0.06204906204906205
140 0.16556122448979593 0.3578643578643579 0.011734693877551022 0.06926406926406926
141 0.18801020408163266 0.354978354978355 0.01479591836734694 0.07503607503607504
142 0.21403061224489797 0.35209235209235207 0.012755102040816327 0.0808080808080808
139 0.23596938775510207 0.36147186147186144 0.010714285714285714 0.06204906204906205
142 0.2625 0.35173160173160173 0.012755102040816327 0.08152958152958154
141 0.28494897959183674 0.354978354978355 0.015816326530612247 0.07503607503607504
140 0.3219387755102041 0.3582251082251082 0.012244897959183675 0.06854256854256854
139 0.3461734693877551 0.36147186147186144 0.010714285714285714 0.06349206349206349
140 0.3701530612244898 0.35858585858585856 0.011734693877551022 0.06926406926406926
138 0.3913265306122449 0.363997113997114 0.014285714285714287 0.056998556998557
139 0.42346938775510207 0.3611111111111111 0.011224489795918368 0.06277056277056277
15 0.4418367346938776 0.33044733044733043 0.010204081632653062 0.03463203463203463
140 0.4535714285714286 0.3578643578643579 0.012244897959183675 0.06926406926406926
15 0.47193877551020413 0.325036075036075 0.010204081632653062 0.03391053391053391
141 0.48316326530612247 0.35533910533910534 0.012244897959183675 0.07431457431457432
139 0.5045918367346939 0.36147186147186144 0.014285714285714287 0.06204906204906205
135 0.5418367346938776 0.3694083694083694 0.011224489795918368 0.05627705627705628
136 0.5716836734693878 0.3676046176046176 0.010714285714285714 0.05266955266955267
137 0.5959183673469388 0.3665223665223665 0.011224489795918368 0.050505050505050504
138 0.6181122448979592 0.3647186147186147 0.01479591836734694 0.056998556998557
139 0.6443877551020408 0.36183261183261184 0.011224489795918368 0.06277056277056277
140 0.6686224489795919 0.3582251082251082 0.011734693877551022 0.06998556998556998
139 0.6931122448979592 0.36183261183261184 0.010714285714285714 0.06277056277056277
138 0.714795918367347 0.3643578643578644 0.015306122448979593 0.05772005772005772
15 0.7471938775510205 0.3492063492063492 0.010714285714285714 0.03607503607503607
137 0.7586734693877552 0.3665223665223665 0.011224489795918368 0.050505050505050504
135 0.7808673469387756 0.36724386724386726 0.010714285714285714 0.05194805194805195
138 0.8071428571428572 0.3647186147186147 0.011224489795918368 0.056998556998557
17 0.8252551020408164 0.34884559884559885 0.008673469387755102 0.0367965367965368
137 0.8336734693877552 0.3665223665223665 0.014285714285714287 0.05194805194805195
136 0.8602040816326532 0.37337662337662336 0.011224489795918368 0.06421356421356421
134 0.8821428571428572 0.37337662337662336 0.011224489795918368 0.06421356421356421
137 0.9079081632653062 0.373015873015873 0.011734693877551022 0.06349206349206349
136 0.931122448979592 0.373015873015873 0.015306122448979593 0.06493506493506493
27 0.06352040816326532 0.6298701298701299 0.025 0.05194805194805195
15 0.08775510204081634 0.6190476190476191 0.012244897959183675 0.03607503607503607
137 0.1170918367346939 0.6320346320346321 0.011734693877551022 0.05339105339105339
136 0.13698979591836735 0.6323953823953824 0.010714285714285714 0.05555555555555555
135 0.15688775510204084 0.6327561327561327 0.010714285714285714 0.05627705627705628
136 0.17551020408163268 0.6331168831168831 0.014285714285714287 0.05555555555555555
137 0.1971938775510204 0.6302308802308803 0.010714285714285714 0.051226551226551224
139 0.2191326530612245 0.6251803751803752 0.010714285714285714 0.06277056277056277
138 0.2392857142857143 0.6284271284271284 0.011224489795918368 0.05627705627705628
137 0.2573979591836735 0.6305916305916306 0.013775510204081635 0.050505050505050504
136 0.288265306122449 0.6320346320346321 0.011224489795918368 0.05483405483405483
137 0.3081632653061225 0.6316738816738817 0.011224489795918368 0.05266955266955267
138 0.32831632653061227 0.6291486291486291 0.011734693877551022 0.05916305916305916
136 0.3464285714285715 0.6320346320346321 0.01326530612244898 0.05339105339105339
103 0.36683673469387756 0.6385281385281385 0.011224489795918368 0.06637806637806638
110 0.4086734693877551 0.6190476190476191 0.012244897959183675 0.07503607503607504
56 0.46147959183673476 0.6186868686868687 0.019897959183673472 0.07431457431457432
56 0.6308673469387756 0.6190476190476191 0.019897959183673472 0.0735930735930736
56 0.7997448979591838 0.6186868686868687 0.019897959183673472 0.07431457431457432
26 0.06505102040816327 0.7568542568542569 0.02295918367346939 0.07503607503607504
15 0.08750000000000001 0.7323232323232324 0.00969387755102041 0.03318903318903319
105 0.11785714285714287 0.7586580086580087 0.012244897959183675 0.056998556998557
135 0.1566326530612245 0.7626262626262627 0.010204081632653062 0.06349206349206349
134 0.17500000000000002 0.7637085137085137 0.01326530612244898 0.06421356421356421
76 0.19897959183673472 0.7619047619047619 0.014285714285714287 0.06204906204906205
135 0.2880102040816327 0.7626262626262627 0.010714285714285714 0.06349206349206349
134 0.3084183673469388 0.762987012987013 0.010714285714285714 0.06421356421356421
133 0.32806122448979597 0.7637085137085137 0.011224489795918368 0.06565656565656566
134 0.3461734693877551 0.7633477633477633 0.012755102040816327 0.06637806637806638
135 0.3660714285714286 0.7586580086580087 0.010714285714285714 0.056998556998557
137 0.388265306122449 0.7579365079365079 0.011224489795918368 0.05555555555555555
136 0.40816326530612246 0.7582972582972582 0.011224489795918368 0.05627705627705628
135 0.4267857142857143 0.7582972582972582 0.013775510204081635 0.05627705627705628
134 0.45765306122448984 0.7626262626262627 0.011224489795918368 0.06349206349206349
135 0.47729591836734697 0.7604617604617605 0.010714285714285714 0.06060606060606061
136 0.49744897959183676 0.7586580086580087 0.011224489795918368 0.056998556998557
137 0.5158163265306123 0.7575757575757576 0.014285714285714287 0.05339105339105339
132 0.536734693877551 0.7536075036075036 0.014285714285714287 0.056998556998557
133 0.5556122448979592 0.7528860028860029 0.012244897959183675 0.05988455988455989
134 0.5760204081632654 0.7507215007215007 0.012244897959183675 0.06277056277056277
135 0.5954081632653062 0.7492784992784993 0.011224489795918368 0.06565656565656566
133 0.6267857142857144 0.7633477633477633 0.011734693877551022 0.06637806637806638
134 0.6466836734693878 0.7615440115440115 0.011734693877551022 0.06277056277056277
135 0.6668367346938776 0.7597402597402597 0.011224489795918368 0.05916305916305916
136 0.6854591836734695 0.759018759018759 0.013775510204081635 0.05627705627705628
131 0.7061224489795919 0.753968253968254 0.014285714285714287 0.05483405483405483
132 0.7247448979591837 0.7536075036075036 0.011734693877551022 0.056998556998557
133 0.7451530612244899 0.7521645021645021 0.011734693877551022 0.05988455988455989
134 0.7650510204081633 0.7503607503607503 0.010714285714285714 0.06349206349206349
132 0.7971938775510204 0.7532467532467533 0.013775510204081635 0.05627705627705628
133 0.8160714285714287 0.7528860028860029 0.011734693877551022 0.05988455988455989
134 0.8364795918367348 0.7507215007215007 0.011734693877551022 0.06277056277056277
135 0.8556122448979593 0.7496392496392497 0.011224489795918368 0.06637806637806638
130 0.8750000000000001 0.7597402597402597 0.014285714285714287 0.05772005772005772
131 0.8936224489795919 0.7564935064935064 0.011734693877551022 0.05266955266955267
132 0.9137755102040818 0.7554112554112554 0.011224489795918368 0.05194805194805195
133 0.9334183673469388 0.753968253968254 0.010714285714285714 0.05627705627705628
27 0.06403061224489796 0.873015873015873 0.023979591836734697 0.05194805194805195
15 0.08801020408163267 0.8618326118326118 0.010714285714285714 0.03535353535353535
104 0.1170918367346939 0.8787878787878788 0.010714285714285714 0.06349206349206349
103 0.15688775510204084 0.8816738816738817 0.010714285714285714 0.06493506493506493
104 0.1971938775510204 0.8795093795093795 0.010714285714285714 0.06349206349206349
102 0.23954081632653063 0.8683261183261183 0.010714285714285714 0.06132756132756133
103 0.28852040816326535 0.8809523809523809 0.010714285714285714 0.06637806637806638
102 0.32908163265306123 0.8676046176046176 0.011224489795918368 0.06132756132756133
101 0.3670918367346939 0.8701298701298701 0.011734693877551022 0.05627705627705628
100 0.4086734693877551 0.8737373737373737 0.012244897959183675 0.05194805194805195
99 0.4584183673469388 0.8755411255411255 0.011734693877551022 0.056998556998557
101 0.4979591836734694 0.8701298701298701 0.012244897959183675 0.05772005772005772
103 0.5352040816326531 0.8813131313131313 0.011224489795918368 0.06565656565656566
106 0.5755102040816327 0.873015873015873 0.011224489795918368 0.050505050505050504
105 0.627295918367347 0.8759018759018758 0.011734693877551022 0.05772005772005772
104 0.6673469387755102 0.8791486291486291 0.011224489795918368 0.06277056277056277
103 0.7045918367346939 0.8813131313131313 0.011224489795918368 0.06565656565656566
102 0.7451530612244899 0.8679653679653679 0.010714285714285714 0.06204906204906205
101 0.7961734693877551 0.8701298701298701 0.011734693877551022 0.05772005772005772
103 0.8354591836734695 0.8813131313131313 0.010714285714285714 0.06565656565656566
106 0.8737244897959184 0.8733766233766234 0.011734693877551022 0.051226551226551224
99 0.9137755102040818 0.8762626262626263 0.012244897959183675 0.056998556998557
