12 0.17783343769567939 0.13950398582816653 0.011271133375078271 0.06111603188662534
12 0.8196618659987476 0.13906111603188662 0.010018785222291797 0.06023029229406555
12 0.9517845961177207 0.13994685562444642 0.010018785222291797 0.06023029229406555
12 0.4483406386975579 0.1403897254207263 0.010018785222291797 0.05934455270150576
12 0.5635566687539135 0.13950398582816653 0.010018785222291797 0.057573073516386186
12 0.6581089542892924 0.13950398582816653 0.010018785222291797 0.057573073516386186
12 0.23606762680025045 0.3883968113374668 0.010018785222291797 0.05934455270150576
12 0.31152160300563553 0.3888396811337467 0.00939261114589856 0.06023029229406555
12 0.76017532874139 0.3888396811337467 0.008766437069505322 0.06023029229406555
12 0.8763306199123356 0.3888396811337467 0.010644959298685034 0.06023029229406555
12 0.951471509079524 0.38928255093002656 0.010644959298685034 0.06111603188662534
12 0.44207889793362554 0.3897254207263065 0.008766437069505322 0.06023029229406555
12 0.5860989355040701 0.3897254207263065 0.008766437069505322 0.05845881310894597
12 0.45021916092673764 0.6372896368467671 0.010018785222291797 0.06111603188662534
12 0.6183469004383219 0.6381753764393269 0.00939261114589856 0.06288751107174491
12 0.28490920475892295 0.6377325066430469 0.008766437069505322 0.06023029229406555
12 0.7836568566061365 0.6386182462356067 0.00939261114589856 0.06200177147918512
12 0.308703819661866 0.8866253321523473 0.010018785222291797 0.06023029229406555
12 0.5065748278021289 0.8870682019486271 0.010018785222291797 0.06111603188662534
12 0.7013149655604257 0.8866253321523473 0.010018785222291797 0.06023029229406555
12 0.9511584220413274 0.8875110717449071 0.011271133375078271 0.06200177147918512
12 0.849718221665623 0.8870682019486271 0.010018785222291797 0.05934455270150576
26 0.06825297432686286 0.1403897254207263 0.027551659361302442 0.09123117803365811
16 0.0958046336881653 0.1337466784765279 0.011271133375078271 0.0354295837023915
18 0.14026299311208515 0.12843224092116917 0.021289918597370068 0.015943312666076175
21 0.1931747025673137 0.13994685562444642 0.013149655604257984 0.030115146147032774
165 0.21822166562304318 0.1470327723649247 0.013149655604257984 0.0779450841452613
165 0.23387601753287413 0.14658990256864482 0.011897307451471509 0.07705934455270151
165 0.2485911083281152 0.1470327723649247 0.015028177833437694 0.07617360496014172
135 0.2658108954289292 0.14614703277236493 0.013149655604257984 0.07617360496014172
21 0.2924232936756418 0.13994685562444642 0.013775829680651221 0.030115146147032774
21 0.32780212899185973 0.13950398582816653 0.013149655604257984 0.029229406554472984
165 0.3525360050093926 0.14747564216120462 0.012523481527864746 0.07705934455270151
165 0.3681903569192235 0.1470327723649247 0.012523481527864746 0.07617360496014172
165 0.382592360676268 0.14658990256864482 0.015028177833437694 0.07705934455270151
135 0.4001252348152786 0.14570416297608504 0.012523481527864746 0.07528786536758193
21 0.42705072010018785 0.13950398582816653 0.013775829680651221 0.029229406554472984
136 0.4633688165309956 0.14304694419840566 0.015028177833437694 0.06997342781222321
21 0.4902943018159048 0.13950398582816653 0.013775829680651221 0.029229406554472984
132 0.5187852222917971 0.1355181576616475 0.019411396368190358 0.06908768821966342
21 0.5428929242329368 0.1403897254207263 0.013775829680651221 0.029229406554472984
128 0.5798371947401377 0.15013286093888398 0.022542266750156543 0.08414526129317981
21 0.604257983719474 0.1403897254207263 0.013775829680651221 0.029229406554472984
20 0.6277395115842204 0.13330380868024802 0.013149655604257984 0.04162976085031001
18 0.7714464621164684 0.12931798051372898 0.023794614902943018 0.01771479185119575
131 0.8350031308703819 0.13861824623560673 0.018159048215403883 0.06465899025686449
163 0.8631809643080776 0.13463241806908768 0.015654351909830933 0.07440212577502214
165 0.8829054477144646 0.13064658990256864 0.012523481527864746 0.08060230292294066
138 0.9054477144646211 0.12090345438441098 0.01628052598622417 0.10363153232949514
131 0.9270507201001879 0.12843224092116917 0.013149655604257984 0.08857395925597875
26 0.06825297432686286 0.3897254207263065 0.027551659361302442 0.09211691762621789
16 0.0958046336881653 0.3830823737821081 0.012523481527864746 0.03631532329495128
128 0.13525360050093926 0.39991142604074403 0.022542266750156543 0.08591674047829938
21 0.16530995616781463 0.38928255093002656 0.013775829680651221 0.03100088573959256
20 0.19599248591108326 0.3826395039858282 0.012523481527864746 0.042515500442869794
18 0.2742642454602379 0.37865367581930914 0.022542266750156543 0.01682905225863596
20 0.3256105197244834 0.38352524357838796 0.015028177833437694 0.042515500442869794
21 0.36944270507201 0.3897254207263065 0.015028177833437694 0.030115146147032774
158 0.40200375704445834 0.39946855624446415 0.01878522229179712 0.08503100088573959
158 0.42235441452723854 0.39946855624446415 0.015654351909830933 0.08503100088573959
128 0.4586725109580463 0.39946855624446415 0.02066374452097683 0.08503100088573959
128 0.48966812773951157 0.39902568644818426 0.01628052598622417 0.08414526129317981
128 0.523794614902943 0.39946855624446415 0.02066374452097683 0.08503100088573959
128 0.5554164057608014 0.39946855624446415 0.01628052598622417 0.08503100088573959
128 0.6020663744520977 0.39946855624446415 0.019411396368190358 0.08325952170062002
159 0.634627426424546 0.395925597874225 0.016906700062617408 0.0779450841452613
160 0.6549780839073263 0.39238263950398583 0.013775829680651221 0.070859167404783
161 0.6787726988102692 0.387511071744907 0.01878522229179712 0.06820194862710363
162 0.6981840951784596 0.3852967227635075 0.013775829680651221 0.06908768821966342
163 0.7194740137758296 0.3830823737821081 0.013775829680651221 0.07351638618246235
164 0.7410770194113964 0.38131089459698847 0.013149655604257984 0.07705934455270151
135 0.7761427676894176 0.3795394154118689 0.016906700062617408 0.08060230292294066
131 0.8046336881653099 0.38573959255978746 0.015028177833437694 0.06997342781222321
20 0.8356293049467751 0.3826395039858282 0.014402003757044458 0.042515500442869794
18 0.9139010644959298 0.37909654561558903 0.021916092673763304 0.01771479185119575
26 0.06825297432686286 0.6386182462356067 0.027551659361302442 0.09211691762621789
16 0.09611772072636192 0.6319751992914083 0.011897307451471509 0.03631532329495128
163 0.13212273011897308 0.650132860938884 0.013775829680651221 0.08680248007085917
165 0.15403882279273637 0.6479185119574845 0.017532874139010644 0.08414526129317981
135 0.17689417658108952 0.645704162976085 0.018159048215403883 0.07971656333038087
168 0.21509079524107702 0.6368467670504872 0.013149655604257984 0.07440212577502214
165 0.2335629304946775 0.6426040744021257 0.01628052598622417 0.07174490699734279
135 0.2548528490920476 0.645704162976085 0.017532874139010644 0.0779450841452613
170 0.3027551659361302 0.6284322409211692 0.015654351909830933 0.08591674047829938
165 0.3202880400751409 0.6421612046058459 0.015654351909830933 0.070859167404783
135 0.34189104571070755 0.6470327723649247 0.017532874139010644 0.08060230292294066
168 0.3804007514088917 0.6372896368467671 0.013149655604257984 0.07351638618246235
165 0.39855979962429555 0.6426040744021257 0.016906700062617408 0.07174490699734279
135 0.4201628052598622 0.645704162976085 0.017532874139010644 0.0779450841452613
163 0.4658735128365685 0.6510186005314438 0.013775829680651221 0.08857395925597875
165 0.48810269254852845 0.6479185119574845 0.016906700062617408 0.08237378210806023
135 0.510644959298685 0.646147032772365 0.016906700062617408 0.07883082373782108
168 0.5488415779586725 0.6372896368467671 0.013149655604257984 0.07351638618246235
165 0.5666875391358798 0.6426040744021257 0.01628052598622417 0.07174490699734279
135 0.588603631809643 0.645704162976085 0.017532874139010644 0.0779450841452613
170 0.6361928616155291 0.629317980513729 0.01628052598622417 0.08591674047829938
165 0.6534126487163431 0.6426040744021257 0.015654351909830933 0.06997342781222321
135 0.6753287413901065 0.6470327723649247 0.016906700062617408 0.08060230292294066
168 0.7138384470882905 0.6372896368467671 0.012523481527864746 0.07351638618246235
165 0.7316844082654977 0.6426040744021257 0.015654351909830933 0.07174490699734279
135 0.7532874139010645 0.645704162976085 0.017532874139010644 0.0779450841452613
162 0.7993112085159674 0.6514614703277237 0.013149655604257984 0.08945969884853854
165 0.8209142141515341 0.6492471213463242 0.017532874139010644 0.08503100088573959
135 0.843143393863494 0.6465899025686448 0.018159048215403883 0.07971656333038087
167 0.8822792736380713 0.646147032772365 0.013775829680651221 0.08060230292294066
165 0.899812147777082 0.6470327723649247 0.01628052598622417 0.08060230292294066
135 0.9217282404508453 0.6483613817537645 0.017532874139010644 0.08503100088573959
26 0.06856606136505948 0.8883968113374668 0.028177833437695678 0.09211691762621789
16 0.09611772072636192 0.8813108945969885 0.011897307451471509 0.0354295837023915
169 0.13180964308077645 0.8813108945969885 0.013149655604257984 0.07971656333038087
165 0.1530995616781465 0.8914968999114261 0.016906700062617408 0.06997342781222321
135 0.17845961177207262 0.8954827280779452 0.017532874139010644 0.0779450841452613
167 0.22448340638697556 0.8950398582816652 0.013149655604257984 0.08060230292294066
165 0.24546023794614902 0.895925597874225 0.017532874139010644 0.08060230292294066
135 0.27082028804007513 0.8981399468556245 0.018159048215403883 0.08503100088573959
162 0.32498434564809014 0.9012400354295838 0.013775829680651221 0.09123117803365811
165 0.35065748278021286 0.8990256864481843 0.017532874139010644 0.08680248007085917
135 0.37664370695053223 0.895925597874225 0.018159048215403883 0.07883082373782108
167 0.42266750156543514 0.8950398582816652 0.013775829680651221 0.07883082373782108
165 0.443331246086412 0.8963684676705049 0.017532874139010644 0.08148804251550044
135 0.4690043832185347 0.8981399468556245 0.017532874139010644 0.08503100088573959
169 0.5250469630557295 0.8817537643932684 0.013149655604257984 0.07883082373782108
165 0.5463368816530996 0.8906111603188663 0.016906700062617408 0.06997342781222321
135 0.5710707576706324 0.8945969884853853 0.017532874139010644 0.0779450841452613
167 0.6170945522855353 0.8950398582816652 0.013149655604257984 0.08060230292294066
165 0.6383844708829054 0.8963684676705049 0.016906700062617408 0.07971656333038087
135 0.6637445209768316 0.8981399468556245 0.017532874139010644 0.08503100088573959
131 0.7213525360050094 0.8875110717449071 0.021289918597370068 0.06200177147918512
21 0.758609893550407 0.8879539415411869 0.014402003757044458 0.029229406554472984
20 0.7971195992485911 0.8813108945969885 0.013775829680651221 0.042515500442869794
18 0.9004383218534753 0.8777679362267493 0.021289918597370068 0.01771479185119575
