1 0.07562174667437825 0.07586912065439673 0.017640254482359743 0.034764826175869123
12 0.047715442452284554 0.08609406952965236 0.004626951995373048 0.02822085889570552
12 0.17119722382880276 0.08609406952965236 0.00578368999421631 0.027402862985685072
12 0.399652978600347 0.08609406952965236 0.006940427993059571 0.027402862985685072
12 0.7288895315211105 0.08609406952965236 0.006072874493927125 0.027402862985685072
12 0.8403701561596297 0.08609406952965236 0.00578368999421631 0.027402862985685072
12 0.9511278195488722 0.08609406952965236 0.0063620589936379405 0.027402862985685072
12 0.2352515905147484 0.08629856850715746 0.005494505494505494 0.026993865030674847
12 0.6185656448814343 0.08588957055214724 0.00578368999421631 0.026175869120654397
14 0.29800462695199537 0.08282208588957056 0.004337767495662232 0.006134969325153374
14 0.48250433776749563 0.08282208588957056 0.004337767495662232 0.006134969325153374
14 0.665268941584731 0.08916155419222904 0.0037593984962406013 0.0057259713701431495
14 0.5503181029496819 0.08916155419222904 0.0034702139965297855 0.0049079754601227
1 0.07591093117408906 0.16748466257668712 0.018796992481203006 0.03558282208588957
12 0.04814921920185078 0.17770961145194275 0.004916136495083863 0.02822085889570552
12 0.6187102371312897 0.17770961145194275 0.006651243493348756 0.02822085889570552
12 0.17090803932909196 0.17791411042944785 0.006940427993059571 0.027811860940695297
12 0.23510699826489298 0.17770961145194275 0.006940427993059571 0.027402862985685072
12 0.3995083863504916 0.17770961145194275 0.007229612492770387 0.027402862985685072
12 0.5172064777327935 0.17770961145194275 0.007229612492770387 0.027402862985685072
12 0.728744939271255 0.17770961145194275 0.0063620589936379405 0.027402862985685072
12 0.8403701561596297 0.17791411042944785 0.0063620589936379405 0.027811860940695297
12 0.9512724117987276 0.17770961145194275 0.006072874493927125 0.027402862985685072
12 0.3273568536726431 0.17791411042944785 0.006940427993059571 0.026993865030674847
1 0.07591093117408906 0.24642126789366053 0.018796992481203006 0.03640081799591002
14 0.48264893001735104 0.232719836400818 0.004048582995951417 0.0057259713701431495
14 0.5504626951995373 0.23251533742331287 0.0037593984962406013 0.005316973415132925
12 0.17105263157894735 0.25541922290388547 0.007229612492770387 0.02822085889570552
12 0.5173510699826489 0.2556237218813906 0.006940427993059571 0.028629856850715747
12 0.04800462695199537 0.2558282208588957 0.005205320994794678 0.02822085889570552
12 0.3995083863504916 0.2560327198364008 0.007807981492192018 0.028629856850715747
12 0.6185656448814343 0.2558282208588957 0.0063620589936379405 0.02822085889570552
12 0.8402255639097744 0.25541922290388547 0.006072874493927125 0.027402862985685072
12 0.9512724117987276 0.2556237218813906 0.005494505494505494 0.027811860940695297
12 0.7288895315211105 0.2558282208588957 0.006651243493348756 0.027402862985685072
12 0.23611914401388084 0.25644171779141106 0.007229612492770387 0.027811860940695297
14 0.29800462695199537 0.2456032719836401 0.004337767495662232 0.006134969325153374
12 0.32779063042220935 0.25644171779141106 0.007229612492770387 0.027811860940695297
1 0.07576633892423365 0.3239263803680982 0.019086176980913822 0.0359918200408998
12 0.7288895315211105 0.33353783231083844 0.006072874493927125 0.02822085889570552
12 0.8399363794100636 0.3337423312883436 0.005494505494505494 0.028629856850715747
12 0.04800462695199537 0.3341513292433538 0.005205320994794678 0.028629856850715747
12 0.17090803932909196 0.33394683026584865 0.006940427993059571 0.02822085889570552
12 0.3995083863504916 0.33394683026584865 0.007807981492192018 0.02822085889570552
12 0.6187102371312897 0.3341513292433538 0.006072874493927125 0.028629856850715747
12 0.9511278195488722 0.3341513292433538 0.005205320994794678 0.027811860940695297
14 0.48264893001735104 0.32372188139059305 0.004048582995951417 0.005316973415132925
14 0.5506072874493927 0.32331288343558284 0.0034702139965297855 0.004498977505112475
14 0.5504626951995373 0.32719836400818 0.0037593984962406013 0.0081799591002045
14 0.2981492192018508 0.33067484662576685 0.004626951995373048 0.006952965235173824
14 0.48250433776749563 0.33067484662576685 0.004337767495662232 0.005316973415132925
14 0.5506072874493927 0.3304703476482618 0.0034702139965297855 0.0049079754601227
14 0.29843840370156155 0.3507157464212679 0.004626951995373048 0.006952965235173824
1 0.07620011567379988 0.40245398773006136 0.018218623481781375 0.0359918200408998
12 0.23510699826489298 0.41186094069529655 0.006940427993059571 0.027811860940695297
12 0.3273568536726431 0.41186094069529655 0.006940427993059571 0.027811860940695297
12 0.5170618854829381 0.41186094069529655 0.006940427993059571 0.027811860940695297
12 0.6187102371312897 0.41186094069529655 0.006651243493348756 0.027811860940695297
12 0.7286003470213996 0.41186094069529655 0.006072874493927125 0.027811860940695297
12 0.8403701561596297 0.41186094069529655 0.0063620589936379405 0.027811860940695297
12 0.04800462695199537 0.41226993865030676 0.005205320994794678 0.027811860940695297
12 0.17105263157894735 0.4120654396728016 0.006651243493348756 0.027402862985685072
12 0.3995083863504916 0.41226993865030676 0.007229612492770387 0.027811860940695297
12 0.9512724117987276 0.4120654396728016 0.005494505494505494 0.027402862985685072
14 0.5506072874493927 0.46646216768916154 0.0034702139965297855 0.005316973415132925
14 0.4823597455176402 0.4668711656441718 0.004048582995951417 0.005316973415132925
1 0.07605552342394448 0.48609406952965234 0.01850780798149219 0.03640081799591002
14 0.2981492192018508 0.4736196319018405 0.004626951995373048 0.0057259713701431495
12 0.23554077501445922 0.4897750511247444 0.006651243493348756 0.02903885480572597
12 0.17119722382880276 0.4897750511247444 0.006940427993059571 0.02822085889570552
12 0.5177848467322151 0.4901840490797546 0.007229612492770387 0.02903885480572597
12 0.7288895315211105 0.48957055214723927 0.006072874493927125 0.027811860940695297
12 0.840080971659919 0.48936605316973414 0.00578368999421631 0.027402862985685072
12 0.951417004048583 0.4899795501022495 0.00578368999421631 0.028629856850715747
12 0.04800462695199537 0.4901840490797546 0.005205320994794678 0.02822085889570552
12 0.3995083863504916 0.4899795501022495 0.007229612492770387 0.027811860940695297
12 0.6185656448814343 0.4899795501022495 0.00578368999421631 0.027811860940695297
12 0.3273568536726431 0.4901840490797546 0.006940427993059571 0.026584867075664622
14 0.48250433776749563 0.479959100204499 0.0037593984962406013 0.005316973415132925
14 0.5507518796992481 0.479959100204499 0.0037593984962406013 0.005316973415132925
14 0.2981492192018508 0.4934560327198364 0.004626951995373048 0.006134969325153374
1 0.07634470792365529 0.5648261758691207 0.019086176980913822 0.03680981595092025
12 0.17105263157894735 0.5678936605316973 0.006072874493927125 0.02822085889570552
12 0.3273568536726431 0.5680981595092025 0.0063620589936379405 0.028629856850715747
12 0.04814921920185078 0.5687116564417178 0.005494505494505494 0.02903885480572597
12 0.23510699826489298 0.5680981595092025 0.0063620589936379405 0.027811860940695297
12 0.39936379410063616 0.5683026584867076 0.0063620589936379405 0.02822085889570552
12 0.5170618854829381 0.5683026584867076 0.0063620589936379405 0.02822085889570552
12 0.6188548293811451 0.5683026584867076 0.0063620589936379405 0.02822085889570552
12 0.728744939271255 0.5683026584867076 0.0063620589936379405 0.02822085889570552
12 0.8403701561596297 0.5680981595092025 0.0063620589936379405 0.027811860940695297
12 0.9512724117987276 0.5683026584867076 0.006072874493927125 0.02822085889570552
1 0.07591093117408906 0.660122699386503 0.019375361480624638 0.03680981595092025
12 0.04814921920185078 0.6703476482617587 0.004916136495083863 0.028629856850715747
12 0.17105263157894735 0.6701431492842536 0.006072874493927125 0.02822085889570552
12 0.23510699826489298 0.6701431492842536 0.0063620589936379405 0.02822085889570552
12 0.3995083863504916 0.6701431492842536 0.006651243493348756 0.02822085889570552
12 0.5169172932330827 0.6701431492842536 0.006651243493348756 0.02822085889570552
12 0.728744939271255 0.6701431492842536 0.0063620589936379405 0.02822085889570552
12 0.3272122614227877 0.6703476482617587 0.006651243493348756 0.027811860940695297
12 0.6187102371312897 0.6703476482617587 0.006651243493348756 0.027811860940695297
12 0.8403701561596297 0.6701431492842536 0.0063620589936379405 0.027402862985685072
12 0.951417004048583 0.6703476482617587 0.0063620589936379405 0.027811860940695297
1 0.07605552342394448 0.7443762781186094 0.019086176980913822 0.03680981595092025
12 0.840080971659919 0.7476482617586913 0.00578368999421631 0.027811860940695297
12 0.04786003470213996 0.7486707566462167 0.005494505494505494 0.02903885480572597
12 0.17105263157894735 0.7480572597137014 0.006651243493348756 0.027811860940695297
12 0.2352515905147484 0.7482617586912066 0.006072874493927125 0.02822085889570552
12 0.3273568536726431 0.7480572597137014 0.0063620589936379405 0.027811860940695297
12 0.39936379410063616 0.7482617586912066 0.006940427993059571 0.02822085889570552
12 0.5173510699826489 0.7480572597137014 0.006940427993059571 0.027811860940695297
12 0.6184210526315789 0.7482617586912066 0.006072874493927125 0.02822085889570552
12 0.7290341237709659 0.7480572597137014 0.0063620589936379405 0.027811860940695297
12 0.951417004048583 0.7484662576687117 0.00578368999421631 0.027811860940695297
12 0.047715442452284554 0.8505112474437628 0.00578368999421631 0.02822085889570552
12 0.17105263157894735 0.8505112474437628 0.006072874493927125 0.02822085889570552
12 0.23510699826489298 0.8503067484662576 0.00578368999421631 0.027811860940695297
12 0.3272122614227877 0.8505112474437628 0.006072874493927125 0.02822085889570552
12 0.5172064777327935 0.8505112474437628 0.006072874493927125 0.02822085889570552
12 0.6187102371312897 0.8503067484662576 0.006072874493927125 0.027811860940695297
12 0.7288895315211105 0.8505112474437628 0.006072874493927125 0.02822085889570552
12 0.9512724117987276 0.8505112474437628 0.006072874493927125 0.02822085889570552
12 0.3995083863504916 0.8507157464212679 0.006072874493927125 0.027811860940695297
12 0.8403701561596297 0.8505112474437628 0.00578368999421631 0.027402862985685072
1 0.07591093117408906 0.9323108384458078 0.018218623481781375 0.03558282208588957
12 0.04786003470213996 0.9425357873210634 0.004337767495662232 0.02903885480572597
12 0.2352515905147484 0.9421267893660532 0.006072874493927125 0.02822085889570552
12 0.3273568536726431 0.9421267893660532 0.0063620589936379405 0.02822085889570552
12 0.951417004048583 0.9421267893660532 0.00578368999421631 0.02822085889570552
12 0.17105263157894735 0.9425357873210634 0.006072874493927125 0.02822085889570552
12 0.3995083863504916 0.9425357873210634 0.006072874493927125 0.02822085889570552
12 0.5172064777327935 0.9423312883435583 0.006072874493927125 0.027811860940695297
12 0.6188548293811451 0.9423312883435583 0.0063620589936379405 0.027811860940695297
12 0.7290341237709659 0.9423312883435583 0.0063620589936379405 0.027811860940695297
12 0.8405147484094851 0.9423312883435583 0.006072874493927125 0.027811860940695297
31 0.05754771544245228 0.08834355828220859 0.013880855986119142 0.05889570552147239
135 0.0989010989010989 0.08936605316973416 0.007518796992481203 0.03640081799591002
135 0.11104684788895314 0.08957055214723926 0.009253903990746095 0.0359918200408998
104 0.1249277038750723 0.08997955010224949 0.007518796992481203 0.0359918200408998
76 0.1473395026026605 0.08936605316973416 0.007807981492192018 0.03558282208588957
18 0.19592249855407748 0.08159509202453988 0.010699826489300172 0.007770961145194274
135 0.24334875650665122 0.08997955010224949 0.007807981492192018 0.0359918200408998
135 0.2557836899942163 0.08977505112474438 0.009543088490456911 0.03640081799591002
104 0.27168883747831113 0.08977505112474438 0.007807981492192018 0.03640081799591002
104 0.29207634470792365 0.08977505112474438 0.007518796992481203 0.03640081799591002
134 0.3157894736842105 0.09079754601226994 0.007518796992481203 0.03844580777096115
103 0.3357432041642568 0.09079754601226994 0.006940427993059571 0.0376278118609407
20 0.355696934644303 0.08548057259713701 0.0063620589936379405 0.022085889570552148
19 0.37521688837478306 0.08445807770961146 0.010699826489300172 0.008588957055214725
136 0.40789473684210525 0.08670756646216769 0.007229612492770387 0.029447852760736196
135 0.4356564488143435 0.08773006134969326 0.009543088490456911 0.031492842535787324
104 0.45532099479467897 0.08997955010224949 0.007807981492192018 0.0359918200408998
104 0.4765760555234239 0.08977505112474438 0.007518796992481203 0.03640081799591002
134 0.5057836899942163 0.09059304703476483 0.007518796992481203 0.03803680981595092
134 0.5254482359745517 0.09059304703476483 0.007518796992481203 0.03803680981595092
102 0.5445344129554656 0.08302658486707566 0.007518796992481203 0.0359918200408998
136 0.5679583574320416 0.08813905930470348 0.007518796992481203 0.032310838445807774
104 0.5879120879120878 0.08957055214723926 0.007518796992481203 0.0359918200408998
134 0.6072874493927125 0.09059304703476483 0.007518796992481203 0.03803680981595092
133 0.6323019086176981 0.08282208588957056 0.010699826489300172 0.03640081799591002
102 0.6591960670908039 0.08261758691206544 0.007807981492192018 0.0359918200408998
19 0.6827646038172354 0.08445807770961146 0.009832272990167727 0.008588957055214725
18 0.7847021399652978 0.08118609406952966 0.010121457489878543 0.007770961145194274
18 0.8958935801041064 0.08118609406952966 0.010410641989589357 0.007770961145194274
29 0.05754771544245228 0.17402862985685072 0.013302486986697512 0.05848670756646217
18 0.126951995373048 0.17321063394683026 0.010410641989589357 0.008588957055214725
18 0.19592249855407748 0.17321063394683026 0.010699826489300172 0.007770961145194274
18 0.28108733371891265 0.17321063394683026 0.010410641989589357 0.007770961145194274
18 0.36364950838635046 0.17321063394683026 0.010699826489300172 0.007770961145194274
18 0.45835743204164253 0.17321063394683026 0.010410641989589357 0.007770961145194274
18 0.5679583574320416 0.17321063394683026 0.010410641989589357 0.007770961145194274
18 0.6737998843262001 0.17321063394683026 0.010410641989589357 0.007770961145194274
18 0.7847021399652978 0.17321063394683026 0.010121457489878543 0.007770961145194274
18 0.8958935801041064 0.17321063394683026 0.010410641989589357 0.007770961145194274
26 0.05740312319259687 0.25501022494887526 0.014170040485829958 0.05194274028629857
78 0.09933487565066512 0.2556237218813906 0.008386350491613648 0.028629856850715747
78 0.1474840948525159 0.25623721881390593 0.008097165991902834 0.02985685071574642
19 0.18001735106998262 0.25439672801635993 0.011856564488143435 0.01063394683026585
78 0.20720069404279928 0.2558282208588957 0.008386350491613648 0.02903885480572597
78 0.24378253325621746 0.2560327198364008 0.008097165991902834 0.029447852760736196
106 0.29222093695777906 0.25623721881390593 0.007807981492192018 0.02985685071574642
137 0.31607865818392133 0.2560327198364008 0.007518796992481203 0.029447852760736196
106 0.3355986119144014 0.2560327198364008 0.007807981492192018 0.029447852760736196
20 0.35584152689415843 0.2556237218813906 0.006651243493348756 0.022085889570552148
19 0.37521688837478306 0.2541922290388548 0.011278195488721804 0.009406952965235174
19 0.40847310584152685 0.2541922290388548 0.010699826489300172 0.009406952965235174
109 0.4765760555234239 0.25112474437627813 0.008675534991324464 0.04008179959100205
139 0.5059282822440717 0.25316973415132926 0.007807981492192018 0.0359918200408998
139 0.5258820127241179 0.25316973415132926 0.008386350491613648 0.0359918200408998
109 0.544679005205321 0.25112474437627813 0.009543088490456911 0.04008179959100205
143 0.5682475419317524 0.24642126789366053 0.008675534991324464 0.05030674846625767
111 0.5883458646616541 0.24805725971370143 0.009543088490456911 0.04621676891615542
141 0.6077212261422787 0.24948875255623723 0.00896471949103528 0.043353783231083846
140 0.6307113938692885 0.25112474437627813 0.009832272990167727 0.04008179959100205
81 0.6594852515905147 0.25071574642126787 0.00896471949103528 0.04008179959100205
81 0.74117987275882 0.2505112474437628 0.009253903990746095 0.03885480572597137
139 0.8293811451706188 0.2523517382413088 0.007518796992481203 0.0359918200408998
81 0.8523713128976286 0.25112474437627813 0.009543088490456911 0.04008179959100205
139 0.9405725853094273 0.252760736196319 0.007807981492192018 0.0359918200408998
26 0.05740312319259687 0.33353783231083844 0.014170040485829958 0.05194274028629857
17 0.09239444765760554 0.33067484662576685 0.004916136495083863 0.021676891615541923
19 0.18001735106998262 0.3188139059304704 0.010699826489300172 0.010224948875255624
19 0.18016194331983804 0.345398773006135 0.010989010989010988 0.010224948875255624
17 0.1999710815500289 0.3304703476482618 0.004916136495083863 0.022085889570552148
20 0.355696934644303 0.347239263803681 0.006940427993059571 0.022085889570552148
20 0.35584152689415843 0.3196319018404908 0.006651243493348756 0.021676891615541923
19 0.37521688837478306 0.31820040899795504 0.010121457489878543 0.00899795501022495
19 0.40861769809138226 0.3184049079754601 0.010410641989589357 0.008588957055214725
17 0.4697802197802197 0.330879345603272 0.004916136495083863 0.022085889570552148
17 0.5378831694621168 0.3310838445807771 0.005205320994794678 0.022494887525562373
17 0.5615962984384036 0.32044989775051125 0.004626951995373048 0.022494887525562373
19 0.568102949681897 0.3456032719836401 0.010699826489300172 0.0081799591002045
138 0.5701272411798727 0.3243353783231084 0.010699826489300172 0.049897750511247445
106 0.5880566801619432 0.3261758691206544 0.008386350491613648 0.04539877300613497
136 0.6094563331405436 0.3267893660531697 0.011278195488721804 0.043353783231083846
17 0.623770965876229 0.33026584867075665 0.004626951995373048 0.020858895705521473
21 0.6301330248698669 0.3478527607361963 0.007518796992481203 0.014314928425357873
135 0.6321573163678427 0.3292433537832311 0.010989010989010988 0.0425357873210634
17 0.7339502602660497 0.330879345603272 0.004626951995373048 0.0212678936605317
17 0.82272990167727 0.3210633946830266 0.005205320994794678 0.022903885480572598
17 0.8455754771544245 0.3314928425357873 0.005205320994794678 0.022494887525562373
17 0.934065934065934 0.32085889570552145 0.005205320994794678 0.023312883435582823
26 0.05754771544245228 0.4116564417177914 0.013880855986119142 0.05194274028629857
18 0.126951995373048 0.40756646216768916 0.010410641989589357 0.007770961145194274
18 0.19592249855407748 0.40756646216768916 0.010121457489878543 0.007770961145194274
18 0.28108733371891265 0.40756646216768916 0.010410641989589357 0.008588957055214725
18 0.36350491613649505 0.40756646216768916 0.010410641989589357 0.007770961145194274
18 0.45835743204164253 0.40736196319018403 0.010410641989589357 0.0081799591002045
18 0.5679583574320416 0.40736196319018403 0.010410641989589357 0.0081799591002045
18 0.6737998843262001 0.40736196319018403 0.010410641989589357 0.0081799591002045
18 0.7847021399652978 0.40756646216768916 0.010121457489878543 0.008588957055214725
18 0.8958935801041064 0.40756646216768916 0.010410641989589357 0.008588957055214725
27 0.057836899942163095 0.4905930470347648 0.014459224985540774 0.02985685071574642
19 0.18001735106998262 0.4748466257668712 0.011278195488721804 0.01063394683026585
19 0.18030653556969345 0.5016359918200409 0.011278195488721804 0.010224948875255624
20 0.35584152689415843 0.47607361963190187 0.006651243493348756 0.022085889570552148
20 0.35584152689415843 0.48957055214723927 0.006072874493927125 0.049897750511247445
20 0.35584152689415843 0.5032719836400819 0.006651243493348756 0.021676891615541923
19 0.37521688837478306 0.4742331288343558 0.010121457489878543 0.008588957055214725
19 0.40861769809138226 0.47464212678936607 0.010410641989589357 0.009406952965235174
19 0.5686813186813187 0.5014314928425357 0.013013302486986697 0.00899795501022495
109 0.5879120879120878 0.47791411042944787 0.009253903990746095 0.05357873210633947
21 0.6298438403701561 0.5042944785276073 0.006940427993059571 0.015541922290388548
138 0.6320127241179873 0.47975460122699387 0.010699826489300172 0.049079754601226995
27 0.05769230769230769 0.5687116564417178 0.01474840948525159 0.03067484662576687
18 0.126951995373048 0.5633946830265849 0.010410641989589357 0.008588957055214725
18 0.19592249855407748 0.5633946830265849 0.010699826489300172 0.008588957055214725
18 0.28108733371891265 0.5633946830265849 0.010410641989589357 0.008588957055214725
18 0.36336032388663964 0.56359918200409 0.010699826489300172 0.0081799591002045
18 0.45835743204164253 0.5633946830265849 0.010410641989589357 0.008588957055214725
18 0.5679583574320416 0.5633946830265849 0.010410641989589357 0.008588957055214725
18 0.6737998843262001 0.5633946830265849 0.010410641989589357 0.008588957055214725
18 0.7847021399652978 0.56359918200409 0.010699826489300172 0.00899795501022495
18 0.8960381723539618 0.56359918200409 0.010699826489300172 0.00899795501022495
26 0.05754771544245228 0.6695296523517382 0.013880855986119142 0.052351738241308794
18 0.1270965876229034 0.6586912065439673 0.010699826489300172 0.008588957055214725
18 0.19592249855407748 0.6584867075664622 0.010121457489878543 0.0081799591002045
18 0.28108733371891265 0.6586912065439673 0.010410641989589357 0.008588957055214725
18 0.36350491613649505 0.6584867075664622 0.010410641989589357 0.0081799591002045
18 0.45835743204164253 0.6586912065439673 0.010410641989589357 0.008588957055214725
18 0.5678137651821862 0.6584867075664622 0.010121457489878543 0.0081799591002045
18 0.6739444765760555 0.6584867075664622 0.010121457489878543 0.0081799591002045
18 0.7847021399652978 0.6586912065439673 0.010121457489878543 0.008588957055214725
18 0.8958935801041064 0.6584867075664622 0.010410641989589357 0.0081799591002045
35 0.05740312319259687 0.7445807770961145 0.014170040485829958 0.03803680981595092
19 0.18001735106998262 0.7329243353783231 0.010699826489300172 0.0098159509202454
19 0.18016194331983804 0.7597137014314929 0.010989010989010988 0.010224948875255624
28 0.22556390977443608 0.749079754601227 0.012724117987275881 0.02903885480572597
74 0.29251012145748984 0.7533742331288343 0.007807981492192018 0.0408997955010225
102 0.3355986119144014 0.7531697341513293 0.006651243493348756 0.04049079754601227
20 0.35584152689415843 0.7337423312883435 0.006651243493348756 0.022085889570552148
20 0.35584152689415843 0.7613496932515338 0.006651243493348756 0.021676891615541923
19 0.37521688837478306 0.7323108384458078 0.010121457489878543 0.008588957055214725
19 0.40861769809138226 0.7325153374233129 0.010410641989589357 0.00899795501022495
19 0.5686813186813187 0.7321063394683026 0.010121457489878543 0.00899795501022495
21 0.6299884326200115 0.7349693251533742 0.006651243493348756 0.013905930470347648
21 0.6299884326200115 0.7627811860940695 0.006651243493348756 0.014723926380368098
15 0.8218623481781376 0.7451942740286299 0.0063620589936379405 0.022085889570552148
15 0.933342972816657 0.7449897750511247 0.006072874493927125 0.021676891615541923
27 0.057836899942163095 0.8505112474437628 0.015037593984962405 0.03067484662576687
131 0.09976865240023135 0.8501022494887526 0.009253903990746095 0.02985685071574642
131 0.1122035858877964 0.8503067484662576 0.007518796992481203 0.030265848670756646
100 0.1250722961249277 0.8507157464212679 0.007807981492192018 0.029447852760736196
72 0.1474840948525159 0.8505112474437628 0.008097165991902834 0.02985685071574642
18 0.1960670908039329 0.84560327198364 0.010410641989589357 0.007770961145194274
18 0.28108733371891265 0.84560327198364 0.010410641989589357 0.007770961145194274
18 0.36364950838635046 0.84560327198364 0.010699826489300172 0.007770961145194274
18 0.4582128397917871 0.84560327198364 0.010121457489878543 0.007770961145194274
18 0.5678137651821862 0.84560327198364 0.010121457489878543 0.007770961145194274
18 0.6739444765760555 0.84560327198364 0.010121457489878543 0.007770961145194274
18 0.7848467322151532 0.84560327198364 0.010410641989589357 0.007770961145194274
18 0.8957489878542509 0.845398773006135 0.010121457489878543 0.0081799591002045
26 0.05754771544245228 0.9415132924335379 0.013880855986119142 0.052351738241308794
18 0.12680740312319258 0.9376278118609407 0.010699826489300172 0.007770961145194274
18 0.1960670908039329 0.9376278118609407 0.010410641989589357 0.007770961145194274
18 0.28108733371891265 0.9374233128834356 0.010410641989589357 0.0081799591002045
18 0.36350491613649505 0.9374233128834356 0.010410641989589357 0.0081799591002045
18 0.45835743204164253 0.9374233128834356 0.010410641989589357 0.0081799591002045
18 0.5678137651821862 0.9374233128834356 0.010121457489878543 0.0081799591002045
18 0.6737998843262001 0.9374233128834356 0.010410641989589357 0.0081799591002045
18 0.7847021399652978 0.9374233128834356 0.010121457489878543 0.0081799591002045
18 0.8957489878542509 0.9376278118609407 0.010121457489878543 0.007770961145194274
141 0.5696934644303066 0.4748466257668712 0.01214574898785425 0.05889570552147239
139 0.609600925390399 0.47914110429447854 0.01156737998843262 0.05276073619631902
