11 0.9474489795918368 0.16522366522366522 0.014285714285714287 0.049062049062049064
12 0.048214285714285716 0.16630591630591632 0.007653061224489797 0.049783549783549784
12 0.3400510204081633 0.16558441558441558 0.008673469387755102 0.048340548340548344
12 0.6232142857142857 0.16594516594516595 0.007653061224489797 0.049062049062049064
12 0.7839285714285715 0.16486291486291485 0.00969387755102041 0.046897546897546896
12 0.047959183673469394 0.3023088023088023 0.00816326530612245 0.049062049062049064
12 0.6232142857142857 0.3023088023088023 0.008673469387755102 0.049062049062049064
11 0.9477040816326532 0.3023088023088023 0.013775510204081635 0.049062049062049064
12 0.3403061224489796 0.30266955266955264 0.009183673469387756 0.048340548340548344
12 0.7836734693877552 0.3037518037518038 0.009183673469387756 0.046176046176046176
11 0.9474489795918368 0.43903318903318905 0.014285714285714287 0.049783549783549784
12 0.3403061224489796 0.4393939393939394 0.009183673469387756 0.049062049062049064
12 0.6232142857142857 0.43903318903318905 0.00969387755102041 0.048340548340548344
12 0.7836734693877552 0.4383116883116883 0.009183673469387756 0.046897546897546896
12 0.048214285714285716 0.43975468975468973 0.007653061224489797 0.048340548340548344
12 0.048214285714285716 0.5757575757575758 0.007653061224489797 0.049062049062049064
12 0.3408163265306123 0.5757575757575758 0.010204081632653062 0.049062049062049064
12 0.6234693877551021 0.5757575757575758 0.009183673469387756 0.049062049062049064
11 0.9474489795918368 0.5761183261183261 0.014285714285714287 0.049783549783549784
12 0.7839285714285715 0.5761183261183261 0.008673469387755102 0.048340548340548344
12 0.048214285714285716 0.7124819624819625 0.007653061224489797 0.049783549783549784
12 0.6232142857142857 0.7124819624819625 0.007653061224489797 0.049783549783549784
12 0.3400510204081633 0.7124819624819625 0.008673469387755102 0.048340548340548344
11 0.9474489795918368 0.7128427128427128 0.014285714285714287 0.049062049062049064
12 0.7841836734693878 0.7124819624819625 0.00816326530612245 0.046897546897546896
11 0.9474489795918368 0.8488455988455988 0.01326530612244898 0.049783549783549784
12 0.04872448979591837 0.8492063492063492 0.007653061224489797 0.049062049062049064
12 0.6229591836734695 0.8492063492063492 0.009183673469387756 0.049062049062049064
12 0.7839285714285715 0.8488455988455988 0.008673469387755102 0.046897546897546896
12 0.33979591836734696 0.8495670995670995 0.00816326530612245 0.046897546897546896
31 0.06658163265306123 0.1691919191919192 0.025 0.10317460317460317
69 0.10229591836734694 0.1865079365079365 0.013775510204081635 0.09163059163059163
142 0.10459183673469388 0.1388888888888889 0.0163265306122449 0.11183261183261184
139 0.13137755102040818 0.14213564213564214 0.012755102040816327 0.09956709956709957
137 0.16071428571428573 0.14574314574314573 0.01326530612244898 0.09090909090909091
135 0.1900510204081633 0.14862914862914864 0.012755102040816327 0.08513708513708514
137 0.2247448979591837 0.15331890331890333 0.015816326530612247 0.07431457431457432
135 0.2528061224489796 0.15692640692640691 0.012755102040816327 0.06854256854256854
132 0.28163265306122454 0.1616161616161616 0.01326530612244898 0.06060606060606061
130 0.31147959183673474 0.1681096681096681 0.01479591836734694 0.06060606060606061
134 0.3920918367346939 0.15548340548340547 0.013775510204081635 0.07142857142857142
136 0.425765306122449 0.1518759018759019 0.013775510204081635 0.08008658008658008
139 0.45867346938775516 0.14754689754689754 0.01326530612244898 0.0873015873015873
134 0.49056122448979594 0.15367965367965367 0.01683673469387755 0.07647907647907648
136 0.5204081632653061 0.15043290043290045 0.01326530612244898 0.08297258297258298
139 0.552295918367347 0.14646464646464646 0.012755102040816327 0.08946608946608947
141 0.5959183673469388 0.14285714285714285 0.015306122448979593 0.10101010101010101
18 0.8635204081632654 0.193001443001443 0.015816326530612247 0.015151515151515152
26 0.06658163265306123 0.2994227994227994 0.02602040816326531 0.09235209235209235
50 0.10408163265306124 0.30303030303030304 0.0163265306122449 0.05194805194805195
105 0.3584183673469388 0.30483405483405485 0.012755102040816327 0.056998556998557
108 0.4247448979591837 0.29617604617604615 0.012755102040816327 0.06421356421356421
105 0.48750000000000004 0.3051948051948052 0.012755102040816327 0.05772005772005772
164 0.5545918367346939 0.29473304473304474 0.0163265306122449 0.06565656565656566
162 0.5732142857142858 0.2950937950937951 0.012755102040816327 0.06493506493506493
134 0.5961734693877552 0.2950937950937951 0.012755102040816327 0.06637806637806638
50 0.6441326530612246 0.30266955266955264 0.015816326530612247 0.051226551226551224
50 0.8051020408163266 0.30266955266955264 0.0163265306122449 0.051226551226551224
27 0.06658163265306123 0.4383116883116883 0.025 0.051226551226551224
48 0.10484693877551021 0.43975468975468973 0.01683673469387755 0.05411255411255411
75 0.35867346938775513 0.4462481962481962 0.01326530612244898 0.06565656565656566
103 0.48775510204081635 0.4462481962481962 0.01326530612244898 0.0670995670995671
101 0.5533163265306122 0.43614718614718617 0.012755102040816327 0.056998556998557
48 0.6438775510204082 0.43903318903318905 0.015306122448979593 0.05266955266955267
48 0.8043367346938777 0.43903318903318905 0.015816326530612247 0.05266955266955267
26 0.06709183673469388 0.5732323232323232 0.02602040816326531 0.09307359307359307
78 0.10255102040816327 0.5757575757575758 0.014285714285714287 0.05194805194805195
83 0.22448979591836737 0.5616883116883117 0.0163265306122449 0.08152958152958154
108 0.3584183673469388 0.56998556998557 0.012755102040816327 0.06349206349206349
141 0.42525510204081635 0.5634920634920635 0.01479591836734694 0.07647907647907648
112 0.48750000000000004 0.5584415584415584 0.01479591836734694 0.08802308802308802
169 0.5525510204081633 0.5703463203463204 0.012244897959183675 0.06421356421356421
166 0.5706632653061225 0.5764790764790765 0.015816326530612247 0.05194805194805195
139 0.5926020408163266 0.5707070707070707 0.01785714285714286 0.06349206349206349
78 0.6423469387755103 0.5764790764790765 0.014285714285714287 0.05194805194805195
19 0.7150510204081634 0.5732323232323232 0.01683673469387755 0.013708513708513708
78 0.803061224489796 0.5764790764790765 0.014285714285714287 0.05194805194805195
19 0.8760204081632654 0.573953823953824 0.017346938775510204 0.015151515151515152
31 0.06658163265306123 0.7153679653679653 0.02602040816326531 0.10461760461760462
76 0.10229591836734694 0.7186147186147186 0.013775510204081635 0.06349206349206349
105 0.35867346938775513 0.7153679653679653 0.01326530612244898 0.056998556998557
108 0.42500000000000004 0.7063492063492064 0.012244897959183675 0.06349206349206349
105 0.48750000000000004 0.7157287157287158 0.012755102040816327 0.05772005772005772
164 0.5545918367346939 0.7049062049062049 0.0163265306122449 0.06637806637806638
162 0.5734693877551021 0.7052669552669553 0.01326530612244898 0.06565656565656566
134 0.5961734693877552 0.7052669552669553 0.012755102040816327 0.0670995670995671
37 0.0653061224489796 0.8560606060606061 0.02653061224489796 0.06565656565656566
48 0.10459183673469388 0.8492063492063492 0.0163265306122449 0.05194805194805195
101 0.35994897959183675 0.847041847041847 0.013775510204081635 0.05772005772005772
20 0.42346938775510207 0.8474025974025974 0.011224489795918368 0.03968253968253968
130 0.4900510204081633 0.8528138528138528 0.01785714285714286 0.05916305916305916
129 0.5204081632653061 0.8556998556998557 0.014285714285714287 0.06493506493506493
130 0.5525510204081633 0.8528138528138528 0.014285714285714287 0.05772005772005772
132 0.5964285714285715 0.8495670995670995 0.01326530612244898 0.051226551226551224
48 0.6433673469387756 0.8495670995670995 0.015306122448979593 0.05266955266955267
48 0.8043367346938777 0.8492063492063492 0.015816326530612247 0.05339105339105339
132 0.36173469387755103 0.1590909090909091 0.018367346938775512 0.06277056277056277
