7 0.0989795918367347 0.12734487734487734 0.02448979591836735 0.06565656565656566
14 0.5035714285714287 0.11075036075036075 0.00816326530612245 0.010822510822510822
14 0.6112244897959184 0.11075036075036075 0.009183673469387756 0.010822510822510822
12 0.5637755102040817 0.14105339105339104 0.00816326530612245 0.049783549783549784
12 0.048469387755102046 0.1414141414141414 0.0071428571428571435 0.049062049062049064
12 0.9515306122448981 0.1406926406926407 0.00816326530612245 0.047619047619047616
14 0.2938775510204082 0.13528138528138528 0.00816326530612245 0.010822510822510822
14 0.5035714285714287 0.14682539682539683 0.009183673469387756 0.010822510822510822
14 0.6119897959183674 0.14682539682539683 0.008673469387755102 0.010822510822510822
14 0.802295918367347 0.1590909090909091 0.008673469387755102 0.010822510822510822
0 0.09923469387755103 0.2582972582972583 0.02602040816326531 0.06493506493506493
12 0.048214285714285716 0.25901875901875904 0.00663265306122449 0.046176046176046176
12 0.5637755102040817 0.2597402597402597 0.00816326530612245 0.047619047619047616
12 0.9512755102040817 0.2597402597402597 0.008673469387755102 0.047619047619047616
7 0.09948979591836736 0.5321067821067821 0.02448979591836735 0.06565656565656566
14 0.8048469387755103 0.5147907647907648 0.008673469387755102 0.010822510822510822
12 0.6693877551020408 0.5447330447330447 0.009183673469387756 0.049062049062049064
12 0.048214285714285716 0.5454545454545454 0.00663265306122449 0.049062049062049064
12 0.38928571428571435 0.5450937950937951 0.00816326530612245 0.048340548340548344
12 0.9522959183673471 0.5458152958152959 0.008673469387755102 0.049783549783549784
14 0.43647959183673474 0.5386002886002886 0.007653061224489797 0.00937950937950938
14 0.8051020408163266 0.5393217893217893 0.00816326530612245 0.010822510822510822
14 0.1852040816326531 0.5501443001443002 0.0071428571428571435 0.010822510822510822
14 0.2581632653061225 0.5501443001443002 0.009183673469387756 0.010822510822510822
0 0.0989795918367347 0.6623376623376623 0.025510204081632654 0.06637806637806638
12 0.3887755102040817 0.6637806637806638 0.00816326530612245 0.047619047619047616
12 0.6691326530612246 0.6634199134199135 0.008673469387755102 0.046897546897546896
12 0.9517857142857143 0.6645021645021645 0.008673469387755102 0.049062049062049064
12 0.048214285714285716 0.6641414141414141 0.00663265306122449 0.046897546897546896
7 0.09872448979591837 0.9354256854256854 0.025 0.06565656565656566
12 0.04872448979591837 0.9487734487734488 0.00663265306122449 0.050505050505050504
12 0.5107142857142858 0.9487734487734488 0.009183673469387756 0.049062049062049064
12 0.9515306122448981 0.9487734487734488 0.00816326530612245 0.047619047619047616
14 0.15408163265306124 0.9310966810966811 0.009183673469387756 0.010822510822510822
14 0.6979591836734694 0.9541847041847041 0.00816326530612245 0.010822510822510822
14 0.15433673469387757 0.9545454545454546 0.008673469387755102 0.0101010101010101
14 0.5854591836734694 0.9545454545454546 0.007653061224489797 0.0101010101010101
26 0.06581632653061226 0.1414141414141414 0.02653061224489796 0.10533910533910534
16 0.12755102040816327 0.12193362193362194 0.009183673469387756 0.04329004329004329
17 0.3038265306122449 0.12301587301587301 0.00969387755102041 0.056998556998557
192 0.31581632653061226 0.11471861471861472 0.01326530612244898 0.09956709956709957
17 0.3306122448979592 0.12987012987012986 0.009183673469387756 0.05627705627705628
191 0.3431122448979592 0.11616161616161616 0.012755102040816327 0.10101010101010101
192 0.36530612244897964 0.11724386724386725 0.01326530612244898 0.09740259740259741
193 0.38928571428571435 0.11940836940836941 0.0163265306122449 0.09163059163059163
192 0.40969387755102044 0.12012987012987013 0.01326530612244898 0.08874458874458875
164 0.4285714285714286 0.1497113997113997 0.018367346938775512 0.07287157287157287
192 0.45484693877551025 0.11940836940836941 0.012755102040816327 0.09163059163059163
17 0.5701530612244898 0.12301587301587301 0.005612244897959184 0.0367965367965368
192 0.8112244897959184 0.12085137085137085 0.01326530612244898 0.08874458874458875
191 0.8339285714285715 0.12157287157287157 0.013775510204081635 0.09018759018759019
192 0.8561224489795919 0.12193362193362194 0.01326530612244898 0.08658008658008658
193 0.880357142857143 0.11976911976911978 0.015816326530612247 0.09090909090909091
192 0.9010204081632653 0.11940836940836941 0.01326530612244898 0.09018759018759019
27 0.0691326530612245 0.2619047619047619 0.03214285714285715 0.05916305916305916
22 0.14005102040816328 0.2637085137085137 0.013775510204081635 0.032467532467532464
156 0.17602040816326534 0.27525252525252525 0.01938775510204082 0.08152958152958154
17 0.1959183673469388 0.2950937950937951 0.009183673469387756 0.05627705627705628
158 0.20816326530612247 0.2691197691197691 0.01326530612244898 0.06926406926406926
160 0.2441326530612245 0.26334776334776333 0.013775510204081635 0.05772005772005772
102 0.28010204081632656 0.2546897546897547 0.01326530612244898 0.06204906204906205
16 0.47729591836734697 0.2532467532467532 0.00969387755102041 0.04329004329004329
103 0.4900510204081633 0.26731601731601734 0.012755102040816327 0.06565656565656566
22 0.5977040816326531 0.26406926406926406 0.013775510204081635 0.03318903318903319
16 0.6188775510204082 0.2528860028860029 0.010204081632653062 0.04401154401154401
164 0.6346938775510205 0.24927849927849927 0.017346938775510204 0.07142857142857142
163 0.6658163265306123 0.2518037518037518 0.014285714285714287 0.06782106782106782
162 0.6992346938775511 0.2536075036075036 0.013775510204081635 0.06421356421356421
102 0.7331632653061225 0.25432900432900435 0.01326530612244898 0.06277056277056277
95 0.789030612244898 0.27380952380952384 0.015816326530612247 0.08152958152958154
26 0.06581632653061226 0.5458152958152959 0.02653061224489796 0.10606060606060606
187 0.15331632653061225 0.5613275613275613 0.015816326530612247 0.0836940836940837
133 0.16964285714285715 0.5606060606060606 0.015816326530612247 0.08513708513708514
20 0.2431122448979592 0.5097402597402597 0.011734693877551022 0.04112554112554113
165 0.27448979591836736 0.5515873015873016 0.018367346938775512 0.06421356421356421
135 0.2959183673469388 0.5476190476190477 0.009183673469387756 0.05194805194805195
20 0.30714285714285716 0.49603174603174605 0.011224489795918368 0.0367965367965368
138 0.3084183673469388 0.5443722943722944 0.011734693877551022 0.06132756132756133
167 0.33698979591836736 0.549062049062049 0.011734693877551022 0.05916305916305916
16 0.3492346938775511 0.5256132756132756 0.008673469387755102 0.04256854256854257
191 0.3619897959183674 0.5501443001443002 0.011734693877551022 0.06132756132756133
190 0.3775510204081633 0.5515873015873016 0.015306122448979593 0.06277056277056277
16 0.40943877551020413 0.5263347763347763 0.008673469387755102 0.04256854256854257
20 0.42040816326530617 0.5079365079365079 0.011224489795918368 0.03751803751803752
77 0.42219387755102045 0.5468975468975469 0.011734693877551022 0.05916305916305916
21 0.5183673469387755 0.5093795093795094 0.01326530612244898 0.025974025974025976
22 0.5459183673469388 0.5137085137085137 0.01326530612244898 0.03318903318903319
168 0.5724489795918368 0.5266955266955267 0.01938775510204082 0.09090909090909091
141 0.5936224489795919 0.5151515151515151 0.01683673469387755 0.113997113997114
170 0.6206632653061225 0.5180375180375181 0.015816326530612247 0.10678210678210678
194 0.6431122448979593 0.5183982683982684 0.01479591836734694 0.10606060606060606
193 0.6586734693877552 0.5202020202020202 0.012244897959183675 0.10101010101010101
105 0.6948979591836736 0.5472582972582972 0.012244897959183675 0.056998556998557
16 0.8548469387755103 0.5266955266955267 0.008673469387755102 0.04329004329004329
27 0.06938775510204082 0.665945165945166 0.031632653061224494 0.05916305916305916
22 0.13775510204081634 0.6681096681096681 0.01326530612244898 0.031746031746031744
159 0.17346938775510207 0.6706349206349206 0.0163265306122449 0.06421356421356421
161 0.19668367346938778 0.6645021645021645 0.013775510204081635 0.05194805194805195
163 0.2209183673469388 0.6626984126984127 0.01326530612244898 0.05411255411255411
105 0.24438775510204083 0.6673881673881674 0.01326530612244898 0.05627705627705628
100 0.30892857142857144 0.6648629148629148 0.013775510204081635 0.051226551226551224
22 0.42193877551020414 0.6684704184704184 0.01326530612244898 0.032467532467532464
162 0.44489795918367353 0.6764069264069265 0.01326530612244898 0.0772005772005772
16 0.4571428571428572 0.6572871572871573 0.009183673469387756 0.04329004329004329
164 0.4698979591836735 0.6735209235209235 0.01326530612244898 0.06998556998556998
166 0.4918367346938776 0.6702741702741702 0.017346938775510204 0.06493506493506493
108 0.5191326530612246 0.6583694083694084 0.012755102040816327 0.06421356421356421
103 0.5913265306122449 0.6717171717171717 0.01326530612244898 0.06637806637806638
22 0.6943877551020409 0.6681096681096681 0.01326530612244898 0.03318903318903319
165 0.7168367346938777 0.6655844155844156 0.01326530612244898 0.05411255411255411
167 0.7410714285714286 0.6641414141414141 0.012755102040816327 0.05266955266955267
169 0.7637755102040817 0.6583694083694084 0.0163265306122449 0.06421356421356421
111 0.791326530612245 0.6497113997113997 0.017346938775510204 0.08152958152958154
22 0.8670918367346939 0.6684704184704184 0.012755102040816327 0.032467532467532464
167 0.8897959183673471 0.6666666666666666 0.01326530612244898 0.05627705627705628
166 0.9125000000000001 0.6684704184704184 0.012755102040816327 0.06132756132756133
165 0.9336734693877552 0.6699134199134199 0.0163265306122449 0.06277056277056277
26 0.06556122448979593 0.9476911976911977 0.02602040816326531 0.10317460317460317
16 0.12755102040816327 0.9303751803751804 0.009183673469387756 0.04256854256854257
189 0.3622448979591837 0.9365079365079365 0.014285714285714287 0.0735930735930736
188 0.38545918367346943 0.9368686868686869 0.013775510204081635 0.07287157287157287
189 0.4089285714285715 0.937950937950938 0.013775510204081635 0.07215007215007214
190 0.43341836734693884 0.9368686868686869 0.01683673469387755 0.07431457431457432
189 0.4553571428571429 0.9386724386724387 0.013775510204081635 0.0707070707070707
163 0.4783163265306123 0.9411976911976911 0.013775510204081635 0.0670995670995671
187 0.5492346938775511 0.9419191919191919 0.013775510204081635 0.06277056277056277
133 0.5724489795918368 0.9419191919191919 0.01326530612244898 0.06277056277056277
20 0.6823979591836735 0.983044733044733 0.011734693877551022 0.03391053391053391
133 0.6864795918367348 0.9426406926406926 0.01683673469387755 0.06132756132756133
160 0.7369897959183674 0.9502164502164502 0.013775510204081635 0.06204906204906205
20 0.7724489795918368 0.9826839826839827 0.012244897959183675 0.03463203463203463
188 0.7760204081632653 0.9375901875901876 0.0163265306122449 0.06998556998556998
187 0.7977040816326532 0.9383116883116883 0.012755102040816327 0.07287157287157287
188 0.8209183673469389 0.9368686868686869 0.01326530612244898 0.07287157287157287
189 0.8446428571428573 0.9365079365079365 0.013775510204081635 0.07503607503607504
188 0.868622448979592 0.9375901875901876 0.015816326530612247 0.07142857142857142
187 0.8908163265306124 0.9383116883116883 0.01326530612244898 0.07287157287157287
188 0.914030612244898 0.9375901875901876 0.013775510204081635 0.07431457431457432
189 0.9375000000000001 0.9365079365079365 0.013775510204081635 0.07503607503607504
