8 0.10357142857142858 0.06854256854256854 0.04081632653061225 0.06637806637806638
12 0.0489795918367347 0.07178932178932179 0.0071428571428571435 0.049783549783549784
12 0.47193877551020413 0.07215007215007214 0.01326530612244898 0.049062049062049064
12 0.9515306122448981 0.07178932178932179 0.009183673469387756 0.048340548340548344
8 0.10357142857142858 0.18506493506493507 0.03877551020408164 0.06132756132756133
12 0.0489795918367347 0.1911976911976912 0.0071428571428571435 0.049062049062049064
12 0.47193877551020413 0.1919191919191919 0.012244897959183675 0.049062049062049064
12 0.9510204081632654 0.19155844155844157 0.011224489795918368 0.048340548340548344
12 0.9515306122448981 0.4852092352092352 0.00816326530612245 0.049783549783549784
12 0.048469387755102046 0.4852092352092352 0.0071428571428571435 0.048340548340548344
12 0.5198979591836735 0.48593073593073594 0.011224489795918368 0.046897546897546896
8 0.10382653061224491 0.4953102453102453 0.03928571428571429 0.06277056277056277
8 0.10408163265306124 0.5927128427128427 0.03877551020408164 0.06132756132756133
12 0.04872448979591837 0.6046176046176046 0.007653061224489797 0.050505050505050504
12 0.5201530612244898 0.6038961038961039 0.010714285714285714 0.049062049062049064
12 0.9515306122448981 0.6046176046176046 0.009183673469387756 0.049062049062049064
8 0.10357142857142858 0.7489177489177489 0.04081632653061225 0.06637806637806638
12 0.04872448979591837 0.7525252525252525 0.007653061224489797 0.049062049062049064
12 0.5193877551020408 0.7521645021645021 0.01326530612244898 0.048340548340548344
12 0.9510204081632654 0.7525252525252525 0.010204081632653062 0.049062049062049064
8 0.10357142857142858 0.8661616161616161 0.039795918367346944 0.06132756132756133
12 0.04872448979591837 0.8726551226551227 0.00663265306122449 0.049783549783549784
12 0.5193877551020408 0.8715728715728716 0.011224489795918368 0.047619047619047616
12 0.950765306122449 0.8726551226551227 0.010714285714285714 0.048340548340548344
34 0.06709183673469388 0.06637806637806638 0.027040816326530614 0.06349206349206349
18 0.29617346938775513 0.06277056277056277 0.01683673469387755 0.01443001443001443
18 0.7002551020408164 0.06204906204906205 0.015816326530612247 0.012987012987012988
27 0.06607142857142857 0.1919191919191919 0.027040816326530614 0.05339105339105339
135 0.1479591836734694 0.19877344877344877 0.012244897959183675 0.0670995670995671
134 0.18801020408163266 0.1976911976911977 0.013775510204081635 0.06493506493506493
135 0.22806122448979593 0.1984126984126984 0.01326530612244898 0.06493506493506493
136 0.26607142857142857 0.1976911976911977 0.01785714285714286 0.06493506493506493
78 0.30969387755102046 0.1911976911976912 0.014285714285714287 0.05194805194805195
137 0.4936224489795919 0.19155844155844157 0.012755102040816327 0.051226551226551224
138 0.5341836734693878 0.19047619047619047 0.01326530612244898 0.06060606060606061
137 0.5744897959183674 0.1937229437229437 0.01326530612244898 0.05555555555555555
136 0.6114795918367347 0.1937229437229437 0.01785714285714286 0.056998556998557
191 0.6556122448979592 0.20274170274170275 0.012244897959183675 0.07215007215007214
15 0.6755102040816328 0.18542568542568544 0.010204081632653062 0.03751803751803752
190 0.6885204081632653 0.20238095238095238 0.012755102040816327 0.07142857142857142
191 0.7086734693877552 0.20202020202020202 0.01326530612244898 0.07215007215007214
190 0.7278061224489797 0.20165945165945165 0.01683673469387755 0.07142857142857142
191 0.7494897959183674 0.1984126984126984 0.017346938775510204 0.06493506493506493
190 0.7683673469387756 0.1984126984126984 0.014285714285714287 0.06493506493506493
191 0.7895408163265307 0.19913419913419914 0.01785714285714286 0.06493506493506493
190 0.8068877551020409 0.1984126984126984 0.01683673469387755 0.06349206349206349
191 0.8262755102040817 0.20202020202020202 0.012755102040816327 0.07215007215007214
190 0.8464285714285715 0.20202020202020202 0.01326530612244898 0.07215007215007214
191 0.8660714285714286 0.2012987012987013 0.012755102040816327 0.07215007215007214
190 0.8841836734693879 0.20202020202020202 0.015306122448979593 0.07215007215007214
164 0.9056122448979592 0.20202020202020202 0.01326530612244898 0.07215007215007214
165 0.9295918367346939 0.20093795093795094 0.0163265306122449 0.07142857142857142
33 0.0663265306122449 0.49783549783549785 0.02448979591836735 0.07647907647907648
106 0.14719387755102042 0.4852092352092352 0.012755102040816327 0.051226551226551224
138 0.20994897959183675 0.481962481962482 0.012755102040816327 0.05772005772005772
139 0.23877551020408166 0.4787157287157287 0.0163265306122449 0.06277056277056277
109 0.2724489795918368 0.47619047619047616 0.01326530612244898 0.06926406926406926
105 0.41250000000000003 0.48773448773448774 0.012755102040816327 0.05627705627705628
136 0.5377551020408163 0.48737373737373735 0.01326530612244898 0.056998556998557
15 0.5632653061224491 0.4790764790764791 0.012244897959183675 0.03896103896103896
135 0.575765306122449 0.48665223665223667 0.012755102040816327 0.05555555555555555
15 0.6012755102040817 0.4725829725829726 0.011734693877551022 0.03896103896103896
136 0.614030612244898 0.48593073593073594 0.011734693877551022 0.05555555555555555
137 0.6428571428571429 0.4852092352092352 0.0163265306122449 0.05411255411255411
107 0.6760204081632654 0.481962481962482 0.012244897959183675 0.05772005772005772
103 0.8295918367346939 0.49242424242424243 0.01326530612244898 0.0670995670995671
28 0.06683673469387756 0.6053391053391053 0.02755102040816327 0.05194805194805195
80 0.1479591836734694 0.5995670995670995 0.01326530612244898 0.06349206349206349
139 0.2721938775510204 0.5988455988455988 0.012755102040816327 0.06349206349206349
139 0.34234693877551026 0.5992063492063492 0.012244897959183675 0.06277056277056277
138 0.41224489795918373 0.6017316017316018 0.012244897959183675 0.05772005772005772
137 0.4803571428571429 0.6042568542568543 0.01683673469387755 0.051226551226551224
79 0.5377551020408163 0.6017316017316018 0.01326530612244898 0.05772005772005772
138 0.675765306122449 0.6017316017316018 0.012755102040816327 0.05772005772005772
137 0.7584183673469388 0.604978354978355 0.012755102040816327 0.051226551226551224
136 0.8290816326530613 0.604978354978355 0.012244897959183675 0.05266955266955267
135 0.9096938775510205 0.6071428571428571 0.0163265306122449 0.056998556998557
34 0.06709183673469388 0.7471139971139971 0.02602040816326531 0.06421356421356421
18 0.3198979591836735 0.7438672438672439 0.0163265306122449 0.012987012987012988
18 0.7354591836734694 0.7431457431457431 0.015816326530612247 0.012987012987012988
27 0.06607142857142857 0.873015873015873 0.02602040816326531 0.05339105339105339
136 0.1479591836734694 0.8733766233766234 0.01326530612244898 0.05266955266955267
137 0.17933673469387756 0.8737373737373737 0.012755102040816327 0.05339105339105339
136 0.21020408163265308 0.8744588744588745 0.012244897959183675 0.05627705627705628
135 0.239030612244898 0.8751803751803752 0.01683673469387755 0.05627705627705628
190 0.2721938775510204 0.8827561327561327 0.012755102040816327 0.07287157287157287
189 0.2900510204081633 0.8831168831168831 0.012755102040816327 0.07215007215007214
190 0.30714285714285716 0.8823953823953824 0.012244897959183675 0.0735930735930736
189 0.3234693877551021 0.8823953823953824 0.015306122448979593 0.07215007215007214
190 0.3420918367346939 0.8820346320346321 0.012755102040816327 0.07287157287157287
189 0.35969387755102045 0.8827561327561327 0.012244897959183675 0.07142857142857142
190 0.37704081632653064 0.8823953823953824 0.012244897959183675 0.07215007215007214
189 0.39336734693877556 0.8827561327561327 0.015306122448979593 0.07287157287157287
190 0.4119897959183674 0.8845598845598845 0.012755102040816327 0.07647907647907648
189 0.4295918367346939 0.8849206349206349 0.01326530612244898 0.07575757575757576
190 0.44719387755102047 0.8838383838383839 0.012755102040816327 0.07647907647907648
189 0.46352040816326534 0.8841991341991342 0.01479591836734694 0.07575757575757576
163 0.48188775510204085 0.8841991341991342 0.012755102040816327 0.07575757575757576
164 0.501530612244898 0.8841991341991342 0.015306122448979593 0.07575757575757576
104 0.5377551020408163 0.8780663780663781 0.012244897959183675 0.06349206349206349
134 0.6165816326530613 0.8650793650793651 0.01683673469387755 0.06493506493506493
133 0.6454081632653061 0.8661616161616161 0.01326530612244898 0.06421356421356421
188 0.678061224489796 0.8654401154401155 0.015306122448979593 0.06277056277056277
15 0.6943877551020409 0.8845598845598845 0.010204081632653062 0.03751803751803752
187 0.7071428571428572 0.8658008658008658 0.012244897959183675 0.06349206349206349
188 0.7250000000000001 0.8658008658008658 0.012244897959183675 0.06204906204906205
187 0.7420918367346939 0.8658008658008658 0.012755102040816327 0.06493506493506493
188 0.7609693877551021 0.8658008658008658 0.01479591836734694 0.06349206349206349
187 0.7775510204081634 0.8661616161616161 0.012244897959183675 0.06421356421356421
188 0.7948979591836736 0.8661616161616161 0.012244897959183675 0.06277056277056277
187 0.8122448979591838 0.8654401154401155 0.012244897959183675 0.06421356421356421
188 0.8308673469387756 0.8654401154401155 0.01479591836734694 0.06277056277056277
187 0.8471938775510205 0.8658008658008658 0.011734693877551022 0.06349206349206349
188 0.8650510204081634 0.8658008658008658 0.011734693877551022 0.06204906204906205
187 0.8823979591836736 0.8658008658008658 0.011734693877551022 0.06349206349206349
15 0.8994897959183674 0.8903318903318903 0.010204081632653062 0.03751803751803752
161 0.9130102040816327 0.8661616161616161 0.012755102040816327 0.06421356421356421
162 0.9339285714285716 0.8661616161616161 0.012755102040816327 0.06421356421356421
