11 0.9474489795918368 0.11507936507936507 0.01326530612244898 0.048340548340548344
12 0.048214285714285716 0.11652236652236653 0.00663265306122449 0.048340548340548344
12 0.5081632653061225 0.11616161616161616 0.009183673469387756 0.047619047619047616
11 0.9469387755102041 0.2287157287157287 0.01326530612244898 0.049062049062049064
12 0.5084183673469388 0.2287157287157287 0.00969387755102041 0.047619047619047616
12 0.048214285714285716 0.22907647907647907 0.00663265306122449 0.046897546897546896
11 0.9474489795918368 0.3643578643578644 0.014285714285714287 0.049062049062049064
12 0.048469387755102046 0.36507936507936506 0.0071428571428571435 0.049062049062049064
12 0.5081632653061225 0.36507936507936506 0.009183673469387756 0.047619047619047616
11 0.9469387755102041 0.47763347763347763 0.01326530612244898 0.049062049062049064
12 0.5084183673469388 0.47799422799422797 0.00969387755102041 0.048340548340548344
12 0.048214285714285716 0.4787157287157287 0.00663265306122449 0.046897546897546896
2 0.09566326530612246 0.61002886002886 0.01683673469387755 0.05988455988455989
11 0.9474489795918368 0.6132756132756133 0.014285714285714287 0.049062049062049064
12 0.048469387755102046 0.613997113997114 0.0071428571428571435 0.047619047619047616
12 0.5081632653061225 0.613997113997114 0.009183673469387756 0.047619047619047616
2 0.0951530612244898 0.7236652236652237 0.01683673469387755 0.06060606060606061
11 0.9469387755102041 0.726911976911977 0.01326530612244898 0.049783549783549784
12 0.5081632653061225 0.7265512265512265 0.00816326530612245 0.047619047619047616
12 0.048214285714285716 0.7272727272727273 0.00663265306122449 0.046176046176046176
2 0.09540816326530613 0.8589466089466089 0.017346938775510204 0.06132756132756133
11 0.9471938775510205 0.8621933621933622 0.013775510204081635 0.049062049062049064
12 0.047959183673469394 0.8636363636363636 0.0071428571428571435 0.047619047619047616
12 0.5081632653061225 0.862914862914863 0.00816326530612245 0.046176046176046176
26 0.06581632653061226 0.11544011544011544 0.025510204081632654 0.10533910533910534
52 0.1278061224489796 0.11544011544011544 0.01785714285714286 0.050505050505050504
52 0.5637755102040817 0.11616161616161616 0.017346938775510204 0.05194805194805195
26 0.06607142857142857 0.22943722943722944 0.02602040816326531 0.10533910533910534
48 0.1278061224489796 0.2287157287157287 0.015816326530612247 0.05194805194805195
48 0.564030612244898 0.22835497835497837 0.015816326530612247 0.05266955266955267
26 0.06581632653061226 0.36507936507936506 0.025510204081632654 0.1038961038961039
16 0.09158163265306123 0.3582251082251082 0.010714285714285714 0.04401154401154401
51 0.12755102040816327 0.36544011544011545 0.017346938775510204 0.051226551226551224
51 0.5637755102040817 0.36544011544011545 0.0163265306122449 0.05266955266955267
26 0.06581632653061226 0.4787157287157287 0.025510204081632654 0.10461760461760462
16 0.09132653061224491 0.47113997113997114 0.010204081632653062 0.04329004329004329
48 0.1278061224489796 0.47763347763347763 0.015816326530612247 0.05194805194805195
48 0.564030612244898 0.47763347763347763 0.015816326530612247 0.05194805194805195
27 0.06938775510204082 0.6154401154401155 0.031632653061224494 0.05772005772005772
52 0.1278061224489796 0.613997113997114 0.01785714285714286 0.050505050505050504
52 0.5637755102040817 0.6143578643578643 0.017346938775510204 0.051226551226551224
27 0.0691326530612245 0.7287157287157288 0.03214285714285715 0.05916305916305916
27 0.0691326530612245 0.8647186147186147 0.03214285714285715 0.05844155844155844
39 0.1278061224489796 0.8878066378066378 0.021938775510204084 0.10028860028860029
39 0.5645408163265306 0.8856421356421357 0.021938775510204084 0.10028860028860029
