1 0.09770408163265307 0.09776334776334776 0.030102040816326534 0.06132756132756133
12 0.047704081632653064 0.11652236652236653 0.007653061224489797 0.051226551226551224
12 0.9512755102040817 0.11616161616161616 0.00969387755102041 0.049062049062049064
14 0.5594387755102042 0.11038961038961038 0.00663265306122449 0.0101010101010101
14 0.14948979591836736 0.12157287157287157 0.006122448979591837 0.00937950937950938
1 0.09821428571428573 0.44336219336219335 0.030102040816326534 0.05988455988455989
12 0.9512755102040817 0.461038961038961 0.008673469387755102 0.047619047619047616
12 0.047704081632653064 0.4624819624819625 0.007653061224489797 0.049062049062049064
1 0.09770408163265307 0.7961760461760462 0.03112244897959184 0.05988455988455989
12 0.047959183673469394 0.8077200577200577 0.009183673469387756 0.049783549783549784
12 0.9515306122448981 0.8073593073593074 0.00816326530612245 0.047619047619047616
26 0.0653061224489796 0.11471861471861472 0.02448979591836735 0.09090909090909091
102 0.13954081632653062 0.11038961038961038 0.013775510204081635 0.06349206349206349
16 0.5357142857142858 0.10930735930735931 0.009183673469387756 0.03391053391053391
103 0.5484693877551021 0.12337662337662338 0.01326530612244898 0.06637806637806638
26 0.0653061224489796 0.45995670995670995 0.02448979591836735 0.09163059163059163
20 0.13673469387755102 0.4603174603174603 0.011224489795918368 0.03751803751803752
21 0.41224489795918373 0.46176046176046176 0.011224489795918368 0.024531024531024532
16 0.5357142857142858 0.4963924963924964 0.009183673469387756 0.03318903318903319
96 0.5494897959183674 0.4722222222222222 0.015306122448979593 0.0772005772005772
17 0.8073979591836735 0.4736652236652237 0.008673469387755102 0.03968253968253968
132 0.8229591836734694 0.45851370851370854 0.018367346938775512 0.056998556998557
28 0.06556122448979593 0.8073593073593074 0.02602040816326531 0.050505050505050504
17 0.12653061224489798 0.7839105339105339 0.00816326530612245 0.03968253968253968
138 0.13852040816326533 0.8062770562770563 0.012755102040816327 0.06132756132756133
17 0.26301020408163267 0.8253968253968254 0.007653061224489797 0.03751803751803752
131 0.27346938775510204 0.8196248196248196 0.014285714285714287 0.07792207792207792
138 0.4130102040816327 0.8051948051948052 0.012755102040816327 0.06204906204906205
106 0.5477040816326532 0.8102453102453102 0.013775510204081635 0.06204906204906205
138 0.6836734693877552 0.8116883116883117 0.01326530612244898 0.07792207792207792
131 0.8165816326530613 0.8167388167388168 0.01683673469387755 0.0808080808080808
