14 0.7558563248308172 0.08652430044182621 0.006246746486205101 0.009572901325478646
12 0.048672566371681415 0.1174521354933726 0.007808433107756377 0.04933726067746686
12 0.4716293597084852 0.1170839469808542 0.009370119729307652 0.048600883652430045
12 0.6605934409161894 0.1174521354933726 0.008328995314940135 0.04933726067746686
12 0.27850078084331076 0.11818851251840942 0.008328995314940135 0.04933726067746686
12 0.8401874023945861 0.1174521354933726 0.008328995314940135 0.04786450662739322
12 0.9510671525247267 0.11782032400589101 0.009370119729307652 0.048600883652430045
14 0.9167100468505986 0.11156111929307805 0.007287870900572618 0.011045655375552282
14 0.8768870380010411 0.12371134020618557 0.007808433107756377 0.010309278350515464
12 0.6605934409161894 0.2507363770250368 0.009370119729307652 0.0508100147275405
12 0.048412285268089536 0.2507363770250368 0.008328995314940135 0.04933726067746686
12 0.8401874023945861 0.2507363770250368 0.009370119729307652 0.04933726067746686
12 0.9508068714211348 0.2507363770250368 0.00989068193649141 0.04933726067746686
12 0.27850078084331076 0.25257731958762886 0.008328995314940135 0.048600883652430045
12 0.4716293597084852 0.25147275405007363 0.008328995314940135 0.04639175257731959
14 0.3107756376887038 0.24521354933726067 0.007287870900572618 0.011782032400589101
14 0.13378448724622594 0.24558173784977907 0.006246746486205101 0.011045655375552282
14 0.49895887558563246 0.24521354933726067 0.00676730869338886 0.010309278350515464
14 0.877147319104633 0.25662739322533135 0.007287870900572618 0.012518409425625921
14 0.7558563248308172 0.25662739322533135 0.007287870900572618 0.011045655375552282
14 0.9169703279541905 0.25699558173784975 0.007808433107756377 0.011782032400589101
14 0.877147319104633 0.33431516936671574 0.006246746486205101 0.010309278350515464
14 0.9169703279541905 0.33505154639175255 0.00676730869338886 0.011782032400589101
14 0.1978136387298282 0.3475699558173785 0.007287870900572618 0.011782032400589101
14 0.49895887558563246 0.3475699558173785 0.007808433107756377 0.011782032400589101
12 0.6605934409161894 0.38917525773195877 0.008328995314940135 0.0508100147275405
12 0.840447683498178 0.38880706921944036 0.008849557522123894 0.050073637702503684
12 0.048412285268089536 0.38917525773195877 0.008328995314940135 0.04933726067746686
12 0.27850078084331076 0.38880706921944036 0.008328995314940135 0.048600883652430045
12 0.4716293597084852 0.38880706921944036 0.008328995314940135 0.048600883652430045
12 0.9510671525247267 0.3899116347569956 0.009370119729307652 0.04933726067746686
14 0.1340447683498178 0.3715022091310751 0.00676730869338886 0.011045655375552282
14 0.5900572618427902 0.7658321060382915 0.00676730869338886 0.010309278350515464
14 0.4937532535137949 0.7897643593519882 0.00676730869338886 0.009572901325478646
11 0.8992712129099427 0.8199558173784978 0.015096304008328995 0.0508100147275405
12 0.41046330036439355 0.8206921944035346 0.008849557522123894 0.0508100147275405
12 0.048672566371681415 0.8206921944035346 0.007808433107756377 0.04933726067746686
12 0.5497136907860489 0.8206921944035346 0.008328995314940135 0.04933726067746686
12 0.6879229567933368 0.8206921944035346 0.007808433107756377 0.04933726067746686
12 0.9513274336283186 0.8203240058910162 0.00989068193649141 0.048600883652430045
12 0.8183237896928683 0.8221649484536082 0.008328995314940135 0.04786450662739322
12 0.2665278500780843 0.8225331369661266 0.008328995314940135 0.047128129602356406
14 0.8435710567412805 0.8140648011782032 0.00676730869338886 0.011045655375552282
14 0.29099427381572096 0.8144329896907216 0.007287870900572618 0.010309278350515464
11 0.8992712129099427 0.953240058910162 0.015096304008328995 0.0508100147275405
12 0.048672566371681415 0.953240058910162 0.008849557522123894 0.04933726067746686
12 0.26600728787090056 0.9583946980854198 0.009370119729307652 0.05964653902798232
12 0.41020301926080166 0.9539764359351988 0.008328995314940135 0.0508100147275405
12 0.9508068714211348 0.9536082474226804 0.00989068193649141 0.050073637702503684
12 0.5499739718896408 0.9539764359351988 0.008849557522123894 0.04933726067746686
12 0.6876626756897449 0.9539764359351988 0.008328995314940135 0.04933726067746686
12 0.8180635085892765 0.9539764359351988 0.008849557522123894 0.04933726067746686
14 0.1340447683498178 0.959499263622975 0.007808433107756377 0.011782032400589101
14 0.493492972410203 0.959499263622975 0.006246746486205101 0.010309278350515464
14 0.5903175429463821 0.9712812960235641 0.007287870900572618 0.010309278350515464
14 0.6262363352420615 0.9712812960235641 0.007287870900572618 0.010309278350515464
14 0.8438313378448724 0.9716494845360825 0.007287870900572618 0.011045655375552282
26 0.06741280583029671 0.11487481590574374 0.025507548152004164 0.09425625920471281
15 0.09083810515356586 0.09315169366715759 0.011972930765226444 0.0390279823269514
139 0.12181155648099948 0.11119293078055964 0.01353461738677772 0.06480117820324005
139 0.1413326392503904 0.11229749631811488 0.01717855283706403 0.06406480117820323
136 0.16371681415929204 0.12039764359351988 0.013014055179593961 0.05670103092783505
106 0.18584070796460178 0.11782032400589101 0.012493492972410203 0.05154639175257732
135 0.21759500260281103 0.12371134020618557 0.012493492972410203 0.06332842415316642
17 0.28735033836543467 0.0938880706921944 0.008328995314940135 0.04050073637702504
138 0.2988027069234773 0.11524300441826214 0.012493492972410203 0.05964653902798232
138 0.3185840707964602 0.11487481590574374 0.01665799062988027 0.05891016200294551
137 0.3427902134305049 0.1174521354933726 0.013014055179593961 0.05228276877761414
140 0.3695991671004685 0.11008836524300442 0.014575741801145237 0.07290132547864507
135 0.3896408120770432 0.11855670103092783 0.013014055179593961 0.054491899852724596
136 0.41020301926080166 0.11892488954344624 0.015616866215512754 0.05522827687776141
137 0.4872462259239979 0.1174521354933726 0.01353461738677772 0.05228276877761414
17 0.5013014055179594 0.09315169366715759 0.009370119729307652 0.0390279823269514
138 0.5111920874544508 0.11524300441826214 0.015616866215512754 0.05817378497790869
139 0.5348776678813119 0.11192930780559646 0.013014055179593961 0.06480117820324005
136 0.5533576262363352 0.11929307805596465 0.015616866215512754 0.054491899852724596
21 0.5791254554919313 0.11855670103092783 0.011972930765226444 0.026509572901325478
132 0.6046330036439355 0.11487481590574374 0.02030192608016658 0.05743740795287187
137 0.6762103071317023 0.11782032400589101 0.012493492972410203 0.053019145802650956
137 0.6959916710046851 0.11782032400589101 0.01665799062988027 0.05154639175257732
137 0.7199375325351379 0.1174521354933726 0.012493492972410203 0.05228276877761414
139 0.7441436751691827 0.11229749631811488 0.013014055179593961 0.06553755522827688
17 0.764966163456533 0.09315169366715759 0.008849557522123894 0.0390279823269514
168 0.7732951587714731 0.11524300441826214 0.018219677251431546 0.05670103092783505
137 0.7915148360229047 0.1174521354933726 0.015096304008328995 0.05228276877761414
102 0.8662155127537741 0.1130338733431517 0.012493492972410203 0.0625920471281296
15 0.8914627798021864 0.11192930780559646 0.011972930765226444 0.039764359351988215
104 0.9049973971889641 0.12371134020618557 0.013014055179593961 0.06480117820324005
26 0.06715252472670484 0.24779086892488955 0.026028110359187923 0.093519882179676
15 0.09057782404997397 0.2264359351988218 0.012493492972410203 0.04050073637702504
103 0.12207183758459136 0.2588365243004418 0.013014055179593961 0.06848306332842415
104 0.1855804268610099 0.25699558173784975 0.013014055179593961 0.06480117820324005
135 0.21785528370640292 0.25662739322533135 0.013014055179593961 0.06406480117820323
104 0.2988027069234773 0.25699558173784975 0.01353461738677772 0.06480117820324005
135 0.36881832378969287 0.25662739322533135 0.013014055179593961 0.06406480117820323
104 0.3899010931806351 0.25736377025036816 0.012493492972410203 0.06553755522827688
104 0.486985944820406 0.25699558173784975 0.014055179593961478 0.06480117820324005
134 0.5549193128578865 0.2588365243004418 0.012493492972410203 0.06848306332842415
21 0.5791254554919313 0.25184094256259204 0.011972930765226444 0.026509572901325478
21 0.6002082248828735 0.25147275405007363 0.012493492972410203 0.02577319587628866
132 0.6782925559604372 0.24889543446244478 0.01665799062988027 0.054491899852724596
132 0.6983342009370119 0.2496318114874816 0.013014055179593961 0.054491899852724596
132 0.724102030192608 0.24815905743740796 0.01978136387298282 0.05743740795287187
101 0.7449245184799583 0.24779086892488955 0.012493492972410203 0.05817378497790869
102 0.8656949505465903 0.24521354933726067 0.01353461738677772 0.06480117820324005
102 0.905257678292556 0.24521354933726067 0.01353461738677772 0.06332842415316642
27 0.06663196251952108 0.3895434462444772 0.02706923477355544 0.053019145802650956
15 0.09083810515356586 0.37812960235640647 0.013014055179593961 0.04050073637702504
106 0.12207183758459136 0.3899116347569956 0.014055179593961478 0.05228276877761414
109 0.18584070796460178 0.3807069219440353 0.014575741801145237 0.07069219440353461
34 0.2618427902134305 0.3865979381443299 0.020822488287350338 0.05743740795287187
110 0.2988027069234773 0.37739322533136965 0.014575741801145237 0.07731958762886598
140 0.3433107756376887 0.3807069219440353 0.014055179593961478 0.07069219440353461
17 0.35736595523165016 0.3593519882179676 0.008849557522123894 0.041237113402061855
108 0.36881832378969287 0.3832842415316642 0.013014055179593961 0.06406480117820323
15 0.39823008849557523 0.3589837997054492 0.011452368558042686 0.0390279823269514
139 0.4117647058823529 0.384020618556701 0.01353461738677772 0.06406480117820323
109 0.4872462259239979 0.38107511045655373 0.015616866215512754 0.07142857142857142
133 0.5590838105153566 0.384020618556701 0.020822488287350338 0.06406480117820323
21 0.5791254554919313 0.390279823269514 0.011972930765226444 0.025036818851251842
21 0.6004685059864654 0.390279823269514 0.011972930765226444 0.025036818851251842
27 0.642373763664758 0.3899116347569956 0.020822488287350338 0.0508100147275405
140 0.6764705882352942 0.38107511045655373 0.015096304008328995 0.06995581737849779
140 0.6967725143154607 0.38107511045655373 0.018219677251431546 0.06995581737849779
140 0.7204580947423217 0.38107511045655373 0.015616866215512754 0.06995581737849779
108 0.7441436751691827 0.3836524300441826 0.013014055179593961 0.06480117820324005
140 0.7938573659552316 0.38107511045655373 0.014575741801145237 0.06995581737849779
17 0.8537220197813639 0.33505154639175255 0.008328995314940135 0.039764359351988215
112 0.8654346694429984 0.37260677466863035 0.015096304008328995 0.0898379970544919
111 0.9055179593961479 0.3751840942562592 0.016137428422696512 0.08321060382916053
26 0.06715252472670484 0.8177466863033873 0.024986985944820406 0.093519882179676
15 0.09057782404997397 0.7963917525773195 0.012493492972410203 0.0390279823269514
136 0.12207183758459136 0.821060382916053 0.013014055179593961 0.054491899852724596
137 0.13977095262883915 0.8203240058910162 0.013014055179593961 0.053019145802650956
17 0.15174388339406558 0.7960235640648011 0.008849557522123894 0.039764359351988215
138 0.16111400312337323 0.8173784977908689 0.016137428422696512 0.05891016200294551
103 0.19208745445080688 0.8287923416789396 0.012493492972410203 0.06701030927835051
132 0.222019781363873 0.8173784977908689 0.02030192608016658 0.05743740795287187
135 0.2795419052576783 0.8276877761413843 0.012493492972410203 0.0662739322533137
166 0.2990629880270692 0.8265832106038291 0.018219677251431546 0.06553755522827688
137 0.31650182196772514 0.8199558173784978 0.012493492972410203 0.0508100147275405
105 0.338365434669443 0.822901325478645 0.012493492972410203 0.05817378497790869
132 0.36673607496095784 0.8173784977908689 0.02030192608016658 0.05743740795287187
137 0.4242581988547631 0.8206921944035346 0.012493492972410203 0.05228276877761414
137 0.4406559083810515 0.8206921944035346 0.016137428422696512 0.05228276877761414
137 0.46017699115044247 0.8206921944035346 0.01353461738677772 0.05228276877761414
139 0.4820406038521603 0.81480117820324 0.01353461738677772 0.06406480117820323
17 0.5028630921395106 0.7956553755522827 0.009370119729307652 0.04050073637702504
168 0.510671525247267 0.8166421207658321 0.018740239458615304 0.05891016200294551
137 0.5273295158771473 0.8203240058910162 0.015616866215512754 0.053019145802650956
142 0.5786048932847475 0.8055964653902798 0.014055179593961478 0.08394698085419734
104 0.6142634044768349 0.8262150220913107 0.012493492972410203 0.06480117820324005
136 0.6389901093180635 0.8236377025036818 0.013014055179593961 0.05817378497790869
137 0.7014575741801146 0.8203240058910162 0.013014055179593961 0.053019145802650956
17 0.713430504945341 0.7960235640648011 0.008849557522123894 0.03829160530191458
138 0.7230609057782404 0.8177466863033873 0.01665799062988027 0.05817378497790869
137 0.7428422696512234 0.8203240058910162 0.012493492972410203 0.05154639175257732
136 0.7623633524206143 0.8269513991163475 0.013014055179593961 0.06480117820324005
133 0.7774596564289432 0.8265832106038291 0.013014055179593961 0.06406480117820323
134 0.7946382092660073 0.8265832106038291 0.016137428422696512 0.06406480117820323
104 0.8321186881832379 0.8262150220913107 0.013014055179593961 0.06332842415316642
20 0.8591879229567934 0.8184830633284241 0.010931806350858927 0.04050073637702504
21 0.8828735033836543 0.8214285714285714 0.012493492972410203 0.02577319587628866
26 0.06715252472670484 0.9499263622974963 0.026028110359187923 0.09425625920471281
15 0.09057782404997397 0.928939617083947 0.012493492972410203 0.04050073637702504
102 0.12233211868818324 0.9484536082474226 0.01353461738677772 0.06480117820324005
98 0.19208745445080688 0.9602356406480118 0.014575741801145237 0.0662739322533137
132 0.22228006246746485 0.9502945508100147 0.020822488287350338 0.05670103092783505
101 0.2805830296720458 0.9510309278350515 0.014575741801145237 0.05817378497790869
131 0.3209266007287871 0.9536082474226804 0.021343050494534097 0.05154639175257732
101 0.3394065590838105 0.9506627393225331 0.01353461738677772 0.05891016200294551
132 0.3669963560645497 0.9510309278350515 0.020822488287350338 0.05817378497790869
132 0.42608016657990627 0.9521354933726067 0.016137428422696512 0.054491899852724596
132 0.44273815720978654 0.9525036818851251 0.013014055179593961 0.05522827687776141
132 0.46408120770432065 0.9510309278350515 0.02030192608016658 0.05817378497790869
101 0.48282144716293596 0.9506627393225331 0.013014055179593961 0.05891016200294551
17 0.5666319625195211 0.9716494845360825 0.00989068193649141 0.0390279823269514
100 0.5796460176991151 0.9539764359351988 0.013014055179593961 0.05375552282768777
15 0.601249349297241 0.9720176730486009 0.011452368558042686 0.03829160530191458
100 0.6150442477876106 0.9539764359351988 0.013014055179593961 0.05228276877761414
132 0.7035398230088495 0.9521354933726067 0.016137428422696512 0.05596465390279823
133 0.7251431546069755 0.9517673048600883 0.012493492972410203 0.05817378497790869
132 0.7470067673086934 0.9506627393225331 0.01978136387298282 0.05743740795287187
100 0.7634044768349818 0.9539764359351988 0.013014055179593961 0.05228276877761414
17 0.7842269651223321 0.9712812960235641 0.008849557522123894 0.03829160530191458
131 0.8006246746486205 0.9543446244477172 0.020822488287350338 0.053019145802650956
99 0.8331598125976054 0.956921944035346 0.014055179593961478 0.05964653902798232
20 0.8589276418532015 0.9513991163475699 0.011452368558042686 0.039764359351988215
21 0.8831337844872462 0.9547128129602356 0.013014055179593961 0.027245949926362298
