12 0.8068877551020409 0.11507936507936507 0.008673469387755102 0.049783549783549784
12 0.048214285714285716 0.11507936507936507 0.007653061224489797 0.048340548340548344
12 0.20127551020408166 0.11471861471861472 0.007653061224489797 0.047619047619047616
12 0.6627551020408163 0.11507936507936507 0.00816326530612245 0.048340548340548344
12 0.9517857142857143 0.11544011544011544 0.008673469387755102 0.049062049062049064
12 0.35025510204081634 0.11544011544011544 0.008673469387755102 0.047619047619047616
12 0.5025510204081634 0.11544011544011544 0.00816326530612245 0.047619047619047616
14 0.6910714285714287 0.1323953823953824 0.008673469387755102 0.010822510822510822
12 0.5028061224489796 0.237012987012987 0.008673469387755102 0.049783549783549784
12 0.6625000000000001 0.237012987012987 0.007653061224489797 0.049783549783549784
12 0.8068877551020409 0.23665223665223664 0.008673469387755102 0.049062049062049064
12 0.047959183673469394 0.237012987012987 0.00816326530612245 0.048340548340548344
12 0.20127551020408166 0.23665223665223664 0.007653061224489797 0.047619047619047616
12 0.35025510204081634 0.23773448773448774 0.007653061224489797 0.049783549783549784
12 0.9512755102040817 0.237012987012987 0.008673469387755102 0.048340548340548344
14 0.8438775510204083 0.2196969696969697 0.00816326530612245 0.012265512265512266
12 0.6627551020408163 0.35858585858585856 0.00816326530612245 0.049062049062049064
12 0.35000000000000003 0.3593073593073593 0.00816326530612245 0.049062049062049064
12 0.502295918367347 0.3593073593073593 0.008673469387755102 0.049062049062049064
12 0.8071428571428572 0.35894660894660896 0.009183673469387756 0.048340548340548344
12 0.047959183673469394 0.35894660894660896 0.00816326530612245 0.046897546897546896
12 0.20127551020408166 0.3593073593073593 0.008673469387755102 0.047619047619047616
12 0.9510204081632654 0.3596681096681097 0.009183673469387756 0.048340548340548344
14 0.7346938775510204 0.35353535353535354 0.00816326530612245 0.011544011544011544
14 0.37806122448979596 0.44083694083694086 0.009183673469387756 0.012987012987012988
12 0.5025510204081634 0.48088023088023085 0.00816326530612245 0.048340548340548344
12 0.6627551020408163 0.48088023088023085 0.00816326530612245 0.048340548340548344
12 0.8068877551020409 0.48088023088023085 0.008673469387755102 0.048340548340548344
12 0.9512755102040817 0.4816017316017316 0.008673469387755102 0.049783549783549784
12 0.201530612244898 0.48088023088023085 0.00816326530612245 0.046897546897546896
12 0.35000000000000003 0.48124098124098125 0.00816326530612245 0.047619047619047616
12 0.048214285714285716 0.4816017316017316 0.007653061224489797 0.046897546897546896
14 0.7364795918367347 0.48737373737373735 0.007653061224489797 0.00937950937950938
14 0.5479591836734694 0.7727272727272727 0.00816326530612245 0.0101010101010101
14 0.8165816326530613 0.7734487734487735 0.007653061224489797 0.0101010101010101
12 0.43086734693877554 0.8033910533910534 0.008673469387755102 0.049783549783549784
12 0.9515306122448981 0.8026695526695526 0.00816326530612245 0.048340548340548344
12 0.048214285714285716 0.8033910533910534 0.007653061224489797 0.048340548340548344
12 0.2540816326530613 0.8026695526695526 0.0071428571428571435 0.046897546897546896
12 0.6005102040816327 0.8033910533910534 0.00816326530612245 0.048340548340548344
12 0.7880102040816327 0.8033910533910534 0.008673469387755102 0.048340548340548344
14 0.11607142857142858 0.8207070707070707 0.007653061224489797 0.010822510822510822
12 0.43086734693877554 0.924963924963925 0.007653061224489797 0.050505050505050504
12 0.6005102040816327 0.924963924963925 0.00816326530612245 0.047619047619047616
12 0.7877551020408164 0.9253246753246753 0.00816326530612245 0.048340548340548344
12 0.048214285714285716 0.9256854256854257 0.007653061224489797 0.047619047619047616
12 0.2545918367346939 0.9253246753246753 0.0071428571428571435 0.046897546897546896
12 0.9512755102040817 0.9256854256854257 0.007653061224489797 0.047619047619047616
14 0.11581632653061226 0.9076479076479076 0.00816326530612245 0.0101010101010101
26 0.06683673469387756 0.11544011544011544 0.02653061224489796 0.10678210678210678
73 0.1028061224489796 0.11183261183261184 0.013775510204081635 0.05627705627705628
99 0.15229591836734696 0.11796536796536797 0.013775510204081635 0.056998556998557
100 0.17908163265306123 0.11471861471861472 0.01326530612244898 0.05194805194805195
99 0.2163265306122449 0.11724386724386725 0.01326530612244898 0.056998556998557
102 0.24821428571428575 0.10894660894660894 0.013775510204081635 0.06204906204906205
101 0.28035714285714286 0.11183261183261184 0.013775510204081635 0.05772005772005772
100 0.3178571428571429 0.11507936507936507 0.014285714285714287 0.051226551226551224
71 0.364795918367347 0.11796536796536797 0.014285714285714287 0.05844155844155844
100 0.44311224489795925 0.11471861471861472 0.013775510204081635 0.05194805194805195
99 0.4711734693877551 0.1176046176046176 0.013775510204081635 0.05772005772005772
99 0.5170918367346939 0.11724386724386725 0.013775510204081635 0.056998556998557
102 0.5548469387755103 0.10894660894660894 0.013775510204081635 0.06204906204906205
101 0.5931122448979592 0.11219336219336219 0.013775510204081635 0.056998556998557
100 0.6308673469387756 0.11507936507936507 0.013775510204081635 0.051226551226551224
71 0.677295918367347 0.1176046176046176 0.013775510204081635 0.05772005772005772
20 0.7732142857142857 0.11544011544011544 0.012755102040816327 0.04184704184704185
15 0.8165816326530613 0.13131313131313133 0.010714285714285714 0.050505050505050504
72 0.8313775510204082 0.11435786435786435 0.013775510204081635 0.051226551226551224
131 0.8823979591836736 0.11471861471861472 0.01683673469387755 0.05194805194805195
131 0.9000000000000001 0.11507936507936507 0.01326530612244898 0.05266955266955267
102 0.9201530612244899 0.10930735930735931 0.012755102040816327 0.06277056277056277
26 0.06683673469387756 0.23773448773448774 0.02653061224489796 0.10606060606060606
73 0.1028061224489796 0.23412698412698413 0.013775510204081635 0.056998556998557
106 0.15204081632653063 0.23737373737373738 0.01326530612244898 0.050505050505050504
107 0.17831632653061227 0.23412698412698413 0.012755102040816327 0.056998556998557
139 0.2163265306122449 0.23124098124098125 0.014285714285714287 0.06277056277056277
108 0.23494897959183675 0.23088023088023088 0.012755102040816327 0.06349206349206349
139 0.2614795918367347 0.23160173160173161 0.013775510204081635 0.06204906204906205
139 0.27984693877551026 0.23124098124098125 0.012755102040816327 0.06277056277056277
138 0.29872448979591837 0.23412698412698413 0.012755102040816327 0.056998556998557
137 0.3178571428571429 0.23665223665223664 0.01326530612244898 0.05194805194805195
136 0.3352040816326531 0.23737373737373738 0.0163265306122449 0.05194805194805195
136 0.36377551020408166 0.23809523809523808 0.01326530612244898 0.05339105339105339
137 0.38086734693877555 0.237012987012987 0.015816326530612247 0.051226551226551224
76 0.40127551020408164 0.2427849927849928 0.013775510204081635 0.06277056277056277
137 0.47040816326530616 0.237012987012987 0.012244897959183675 0.051226551226551224
138 0.4880102040816327 0.23412698412698413 0.015816326530612247 0.056998556998557
139 0.5165816326530612 0.23124098124098125 0.013775510204081635 0.06277056277056277
139 0.5357142857142858 0.23196248196248195 0.01326530612244898 0.06277056277056277
139 0.5545918367346939 0.23124098124098125 0.01326530612244898 0.06277056277056277
139 0.5716836734693878 0.23160173160173161 0.01683673469387755 0.06349206349206349
139 0.5923469387755103 0.23124098124098125 0.01326530612244898 0.06277056277056277
138 0.6114795918367347 0.23412698412698413 0.012755102040816327 0.056998556998557
137 0.630357142857143 0.237012987012987 0.012755102040816327 0.051226551226551224
136 0.6479591836734695 0.23737373737373738 0.0163265306122449 0.05194805194805195
136 0.6770408163265307 0.2398989898989899 0.015306122448979593 0.056998556998557
78 0.7010204081632654 0.237012987012987 0.01326530612244898 0.051226551226551224
137 0.7573979591836736 0.23845598845598845 0.012755102040816327 0.05411255411255411
135 0.7747448979591838 0.23809523809523808 0.012755102040816327 0.05339105339105339
136 0.7923469387755103 0.23809523809523808 0.0163265306122449 0.05339105339105339
106 0.8298469387755103 0.23773448773448774 0.013775510204081635 0.051226551226551224
133 0.8630102040816328 0.23160173160173161 0.018877551020408164 0.06204906204906205
76 0.8808673469387756 0.24242424242424243 0.013775510204081635 0.06204906204906205
28 0.06683673469387756 0.35858585858585856 0.02755102040816327 0.06637806637806638
76 0.10229591836734694 0.3647186147186147 0.013775510204081635 0.06132756132756133
19 0.15306122448979592 0.33225108225108224 0.017346938775510204 0.015151515151515152
101 0.21658163265306124 0.3560606060606061 0.013775510204081635 0.056998556998557
103 0.24795918367346942 0.36724386724386726 0.01326530612244898 0.06637806637806638
104 0.28010204081632656 0.36544011544011545 0.01326530612244898 0.06277056277056277
102 0.31836734693877555 0.35353535353535354 0.01326530612244898 0.06204906204906205
133 0.3658163265306123 0.3528138528138528 0.0163265306122449 0.06349206349206349
134 0.3834183673469388 0.35245310245310246 0.012755102040816327 0.06565656565656566
20 0.46938775510204084 0.3841991341991342 0.012244897959183675 0.04112554112554113
101 0.5170918367346939 0.35678210678210676 0.013775510204081635 0.056998556998557
103 0.5543367346938776 0.3676046176046176 0.013775510204081635 0.0670995670995671
104 0.5923469387755103 0.36544011544011545 0.01326530612244898 0.06277056277056277
102 0.6311224489795919 0.35353535353535354 0.01326530612244898 0.06204906204906205
133 0.678826530612245 0.3528138528138528 0.01683673469387755 0.06349206349206349
134 0.7017857142857143 0.35173160173160173 0.012755102040816327 0.06565656565656566
75 0.7209183673469388 0.36724386724386726 0.01326530612244898 0.06637806637806638
49 0.8323979591836735 0.3596681096681097 0.01683673469387755 0.05266955266955267
27 0.06989795918367347 0.4834054834054834 0.031632653061224494 0.05916305916305916
107 0.1017857142857143 0.47835497835497837 0.013775510204081635 0.05772005772005772
103 0.12653061224489798 0.4888167388167388 0.01326530612244898 0.0670995670995671
71 0.1525510204081633 0.4837662337662338 0.01326530612244898 0.05844155844155844
77 0.21581632653061225 0.48448773448773447 0.01326530612244898 0.056998556998557
104 0.27984693877551026 0.48773448773448774 0.013775510204081635 0.06349206349206349
110 0.3178571428571429 0.47005772005772006 0.014285714285714287 0.07575757575757576
109 0.36403061224489797 0.4733044733044733 0.013775510204081635 0.06926406926406926
15 0.3977040816326531 0.5046897546897547 0.010714285714285714 0.049783549783549784
130 0.41505102040816333 0.48448773448773447 0.018877551020408164 0.056998556998557
17 0.43086734693877554 0.5061327561327561 0.008673469387755102 0.05411255411255411
99 0.44336734693877555 0.48448773448773447 0.012244897959183675 0.056998556998557
102 0.4709183673469388 0.4754689754689755 0.01326530612244898 0.06204906204906205
78 0.516326530612245 0.4816017316017316 0.01326530612244898 0.051226551226551224
104 0.5923469387755103 0.48773448773448774 0.01326530612244898 0.06349206349206349
102 0.6308673469387756 0.4758297258297258 0.012755102040816327 0.06132756132756133
132 0.6778061224489796 0.47943722943722944 0.015816326530612247 0.05411255411255411
133 0.7017857142857143 0.47943722943722944 0.012755102040816327 0.056998556998557
79 0.7494897959183674 0.4790764790764791 0.01326530612244898 0.05772005772005772
75 0.8303571428571429 0.48953823953823955 0.013775510204081635 0.0670995670995671
134 0.880357142857143 0.4880952380952381 0.012755102040816327 0.06277056277056277
134 0.8994897959183674 0.4862914862914863 0.012244897959183675 0.06060606060606061
135 0.9196428571428572 0.48448773448773447 0.012755102040816327 0.056998556998557
136 0.9375000000000001 0.4837662337662338 0.01479591836734694 0.05555555555555555
26 0.06709183673469388 0.8033910533910534 0.027040816326530614 0.10606060606060606
99 0.10255102040816327 0.8066378066378066 0.01326530612244898 0.05772005772005772
129 0.16096938775510206 0.8088023088023089 0.020918367346938777 0.06349206349206349
98 0.18137755102040817 0.8095238095238095 0.013775510204081635 0.06349206349206349
140 0.21479591836734696 0.7947330447330447 0.014285714285714287 0.06854256854256854
141 0.23494897959183675 0.7918470418470418 0.01785714285714286 0.07575757575757576
142 0.2693877551020408 0.788961038961039 0.015306122448979593 0.08152958152958154
142 0.29183673469387755 0.7886002886002886 0.015306122448979593 0.08225108225108226
143 0.313265306122449 0.7857142857142857 0.014285714285714287 0.08513708513708514
142 0.3346938775510204 0.7882395382395382 0.018367346938775512 0.08152958152958154
110 0.3576530612244898 0.7918470418470418 0.014285714285714287 0.07575757575757576
137 0.38852040816326533 0.8033910533910534 0.012755102040816327 0.051226551226551224
139 0.41071428571428575 0.7976190476190477 0.0163265306122449 0.06277056277056277
140 0.4459183673469388 0.7940115440115441 0.01326530612244898 0.06854256854256854
140 0.4681122448979592 0.7943722943722944 0.013775510204081635 0.06926406926406926
139 0.4900510204081633 0.7972582972582972 0.012755102040816327 0.06204906204906205
138 0.5091836734693878 0.8005050505050505 0.0163265306122449 0.056998556998557
108 0.5346938775510205 0.797979797979798 0.01326530612244898 0.06349206349206349
139 0.5823979591836735 0.7983405483405484 0.013775510204081635 0.06277056277056277
139 0.6158163265306122 0.7976190476190477 0.01326530612244898 0.06277056277056277
138 0.638265306122449 0.8001443001443002 0.01326530612244898 0.05772005772005772
138 0.6602040816326531 0.8005050505050505 0.01326530612244898 0.05844155844155844
15 0.676530612244898 0.79004329004329 0.011224489795918368 0.050505050505050504
136 0.6887755102040817 0.803030303030303 0.015306122448979593 0.05194805194805195
107 0.7142857142857143 0.8001443001443002 0.01326530612244898 0.05772005772005772
135 0.7469387755102042 0.8041125541125541 0.01326530612244898 0.05411255411255411
138 0.7696428571428572 0.8005050505050505 0.01683673469387755 0.056998556998557
108 0.8028061224489796 0.7976190476190477 0.013775510204081635 0.06277056277056277
15 0.8369897959183674 0.7716450216450217 0.011734693877551022 0.051226551226551224
139 0.8512755102040818 0.797979797979798 0.013775510204081635 0.06349206349206349
17 0.8658163265306124 0.773088023088023 0.009183673469387756 0.05555555555555555
108 0.8778061224489797 0.7972582972582972 0.012755102040816327 0.06349206349206349
140 0.9117346938775511 0.7943722943722944 0.014285714285714287 0.06926406926406926
141 0.9323979591836735 0.7907647907647908 0.01683673469387755 0.07647907647907648
26 0.06683673469387756 0.9256854256854257 0.02653061224489796 0.10533910533910534
106 0.10204081632653061 0.9253246753246753 0.01326530612244898 0.051226551226551224
136 0.1576530612244898 0.9282106782106783 0.014285714285714287 0.056998556998557
105 0.18086734693877551 0.9274891774891775 0.012755102040816327 0.05555555555555555
133 0.21658163265306124 0.9188311688311688 0.01683673469387755 0.06421356421356421
134 0.23698979591836736 0.9181096681096681 0.012755102040816327 0.06565656565656566
135 0.26862244897959187 0.9274891774891775 0.012755102040816327 0.05555555555555555
135 0.2910714285714286 0.9274891774891775 0.012755102040816327 0.05555555555555555
136 0.31301020408163266 0.9278499278499278 0.012755102040816327 0.05627705627705628
135 0.3336734693877551 0.9274891774891775 0.0163265306122449 0.05555555555555555
103 0.35790816326530617 0.933982683982684 0.012755102040816327 0.0670995670995671
130 0.39056122448979597 0.9285714285714286 0.01683673469387755 0.05772005772005772
132 0.413265306122449 0.924963924963925 0.01326530612244898 0.050505050505050504
135 0.4454081632653062 0.9278499278499278 0.01326530612244898 0.05627705627705628
135 0.4678571428571429 0.9289321789321789 0.01326530612244898 0.05844155844155844
135 0.489795918367347 0.9303751803751804 0.01326530612244898 0.06132756132756133
133 0.5094387755102041 0.9318181818181818 0.015816326530612247 0.06421356421356421
105 0.5344387755102041 0.9278499278499278 0.013775510204081635 0.05627705627705628
104 0.5660714285714287 0.9318181818181818 0.012755102040816327 0.06277056277056277
20 0.6142857142857143 0.926046176046176 0.012244897959183675 0.04112554112554113
15 0.6471938775510204 0.9541847041847041 0.010714285714285714 0.049783549783549784
98 0.6609693877551021 0.9310966810966811 0.012755102040816327 0.06277056277056277
17 0.7025510204081633 0.9549062049062049 0.010204081632653062 0.05411255411255411
98 0.7150510204081634 0.9314574314574314 0.012755102040816327 0.06349206349206349
20 0.7454081632653062 0.926046176046176 0.01326530612244898 0.04112554112554113
20 0.8010204081632654 0.926046176046176 0.012244897959183675 0.04112554112554113
15 0.8209183673469389 0.9307359307359307 0.011224489795918368 0.050505050505050504
102 0.8349489795918368 0.9191919191919192 0.012755102040816327 0.06204906204906205
103 0.8775510204081634 0.9332611832611832 0.01326530612244898 0.0670995670995671
17 0.8994897959183674 0.9310966810966811 0.009183673469387756 0.05555555555555555
133 0.914030612244898 0.9191919191919192 0.01683673469387755 0.06349206349206349
134 0.9344387755102042 0.9181096681096681 0.012755102040816327 0.06565656565656566
