7 0.0963000506842372 0.06702508960573476 0.025342118601115054 0.055197132616487454
12 0.274455144450076 0.06810035842293907 0.008616320324379118 0.048745519713261645
12 0.4493157627977699 0.06774193548387097 0.008616320324379118 0.04802867383512545
12 0.6142929548910289 0.06774193548387097 0.008109477952356817 0.04802867383512545
12 0.04891028890015205 0.06845878136200717 0.007602635580334516 0.04802867383512545
12 0.7724277749619868 0.06845878136200717 0.007095793208312215 0.04802867383512545
12 0.9277749619868221 0.06810035842293907 0.006588950836289914 0.047311827956989246
7 0.0963000506842372 0.13548387096774195 0.025342118601115054 0.05591397849462366
12 0.048656867714140906 0.13691756272401434 0.007095793208312215 0.048745519713261645
12 0.2742017232640649 0.13655913978494624 0.008109477952356817 0.04802867383512545
12 0.44906234161175873 0.13620071684587814 0.008109477952356817 0.047311827956989246
12 0.6142929548910289 0.13620071684587814 0.008109477952356817 0.047311827956989246
12 0.7724277749619868 0.13620071684587814 0.007095793208312215 0.047311827956989246
12 0.9277749619868221 0.13620071684587814 0.006588950836289914 0.047311827956989246
7 0.0963000506842372 0.20430107526881722 0.025342118601115054 0.05591397849462366
12 0.0481500253421186 0.2050179211469534 0.007095793208312215 0.048745519713261645
12 0.2742017232640649 0.20465949820788532 0.008109477952356817 0.04802867383512545
12 0.44906234161175873 0.2050179211469534 0.008109477952356817 0.047311827956989246
12 0.6142929548910289 0.2053763440860215 0.008109477952356817 0.04802867383512545
12 0.7724277749619868 0.20465949820788532 0.007095793208312215 0.04659498207885305
12 0.9277749619868221 0.2050179211469534 0.006588950836289914 0.047311827956989246
7 0.09604662949822605 0.27275985663082436 0.02483527622909275 0.055197132616487454
12 0.2742017232640649 0.2731182795698925 0.008109477952356817 0.048745519713261645
12 0.04840344652812975 0.27347670250896056 0.007602635580334516 0.04802867383512545
12 0.44906234161175873 0.2731182795698925 0.008109477952356817 0.047311827956989246
12 0.6142929548910289 0.27347670250896056 0.008109477952356817 0.04802867383512545
12 0.772681196147998 0.2731182795698925 0.006588950836289914 0.047311827956989246
12 0.9280283831728332 0.2738351254480287 0.007095793208312215 0.047311827956989246
12 0.9348707551951343 0.27347670250896056 0.015712113532691332 0.04516129032258064
7 0.0963000506842372 0.3301075268817204 0.025342118601115054 0.056630824372759854
12 0.04840344652812975 0.3426523297491039 0.006588950836289914 0.05017921146953405
12 0.2742017232640649 0.3419354838709677 0.00912316269640142 0.048745519713261645
12 0.4493157627977699 0.3419354838709677 0.008616320324379118 0.047311827956989246
12 0.6140395337050177 0.3419354838709677 0.008616320324379118 0.047311827956989246
12 0.7729346173340091 0.3419354838709677 0.007095793208312215 0.047311827956989246
12 0.9277749619868221 0.3426523297491039 0.007602635580334516 0.047311827956989246
7 0.09604662949822605 0.4043010752688172 0.02483527622909275 0.05591397849462366
12 0.274455144450076 0.4164874551971326 0.008616320324379118 0.048745519713261645
12 0.04840344652812975 0.4172043010752688 0.006588950836289914 0.048745519713261645
12 0.4493157627977699 0.4164874551971326 0.008616320324379118 0.047311827956989246
12 0.6142929548910289 0.4164874551971326 0.008109477952356817 0.047311827956989246
12 0.9277749619868221 0.4164874551971326 0.006588950836289914 0.047311827956989246
12 0.772681196147998 0.4164874551971326 0.006588950836289914 0.045878136200716846
7 0.09604662949822605 0.478494623655914 0.02483527622909275 0.056630824372759854
12 0.04840344652812975 0.4910394265232975 0.006588950836289914 0.048745519713261645
12 0.927521540800811 0.4910394265232975 0.007095793208312215 0.048745519713261645
12 0.274455144450076 0.4910394265232975 0.008616320324379118 0.047311827956989246
12 0.4493157627977699 0.4910394265232975 0.008616320324379118 0.047311827956989246
12 0.6142929548910289 0.4910394265232975 0.008109477952356817 0.047311827956989246
12 0.772681196147998 0.4913978494623656 0.007602635580334516 0.04802867383512545
7 0.09604662949822605 0.553763440860215 0.02483527622909275 0.056630824372759854
12 0.44906234161175873 0.5634408602150538 0.008109477952356817 0.044444444444444446
12 0.6140395337050177 0.5670250896057347 0.007602635580334516 0.05161290322580645
12 0.6135326913329955 0.621505376344086 0.008616320324379118 0.048745519713261645
12 0.2747085656360872 0.6150537634408603 0.01013684744044602 0.06164874551971326
12 0.4493157627977699 0.6146953405017921 0.010643689812468323 0.06093189964157706
7 0.09604662949822605 0.621505376344086 0.025848960973137353 0.05591397849462366
7 0.0963000506842372 0.678853046594982 0.024328433857070453 0.05591397849462366
12 0.9358844399391789 0.6903225806451613 0.01469842878864673 0.048745519713261645
12 0.04840344652812975 0.6910394265232975 0.006588950836289914 0.048745519713261645
12 0.2742017232640649 0.6906810035842293 0.008109477952356817 0.04659498207885305
12 0.44906234161175873 0.6906810035842293 0.008109477952356817 0.04659498207885305
12 0.6142929548910289 0.6906810035842293 0.008109477952356817 0.04659498207885305
12 0.7729346173340091 0.6906810035842293 0.007095793208312215 0.04659498207885305
12 0.9277749619868221 0.6906810035842293 0.006588950836289914 0.04659498207885305
7 0.09604662949822605 0.7530465949820788 0.02483527622909275 0.056630824372759854
12 0.048656867714140906 0.76415770609319 0.006082108464267613 0.044444444444444446
12 0.274455144450076 0.8164874551971326 0.00963000506842372 0.05734767025089606
12 0.44956918398378104 0.8164874551971326 0.01013684744044602 0.05734767025089606
12 0.61454637607704 0.8168458781362007 0.00963000506842372 0.05806451612903226
7 0.09604662949822605 0.821505376344086 0.025848960973137353 0.05448028673835126
7 0.0963000506842372 0.8781362007168458 0.025342118601115054 0.05591397849462366
12 0.61454637607704 0.9415770609318996 0.00963000506842372 0.05949820788530466
7 0.09604662949822605 0.9465949820788531 0.02483527622909275 0.055197132616487454
12 0.048656867714140906 0.9519713261648746 0.00506842372022301 0.04014336917562724
12 0.7724277749619868 0.5663082437275986 0.008109477952356817 0.048745519713261645
12 0.7721743537759757 0.6225806451612903 0.008616320324379118 0.05089605734767025
12 0.772681196147998 0.7666666666666667 0.008616320324379118 0.04946236559139785
12 0.7729346173340091 0.821505376344086 0.00912316269640142 0.048745519713261645
12 0.7724277749619868 0.8917562724014337 0.008109477952356817 0.05017921146953405
12 0.7731880385200203 0.9476702508960574 0.008616320324379118 0.05017921146953405
18 0.1905727318803852 0.05913978494623656 0.016218955904713634 0.013620071684587814
18 0.36188545362392294 0.05913978494623656 0.016218955904713634 0.013620071684587814
18 0.5316776482513939 0.05913978494623656 0.016218955904713634 0.013620071684587814
18 0.6933603649265079 0.05913978494623656 0.016218955904713634 0.013620071684587814
18 0.8590978205778003 0.05913978494623656 0.016218955904713634 0.013620071684587814
27 0.0661429295489103 0.13584229390681005 0.025848960973137353 0.05089605734767025
18 0.19082615306639636 0.12759856630824373 0.015712113532691332 0.014336917562724014
18 0.36188545362392294 0.12724014336917563 0.016218955904713634 0.015053763440860214
18 0.531931069437405 0.12724014336917563 0.015712113532691332 0.015053763440860214
18 0.6933603649265079 0.12724014336917563 0.016218955904713634 0.013620071684587814
18 0.8590978205778003 0.12759856630824373 0.016218955904713634 0.014336917562724014
27 0.0661429295489103 0.20465949820788532 0.025848960973137353 0.05089605734767025
18 0.1905727318803852 0.1960573476702509 0.016218955904713634 0.015053763440860214
18 0.36188545362392294 0.1960573476702509 0.016218955904713634 0.015053763440860214
18 0.531931069437405 0.1960573476702509 0.015712113532691332 0.015053763440860214
18 0.6933603649265079 0.1960573476702509 0.016218955904713634 0.015053763440860214
18 0.8588443993917891 0.1967741935483871 0.016725798276735936 0.015053763440860214
27 0.0661429295489103 0.27275985663082436 0.02483527622909275 0.04946236559139785
18 0.1905727318803852 0.2645161290322581 0.016218955904713634 0.014336917562724014
18 0.3616320324379118 0.26415770609318995 0.015712113532691332 0.015053763440860214
18 0.531931069437405 0.26415770609318995 0.015712113532691332 0.015053763440860214
18 0.6933603649265079 0.2645161290322581 0.016218955904713634 0.014336917562724014
18 0.8588443993917891 0.26523297491039427 0.016725798276735936 0.014336917562724014
18 0.1905727318803852 0.33297491039426524 0.016218955904713634 0.015053763440860214
18 0.3616320324379118 0.33297491039426524 0.015712113532691332 0.015053763440860214
18 0.531931069437405 0.33297491039426524 0.015712113532691332 0.015053763440860214
18 0.6933603649265079 0.3333333333333333 0.016218955904713634 0.014336917562724014
18 0.8590978205778003 0.3333333333333333 0.016218955904713634 0.014336917562724014
18 0.1905727318803852 0.4075268817204301 0.016218955904713634 0.015053763440860214
18 0.3616320324379118 0.4075268817204301 0.015712113532691332 0.015053763440860214
18 0.5316776482513939 0.4078853046594982 0.016218955904713634 0.014336917562724014
18 0.6933603649265079 0.4078853046594982 0.016218955904713634 0.014336917562724014
18 0.8588443993917891 0.40860215053763443 0.016725798276735936 0.014336917562724014
18 0.1905727318803852 0.482078853046595 0.016218955904713634 0.015053763440860214
18 0.36188545362392294 0.482078853046595 0.016218955904713634 0.015053763440860214
18 0.5316776482513939 0.482078853046595 0.016218955904713634 0.015053763440860214
18 0.6933603649265079 0.4824372759856631 0.016218955904713634 0.014336917562724014
18 0.8590978205778003 0.4824372759856631 0.016218955904713634 0.014336917562724014
18 0.19082615306639636 0.556989247311828 0.016725798276735936 0.014336917562724014
18 0.36188545362392294 0.5566308243727599 0.016218955904713634 0.015053763440860214
18 0.531931069437405 0.5566308243727599 0.016725798276735936 0.015053763440860214
18 0.6933603649265079 0.556989247311828 0.016218955904713634 0.014336917562724014
18 0.8588443993917891 0.556989247311828 0.016725798276735936 0.014336917562724014
18 0.19082615306639636 0.6136200716845878 0.016725798276735936 0.015770609318996417
18 0.36188545362392294 0.6136200716845878 0.016218955904713634 0.015770609318996417
18 0.5316776482513939 0.6136200716845878 0.016218955904713634 0.015770609318996417
18 0.6933603649265079 0.6136200716845878 0.016218955904713634 0.015770609318996417
18 0.8588443993917891 0.613978494623656 0.016725798276735936 0.015053763440860214
18 0.1910795742524075 0.6817204301075269 0.016218955904713634 0.014336917562724014
18 0.3616320324379118 0.682078853046595 0.016725798276735936 0.015053763440860214
18 0.531931069437405 0.682078853046595 0.016725798276735936 0.015053763440860214
18 0.6933603649265079 0.682078853046595 0.016218955904713634 0.015053763440860214
18 0.8588443993917891 0.6824372759856631 0.016725798276735936 0.014336917562724014
18 0.19082615306639636 0.7562724014336918 0.016725798276735936 0.014336917562724014
18 0.36188545362392294 0.7566308243727599 0.016218955904713634 0.015053763440860214
18 0.5316776482513939 0.7562724014336918 0.016218955904713634 0.014336917562724014
18 0.6933603649265079 0.7566308243727599 0.016218955904713634 0.013620071684587814
18 0.8590978205778003 0.7566308243727599 0.016218955904713634 0.013620071684587814
18 0.1905727318803852 0.8132616487455198 0.016218955904713634 0.015053763440860214
18 0.36188545362392294 0.8132616487455198 0.016218955904713634 0.015053763440860214
18 0.5316776482513939 0.8132616487455198 0.016218955904713634 0.015053763440860214
18 0.6933603649265079 0.8132616487455198 0.016218955904713634 0.015053763440860214
18 0.8588443993917891 0.8136200716845878 0.016725798276735936 0.014336917562724014
18 0.1905727318803852 0.8817204301075269 0.016218955904713634 0.014336917562724014
18 0.36188545362392294 0.8817204301075269 0.016218955904713634 0.014336917562724014
18 0.5316776482513939 0.8817204301075269 0.016218955904713634 0.014336917562724014
18 0.6933603649265079 0.8817204301075269 0.016218955904713634 0.014336917562724014
18 0.8588443993917891 0.882078853046595 0.015712113532691332 0.013620071684587814
18 0.1905727318803852 0.9383512544802868 0.016218955904713634 0.014336917562724014
18 0.3616320324379118 0.9383512544802868 0.015712113532691332 0.014336917562724014
18 0.5316776482513939 0.9383512544802868 0.016218955904713634 0.014336917562724014
18 0.693613786112519 0.9383512544802868 0.015712113532691332 0.014336917562724014
18 0.8588443993917891 0.9387096774193548 0.015712113532691332 0.013620071684587814
