14 0.5875 0.08802308802308802 0.00663265306122449 0.0101010101010101
12 0.8571428571428572 0.15223665223665223 0.010204081632653062 0.049062049062049064
12 0.9512755102040817 0.1525974025974026 0.010714285714285714 0.049783549783549784
12 0.048214285714285716 0.1525974025974026 0.00663265306122449 0.048340548340548344
12 0.4591836734693878 0.1525974025974026 0.00816326530612245 0.048340548340548344
12 0.525765306122449 0.15295815295815296 0.008673469387755102 0.049062049062049064
12 0.7596938775510205 0.1525974025974026 0.00816326530612245 0.046897546897546896
14 0.5877551020408164 0.23484848484848486 0.006122448979591837 0.00937950937950938
12 0.4591836734693878 0.29978354978354976 0.009183673469387756 0.049783549783549784
12 0.9512755102040817 0.29978354978354976 0.010714285714285714 0.049783549783549784
12 0.048214285714285716 0.29978354978354976 0.00663265306122449 0.048340548340548344
12 0.5260204081632653 0.29978354978354976 0.00816326530612245 0.048340548340548344
12 0.8573979591836736 0.29978354978354976 0.00969387755102041 0.048340548340548344
12 0.7599489795918368 0.29978354978354976 0.007653061224489797 0.046897546897546896
14 0.5872448979591838 0.3939393939393939 0.006122448979591837 0.0101010101010101
12 0.525765306122449 0.43542568542568544 0.008673469387755102 0.049783549783549784
12 0.45892857142857146 0.4357864357864358 0.00969387755102041 0.049062049062049064
12 0.8571428571428572 0.43542568542568544 0.010204081632653062 0.048340548340548344
12 0.9512755102040817 0.4357864357864358 0.010714285714285714 0.049062049062049064
12 0.048469387755102046 0.43614718614718617 0.0071428571428571435 0.048340548340548344
12 0.7596938775510205 0.43542568542568544 0.00816326530612245 0.046897546897546896
14 0.5872448979591838 0.5299422799422799 0.006122448979591837 0.00937950937950938
14 0.5875 0.5411255411255411 0.00663265306122449 0.008658008658008658
12 0.048469387755102046 0.5714285714285714 0.0071428571428571435 0.049062049062049064
12 0.4591836734693878 0.5710678210678211 0.009183673469387756 0.048340548340548344
12 0.8571428571428572 0.5714285714285714 0.010204081632653062 0.049062049062049064
12 0.9512755102040817 0.5714285714285714 0.010714285714285714 0.049062049062049064
12 0.525765306122449 0.5714285714285714 0.008673469387755102 0.047619047619047616
12 0.7596938775510205 0.5714285714285714 0.00816326530612245 0.047619047619047616
12 0.4596938775510204 0.7070707070707071 0.009183673469387756 0.049062049062049064
12 0.7599489795918368 0.7067099567099567 0.008673469387755102 0.048340548340548344
12 0.9512755102040817 0.7074314574314574 0.010714285714285714 0.049783549783549784
12 0.048469387755102046 0.7074314574314574 0.0071428571428571435 0.048340548340548344
12 0.8573979591836736 0.7074314574314574 0.00969387755102041 0.048340548340548344
12 0.5260204081632653 0.7077922077922078 0.00816326530612245 0.047619047619047616
14 0.5880102040816327 0.6893939393939394 0.00663265306122449 0.010822510822510822
14 0.5880102040816327 0.7012987012987013 0.00663265306122449 0.0101010101010101
14 0.5877551020408164 0.7251082251082251 0.0071428571428571435 0.0101010101010101
12 0.4596938775510204 0.8430735930735931 0.009183673469387756 0.049783549783549784
12 0.8571428571428572 0.8427128427128427 0.009183673469387756 0.049062049062049064
12 0.9510204081632654 0.8427128427128427 0.010204081632653062 0.049062049062049064
12 0.048214285714285716 0.8430735930735931 0.00663265306122449 0.048340548340548344
12 0.5260204081632653 0.8430735930735931 0.00816326530612245 0.048340548340548344
12 0.7596938775510205 0.8416305916305916 0.00816326530612245 0.045454545454545456
14 0.5877551020408164 0.8365800865800865 0.006122448979591837 0.010822510822510822
14 0.5880102040816327 0.8845598845598845 0.00663265306122449 0.0101010101010101
27 0.06454081632653062 0.1525974025974026 0.02602040816326531 0.05266955266955267
15 0.08877551020408164 0.14105339105339104 0.01326530612244898 0.03968253968253968
172 0.13724489795918368 0.1378066378066378 0.014285714285714287 0.08225108225108226
15 0.1510204081632653 0.11724386724386725 0.011224489795918368 0.03823953823953824
170 0.1642857142857143 0.14357864357864358 0.01326530612244898 0.06926406926406926
170 0.1823979591836735 0.14321789321789322 0.013775510204081635 0.06854256854256854
171 0.19923469387755105 0.14105339105339104 0.01683673469387755 0.07575757575757576
172 0.21887755102040818 0.1378066378066378 0.014285714285714287 0.0808080808080808
170 0.2354591836734694 0.14393939393939395 0.013775510204081635 0.06854256854256854
170 0.25331632653061226 0.1443001443001443 0.013775510204081635 0.06782106782106782
172 0.27168367346938777 0.1378066378066378 0.01785714285714286 0.0808080808080808
175 0.29336734693877553 0.12914862914862915 0.015306122448979593 0.09812409812409813
172 0.3104591836734694 0.1388888888888889 0.01479591836734694 0.08008658008658008
172 0.32831632653061227 0.1388888888888889 0.01479591836734694 0.08008658008658008
175 0.3466836734693878 0.12950937950937952 0.018877551020408164 0.09740259740259741
15 0.3619897959183674 0.07467532467532467 0.010714285714285714 0.03823953823953824
177 0.3747448979591837 0.12265512265512266 0.01479591836734694 0.1111111111111111
175 0.3915816326530613 0.12878787878787878 0.01479591836734694 0.09740259740259741
176 0.4091836734693878 0.12626262626262627 0.015306122448979593 0.1038961038961039
177 0.42602040816326536 0.12337662337662338 0.0163265306122449 0.10822510822510822
34 0.4428571428571429 0.14898989898989898 0.01938775510204082 0.05844155844155844
59 0.48086734693877553 0.13167388167388167 0.02295918367346939 0.09307359307359307
174 0.539795918367347 0.13203463203463203 0.014285714285714287 0.09379509379509379
174 0.5563775510204082 0.13203463203463203 0.01683673469387755 0.09235209235209235
113 0.5760204081632654 0.1323953823953824 0.015306122448979593 0.09163059163059163
174 0.6127551020408164 0.13167388167388167 0.015306122448979593 0.09307359307359307
171 0.6298469387755102 0.14033189033189034 0.013775510204081635 0.07431457431457432
168 0.6474489795918368 0.15007215007215008 0.01326530612244898 0.05627705627705628
169 0.664795918367347 0.14682539682539683 0.015306122448979593 0.06277056277056277
170 0.6839285714285714 0.14393939393939395 0.01479591836734694 0.06854256854256854
171 0.7025510204081633 0.1406926406926407 0.014285714285714287 0.07503607503607504
172 0.7209183673469388 0.13744588744588745 0.014285714285714287 0.08152958152958154
15 0.7341836734693878 0.09956709956709957 0.011224489795918368 0.03896103896103896
173 0.7454081632653062 0.1341991341991342 0.017346938775510204 0.08802308802308802
19 0.8219387755102041 0.15007215007215008 0.01938775510204082 0.015873015873015872
27 0.06454081632653062 0.2994227994227994 0.02602040816326531 0.05194805194805195
15 0.08826530612244898 0.2875180375180375 0.014285714285714287 0.03968253968253968
18 0.26352040816326533 0.29148629148629146 0.018877551020408164 0.015873015873015872
175 0.5392857142857144 0.275974025974026 0.01326530612244898 0.09740259740259741
175 0.5563775510204082 0.2763347763347763 0.015816326530612247 0.09668109668109669
114 0.5755102040816327 0.2766955266955267 0.015306122448979593 0.09740259740259741
175 0.6125 0.2763347763347763 0.01479591836734694 0.09668109668109669
175 0.6298469387755102 0.2763347763347763 0.01479591836734694 0.09668109668109669
175 0.6474489795918368 0.2763347763347763 0.014285714285714287 0.09668109668109669
175 0.6642857142857144 0.2763347763347763 0.017346938775510204 0.09812409812409813
175 0.6839285714285714 0.275974025974026 0.01479591836734694 0.09595959595959595
175 0.702295918367347 0.275974025974026 0.01479591836734694 0.09740259740259741
175 0.7206632653061226 0.2763347763347763 0.015816326530612247 0.09668109668109669
175 0.7456632653061225 0.275974025974026 0.01785714285714286 0.09740259740259741
19 0.8216836734693879 0.2972582972582973 0.019897959183673472 0.015873015873015872
27 0.06479591836734694 0.43542568542568544 0.025510204081632654 0.05266955266955267
15 0.08877551020408164 0.4231601731601732 0.01326530612244898 0.03968253968253968
15 0.10969387755102042 0.4004329004329004 0.01326530612244898 0.0404040404040404
56 0.4803571428571429 0.42424242424242425 0.020918367346938777 0.07647907647907648
171 0.5395408163265306 0.4235209235209235 0.01479591836734694 0.07503607503607504
171 0.5563775510204082 0.4231601731601732 0.01683673469387755 0.07575757575757576
110 0.5762755102040816 0.4235209235209235 0.01479591836734694 0.07503607503607504
171 0.6125 0.4235209235209235 0.01479591836734694 0.07503607503607504
171 0.6301020408163266 0.4235209235209235 0.014285714285714287 0.07503607503607504
171 0.6474489795918368 0.4235209235209235 0.014285714285714287 0.07503607503607504
171 0.6645408163265307 0.42388167388167386 0.01683673469387755 0.07431457431457432
172 0.6841836734693878 0.42207792207792205 0.014285714285714287 0.0808080808080808
174 0.702295918367347 0.41594516594516595 0.01479591836734694 0.09163059163059163
173 0.7206632653061226 0.41738816738816736 0.01479591836734694 0.0873015873015873
172 0.7451530612244899 0.42063492063492064 0.01785714285714286 0.0808080808080808
84 0.7801020408163266 0.41919191919191917 0.015306122448979593 0.08658008658008658
19 0.8216836734693879 0.4329004329004329 0.019897959183673472 0.015873015873015872
27 0.06479591836734694 0.5717893217893217 0.025510204081632654 0.05266955266955267
15 0.08826530612244898 0.5595238095238095 0.01326530612244898 0.03968253968253968
53 0.14056122448979594 0.5678210678210678 0.01785714285714286 0.05772005772005772
19 0.8214285714285715 0.5678210678210678 0.01938775510204082 0.01443001443001443
27 0.06479591836734694 0.7074314574314574 0.025510204081632654 0.05266955266955267
15 0.08852040816326531 0.6955266955266955 0.012755102040816327 0.03896103896103896
15 0.12372448979591838 0.7124819624819625 0.011734693877551022 0.03823953823953824
20 0.6109693877551021 0.7052669552669553 0.011734693877551022 0.0367965367965368
19 0.8214285714285715 0.7041847041847041 0.01938775510204082 0.015873015873015872
27 0.06505102040816327 0.8430735930735931 0.02602040816326531 0.05266955266955267
15 0.08852040816326531 0.8311688311688312 0.012755102040816327 0.0404040404040404
46 0.1403061224489796 0.8437950937950938 0.017346938775510204 0.05411255411255411
20 0.6107142857142858 0.8416305916305916 0.011224489795918368 0.0367965367965368
19 0.8211734693877552 0.8405483405483406 0.019897959183673472 0.015873015873015872
86 0.7811224489795919 0.2766955266955267 0.0163265306122449 0.09884559884559885
85 0.7808673469387756 0.1331168831168831 0.01683673469387755 0.09163059163059163
60 0.4813775510204082 0.2763347763347763 0.027040816326530614 0.09812409812409813
