8 0.10331632653061225 0.09776334776334776 0.03928571428571429 0.05988455988455989
12 0.9515306122448981 0.11544011544011544 0.009183673469387756 0.049062049062049064
12 0.048469387755102046 0.11616161616161616 0.0071428571428571435 0.049062049062049064
12 0.3785714285714286 0.11580086580086581 0.00816326530612245 0.048340548340548344
12 0.675765306122449 0.11580086580086581 0.008673469387755102 0.048340548340548344
12 0.3788265306122449 0.24711399711399712 0.008673469387755102 0.049783549783549784
12 0.0489795918367347 0.2481962481962482 0.00816326530612245 0.049062049062049064
12 0.675765306122449 0.2474747474747475 0.008673469387755102 0.047619047619047616
12 0.9515306122448981 0.24783549783549783 0.00816326530612245 0.048340548340548344
8 0.10357142857142858 0.25865800865800864 0.039795918367346944 0.06277056277056277
8 0.10331632653061225 0.37481962481962483 0.03928571428571429 0.06277056277056277
12 0.04872448979591837 0.38095238095238093 0.00663265306122449 0.049062049062049064
12 0.3788265306122449 0.38023088023088025 0.008673469387755102 0.047619047619047616
12 0.6760204081632654 0.38023088023088025 0.00816326530612245 0.047619047619047616
12 0.9515306122448981 0.38095238095238093 0.00816326530612245 0.049062049062049064
8 0.10382653061224491 0.8059163059163059 0.03928571428571429 0.06060606060606061
12 0.3844387755102041 0.8243145743145743 0.007653061224489797 0.049783549783549784
12 0.6869897959183674 0.8243145743145743 0.008673469387755102 0.049783549783549784
12 0.9515306122448981 0.8243145743145743 0.00816326530612245 0.049783549783549784
12 0.04872448979591837 0.8243145743145743 0.007653061224489797 0.048340548340548344
12 0.0489795918367347 0.9570707070707071 0.00816326530612245 0.049783549783549784
12 0.3844387755102041 0.9567099567099567 0.007653061224489797 0.049062049062049064
12 0.6872448979591838 0.9570707070707071 0.009183673469387756 0.049783549783549784
12 0.9517857142857143 0.9570707070707071 0.008673469387755102 0.049783549783549784
8 0.10382653061224491 0.9671717171717171 0.03928571428571429 0.06277056277056277
26 0.06658163265306123 0.11291486291486291 0.025 0.09163059163059163
107 0.1479591836734694 0.11219336219336219 0.012244897959183675 0.056998556998557
21 0.2696428571428572 0.11616161616161616 0.011734693877551022 0.024531024531024532
15 0.31250000000000006 0.11544011544011544 0.011734693877551022 0.03896103896103896
134 0.32525510204081637 0.12301587301587301 0.012755102040816327 0.0670995670995671
135 0.39336734693877556 0.12085137085137085 0.01326530612244898 0.06277056277056277
21 0.4609693877551021 0.11580086580086581 0.011734693877551022 0.025252525252525252
21 0.5484693877551021 0.11616161616161616 0.012244897959183675 0.024531024531024532
160 0.5859693877551021 0.11976911976911978 0.020918367346938777 0.05772005772005772
131 0.6130102040816328 0.11471861471861472 0.01683673469387755 0.05483405483405483
185 0.6456632653061225 0.11832611832611832 0.015816326530612247 0.05772005772005772
184 0.6614795918367348 0.12157287157287157 0.012755102040816327 0.06421356421356421
133 0.6951530612244898 0.10966810966810966 0.019897959183673472 0.06204906204906205
21 0.7563775510204083 0.11616161616161616 0.011734693877551022 0.024531024531024532
21 0.8244897959183675 0.11616161616161616 0.012244897959183675 0.024531024531024532
138 0.890561224489796 0.11291486291486291 0.012755102040816327 0.056998556998557
33 0.06683673469387756 0.2593795093795094 0.025510204081632654 0.07575757575757576
133 0.15025510204081635 0.2417027417027417 0.01683673469387755 0.06349206349206349
161 0.17984693877551022 0.24603174603174602 0.013775510204081635 0.05627705627705628
15 0.19642857142857145 0.2774170274170274 0.011224489795918368 0.03823953823953824
129 0.21173469387755103 0.25396825396825395 0.017346938775510204 0.06349206349206349
161 0.24515306122448982 0.24783549783549783 0.013775510204081635 0.05266955266955267
133 0.27168367346938777 0.24062049062049062 0.01683673469387755 0.06565656565656566
162 0.30306122448979594 0.24134199134199133 0.01326530612244898 0.06421356421356421
133 0.3275510204081633 0.23881673881673882 0.0163265306122449 0.06782106782106782
164 0.35969387755102045 0.23737373737373738 0.01326530612244898 0.07215007215007214
165 0.3959183673469388 0.23665223665223664 0.017346938775510204 0.07215007215007214
163 0.42244897959183675 0.23845598845598845 0.014285714285714287 0.06998556998556998
131 0.4609693877551021 0.24025974025974026 0.01479591836734694 0.06782106782106782
163 0.4997448979591837 0.24134199134199133 0.012755102040816327 0.06421356421356421
135 0.5474489795918368 0.25685425685425683 0.012244897959183675 0.06926406926406926
164 0.578061224489796 0.25757575757575757 0.018367346938775512 0.07215007215007214
15 0.5979591836734695 0.2417027417027417 0.011224489795918368 0.03896103896103896
135 0.6109693877551021 0.2546897546897547 0.012755102040816327 0.06637806637806638
15 0.6318877551020409 0.23556998556998557 0.010714285714285714 0.03968253968253968
166 0.6410714285714286 0.25396825396825395 0.01785714285714286 0.06349206349206349
137 0.6910714285714287 0.25072150072150073 0.012755102040816327 0.056998556998557
165 0.7311224489795919 0.25432900432900435 0.018367346938775512 0.06421356421356421
133 0.7589285714285715 0.23917748917748918 0.01683673469387755 0.06854256854256854
164 0.8012755102040817 0.237012987012987 0.012755102040816327 0.07142857142857142
137 0.8239795918367347 0.2481962481962482 0.012244897959183675 0.05194805194805195
15 0.8558673469387756 0.23556998556998557 0.011734693877551022 0.03823953823953824
166 0.8658163265306124 0.24891774891774893 0.017346938775510204 0.05339105339105339
137 0.890561224489796 0.24783549783549783 0.012755102040816327 0.051226551226551224
167 0.9318877551020409 0.24783549783549783 0.018877551020408164 0.051226551226551224
27 0.06556122448979593 0.3805916305916306 0.02602040816326531 0.05266955266955267
134 0.14744897959183675 0.38816738816738816 0.01326530612244898 0.06637806637806638
137 0.20612244897959187 0.38311688311688313 0.017346938775510204 0.05627705627705628
138 0.26887755102040817 0.37806637806637805 0.01326530612244898 0.05772005772005772
21 0.32551020408163267 0.38095238095238093 0.012244897959183675 0.024531024531024532
22 0.3941326530612245 0.3874458874458874 0.013775510204081635 0.03607503607503607
193 0.4214285714285715 0.37842712842712845 0.012244897959183675 0.056998556998557
192 0.439030612244898 0.3813131313131313 0.01683673469387755 0.051226551226551224
191 0.46045918367346944 0.3874458874458874 0.012755102040816327 0.06493506493506493
190 0.48010204081632657 0.3888888888888889 0.01326530612244898 0.06926406926406926
189 0.49923469387755104 0.39105339105339104 0.012755102040816327 0.0707070707070707
188 0.5170918367346939 0.3921356421356421 0.015816326530612247 0.07431457431457432
15 0.5354591836734695 0.3921356421356421 0.011734693877551022 0.03968253968253968
132 0.5525510204081633 0.3777056277056277 0.01938775510204082 0.056998556998557
21 0.6107142857142858 0.3813131313131313 0.012244897959183675 0.025252525252525252
22 0.6915816326530613 0.3878066378066378 0.012755102040816327 0.0367965367965368
166 0.7163265306122449 0.36904761904761907 0.0163265306122449 0.07575757575757576
163 0.7344387755102042 0.3722943722943723 0.012755102040816327 0.06782106782106782
164 0.7561224489795919 0.3906926406926407 0.012244897959183675 0.07142857142857142
165 0.778061224489796 0.3885281385281385 0.012244897959183675 0.0670995670995671
166 0.7979591836734694 0.38672438672438675 0.017346938775510204 0.06493506493506493
165 0.8234693877551021 0.38636363636363635 0.012244897959183675 0.06421356421356421
166 0.8459183673469388 0.3838383838383838 0.012244897959183675 0.05916305916305916
167 0.8658163265306124 0.3823953823953824 0.017346938775510204 0.05483405483405483
168 0.8903061224489797 0.3777056277056277 0.012244897959183675 0.056998556998557
167 0.9125000000000001 0.38023088023088025 0.012755102040816327 0.05194805194805195
166 0.9334183673469388 0.3805916305916306 0.01683673469387755 0.05266955266955267
26 0.06683673469387756 0.8214285714285714 0.025510204081632654 0.09307359307359307
142 0.14846938775510204 0.8095238095238095 0.014285714285714287 0.08225108225108226
135 0.20229591836734695 0.8268398268398268 0.015816326530612247 0.05627705627705628
165 0.26581632653061227 0.8300865800865801 0.012244897959183675 0.06277056277056277
166 0.2867346938775511 0.8272005772005772 0.012244897959183675 0.05844155844155844
167 0.3053571428571429 0.8253968253968254 0.01683673469387755 0.05483405483405483
166 0.32806122448979597 0.823953823953824 0.012244897959183675 0.05194805194805195
167 0.34821428571428575 0.823953823953824 0.012755102040816327 0.05194805194805195
168 0.3673469387755102 0.8214285714285714 0.0163265306122449 0.056998556998557
160 0.4002551020408164 0.8272005772005772 0.015816326530612247 0.056998556998557
159 0.4198979591836735 0.8300865800865801 0.014285714285714287 0.06421356421356421
158 0.439795918367347 0.8329725829725829 0.014285714285714287 0.06854256854256854
129 0.46479591836734696 0.8297258297258298 0.020408163265306124 0.06493506493506493
159 0.5436224489795919 0.8297258297258298 0.015816326530612247 0.06493506493506493
158 0.5750000000000001 0.8329725829725829 0.014285714285714287 0.06998556998556998
15 0.589030612244898 0.8658008658008658 0.010714285714285714 0.03751803751803752
157 0.602295918367347 0.8365800865800865 0.013775510204081635 0.07575757575757576
158 0.6234693877551021 0.8336940836940837 0.0163265306122449 0.06854256854256854
157 0.6431122448979593 0.8354978354978355 0.013775510204081635 0.07503607503607504
15 0.6563775510204082 0.8715728715728716 0.00969387755102041 0.03751803751803752
156 0.6696428571428572 0.8387445887445888 0.01479591836734694 0.08297258297258298
170 0.7020408163265307 0.8156565656565656 0.015306122448979593 0.06854256854256854
169 0.7221938775510205 0.8192640692640693 0.012755102040816327 0.06421356421356421
168 0.7408163265306124 0.8214285714285714 0.0163265306122449 0.056998556998557
139 0.7637755102040817 0.8185425685425686 0.01326530612244898 0.06277056277056277
169 0.8326530612244899 0.8181818181818182 0.012244897959183675 0.06349206349206349
168 0.8533163265306123 0.8210678210678211 0.012755102040816327 0.05627705627705628
167 0.8721938775510205 0.8243145743145743 0.015816326530612247 0.051226551226551224
168 0.8946428571428572 0.8214285714285714 0.012755102040816327 0.056998556998557
167 0.915561224489796 0.8232323232323232 0.012755102040816327 0.050505050505050504
166 0.9344387755102042 0.823953823953824 0.015816326530612247 0.05194805194805195
33 0.0673469387755102 0.9646464646464646 0.02653061224489796 0.0707070707070707
169 0.14744897959183675 0.9505772005772006 0.012244897959183675 0.06277056277056277
167 0.16581632653061226 0.9563492063492064 0.012244897959183675 0.051226551226551224
165 0.18290816326530615 0.9581529581529582 0.015816326530612247 0.05339105339105339
162 0.20612244897959187 0.9498556998556998 0.0163265306122449 0.06421356421356421
163 0.22500000000000003 0.9484126984126984 0.01326530612244898 0.06854256854256854
164 0.2459183673469388 0.9462481962481962 0.012244897959183675 0.07142857142857142
104 0.2663265306122449 0.9621212121212122 0.01326530612244898 0.06277056277056277
134 0.40076530612244904 0.9476911976911977 0.01785714285714286 0.06854256854256854
15 0.44719387755102047 0.9841269841269841 0.010714285714285714 0.031746031746031744
129 0.46147959183673476 0.9613997113997114 0.013775510204081635 0.06565656565656566
21 0.5418367346938776 0.9570707070707071 0.012244897959183675 0.025252525252525252
17 0.6104591836734694 0.9743867243867244 0.00969387755102041 0.03968253968253968
131 0.6270408163265306 0.9570707070707071 0.020408163265306124 0.051226551226551224
130 0.7043367346938776 0.9595959595959596 0.01683673469387755 0.05772005772005772
161 0.743622448979592 0.9559884559884559 0.013775510204081635 0.05483405483405483
162 0.7660714285714286 0.9563492063492064 0.015816326530612247 0.051226551226551224
161 0.7852040816326531 0.9567099567099567 0.014285714285714287 0.05194805194805195
160 0.8056122448979592 0.9595959595959596 0.01326530612244898 0.05772005772005772
15 0.8201530612244898 0.9837662337662337 0.010714285714285714 0.032467532467532464
129 0.8362244897959185 0.95995670995671 0.018367346938775512 0.06854256854256854
164 0.8750000000000001 0.9462481962481962 0.01326530612244898 0.07142857142857142
165 0.8948979591836735 0.9635642135642135 0.012244897959183675 0.06565656565656566
164 0.9150510204081633 0.9653679653679653 0.012755102040816327 0.06926406926406926
163 0.9344387755102042 0.9653679653679653 0.015816326530612247 0.06926406926406926
