12 0.6063775510204082 0.11507936507936507 0.008673469387755102 0.046897546897546896
12 0.9517857142857143 0.11616161616161616 0.007653061224489797 0.049062049062049064
12 0.048214285714285716 0.11616161616161616 0.007653061224489797 0.047619047619047616
12 0.27602040816326534 0.11580086580086581 0.00816326530612245 0.046897546897546896
12 0.4344387755102041 0.11580086580086581 0.008673469387755102 0.046897546897546896
12 0.777295918367347 0.11544011544011544 0.008673469387755102 0.046176046176046176
12 0.4344387755102041 0.240981240981241 0.007653061224489797 0.047619047619047616
12 0.6063775510204082 0.2417027417027417 0.007653061224489797 0.049062049062049064
12 0.9517857142857143 0.2417027417027417 0.007653061224489797 0.049062049062049064
12 0.048214285714285716 0.24206349206349206 0.00663265306122449 0.048340548340548344
12 0.276530612244898 0.24206349206349206 0.009183673469387756 0.048340548340548344
12 0.777295918367347 0.2417027417027417 0.007653061224489797 0.047619047619047616
12 0.27627551020408164 0.3582251082251082 0.008673469387755102 0.048340548340548344
12 0.04872448979591837 0.35894660894660896 0.00663265306122449 0.048340548340548344
12 0.43469387755102046 0.35858585858585856 0.00816326530612245 0.047619047619047616
12 0.7770408163265307 0.3582251082251082 0.00816326530612245 0.046897546897546896
12 0.6061224489795919 0.3593073593073593 0.0071428571428571435 0.047619047619047616
12 0.9517857142857143 0.3593073593073593 0.007653061224489797 0.047619047619047616
12 0.9515306122448981 0.6244588744588745 0.009183673469387756 0.048340548340548344
12 0.048214285714285716 0.6248196248196248 0.007653061224489797 0.047619047619047616
12 0.5283163265306123 0.6244588744588745 0.008673469387755102 0.046897546897546896
12 0.7451530612244899 0.6244588744588745 0.008673469387755102 0.046897546897546896
12 0.3112244897959184 0.6277056277056277 0.00816326530612245 0.04184704184704185
12 0.9520408163265307 0.7503607503607503 0.0071428571428571435 0.049062049062049064
12 0.048214285714285716 0.7510822510822511 0.00663265306122449 0.049062049062049064
12 0.3112244897959184 0.7503607503607503 0.00816326530612245 0.047619047619047616
12 0.7451530612244899 0.7503607503607503 0.008673469387755102 0.047619047619047616
12 0.528061224489796 0.7507215007215007 0.00816326530612245 0.046897546897546896
12 0.048469387755102046 0.8679653679653679 0.006122448979591837 0.047619047619047616
12 0.3109693877551021 0.8676046176046176 0.008673469387755102 0.046897546897546896
12 0.5278061224489796 0.8676046176046176 0.007653061224489797 0.046897546897546896
12 0.7448979591836735 0.8683261183261183 0.0071428571428571435 0.048340548340548344
12 0.9512755102040817 0.8683261183261183 0.007653061224489797 0.046897546897546896
27 0.06377551020408163 0.11507936507936507 0.02653061224489796 0.05266955266955267
15 0.08826530612244898 0.10461760461760462 0.012244897959183675 0.03896103896103896
18 0.1844387755102041 0.10678210678210678 0.01785714285714286 0.01443001443001443
19 0.2920918367346939 0.11363636363636363 0.018877551020408164 0.015151515151515152
20 0.35561224489795923 0.11471861471861472 0.011224489795918368 0.03751803751803752
137 0.3959183673469388 0.11616161616161616 0.012244897959183675 0.05194805194805195
17 0.40816326530612246 0.10425685425685426 0.00816326530612245 0.03968253968253968
136 0.41836734693877553 0.11724386724386725 0.015306122448979593 0.05411255411255411
104 0.4484693877551021 0.12193362193362194 0.01326530612244898 0.06349206349206349
102 0.48596938775510207 0.11038961038961038 0.012755102040816327 0.06204906204906205
109 0.5288265306122449 0.1075036075036075 0.013775510204081635 0.06926406926406926
106 0.567857142857143 0.11616161616161616 0.01326530612244898 0.050505050505050504
104 0.6209183673469388 0.12193362193362194 0.01326530612244898 0.06349206349206349
134 0.6627551020408163 0.10858585858585859 0.0163265306122449 0.06421356421356421
133 0.6836734693877552 0.11002886002886003 0.01326530612244898 0.06421356421356421
106 0.7040816326530613 0.11580086580086581 0.01326530612244898 0.051226551226551224
106 0.7433673469387756 0.11616161616161616 0.01326530612244898 0.050505050505050504
106 0.7966836734693878 0.11616161616161616 0.012755102040816327 0.050505050505050504
17 0.8244897959183675 0.10461760461760462 0.00816326530612245 0.0404040404040404
136 0.8359693877551021 0.11796536796536797 0.012755102040816327 0.05411255411255411
135 0.8540816326530613 0.11832611832611832 0.015306122448979593 0.05627705627705628
136 0.8790816326530613 0.11688311688311688 0.012244897959183675 0.05339105339105339
137 0.8966836734693878 0.11580086580086581 0.015816326530612247 0.051226551226551224
107 0.9178571428571429 0.11327561327561328 0.012244897959183675 0.05772005772005772
26 0.06556122448979593 0.24025974025974026 0.025 0.08946608946608947
15 0.08852040816326531 0.21825396825396826 0.011734693877551022 0.03823953823953824
17 0.10816326530612246 0.21861471861471862 0.00816326530612245 0.03896103896103896
107 0.12015306122448981 0.23881673881673882 0.013775510204081635 0.05772005772005772
78 0.16122448979591839 0.2417027417027417 0.01326530612244898 0.05194805194805195
105 0.2431122448979592 0.24458874458874458 0.012755102040816327 0.05772005772005772
105 0.29030612244897963 0.24458874458874458 0.01326530612244898 0.05772005772005772
135 0.31760204081632654 0.24783549783549783 0.012755102040816327 0.06421356421356421
134 0.33596938775510204 0.24963924963924963 0.015816326530612247 0.06637806637806638
133 0.3594387755102041 0.23556998556998557 0.01683673469387755 0.06421356421356421
132 0.377295918367347 0.23556998556998557 0.012755102040816327 0.06565656565656566
133 0.39668367346938777 0.23484848484848486 0.013775510204081635 0.0670995670995671
134 0.4198979591836735 0.2334054834054834 0.01326530612244898 0.06854256854256854
135 0.450765306122449 0.23376623376623376 0.01683673469387755 0.06637806637806638
132 0.4668367346938776 0.23556998556998557 0.01326530612244898 0.06565656565656566
133 0.4862244897959184 0.2352092352092352 0.01326530612244898 0.06493506493506493
134 0.5094387755102041 0.23556998556998557 0.012755102040816327 0.06421356421356421
135 0.5283163265306123 0.24386724386724387 0.012755102040816327 0.05627705627705628
136 0.5482142857142858 0.24206349206349206 0.012755102040816327 0.05266955266955267
137 0.5676020408163266 0.24134199134199133 0.012755102040816327 0.051226551226551224
17 0.5798469387755103 0.21861471861471862 0.007653061224489797 0.03751803751803752
138 0.589795918367347 0.23881673881673882 0.0163265306122449 0.05772005772005772
139 0.6211734693877552 0.23593073593073594 0.012755102040816327 0.06204906204906205
140 0.6408163265306123 0.23304473304473305 0.01326530612244898 0.06926406926406926
139 0.6596938775510205 0.2362914862914863 0.012244897959183675 0.06277056277056277
17 0.6724489795918368 0.21753246753246752 0.00816326530612245 0.03823953823953824
138 0.6818877551020409 0.23881673881673882 0.015816326530612247 0.05772005772005772
137 0.7040816326530613 0.2435064935064935 0.012244897959183675 0.05411255411255411
136 0.7237244897959184 0.24494949494949494 0.012755102040816327 0.05844155844155844
135 0.7431122448979592 0.24603174603174602 0.012755102040816327 0.06204906204906205
134 0.7614795918367347 0.2481962481962482 0.01479591836734694 0.06349206349206349
102 0.7971938775510204 0.23665223665223664 0.012755102040816327 0.06060606060606061
140 0.8362244897959185 0.23304473304473305 0.01326530612244898 0.06926406926406926
139 0.853826530612245 0.2362914862914863 0.01479591836734694 0.06277056277056277
17 0.8678571428571429 0.21825396825396826 0.00816326530612245 0.03968253968253968
138 0.8790816326530613 0.23917748917748918 0.012244897959183675 0.05844155844155844
137 0.8987244897959185 0.24134199134199133 0.012755102040816327 0.051226551226551224
136 0.9181122448979593 0.2427849927849928 0.012755102040816327 0.05411255411255411
135 0.9367346938775512 0.24386724386724387 0.015306122448979593 0.05627705627705628
27 0.0642857142857143 0.35858585858585856 0.025510204081632654 0.05194805194805195
15 0.08826530612244898 0.3477633477633478 0.012244897959183675 0.03896103896103896
126 0.12142857142857144 0.3722943722943723 0.018367346938775512 0.0836940836940837
133 0.1420918367346939 0.3556998556998557 0.013775510204081635 0.05916305916305916
134 0.16173469387755104 0.35209235209235207 0.01326530612244898 0.06637806637806638
135 0.18086734693877551 0.34884559884559885 0.012755102040816327 0.07287157287157287
17 0.19260204081632654 0.3474025974025974 0.007653061224489797 0.03968253968253968
136 0.20382653061224493 0.3621933621933622 0.012755102040816327 0.05772005772005772
135 0.22346938775510206 0.3611111111111111 0.01326530612244898 0.05555555555555555
136 0.24285714285714288 0.36075036075036077 0.01326530612244898 0.05483405483405483
137 0.26071428571428573 0.36038961038961037 0.0163265306122449 0.05411255411255411
107 0.29030612244897963 0.3560606060606061 0.01326530612244898 0.056998556998557
104 0.3178571428571429 0.36544011544011545 0.01326530612244898 0.06421356421356421
17 0.34540816326530616 0.3474025974025974 0.00816326530612245 0.03968253968253968
105 0.35688775510204085 0.3625541125541126 0.012755102040816327 0.056998556998557
106 0.39617346938775516 0.35894660894660896 0.013775510204081635 0.051226551226551224
100 0.4494897959183674 0.35894660894660896 0.014285714285714287 0.051226551226551224
130 0.48724489795918374 0.3625541125541126 0.0163265306122449 0.05844155844155844
17 0.4977040816326531 0.38961038961038963 0.007653061224489797 0.03896103896103896
129 0.5096938775510205 0.36507936507936506 0.01326530612244898 0.06204906204906205
128 0.5298469387755103 0.36796536796536794 0.01785714285714286 0.06782106782106782
129 0.5489795918367347 0.36507936507936506 0.01326530612244898 0.06349206349206349
128 0.567857142857143 0.36832611832611833 0.015306122448979593 0.06854256854256854
127 0.5913265306122449 0.37157287157287155 0.014285714285714287 0.0735930735930736
67 0.6219387755102042 0.3740981240981241 0.015306122448979593 0.08008658008658008
20 0.7028061224489797 0.3578643578643579 0.010714285714285714 0.03751803751803752
97 0.7438775510204082 0.36832611832611833 0.01326530612244898 0.06854256854256854
17 0.7857142857142858 0.38961038961038963 0.00816326530612245 0.03896103896103896
129 0.7984693877551021 0.36507936507936506 0.015306122448979593 0.06204906204906205
128 0.8165816326530613 0.36796536796536794 0.01479591836734694 0.06782106782106782
129 0.8364795918367348 0.3647186147186147 0.012755102040816327 0.06277056277056277
130 0.8563775510204082 0.3621933621933622 0.012755102040816327 0.05772005772005772
100 0.8793367346938776 0.3596681096681097 0.013775510204081635 0.051226551226551224
98 0.9186224489795919 0.36544011544011545 0.013775510204081635 0.06421356421356421
27 0.06403061224489796 0.6240981240981242 0.027040816326530614 0.05194805194805195
15 0.08826530612244898 0.6132756132756133 0.012244897959183675 0.03896103896103896
107 0.11938775510204083 0.6219336219336219 0.01326530612244898 0.05772005772005772
103 0.1691326530612245 0.6323953823953824 0.012755102040816327 0.06565656565656566
103 0.2191326530612245 0.6323953823953824 0.012755102040816327 0.06565656565656566
17 0.2571428571428572 0.612914862914863 0.00816326530612245 0.03968253968253968
105 0.26887755102040817 0.6280663780663781 0.012244897959183675 0.056998556998557
105 0.32729591836734695 0.6277056277056277 0.012755102040816327 0.05772005772005772
135 0.377295918367347 0.6316738816738817 0.012755102040816327 0.06421356421356421
134 0.40382653061224494 0.6327561327561327 0.015816326530612247 0.06637806637806638
135 0.43061224489795924 0.6277056277056277 0.01326530612244898 0.05627705627705628
17 0.44770408163265313 0.6132756132756133 0.007653061224489797 0.03896103896103896
136 0.45790816326530615 0.626984126984127 0.015816326530612247 0.05339105339105339
106 0.4841836734693878 0.6248196248196248 0.01326530612244898 0.050505050505050504
106 0.5446428571428572 0.6248196248196248 0.013775510204081635 0.050505050505050504
102 0.5984693877551021 0.6194083694083694 0.01326530612244898 0.06132756132756133
102 0.6482142857142857 0.6190476190476191 0.012755102040816327 0.06204906204906205
109 0.6977040816326531 0.6168831168831169 0.01479591836734694 0.0707070707070707
109 0.7614795918367347 0.6168831168831169 0.01479591836734694 0.06926406926406926
80 0.8114795918367348 0.6190476190476191 0.013775510204081635 0.06493506493506493
107 0.9086734693877552 0.6226551226551227 0.01326530612244898 0.05772005772005772
26 0.06479591836734694 0.7489177489177489 0.02448979591836735 0.08946608946608947
15 0.08877551020408164 0.7258297258297258 0.012244897959183675 0.03896103896103896
134 0.12244897959183675 0.7424242424242424 0.018367346938775512 0.06782106782106782
133 0.14489795918367349 0.7431457431457431 0.014285714285714287 0.06637806637806638
132 0.16964285714285715 0.7438672438672439 0.013775510204081635 0.06493506493506493
133 0.19438775510204084 0.7445887445887446 0.01326530612244898 0.06349206349206349
134 0.2191326530612245 0.7582972582972582 0.012755102040816327 0.06637806637806638
135 0.24387755102040817 0.7575757575757576 0.01326530612244898 0.06637806637806638
136 0.26862244897959187 0.7575757575757576 0.013775510204081635 0.06782106782106782
134 0.28979591836734697 0.7579365079365079 0.017346938775510204 0.06565656565656566
108 0.32729591836734695 0.7445887445887446 0.012755102040816327 0.06349206349206349
101 0.37806122448979596 0.7478354978354979 0.01326530612244898 0.056998556998557
101 0.4316326530612245 0.7478354978354979 0.01326530612244898 0.056998556998557
103 0.4841836734693878 0.759018759018759 0.01326530612244898 0.06637806637806638
76 0.5443877551020408 0.7561327561327561 0.01326530612244898 0.06204906204906205
20 0.6461734693877551 0.7492784992784993 0.011734693877551022 0.0367965367965368
106 0.6977040816326531 0.7503607503607503 0.013775510204081635 0.050505050505050504
136 0.7612244897959184 0.7503607503607503 0.01326530612244898 0.05194805194805195
137 0.7859693877551022 0.75 0.012755102040816327 0.051226551226551224
138 0.8112244897959184 0.7481962481962482 0.01326530612244898 0.05772005772005772
139 0.8336734693877552 0.7449494949494949 0.0163265306122449 0.06277056277056277
135 0.8586734693877551 0.7532467532467533 0.01326530612244898 0.05627705627705628
136 0.8836734693877552 0.7510822510822511 0.01326530612244898 0.05194805194805195
137 0.9081632653061226 0.7503607503607503 0.01326530612244898 0.050505050505050504
138 0.9313775510204082 0.7478354978354979 0.01683673469387755 0.056998556998557
27 0.06479591836734694 0.8668831168831169 0.025510204081632654 0.051226551226551224
15 0.08852040816326531 0.8564213564213564 0.012755102040816327 0.03896103896103896
71 0.12015306122448981 0.8704906204906205 0.013775510204081635 0.056998556998557
20 0.2178571428571429 0.8665223665223665 0.011224489795918368 0.03751803751803752
101 0.2696428571428572 0.8654401154401155 0.013775510204081635 0.056998556998557
133 0.32729591836734695 0.8759018759018758 0.013775510204081635 0.06637806637806638
134 0.3525510204081633 0.8740981240981242 0.01326530612244898 0.06277056277056277
135 0.37704081632653064 0.873015873015873 0.01326530612244898 0.05916305916305916
17 0.3943877551020408 0.8564213564213564 0.00816326530612245 0.03896103896103896
136 0.40408163265306124 0.8715728715728716 0.0163265306122449 0.05627705627705628
137 0.43086734693877554 0.8683261183261183 0.012755102040816327 0.051226551226551224
138 0.4591836734693878 0.8668831168831169 0.01326530612244898 0.05988455988455989
137 0.4841836734693878 0.8701298701298701 0.01326530612244898 0.05483405483405483
136 0.5073979591836735 0.8708513708513709 0.01683673469387755 0.05627705627705628
135 0.5446428571428572 0.8748196248196248 0.013775510204081635 0.06421356421356421
17 0.5614795918367348 0.8564213564213564 0.008673469387755102 0.0404040404040404
136 0.5732142857142858 0.8759018759018758 0.012755102040816327 0.06637806637806638
135 0.5979591836734695 0.8755411255411255 0.01326530612244898 0.0670995670995671
134 0.6214285714285714 0.8766233766233766 0.0163265306122449 0.06782106782106782
133 0.65 0.8654401154401155 0.0163265306122449 0.05555555555555555
132 0.6729591836734694 0.8676046176046176 0.01326530612244898 0.05266955266955267
131 0.6977040816326531 0.8683261183261183 0.013775510204081635 0.05266955266955267
130 0.7227040816326531 0.8719336219336219 0.013775510204081635 0.05844155844155844
98 0.7614795918367347 0.8740981240981242 0.013775510204081635 0.06421356421356421
103 0.8112244897959184 0.8759018759018758 0.01326530612244898 0.06637806637806638
97 0.8586734693877551 0.8766233766233766 0.014285714285714287 0.06926406926406926
102 0.9091836734693879 0.8621933621933622 0.01326530612244898 0.06204906204906205
