12 0.2306122448979592 0.017676767676767676 0.009183673469387756 0.03391053391053391
12 0.5035714285714287 0.017676767676767676 0.00816326530612245 0.03391053391053391
12 0.6237244897959184 0.017676767676767676 0.007653061224489797 0.03391053391053391
12 0.7349489795918368 0.017676767676767676 0.008673469387755102 0.03391053391053391
12 0.9512755102040817 0.017676767676767676 0.008673469387755102 0.03391053391053391
12 0.048469387755102046 0.18686868686868688 0.0071428571428571435 0.049062049062049064
12 0.6237244897959184 0.1865079365079365 0.008673469387755102 0.048340548340548344
12 0.7349489795918368 0.1865079365079365 0.008673469387755102 0.048340548340548344
12 0.9512755102040817 0.1865079365079365 0.008673469387755102 0.048340548340548344
12 0.2306122448979592 0.18686868686868688 0.00816326530612245 0.047619047619047616
12 0.3760204081632653 0.18686868686868688 0.00816326530612245 0.047619047619047616
12 0.5035714285714287 0.18686868686868688 0.00816326530612245 0.047619047619047616
2 0.09158163265306123 0.36183261183261184 0.01683673469387755 0.046897546897546896
12 0.048469387755102046 0.36327561327561325 0.0071428571428571435 0.048340548340548344
12 0.7349489795918368 0.36327561327561325 0.008673469387755102 0.048340548340548344
12 0.2306122448979592 0.36327561327561325 0.00816326530612245 0.046897546897546896
12 0.3760204081632653 0.36327561327561325 0.00816326530612245 0.046897546897546896
12 0.5035714285714287 0.36363636363636365 0.00816326530612245 0.047619047619047616
12 0.6237244897959184 0.36327561327561325 0.008673469387755102 0.046897546897546896
12 0.9512755102040817 0.36363636363636365 0.008673469387755102 0.047619047619047616
2 0.09158163265306123 0.5263347763347763 0.01683673469387755 0.046897546897546896
12 0.7349489795918368 0.5396825396825397 0.00969387755102041 0.049062049062049064
12 0.9512755102040817 0.5396825396825397 0.008673469387755102 0.049062049062049064
12 0.048469387755102046 0.54004329004329 0.0071428571428571435 0.048340548340548344
12 0.23035714285714287 0.5393217893217893 0.007653061224489797 0.046897546897546896
12 0.5038265306122449 0.5396825396825397 0.008673469387755102 0.046176046176046176
12 0.6239795918367348 0.54004329004329 0.009183673469387756 0.046897546897546896
12 0.3762755102040817 0.5407647907647908 0.008673469387755102 0.046897546897546896
2 0.09132653061224491 0.7027417027417028 0.017346938775510204 0.047619047619047616
12 0.9512755102040817 0.7164502164502164 0.008673469387755102 0.049062049062049064
12 0.048214285714285716 0.7168109668109668 0.00663265306122449 0.048340548340548344
12 0.6234693877551021 0.7168109668109668 0.00816326530612245 0.048340548340548344
12 0.7349489795918368 0.7168109668109668 0.008673469387755102 0.048340548340548344
12 0.2306122448979592 0.7168109668109668 0.00816326530612245 0.046897546897546896
12 0.3760204081632653 0.7171717171717171 0.00816326530612245 0.047619047619047616
12 0.5035714285714287 0.7168109668109668 0.00816326530612245 0.046897546897546896
18 0.5637755102040817 0.003968253968253968 0.015306122448979593 0.006493506493506494
18 0.6790816326530613 0.003968253968253968 0.015306122448979593 0.006493506493506494
18 0.7727040816326531 0.004329004329004329 0.015816326530612247 0.007215007215007215
18 0.888265306122449 0.003968253968253968 0.015306122448979593 0.006493506493506494
26 0.06505102040816327 0.18795093795093795 0.02295918367346939 0.07575757575757576
18 0.16403061224489798 0.1774891774891775 0.01683673469387755 0.015873015873015872
18 0.30306122448979594 0.1774891774891775 0.0163265306122449 0.012987012987012988
18 0.439795918367347 0.1774891774891775 0.0163265306122449 0.012987012987012988
18 0.5635204081632653 0.1774891774891775 0.015816326530612247 0.012987012987012988
18 0.6790816326530613 0.1774891774891775 0.0163265306122449 0.012987012987012988
18 0.7729591836734695 0.17784992784992784 0.017346938775510204 0.013708513708513708
18 0.8880102040816328 0.1774891774891775 0.01683673469387755 0.01443001443001443
27 0.06505102040816327 0.3625541125541126 0.023979591836734697 0.051226551226551224
18 0.1642857142857143 0.3538961038961039 0.0163265306122449 0.013708513708513708
18 0.30306122448979594 0.35425685425685427 0.0163265306122449 0.012987012987012988
18 0.439795918367347 0.35425685425685427 0.0163265306122449 0.012987012987012988
18 0.5635204081632653 0.35425685425685427 0.015816326530612247 0.012987012987012988
18 0.6790816326530613 0.35425685425685427 0.0163265306122449 0.012987012987012988
18 0.7729591836734695 0.354978354978355 0.017346938775510204 0.01443001443001443
106 0.8380102040816327 0.36327561327561325 0.011734693877551022 0.051226551226551224
107 0.8681122448979592 0.3611111111111111 0.011734693877551022 0.056998556998557
108 0.8974489795918368 0.3575036075036075 0.012244897959183675 0.06277056277056277
109 0.9270408163265307 0.3546176046176046 0.012244897959183675 0.06854256854256854
26 0.06505102040816327 0.5407647907647908 0.023979591836734697 0.0772005772005772
108 0.12423469387755103 0.5339105339105339 0.011734693877551022 0.06349206349206349
81 0.1556122448979592 0.5313852813852814 0.0163265306122449 0.06998556998556998
139 0.1971938775510204 0.5342712842712842 0.011734693877551022 0.06277056277056277
140 0.21530612244897962 0.5310245310245311 0.0163265306122449 0.06782106782106782
139 0.24387755102040817 0.5346320346320347 0.011224489795918368 0.06204906204906205
137 0.26045918367346943 0.5396825396825397 0.013775510204081635 0.050505050505050504
107 0.2813775510204082 0.5371572871572872 0.011734693877551022 0.056998556998557
138 0.3107142857142857 0.5371572871572872 0.011224489795918368 0.056998556998557
137 0.32831632653061227 0.5396825396825397 0.013775510204081635 0.050505050505050504
108 0.35127551020408165 0.5342712842712842 0.011734693877551022 0.06277056277056277
108 0.389030612244898 0.5342712842712842 0.011734693877551022 0.06277056277056277
108 0.41938775510204085 0.5342712842712842 0.012244897959183675 0.06277056277056277
109 0.44897959183673475 0.5317460317460317 0.014285714285714287 0.06926406926406926
110 0.4785714285714286 0.5284992784992785 0.01326530612244898 0.07575757575757576
83 0.5188775510204082 0.525974025974026 0.017346938775510204 0.0808080808080808
142 0.5607142857142857 0.5248917748917749 0.01326530612244898 0.08008658008658008
141 0.5785714285714286 0.5277777777777778 0.015306122448979593 0.07431457431457432
109 0.5992346938775511 0.5313852813852814 0.013775510204081635 0.06854256854256854
108 0.6367346938775511 0.5342712842712842 0.012244897959183675 0.06277056277056277
107 0.6665816326530613 0.5375180375180375 0.011734693877551022 0.05627705627705628
79 0.6979591836734694 0.5371572871572872 0.014285714285714287 0.056998556998557
52 0.7599489795918368 0.54004329004329 0.01785714285714286 0.051226551226551224
18 0.8880102040816328 0.5306637806637806 0.01683673469387755 0.013708513708513708
26 0.06505102040816327 0.7175324675324676 0.02295918367346939 0.07575757575757576
18 0.16454081632653061 0.7074314574314574 0.01683673469387755 0.013708513708513708
18 0.30306122448979594 0.7070707070707071 0.0163265306122449 0.012987012987012988
18 0.439795918367347 0.7074314574314574 0.0163265306122449 0.013708513708513708
18 0.5632653061224491 0.7074314574314574 0.0163265306122449 0.012265512265512266
18 0.6793367346938776 0.7074314574314574 0.015816326530612247 0.012265512265512266
18 0.7729591836734695 0.7081529581529582 0.017346938775510204 0.013708513708513708
18 0.8880102040816328 0.7077922077922078 0.01785714285714286 0.01443001443001443
