12 0.09591836734693879 0.05808080808080808 0.018367346938775512 0.048340548340548344
12 0.5341836734693878 0.0588023088023088 0.015306122448979593 0.046897546897546896
12 0.09540816326530613 0.18795093795093795 0.015306122448979593 0.046897546897546896
12 0.5341836734693878 0.18831168831168832 0.015306122448979593 0.046176046176046176
12 0.8658163265306124 0.18867243867243869 0.015306122448979593 0.046897546897546896
14 0.6816326530612246 0.18253968253968253 0.014285714285714287 0.0101010101010101
12 0.09540816326530613 0.4805194805194805 0.015306122448979593 0.049062049062049064
12 0.7418367346938776 0.4801587301587302 0.014285714285714287 0.048340548340548344
12 0.44489795918367353 0.48088023088023085 0.0163265306122449 0.046897546897546896
14 0.31734693877551023 0.474025974025974 0.014285714285714287 0.0101010101010101
14 0.5112244897959184 0.4743867243867244 0.014285714285714287 0.010822510822510822
12 0.09591836734693879 0.61002886002886 0.0163265306122449 0.048340548340548344
12 0.4454081632653062 0.61002886002886 0.015306122448979593 0.048340548340548344
12 0.7423469387755103 0.6103896103896104 0.017346938775510204 0.049062049062049064
12 0.09591836734693879 0.7391774891774892 0.018367346938775512 0.048340548340548344
12 0.44489795918367353 0.7395382395382395 0.0163265306122449 0.047619047619047616
12 0.7418367346938776 0.73989898989899 0.0163265306122449 0.048340548340548344
12 0.4438775510204082 0.8690476190476191 0.0163265306122449 0.048340548340548344
12 0.7428571428571429 0.8694083694083694 0.0163265306122449 0.047619047619047616
12 0.09540816326530613 0.8694083694083694 0.015306122448979593 0.046176046176046176
14 0.8816326530612246 0.8755411255411255 0.014285714285714287 0.00937950937950938
14 0.31734693877551023 0.9116161616161617 0.014285714285714287 0.010822510822510822
14 0.5117346938775511 0.911976911976912 0.01326530612244898 0.011544011544011544
28 0.13112244897959185 0.0588023088023088 0.05204081632653062 0.051226551226551224
104 0.2035714285714286 0.06457431457431458 0.02755102040816327 0.06277056277056277
102 0.30153061224489797 0.05266955266955267 0.025510204081632654 0.06204906204906205
101 0.42908163265306126 0.05627705627705628 0.025510204081632654 0.05627705627705628
15 0.5561224489795918 0.04112554112554113 0.02448979591836735 0.03751803751803752
106 0.5826530612244899 0.05844155844155844 0.02653061224489796 0.050505050505050504
136 0.6586734693877552 0.06204906204906205 0.025510204081632654 0.05772005772005772
15 0.6959183673469388 0.0588023088023088 0.022448979591836737 0.0367965367965368
134 0.7193877551020409 0.0652958152958153 0.030612244897959186 0.06421356421356421
132 0.7739795918367348 0.05519480519480519 0.0336734693877551 0.056998556998557
134 0.8239795918367347 0.05303030303030303 0.025510204081632654 0.06277056277056277
15 0.888265306122449 0.07647907647907648 0.02142857142857143 0.03896103896103896
131 0.9224489795918368 0.05808080808080808 0.03877551020408164 0.051226551226551224
21 0.964795918367347 0.03571428571428571 0.023469387755102045 0.025252525252525252
27 0.13010204081632654 0.18831168831168832 0.05 0.05194805194805195
132 0.20408163265306123 0.18578643578643578 0.02653061224489796 0.056998556998557
15 0.27448979591836736 0.19444444444444445 0.02448979591836735 0.03823953823953824
102 0.3020408163265306 0.1821789321789322 0.02653061224489796 0.06132756132756133
15 0.40102040816326534 0.17676767676767677 0.022448979591836737 0.03751803751803752
105 0.42806122448979594 0.1911976911976912 0.025510204081632654 0.05627705627705628
101 0.5831632653061225 0.18614718614718614 0.025510204081632654 0.05483405483405483
104 0.6591836734693878 0.19444444444444445 0.02653061224489796 0.06277056277056277
21 0.8209183673469389 0.1645021645021645 0.02142857142857143 0.024531024531024532
128 0.9209183673469389 0.19733044733044733 0.04183673469387755 0.06998556998556998
21 0.964795918367347 0.16522366522366522 0.02142857142857143 0.024531024531024532
26 0.13010204081632654 0.4790764790764791 0.047959183673469394 0.08946608946608947
21 0.20102040816326533 0.48124098124098125 0.022448979591836737 0.024531024531024532
133 0.25867346938775515 0.47474747474747475 0.03571428571428572 0.06204906204906205
104 0.29540816326530617 0.48593073593073594 0.025510204081632654 0.06132756132756133
132 0.4188775510204082 0.47799422799422797 0.03775510204081633 0.05555555555555555
16 0.4627551020408164 0.4736652236652237 0.01938775510204082 0.032467532467532464
103 0.488265306122449 0.4884559884559885 0.025510204081632654 0.06493506493506493
131 0.6346938775510205 0.4805194805194805 0.03877551020408164 0.05194805194805195
102 0.6698979591836736 0.474025974025974 0.025510204081632654 0.06060606060606061
133 0.7714285714285715 0.47835497835497837 0.030612244897959186 0.05339105339105339
130 0.8188775510204083 0.48412698412698413 0.02755102040816327 0.05916305916305916
132 0.8617346938775511 0.4790764790764791 0.031632653061224494 0.05339105339105339
131 0.8984693877551021 0.48088023088023085 0.025510204081632654 0.05411255411255411
131 0.941326530612245 0.4805194805194805 0.0336734693877551 0.05194805194805195
130 0.9862244897959185 0.4837662337662338 0.023469387755102045 0.056998556998557
26 0.13010204081632654 0.6085858585858586 0.047959183673469394 0.08874458874458875
21 0.20102040816326533 0.6107503607503607 0.022448979591836737 0.023809523809523808
131 0.25918367346938775 0.61002886002886 0.03877551020408164 0.051226551226551224
133 0.2994897959183674 0.6067821067821068 0.031632653061224494 0.05483405483405483
132 0.3346938775510204 0.6075036075036075 0.02653061224489796 0.05627705627705628
133 0.3734693877551021 0.6075036075036075 0.02653061224489796 0.05627705627705628
132 0.413265306122449 0.6075036075036075 0.02653061224489796 0.05627705627705628
131 0.4923469387755102 0.61002886002886 0.03571428571428572 0.051226551226551224
130 0.5423469387755102 0.6132756132756133 0.02755102040816327 0.05772005772005772
131 0.5816326530612246 0.6093073593073594 0.02653061224489796 0.051226551226551224
130 0.629591836734694 0.6136363636363636 0.028571428571428574 0.05844155844155844
130 0.6724489795918368 0.6132756132756133 0.0326530612244898 0.05772005772005772
129 0.7096938775510204 0.6168831168831169 0.02755102040816327 0.06493506493506493
129 0.7714285714285715 0.6161616161616161 0.0326530612244898 0.06349206349206349
16 0.7928571428571429 0.6327561327561327 0.0163265306122449 0.031746031746031744
129 0.8204081632653062 0.6165223665223665 0.02653061224489796 0.06421356421356421
129 0.8627551020408164 0.6161616161616161 0.031632653061224494 0.06349206349206349
128 0.8984693877551021 0.6183261183261183 0.031632653061224494 0.06782106782106782
128 0.9392857142857144 0.6186868686868687 0.03571428571428572 0.06854256854256854
16 0.9622448979591838 0.6439393939393939 0.0163265306122449 0.031024531024531024
127 0.9841836734693878 0.6208513708513709 0.023469387755102045 0.07431457431457432
28 0.1306122448979592 0.7388167388167388 0.05102040816326531 0.050505050505050504
21 0.20051020408163267 0.7164502164502164 0.023469387755102045 0.024531024531024532
133 0.25918367346938775 0.7341269841269841 0.036734693877551024 0.06277056277056277
137 0.2948979591836735 0.740981240981241 0.02448979591836735 0.05339105339105339
136 0.3336734693877551 0.7417027417027418 0.02653061224489796 0.05339105339105339
137 0.3729591836734694 0.7406204906204906 0.025510204081632654 0.05266955266955267
136 0.4091836734693878 0.7413419913419913 0.0326530612244898 0.05411255411255411
134 0.48775510204081635 0.7478354978354979 0.02653061224489796 0.06565656565656566
15 0.516326530612245 0.7391774891774892 0.020408163265306124 0.0367965367965368
134 0.5413265306122449 0.7474747474747475 0.025510204081632654 0.06493506493506493
135 0.5801020408163265 0.7478354978354979 0.025510204081632654 0.06565656565656566
17 0.604591836734694 0.7384559884559885 0.015306122448979593 0.03823953823953824
134 0.6244897959183674 0.7474747474747475 0.030612244897959186 0.06637806637806638
134 0.6739795918367347 0.733044733044733 0.031632653061224494 0.06493506493506493
133 0.7091836734693878 0.7337662337662337 0.02653061224489796 0.06349206349206349
133 0.7698979591836735 0.7341269841269841 0.02959183673469388 0.06421356421356421
16 0.7933673469387755 0.7377344877344877 0.01938775510204082 0.032467532467532464
133 0.8193877551020409 0.7337662337662337 0.02653061224489796 0.06349206349206349
133 0.8622448979591838 0.7373737373737373 0.030612244897959186 0.05627705627705628
132 0.8984693877551021 0.7388167388167388 0.025510204081632654 0.05339105339105339
132 0.941326530612245 0.7388167388167388 0.0336734693877551 0.05339105339105339
131 0.9862244897959185 0.73989898989899 0.023469387755102045 0.05411255411255411
27 0.12908163265306125 0.8697691197691197 0.05 0.051226551226551224
127 0.20612244897959187 0.8813131313131313 0.03469387755102041 0.07431457431457432
16 0.22755102040816327 0.9044011544011544 0.018367346938775512 0.032467532467532464
127 0.2540816326530613 0.8809523809523809 0.02653061224489796 0.07503607503607504
95 0.2948979591836735 0.8845598845598845 0.030612244897959186 0.0808080808080808
133 0.41938775510204085 0.8636363636363636 0.03877551020408164 0.06204906204906205
95 0.48877551020408166 0.8841991341991342 0.0326530612244898 0.08152958152958154
133 0.6336734693877552 0.863997113997114 0.03469387755102041 0.06277056277056277
67 0.6698979591836736 0.8852813852813853 0.02959183673469388 0.0808080808080808
126 0.7714285714285715 0.8841991341991342 0.0326530612244898 0.08152958152958154
133 0.8188775510204083 0.8668831168831169 0.025510204081632654 0.05555555555555555
101 0.8602040816326532 0.863997113997114 0.02653061224489796 0.06277056277056277
