1 0.09770408163265307 0.10245310245310245 0.030102040816326534 0.06060606060606061
12 0.32806122448979597 0.12012987012987013 0.009183673469387756 0.048340548340548344
12 0.5377551020408163 0.12085137085137085 0.009183673469387756 0.048340548340548344
12 0.7408163265306124 0.12085137085137085 0.009183673469387756 0.048340548340548344
12 0.9512755102040817 0.1204906204906205 0.00969387755102041 0.047619047619047616
12 0.047704081632653064 0.12157287157287157 0.007653061224489797 0.048340548340548344
14 0.36071428571428577 0.13852813852813853 0.0071428571428571435 0.0101010101010101
1 0.0979591836734694 0.44733044733044736 0.030612244897959186 0.06204906204906205
12 0.32806122448979597 0.4657287157287157 0.00816326530612245 0.048340548340548344
12 0.5372448979591837 0.4653679653679654 0.00816326530612245 0.047619047619047616
12 0.7410714285714286 0.4653679653679654 0.008673469387755102 0.047619047619047616
12 0.9517857142857143 0.4653679653679654 0.008673469387755102 0.047619047619047616
12 0.047704081632653064 0.46645021645021645 0.007653061224489797 0.048340548340548344
14 0.15025510204081635 0.4595959595959596 0.00663265306122449 0.0101010101010101
14 0.6635204081632654 0.4595959595959596 0.00663265306122449 0.0101010101010101
14 0.5630102040816327 0.4715007215007215 0.00663265306122449 0.00937950937950938
1 0.09770408163265307 0.7987012987012987 0.030102040816326534 0.06060606060606061
12 0.047704081632653064 0.810966810966811 0.008673469387755102 0.049062049062049064
12 0.32806122448979597 0.8106060606060606 0.009183673469387756 0.048340548340548344
12 0.5375000000000001 0.8106060606060606 0.007653061224489797 0.048340548340548344
12 0.7408163265306124 0.8102453102453102 0.00816326530612245 0.047619047619047616
12 0.9515306122448981 0.8106060606060606 0.00816326530612245 0.046897546897546896
26 0.06505102040816327 0.11868686868686869 0.023979591836734697 0.09163059163059163
102 0.13903061224489796 0.11363636363636363 0.013775510204081635 0.06277056277056277
101 0.19821428571428573 0.1176046176046176 0.012755102040816327 0.05772005772005772
133 0.26862244897959187 0.11796536796536797 0.015816326530612247 0.05555555555555555
126 0.2997448979591837 0.1349206349206349 0.015816326530612247 0.08225108225108226
17 0.33698979591836736 0.1378066378066378 0.008673469387755102 0.03896103896103896
72 0.34974489795918373 0.11976911976911978 0.013775510204081635 0.050505050505050504
136 0.553826530612245 0.10966810966810966 0.01683673469387755 0.0735930735930736
135 0.5770408163265307 0.11002886002886003 0.01326530612244898 0.07287157287157287
136 0.6188775510204082 0.11002886002886003 0.014285714285714287 0.07287157287157287
129 0.6520408163265307 0.11652236652236653 0.014285714285714287 0.08441558441558442
17 0.6673469387755102 0.09740259740259741 0.009183673469387756 0.0404040404040404
138 0.678826530612245 0.1176046176046176 0.012755102040816327 0.05772005772005772
137 0.7094387755102042 0.12085137085137085 0.01683673469387755 0.051226551226551224
17 0.7494897959183674 0.09776334776334776 0.00816326530612245 0.03968253968253968
138 0.7617346938775511 0.12229437229437229 0.01326530612244898 0.06565656565656566
17 0.790561224489796 0.13816738816738816 0.007653061224489797 0.0367965367965368
131 0.8012755102040817 0.13383838383838384 0.01479591836734694 0.0772005772005772
139 0.8446428571428573 0.11544011544011544 0.013775510204081635 0.06637806637806638
132 0.8783163265306123 0.13131313131313133 0.01683673469387755 0.07215007215007214
21 0.9127551020408164 0.12193362193362194 0.010204081632653062 0.024531024531024532
21 0.9336734693877552 0.12157287157287157 0.010204081632653062 0.025252525252525252
26 0.06479591836734694 0.4624819624819625 0.02448979591836735 0.09090909090909091
75 0.13852040816326533 0.47186147186147187 0.013775510204081635 0.06493506493506493
103 0.3487244897959184 0.4733044733044733 0.013775510204081635 0.06782106782106782
15 0.3946428571428572 0.47186147186147187 0.011734693877551022 0.03896103896103896
102 0.4086734693877551 0.4592352092352092 0.01326530612244898 0.06277056277056277
134 0.47729591836734697 0.4592352092352092 0.015816326530612247 0.06277056277056277
127 0.5091836734693878 0.4772727272727273 0.014285714285714287 0.07575757575757576
102 0.5520408163265307 0.4592352092352092 0.01326530612244898 0.06277056277056277
103 0.651530612244898 0.4733044733044733 0.01326530612244898 0.06637806637806638
105 0.7612244897959184 0.46825396825396826 0.01326530612244898 0.05627705627705628
17 0.8331632653061225 0.44264069264069267 0.00816326530612245 0.03968253968253968
105 0.8443877551020409 0.4613997113997114 0.012244897959183675 0.056998556998557
21 0.913265306122449 0.4660894660894661 0.011224489795918368 0.024531024531024532
21 0.9339285714285716 0.4660894660894661 0.010714285714285714 0.024531024531024532
28 0.06581632653061226 0.8102453102453102 0.02653061224489796 0.05194805194805195
17 0.12653061224489798 0.834054834054834 0.00816326530612245 0.03896103896103896
130 0.1413265306122449 0.8127705627705628 0.018367346938775512 0.05555555555555555
22 0.16173469387755104 0.7936507936507936 0.01326530612244898 0.03607503607503607
160 0.18086734693877551 0.8106060606060606 0.01683673469387755 0.06132756132756133
163 0.1979591836734694 0.8048340548340548 0.01326530612244898 0.06132756132756133
165 0.21734693877551023 0.7997835497835498 0.012244897959183675 0.07142857142857142
17 0.2313775510204082 0.7929292929292929 0.007653061224489797 0.03751803751803752
137 0.24285714285714288 0.8098845598845599 0.01326530612244898 0.049783549783549784
22 0.26581632653061227 0.7932900432900433 0.012244897959183675 0.03535353535353535
167 0.2826530612244898 0.8116883116883117 0.012244897959183675 0.05483405483405483
165 0.29923469387755103 0.8145743145743146 0.012755102040816327 0.06060606060606061
163 0.314795918367347 0.8174603174603174 0.015306122448979593 0.06493506493506493
161 0.3517857142857143 0.8102453102453102 0.018877551020408164 0.050505050505050504
22 0.37244897959183676 0.7936507936507936 0.012244897959183675 0.03607503607503607
163 0.38979591836734695 0.8170995670995671 0.012244897959183675 0.06421356421356421
165 0.40816326530612246 0.8138528138528138 0.01326530612244898 0.05916305916305916
17 0.42244897959183675 0.7932900432900433 0.00816326530612245 0.03968253968253968
167 0.43188775510204086 0.8113275613275613 0.015816326530612247 0.05266955266955267
138 0.4512755102040817 0.8073593073593074 0.012755102040816327 0.05627705627705628
22 0.4744897959183674 0.7932900432900433 0.012244897959183675 0.0367965367965368
168 0.4910714285714286 0.8091630591630592 0.011734693877551022 0.06132756132756133
167 0.5084183673469388 0.8145743145743146 0.012755102040816327 0.06060606060606061
165 0.5239795918367347 0.8163780663780664 0.015306122448979593 0.06277056277056277
133 0.5548469387755103 0.8041125541125541 0.018877551020408164 0.06277056277056277
22 0.5755102040816327 0.7936507936507936 0.011224489795918368 0.03607503607503607
169 0.5920918367346939 0.8059163059163059 0.011734693877551022 0.06637806637806638
17 0.6073979591836736 0.7932900432900433 0.008673469387755102 0.03968253968253968
167 0.6183673469387756 0.816017316017316 0.012244897959183675 0.06349206349206349
165 0.6336734693877552 0.8170995670995671 0.0163265306122449 0.06565656565656566
133 0.655357142857143 0.8037518037518038 0.018877551020408164 0.06204906204906205
22 0.6783163265306124 0.7932900432900433 0.011734693877551022 0.0367965367965368
169 0.6951530612244898 0.8044733044733045 0.011734693877551022 0.06349206349206349
167 0.7114795918367347 0.8102453102453102 0.012755102040816327 0.05339105339105339
165 0.727295918367347 0.8113275613275613 0.015816326530612247 0.05266955266955267
163 0.7647959183673471 0.8041125541125541 0.01938775510204082 0.06132756132756133
170 0.7844387755102041 0.8012265512265512 0.013775510204081635 0.06998556998556998
169 0.8012755102040817 0.8044733044733045 0.012755102040816327 0.06349206349206349
17 0.8163265306122449 0.7925685425685426 0.00816326530612245 0.03968253968253968
167 0.8260204081632654 0.810966810966811 0.0163265306122449 0.05194805194805195
165 0.8446428571428573 0.8167388167388168 0.013775510204081635 0.06349206349206349
170 0.8642857142857143 0.806998556998557 0.014285714285714287 0.08008658008658008
167 0.8798469387755102 0.816017316017316 0.012755102040816327 0.06349206349206349
165 0.8946428571428572 0.8163780663780664 0.015816326530612247 0.06277056277056277
21 0.9130102040816327 0.7871572871572872 0.00969387755102041 0.024531024531024532
21 0.9339285714285716 0.7871572871572872 0.010714285714285714 0.024531024531024532
