14 0.715561224489796 0.007936507936507936 0.00663265306122449 0.0101010101010101
7 0.09336734693877552 0.1176046176046176 0.022448979591836737 0.05627705627705628
12 0.04872448979591837 0.11868686868686869 0.00663265306122449 0.048340548340548344
12 0.5318877551020409 0.11832611832611832 0.008673469387755102 0.047619047619047616
12 0.9512755102040817 0.11904761904761904 0.008673469387755102 0.047619047619047616
7 0.09336734693877552 0.37012987012987014 0.02142857142857143 0.05483405483405483
12 0.048469387755102046 0.3841991341991342 0.0071428571428571435 0.048340548340548344
12 0.5336734693877552 0.3838383838383838 0.00816326530612245 0.047619047619047616
12 0.9515306122448981 0.3838383838383838 0.00816326530612245 0.047619047619047616
14 0.7250000000000001 0.3658008658008658 0.0071428571428571435 0.008658008658008658
14 0.28443877551020413 0.4018759018759019 0.007653061224489797 0.0101010101010101
14 0.7250000000000001 0.4015151515151515 0.0071428571428571435 0.00937950937950938
7 0.09336734693877552 0.5 0.022448979591836737 0.05627705627705628
12 0.04872448979591837 0.5010822510822511 0.00663265306122449 0.048340548340548344
12 0.5334183673469388 0.5010822510822511 0.008673469387755102 0.048340548340548344
12 0.9512755102040817 0.5014430014430015 0.008673469387755102 0.046176046176046176
7 0.09362244897959185 0.7536075036075036 0.021938775510204084 0.05555555555555555
12 0.048469387755102046 0.7662337662337663 0.0071428571428571435 0.049062049062049064
12 0.5216836734693878 0.7662337662337663 0.008673469387755102 0.049062049062049064
12 0.9520408163265307 0.7665945165945166 0.00816326530612245 0.048340548340548344
14 0.7086734693877552 0.7485569985569985 0.0071428571428571435 0.00937950937950938
14 0.8752551020408164 0.76010101010101 0.00663265306122449 0.00937950937950938
7 0.09336734693877552 0.8849206349206349 0.022448979591836737 0.05555555555555555
12 0.048469387755102046 0.886002886002886 0.006122448979591837 0.049062049062049064
12 0.5211734693877551 0.886002886002886 0.008673469387755102 0.046176046176046176
12 0.9515306122448981 0.8867243867243867 0.00816326530612245 0.047619047619047616
27 0.06479591836734694 0.11868686868686869 0.02448979591836735 0.051226551226551224
22 0.13239795918367347 0.12445887445887446 0.012755102040816327 0.03391053391053391
161 0.16964285714285715 0.11868686868686869 0.01683673469387755 0.05266955266955267
163 0.20612244897959187 0.11544011544011544 0.01326530612244898 0.05772005772005772
165 0.2441326530612245 0.11147186147186147 0.012755102040816327 0.06565656565656566
107 0.28035714285714286 0.11616161616161616 0.012755102040816327 0.05772005772005772
103 0.45178571428571435 0.12698412698412698 0.012755102040816327 0.06637806637806638
22 0.5568877551020409 0.12445887445887446 0.012755102040816327 0.03391053391053391
160 0.5946428571428573 0.12157287157287157 0.01785714285714286 0.05844155844155844
162 0.6308673469387756 0.11580086580086581 0.013775510204081635 0.05844155844155844
164 0.6686224489795919 0.11183261183261184 0.012755102040816327 0.06637806637806638
106 0.7053571428571429 0.11904761904761904 0.012755102040816327 0.050505050505050504
107 0.8341836734693878 0.11580086580086581 0.012244897959183675 0.056998556998557
26 0.0642857142857143 0.38492063492063494 0.022448979591836737 0.08441558441558442
161 0.3237244897959184 0.39790764790764793 0.018877551020408164 0.08008658008658008
189 0.36352040816326536 0.3968253968253968 0.012755102040816327 0.07647907647907648
188 0.3859693877551021 0.3961038961038961 0.012755102040816327 0.07503607503607504
189 0.4084183673469388 0.3968253968253968 0.012755102040816327 0.07647907647907648
190 0.43086734693877554 0.39646464646464646 0.012755102040816327 0.07575757575757576
189 0.45331632653061227 0.3968253968253968 0.012755102040816327 0.07647907647907648
188 0.47576530612244905 0.39574314574314573 0.012755102040816327 0.07575757575757576
189 0.4984693877551021 0.39646464646464646 0.012244897959183675 0.07575757575757576
190 0.5186224489795919 0.3961038961038961 0.01683673469387755 0.07503607503607504
22 0.7619897959183675 0.3658008658008658 0.011734693877551022 0.03607503607503607
20 0.7938775510204082 0.3621933621933622 0.011224489795918368 0.0404040404040404
17 0.8099489795918368 0.3841991341991342 0.007653061224489797 0.03391053391053391
189 0.8214285714285715 0.3961038961038961 0.012244897959183675 0.07503607503607504
190 0.8436224489795919 0.39574314574314573 0.012755102040816327 0.07575757575757576
189 0.8645408163265307 0.39646464646464646 0.015816326530612247 0.07575757575757576
165 0.8885204081632654 0.3961038961038961 0.012755102040816327 0.07647907647907648
165 0.9209183673469389 0.39574314574314573 0.017346938775510204 0.07575757575757576
27 0.06454081632653062 0.5014430014430015 0.025 0.05194805194805195
22 0.13214285714285715 0.5068542568542569 0.012244897959183675 0.03391053391053391
162 0.16632653061224492 0.5111832611832612 0.012244897959183675 0.06998556998556998
166 0.2028061224489796 0.5064935064935064 0.012755102040816327 0.06349206349206349
168 0.2362244897959184 0.49963924963924966 0.017346938775510204 0.05844155844155844
108 0.2737244897959184 0.49567099567099565 0.012755102040816327 0.06349206349206349
101 0.36403061224489797 0.49927849927849927 0.013775510204081635 0.05772005772005772
22 0.5637755102040817 0.5068542568542569 0.01326530612244898 0.03391053391053391
158 0.5997448979591837 0.5104617604617605 0.01785714285714286 0.06854256854256854
160 0.6352040816326531 0.5050505050505051 0.014285714285714287 0.05772005772005772
162 0.6714285714285715 0.5003607503607503 0.01326530612244898 0.05411255411255411
104 0.7068877551020408 0.5079365079365079 0.012755102040816327 0.06349206349206349
102 0.7951530612244899 0.49567099567099565 0.012755102040816327 0.06204906204906205
26 0.0642857142857143 0.7680375180375181 0.023469387755102045 0.08585858585858586
191 0.1298469387755102 0.7748917748917749 0.012755102040816327 0.07792207792207792
190 0.1510204081632653 0.7763347763347763 0.01326530612244898 0.07215007215007214
189 0.17219387755102042 0.7763347763347763 0.012755102040816327 0.07215007215007214
190 0.19056122448979593 0.7763347763347763 0.01683673469387755 0.0707070707070707
135 0.21198979591836736 0.777056277056277 0.015816326530612247 0.07215007215007214
22 0.31938775510204087 0.7236652236652237 0.01326530612244898 0.03463203463203463
170 0.35229591836734697 0.7424242424242424 0.018877551020408164 0.10245310245310245
193 0.3831632653061225 0.7453102453102453 0.0163265306122449 0.09235209235209235
190 0.4005102040816327 0.7463924963924964 0.01326530612244898 0.09163059163059163
191 0.4216836734693878 0.7471139971139971 0.013775510204081635 0.09163059163059163
190 0.44209183673469393 0.7474747474747475 0.012755102040816327 0.09090909090909091
166 0.46352040816326534 0.7481962481962482 0.013775510204081635 0.09090909090909091
166 0.49438775510204086 0.7489177489177489 0.01326530612244898 0.08946608946608947
191 0.5571428571428572 0.7492784992784993 0.01326530612244898 0.0873015873015873
190 0.5778061224489797 0.7489177489177489 0.012755102040816327 0.08658008658008658
191 0.5987244897959184 0.7496392496392497 0.012755102040816327 0.08513708513708514
136 0.6196428571428572 0.7503607503607503 0.012755102040816327 0.08513708513708514
17 0.6875000000000001 0.7665945165945166 0.007653061224489797 0.03535353535353535
188 0.7170918367346939 0.7777777777777778 0.015816326530612247 0.07503607503607504
134 0.7400510204081633 0.7781385281385281 0.011734693877551022 0.07287157287157287
190 0.8418367346938777 0.772005772005772 0.0163265306122449 0.06204906204906205
136 0.8627551020408164 0.7727272727272727 0.0163265306122449 0.06493506493506493
27 0.06454081632653062 0.8863636363636364 0.025 0.051226551226551224
22 0.13086734693877553 0.8917748917748918 0.012755102040816327 0.03318903318903319
161 0.1739795918367347 0.8863636363636364 0.017346938775510204 0.05266955266955267
163 0.21403061224489797 0.8827561327561327 0.012755102040816327 0.05988455988455989
165 0.24744897959183676 0.8787878787878788 0.01326530612244898 0.06637806637806638
107 0.2793367346938776 0.8834776334776335 0.012755102040816327 0.05844155844155844
105 0.3813775510204082 0.8896103896103896 0.012755102040816327 0.05772005772005772
22 0.5362244897959184 0.8921356421356421 0.01326530612244898 0.03535353535353535
166 0.5775510204081633 0.8881673881673882 0.012244897959183675 0.05483405483405483
168 0.6188775510204082 0.8841991341991342 0.012244897959183675 0.056998556998557
170 0.6502551020408164 0.8780663780663781 0.01683673469387755 0.06926406926406926
112 0.6982142857142858 0.8697691197691197 0.015816326530612247 0.08874458874458875
22 0.8234693877551021 0.8924963924963925 0.012244897959183675 0.03463203463203463
17 0.8535714285714286 0.8575036075036075 0.00816326530612245 0.03535353535353535
169 0.8642857142857143 0.8816738816738817 0.012244897959183675 0.06349206349206349
17 0.8844387755102041 0.862914862914863 0.007653061224489797 0.03607503607503607
168 0.8956632653061225 0.8838383838383839 0.011734693877551022 0.05772005772005772
167 0.9244897959183674 0.8867243867243867 0.0163265306122449 0.05194805194805195
