2 0.09158163265306123 0.11183261183261184 0.01683673469387755 0.047619047619047616
12 0.048214285714285716 0.12626262626262627 0.00663265306122449 0.049062049062049064
12 0.6239795918367348 0.1259018759018759 0.010204081632653062 0.048340548340548344
12 0.9512755102040817 0.12626262626262627 0.008673469387755102 0.049062049062049064
12 0.2306122448979592 0.12626262626262627 0.00816326530612245 0.047619047619047616
12 0.5035714285714287 0.12626262626262627 0.009183673469387756 0.047619047619047616
12 0.7349489795918368 0.1266233766233766 0.00969387755102041 0.048340548340548344
12 0.375765306122449 0.12698412698412698 0.008673469387755102 0.047619047619047616
2 0.09158163265306123 0.288961038961039 0.01683673469387755 0.046897546897546896
12 0.048214285714285716 0.30303030303030304 0.00663265306122449 0.049062049062049064
12 0.7349489795918368 0.30303030303030304 0.00969387755102041 0.049062049062049064
12 0.9512755102040817 0.30303030303030304 0.008673469387755102 0.049062049062049064
12 0.2306122448979592 0.30303030303030304 0.00816326530612245 0.047619047619047616
12 0.6239795918367348 0.30303030303030304 0.009183673469387756 0.047619047619047616
12 0.3762755102040817 0.3033910533910534 0.008673469387755102 0.046897546897546896
12 0.5038265306122449 0.30303030303030304 0.008673469387755102 0.046176046176046176
2 0.09107142857142858 0.4722222222222222 0.01683673469387755 0.046897546897546896
12 0.047959183673469394 0.47943722943722944 0.00816326530612245 0.049783549783549784
12 0.9512755102040817 0.4797979797979798 0.008673469387755102 0.049062049062049064
12 0.3760204081632653 0.4797979797979798 0.00816326530612245 0.047619047619047616
12 0.6234693877551021 0.4797979797979798 0.00816326530612245 0.047619047619047616
12 0.7349489795918368 0.4801587301587302 0.008673469387755102 0.048340548340548344
12 0.2306122448979592 0.4801587301587302 0.00816326530612245 0.046897546897546896
12 0.5035714285714287 0.4805194805194805 0.00816326530612245 0.047619047619047616
2 0.09132653061224491 0.648989898989899 0.017346938775510204 0.046897546897546896
12 0.047959183673469394 0.6562049062049062 0.00816326530612245 0.049783549783549784
12 0.9515306122448981 0.6569264069264069 0.009183673469387756 0.049783549783549784
12 0.2306122448979592 0.6565656565656566 0.00816326530612245 0.047619047619047616
12 0.3760204081632653 0.6565656565656566 0.00816326530612245 0.047619047619047616
12 0.5035714285714287 0.6565656565656566 0.00816326530612245 0.047619047619047616
12 0.6234693877551021 0.6565656565656566 0.00816326530612245 0.047619047619047616
12 0.7349489795918368 0.6569264069264069 0.008673469387755102 0.048340548340548344
2 0.09158163265306123 0.8318903318903319 0.01683673469387755 0.047619047619047616
12 0.048214285714285716 0.8333333333333334 0.007653061224489797 0.049062049062049064
12 0.5035714285714287 0.8329725829725829 0.00816326530612245 0.048340548340548344
12 0.7346938775510204 0.8329725829725829 0.009183673469387756 0.048340548340548344
12 0.9512755102040817 0.8333333333333334 0.008673469387755102 0.049062049062049064
12 0.2306122448979592 0.8333333333333334 0.00816326530612245 0.047619047619047616
12 0.375765306122449 0.8333333333333334 0.008673469387755102 0.047619047619047616
12 0.6232142857142857 0.8333333333333334 0.008673469387755102 0.047619047619047616
26 0.06505102040816327 0.1277056277056277 0.02295918367346939 0.07647907647907648
105 0.12423469387755103 0.12878787878787878 0.011734693877551022 0.056998556998557
78 0.15510204081632656 0.1266233766233766 0.014285714285714287 0.051226551226551224
136 0.19770408163265307 0.12806637806637808 0.010714285714285714 0.05411255411255411
137 0.21479591836734696 0.12698412698412698 0.014285714285714287 0.05194805194805195
138 0.24362244897959187 0.12373737373737374 0.011734693877551022 0.056998556998557
137 0.2612244897959184 0.1259018759018759 0.01326530612244898 0.051226551226551224
105 0.28163265306122454 0.12914862914862915 0.011224489795918368 0.05627705627705628
104 0.3112244897959184 0.13203463203463203 0.011224489795918368 0.06349206349206349
105 0.35127551020408165 0.12878787878787878 0.011734693877551022 0.056998556998557
105 0.389030612244898 0.12878787878787878 0.011734693877551022 0.056998556998557
106 0.4196428571428572 0.1266233766233766 0.011734693877551022 0.051226551226551224
107 0.44897959183673475 0.12373737373737374 0.012244897959183675 0.056998556998557
108 0.478061224489796 0.12085137085137085 0.012244897959183675 0.06277056277056277
81 0.5183673469387755 0.11796536796536797 0.0163265306122449 0.06854256854256854
139 0.5604591836734695 0.1204906204906205 0.011734693877551022 0.06204906204906205
140 0.578826530612245 0.11796536796536797 0.015816326530612247 0.06854256854256854
108 0.5989795918367348 0.12085137085137085 0.012244897959183675 0.06277056277056277
107 0.6369897959183674 0.12373737373737374 0.011734693877551022 0.056998556998557
106 0.666326530612245 0.1266233766233766 0.011224489795918368 0.051226551226551224
78 0.6974489795918368 0.12626262626262627 0.014285714285714287 0.05194805194805195
51 0.7596938775510205 0.12698412698412698 0.017346938775510204 0.05339105339105339
18 0.888265306122449 0.1176046176046176 0.017346938775510204 0.01443001443001443
26 0.06479591836734694 0.3037518037518038 0.023469387755102045 0.07647907647907648
106 0.12423469387755103 0.30303030303030304 0.011734693877551022 0.050505050505050504
79 0.15510204081632656 0.30014430014430016 0.014285714285714287 0.05772005772005772
137 0.19770408163265307 0.30303030303030304 0.010714285714285714 0.050505050505050504
138 0.21479591836734696 0.3005050505050505 0.014285714285714287 0.056998556998557
137 0.2441326530612245 0.3037518037518038 0.011734693877551022 0.05194805194805195
136 0.2609693877551021 0.3037518037518038 0.013775510204081635 0.05339105339105339
105 0.28188775510204084 0.30483405483405485 0.011734693877551022 0.056998556998557
104 0.31147959183673474 0.3088023088023088 0.011734693877551022 0.06349206349206349
105 0.35127551020408165 0.3055555555555556 0.011734693877551022 0.056998556998557
105 0.389030612244898 0.3055555555555556 0.011734693877551022 0.056998556998557
108 0.41938775510204085 0.2972582972582973 0.012244897959183675 0.06349206349206349
109 0.4487244897959184 0.2943722943722944 0.013775510204081635 0.06926406926406926
110 0.4785714285714286 0.29148629148629146 0.01326530612244898 0.07503607503607504
83 0.5186224489795919 0.288961038961039 0.01683673469387755 0.08152958152958154
142 0.5607142857142857 0.28823953823953824 0.01326530612244898 0.08008658008658008
141 0.5783163265306123 0.2911255411255411 0.01479591836734694 0.07431457431457432
109 0.5987244897959184 0.29473304473304474 0.013775510204081635 0.06854256854256854
108 0.6367346938775511 0.2976190476190476 0.012244897959183675 0.06277056277056277
107 0.6665816326530613 0.3005050505050505 0.011734693877551022 0.056998556998557
79 0.6982142857142858 0.30014430014430016 0.01479591836734694 0.05772005772005772
52 0.7599489795918368 0.3033910533910534 0.01785714285714286 0.05266955266955267
18 0.888265306122449 0.2943722943722944 0.017346938775510204 0.01443001443001443
28 0.06454081632653062 0.47943722943722944 0.023979591836734697 0.049783549783549784
18 0.1642857142857143 0.4707792207792208 0.0163265306122449 0.013708513708513708
18 0.30331632653061225 0.4704184704184704 0.015816326530612247 0.012987012987012988
18 0.439795918367347 0.4707792207792208 0.0163265306122449 0.012265512265512266
18 0.5632653061224491 0.4707792207792208 0.0163265306122449 0.012265512265512266
18 0.6790816326530613 0.4707792207792208 0.0163265306122449 0.012265512265512266
18 0.7729591836734695 0.47113997113997114 0.017346938775510204 0.012987012987012988
28 0.0642857142857143 0.6558441558441559 0.02448979591836735 0.050505050505050504
18 0.16454081632653061 0.6471861471861472 0.01683673469387755 0.01443001443001443
18 0.30331632653061225 0.6475468975468975 0.01683673469387755 0.013708513708513708
18 0.439795918367347 0.6475468975468975 0.0163265306122449 0.013708513708513708
18 0.5637755102040817 0.6475468975468975 0.0163265306122449 0.013708513708513708
18 0.678826530612245 0.6475468975468975 0.01683673469387755 0.013708513708513708
18 0.7729591836734695 0.6479076479076479 0.017346938775510204 0.012987012987012988
107 0.8382653061224491 0.6540404040404041 0.012244897959183675 0.056998556998557
108 0.8678571428571429 0.6511544011544012 0.012244897959183675 0.06277056277056277
109 0.8971938775510205 0.6482683982683982 0.012755102040816327 0.06854256854256854
110 0.9265306122448981 0.6453823953823954 0.012244897959183675 0.07431457431457432
27 0.06505102040816327 0.8329725829725829 0.023979591836734697 0.05266955266955267
