7 0.08615004122011542 0.09178321678321678 0.020610057708161583 0.043706293706293704
12 0.7341302555647156 0.09994172494172494 0.009068425391591096 0.03904428904428905
12 0.9515663643858203 0.09994172494172494 0.007831821929101401 0.03904428904428905
12 0.048433635614179724 0.10052447552447552 0.007007419620774938 0.03904428904428905
12 0.3091508656224238 0.10023310023310024 0.00741962077493817 0.038461538461538464
12 0.4983511953833471 0.10023310023310024 0.00741962077493817 0.038461538461538464
7 0.08615004122011542 0.1864801864801865 0.020610057708161583 0.04312354312354312
12 0.4985572959604287 0.19434731934731936 0.007831821929101401 0.03904428904428905
12 0.048433635614179724 0.19493006993006992 0.007007419620774938 0.03904428904428905
12 0.3091508656224238 0.19493006993006992 0.008244023083264633 0.03904428904428905
12 0.7343363561417973 0.19493006993006992 0.008656224237427864 0.03904428904428905
12 0.9513602638087387 0.19522144522144522 0.00741962077493817 0.039627039627039624
7 0.08635614179719703 0.30157342657342656 0.02019785655399835 0.042540792540792544
12 0.30935696619950537 0.29982517482517484 0.007831821929101401 0.03904428904428905
12 0.4985572959604287 0.29982517482517484 0.007831821929101401 0.03904428904428905
12 0.7341302555647156 0.29982517482517484 0.008244023083264633 0.03904428904428905
12 0.048227535037098104 0.30011655011655014 0.00741962077493817 0.038461538461538464
12 0.9513602638087387 0.30011655011655014 0.00741962077493817 0.038461538461538464
7 0.08615004122011542 0.3968531468531469 0.020610057708161583 0.04195804195804196
12 0.30935696619950537 0.3956876456876457 0.007831821929101401 0.039627039627039624
12 0.49876339653751034 0.3956876456876457 0.00741962077493817 0.038461538461538464
12 0.7343363561417973 0.395979020979021 0.007831821929101401 0.03904428904428905
12 0.9513602638087387 0.395979020979021 0.00741962077493817 0.03904428904428905
12 0.048227535037098104 0.395979020979021 0.006595218466611707 0.03787878787878788
7 0.08615004122011542 0.6031468531468531 0.020610057708161583 0.04195804195804196
12 0.048433635614179724 0.6113053613053613 0.006183017312448475 0.039627039627039624
12 0.3876751854905194 0.611013986013986 0.006183017312448475 0.03904428904428905
12 0.7654575432811213 0.611013986013986 0.006595218466611707 0.03904428904428905
12 0.9342539159109645 0.6113053613053613 0.006183017312448475 0.039627039627039624
12 0.23804616652926627 0.6115967365967366 0.007007419620774938 0.03904428904428905
12 0.6075845012366035 0.6115967365967366 0.006595218466611707 0.03904428904428905
14 0.6442704039571311 0.615967365967366 0.00494641384995878 0.008158508158508158
7 0.08615004122011542 0.6978438228438228 0.01978565539983512 0.042540792540792544
12 0.048227535037098104 0.706002331002331 0.006595218466611707 0.03904428904428905
12 0.23804616652926627 0.7065850815850816 0.007007419620774938 0.04020979020979021
12 0.3876751854905194 0.7062937062937062 0.007007419620774938 0.039627039627039624
12 0.7654575432811213 0.7062937062937062 0.00741962077493817 0.039627039627039624
12 0.9340478153338829 0.7062937062937062 0.006595218466611707 0.039627039627039624
12 0.6075845012366035 0.7062937062937062 0.006595218466611707 0.038461538461538464
14 0.6446826051112943 0.7296037296037297 0.00494641384995878 0.008158508158508158
14 0.6413849958779885 0.7674825174825175 0.00494641384995878 0.006993006993006993
14 0.6723000824402309 0.7770979020979021 0.00494641384995878 0.007575757575757576
7 0.08615004122011542 0.8024475524475524 0.01978565539983512 0.04195804195804196
12 0.38788128606760097 0.8006993006993007 0.006595218466611707 0.038461538461538464
12 0.7652514427040396 0.800990675990676 0.007007419620774938 0.03904428904428905
12 0.9342539159109645 0.8012820512820513 0.007007419620774938 0.039627039627039624
12 0.048227535037098104 0.8015734265734266 0.006595218466611707 0.03904428904428905
12 0.23804616652926627 0.8012820512820513 0.006183017312448475 0.038461538461538464
12 0.6073784006595219 0.8012820512820513 0.007007419620774938 0.038461538461538464
7 0.08635614179719703 0.8977272727272727 0.02019785655399835 0.042540792540792544
12 0.23804616652926627 0.8959790209790209 0.007831821929101401 0.03904428904428905
12 0.3876751854905194 0.8962703962703963 0.007007419620774938 0.039627039627039624
12 0.04802143446001649 0.8962703962703963 0.007007419620774938 0.038461538461538464
12 0.6073784006595219 0.8962703962703963 0.007007419620774938 0.038461538461538464
12 0.7652514427040396 0.8965617715617715 0.007007419620774938 0.03904428904428905
12 0.9340478153338829 0.8965617715617715 0.006595218466611707 0.03904428904428905
14 0.6446826051112943 0.881993006993007 0.00494641384995878 0.008741258741258742
26 0.06224237427864798 0.10081585081585082 0.018961253091508656 0.06177156177156177
20 0.11521022258862325 0.09557109557109557 0.009480626545754328 0.027972027972027972
135 0.16755976916735368 0.10431235431235432 0.008656224237427864 0.05011655011655012
135 0.21022258862324816 0.10227272727272728 0.009068425391591096 0.04603729603729604
136 0.2522671063478978 0.10198135198135198 0.009068425391591096 0.046620046620046623
135 0.2802967848309975 0.10227272727272728 0.01236603462489695 0.04603729603729604
103 0.3281121187139324 0.10606060606060606 0.009068425391591096 0.053613053613053616
134 0.3792250618301731 0.10606060606060606 0.009068425391591096 0.053613053613053616
102 0.4126133553173949 0.09527972027972027 0.009068425391591096 0.050699300699300696
133 0.4740313272877164 0.09527972027972027 0.013190436933223413 0.050699300699300696
101 0.5342126957955482 0.09761072261072261 0.009068425391591096 0.04603729603729604
132 0.589035449299258 0.09731934731934731 0.013190436933223413 0.045454545454545456
132 0.6294311624072547 0.0944055944055944 0.01236603462489695 0.05128205128205128
134 0.6745671887881286 0.09527972027972027 0.009480626545754328 0.051864801864801864
132 0.7073371805441055 0.0944055944055944 0.009068425391591096 0.05128205128205128
131 0.7681368507831822 0.09994172494172494 0.012778235779060182 0.042540792540792544
131 0.8019373454245672 0.09994172494172494 0.009480626545754328 0.042540792540792544
131 0.8351195383347073 0.10023310023310024 0.009068425391591096 0.04195804195804196
131 0.8670651277823578 0.10023310023310024 0.011953833470733718 0.04195804195804196
129 0.8950948062654576 0.10431235431235432 0.009480626545754328 0.05011655011655012
131 0.9247732893652102 0.10023310023310024 0.009480626545754328 0.04195804195804196
26 0.06224237427864798 0.19667832167832167 0.018961253091508656 0.06118881118881119
20 0.11521022258862325 0.19055944055944055 0.009480626545754328 0.027972027972027972
128 0.16962077493816982 0.20192307692307693 0.015251442704039572 0.05536130536130536
130 0.21145919208573785 0.19726107226107226 0.011541632316570486 0.04603729603729604
131 0.2524732069249794 0.19493006993006992 0.009480626545754328 0.042540792540792544
132 0.2823577906018137 0.19522144522144522 0.009068425391591096 0.04195804195804196
101 0.328318219291014 0.19259906759906759 0.009480626545754328 0.0472027972027972
128 0.38128606760098926 0.20134032634032634 0.015663643858202802 0.05536130536130536
128 0.41364385820280297 0.20163170163170163 0.013602638087386645 0.054778554778554776
127 0.4422918384171476 0.20454545454545456 0.010717230008244023 0.05944055944055944
128 0.47197032151690027 0.20192307692307693 0.011541632316570486 0.05536130536130536
99 0.5342126957955482 0.19667832167832167 0.009068425391591096 0.04603729603729604
132 0.589035449299258 0.19201631701631702 0.013190436933223413 0.04603729603729604
129 0.6292250618301731 0.199009324009324 0.012778235779060182 0.050699300699300696
132 0.6747732893652102 0.19463869463869463 0.009068425391591096 0.04195804195804196
130 0.7073371805441055 0.19726107226107226 0.00989282769991756 0.04603729603729604
130 0.7679307502061006 0.19726107226107226 0.01236603462489695 0.04603729603729604
128 0.8023495465787305 0.20221445221445222 0.011129431162407255 0.054778554778554776
129 0.8351195383347073 0.1993006993006993 0.00989282769991756 0.05128205128205128
128 0.8672712283594394 0.20192307692307693 0.014014839241549877 0.05536130536130536
128 0.894888705688376 0.20221445221445222 0.011541632316570486 0.055944055944055944
128 0.9247732893652102 0.20221445221445222 0.011129431162407255 0.055944055944055944
27 0.06203627370156636 0.29982517482517484 0.018549051937345424 0.041375291375291376
20 0.11521022258862325 0.29574592074592077 0.009480626545754328 0.027389277389277388
140 0.16817807089859851 0.2928321678321678 0.010717230008244023 0.05419580419580419
140 0.21022258862324816 0.2925407925407925 0.010717230008244023 0.054778554778554776
141 0.2524732069249794 0.2902097902097902 0.010305028854080791 0.06060606060606061
142 0.2802967848309975 0.2875874125874126 0.01483924154987634 0.06585081585081586
110 0.3279060181368508 0.2905011655011655 0.010305028854080791 0.060023310023310024
139 0.3792250618301731 0.2951631701631702 0.009068425391591096 0.050699300699300696
141 0.4128194558944765 0.2902097902097902 0.010305028854080791 0.05944055944055944
140 0.44208573784006594 0.2928321678321678 0.010305028854080791 0.05536130536130536
139 0.46929101401483925 0.2951631701631702 0.012778235779060182 0.049533799533799536
111 0.5340065952184666 0.2878787878787879 0.011129431162407255 0.06526806526806526
142 0.5871805441055236 0.2872960372960373 0.011129431162407255 0.06526806526806526
142 0.6279884583676835 0.2875874125874126 0.011129431162407255 0.06585081585081586
142 0.6745671887881286 0.2875874125874126 0.011129431162407255 0.06585081585081586
142 0.705482275350371 0.2875874125874126 0.014427040395713108 0.06585081585081586
140 0.7664880461665293 0.2925407925407925 0.011129431162407255 0.054778554778554776
140 0.8019373454245672 0.2931235431235431 0.010305028854080791 0.054778554778554776
140 0.8330585325638912 0.2925407925407925 0.014014839241549877 0.054778554778554776
140 0.8658285243198681 0.2928321678321678 0.011129431162407255 0.05536130536130536
140 0.894888705688376 0.2928321678321678 0.010717230008244023 0.05536130536130536
140 0.9227122835943941 0.2925407925407925 0.014427040395713108 0.054778554778554776
27 0.06162407254740313 0.3962703962703963 0.019373454245671887 0.04195804195804196
20 0.11541632316570487 0.3916083916083916 0.009068425391591096 0.027972027972027972
133 0.16982687551525144 0.3913170163170163 0.014014839241549877 0.050699300699300696
133 0.21207749381698268 0.391025641025641 0.012778235779060182 0.05128205128205128
133 0.252679307502061 0.391025641025641 0.00989282769991756 0.05244755244755245
133 0.28215169002473206 0.391025641025641 0.009480626545754328 0.05244755244755245
106 0.328318219291014 0.3956876456876457 0.009480626545754328 0.04079254079254079
137 0.3794311624072548 0.3965617715617716 0.009480626545754328 0.041375291375291376
105 0.41240725474031326 0.3983100233100233 0.009480626545754328 0.04603729603729604
136 0.4717642209398186 0.3986013986013986 0.008656224237427864 0.046620046620046623
104 0.533800494641385 0.40093240093240096 0.009068425391591096 0.05128205128205128
137 0.5869744435284419 0.3962703962703963 0.009068425391591096 0.04195804195804196
140 0.6277823577906019 0.388986013986014 0.010717230008244023 0.05536130536130536
140 0.6741549876339654 0.388986013986014 0.010305028854080791 0.05536130536130536
139 0.7050700741962078 0.3916083916083916 0.012778235779060182 0.05011655011655012
138 0.7662819455894476 0.3936480186480186 0.009068425391591096 0.04603729603729604
138 0.8017312448474856 0.3939393939393939 0.009068425391591096 0.045454545454545456
137 0.8332646331409728 0.395979020979021 0.011953833470733718 0.041375291375291376
136 0.8656224237427865 0.3965617715617716 0.009068425391591096 0.042540792540792544
137 0.894888705688376 0.3962703962703963 0.00989282769991756 0.04195804195804196
138 0.9227122835943941 0.3936480186480186 0.012778235779060182 0.04603729603729604
26 0.06203627370156636 0.6121794871794872 0.018549051937345424 0.06118881118881119
101 0.11747732893652102 0.6089743589743589 0.009068425391591096 0.046620046620046623
132 0.14488870568837592 0.6086829836829837 0.012778235779060182 0.04603729603729604
135 0.16817807089859851 0.6136363636363636 0.009068425391591096 0.046620046620046623
136 0.19600164880461665 0.6133449883449883 0.008656224237427864 0.04603729603729604
135 0.22155812036273703 0.6133449883449883 0.012778235779060182 0.04603729603729604
134 0.25103050288540807 0.6168414918414918 0.00989282769991756 0.05303030303030303
134 0.2759686727122836 0.6171328671328671 0.009480626545754328 0.053613053613053616
134 0.2965787304204452 0.6168414918414918 0.012778235779060182 0.05419580419580419
133 0.32213520197856554 0.6063519813519813 0.012778235779060182 0.05303030303030303
134 0.34810387469084914 0.6066433566433567 0.009480626545754328 0.05244755244755245
133 0.3736603462489695 0.6063519813519813 0.008656224237427864 0.051864801864801864
101 0.4200329760923331 0.6089743589743589 0.009068425391591096 0.046620046620046623
132 0.45589447650453424 0.6086829836829837 0.013190436933223413 0.04603729603729604
100 0.49443528441879636 0.6113053613053613 0.009480626545754328 0.04079254079254079
131 0.5370981038746908 0.611013986013986 0.014014839241549877 0.041375291375291376
131 0.562242374278648 0.6113053613053613 0.011541632316570486 0.04195804195804196
129 0.5754328112118714 0.6156759906759907 0.009068425391591096 0.050699300699300696
131 0.593363561417972 0.6113053613053613 0.009480626545754328 0.04195804195804196
73 0.6356141797197032 0.6092657342657343 0.01236603462489695 0.0472027972027972
135 0.6953833470733718 0.6136363636363636 0.009068425391591096 0.046620046620046623
136 0.7234130255564716 0.6133449883449883 0.009068425391591096 0.04603729603729604
135 0.7493816982687551 0.6136363636363636 0.01236603462489695 0.046620046620046623
134 0.7976092333058533 0.6174242424242424 0.009068425391591096 0.05303030303030303
134 0.8225474031327288 0.6171328671328671 0.009480626545754328 0.053613053613053616
134 0.8431574608408904 0.6171328671328671 0.012778235779060182 0.053613053613053616
133 0.8685078318219291 0.6063519813519813 0.01236603462489695 0.05303030303030303
134 0.8946826051112944 0.6066433566433567 0.009480626545754328 0.05244755244755245
133 0.9204451772464963 0.6066433566433567 0.009068425391591096 0.05244755244755245
26 0.06162407254740313 0.7071678321678322 0.018549051937345424 0.06118881118881119
98 0.11727122835943941 0.710955710955711 0.009480626545754328 0.05128205128205128
129 0.14488870568837592 0.7106643356643356 0.013602638087386645 0.050699300699300696
130 0.16962077493816982 0.7086247086247086 0.011953833470733718 0.046620046620046623
131 0.19600164880461665 0.7062937062937062 0.009480626545754328 0.04195804195804196
132 0.2238252267106348 0.706002331002331 0.009068425391591096 0.041375291375291376
132 0.2522671063478978 0.7051282051282052 0.011541632316570486 0.04312354312354312
132 0.2759686727122836 0.706002331002331 0.009480626545754328 0.041375291375291376
129 0.29843363561417974 0.7106643356643356 0.00989282769991756 0.050699300699300696
131 0.32131079967023907 0.7062937062937062 0.011953833470733718 0.04195804195804196
131 0.34789777411376754 0.706002331002331 0.00989282769991756 0.042540792540792544
131 0.37386644682605114 0.7062937062937062 0.009068425391591096 0.04195804195804196
99 0.41982687551525144 0.7083333333333334 0.009480626545754328 0.04603729603729604
130 0.45610057708161583 0.7083333333333334 0.013602638087386645 0.04603729603729604
99 0.494641384995878 0.7083333333333334 0.009068425391591096 0.04603729603729604
129 0.5366859027205276 0.7106643356643356 0.014014839241549877 0.050699300699300696
97 0.5610057708161583 0.712995337995338 0.010717230008244023 0.05536130536130536
128 0.5952184666117065 0.712995337995338 0.015663643858202802 0.05536130536130536
70 0.6356141797197032 0.7106643356643356 0.011541632316570486 0.051864801864801864
130 0.6972382522671063 0.7083333333333334 0.011953833470733718 0.04603729603729604
131 0.7234130255564716 0.7062937062937062 0.00989282769991756 0.04195804195804196
132 0.7512366034624897 0.706002331002331 0.008656224237427864 0.041375291375291376
132 0.798845836768343 0.7048368298368298 0.011541632316570486 0.043706293706293704
132 0.8227535037098104 0.7062937062937062 0.009068425391591096 0.04195804195804196
129 0.8450123660346249 0.7106643356643356 0.00989282769991756 0.050699300699300696
131 0.8678895300906843 0.706002331002331 0.011953833470733718 0.042540792540792544
131 0.8946826051112944 0.706002331002331 0.009480626545754328 0.042540792540792544
131 0.9204451772464963 0.7062937062937062 0.009068425391591096 0.04195804195804196
27 0.06183017312448475 0.8012820512820513 0.018961253091508656 0.04195804195804196
17 0.10820280296784832 0.7768065268065268 0.007007419620774938 0.029137529137529136
108 0.1170651277823578 0.7963286713286714 0.009068425391591096 0.050699300699300696
139 0.14282769991755978 0.7972027972027972 0.008656224237427864 0.05128205128205128
140 0.16859027205276175 0.7937062937062938 0.010717230008244023 0.054778554778554776
140 0.19600164880461665 0.7942890442890443 0.010305028854080791 0.054778554778554776
140 0.22197032151690024 0.793997668997669 0.014427040395713108 0.05536130536130536
141 0.25103050288540807 0.7913752913752914 0.010717230008244023 0.05944055944055944
141 0.2759686727122836 0.7913752913752914 0.010305028854080791 0.06060606060606061
139 0.29699093157460843 0.7963286713286714 0.011953833470733718 0.050699300699300696
141 0.320280296784831 0.7907925407925408 0.00989282769991756 0.05944055944055944
140 0.34789777411376754 0.7937062937062938 0.00989282769991756 0.054778554778554776
139 0.37180544105523494 0.796037296037296 0.01236603462489695 0.05011655011655012
111 0.41982687551525144 0.789044289044289 0.011129431162407255 0.0641025641025641
142 0.45383347073371805 0.789044289044289 0.010717230008244023 0.06526806526806526
111 0.4948474855729596 0.7893356643356644 0.011129431162407255 0.06468531468531469
141 0.5348309975267931 0.7916666666666666 0.010305028854080791 0.06118881118881119
109 0.5614179719703215 0.793997668997669 0.010717230008244023 0.05536130536130536
140 0.5937757625721353 0.793997668997669 0.011129431162407255 0.05536130536130536
109 0.6339653751030503 0.793997668997669 0.011541632316570486 0.05536130536130536
17 0.65560593569662 0.7765151515151515 0.007007419620774938 0.02972027972027972
108 0.6642621599340478 0.7966200466200466 0.009480626545754328 0.05128205128205128
140 0.6957955482275351 0.7937062937062938 0.010717230008244023 0.054778554778554776
140 0.7236191261335532 0.793997668997669 0.010305028854080791 0.05419580419580419
140 0.7491755976916735 0.793997668997669 0.014427040395713108 0.05536130536130536
141 0.7974031327287716 0.7913752913752914 0.010305028854080791 0.05944055944055944
141 0.8225474031327288 0.7916666666666666 0.010305028854080791 0.060023310023310024
139 0.8435696619950536 0.7966200466200466 0.011953833470733718 0.05011655011655012
141 0.8670651277823578 0.791083916083916 0.010305028854080791 0.058857808857808856
140 0.8944765045342127 0.793997668997669 0.00989282769991756 0.05419580419580419
139 0.9187963726298434 0.7963286713286714 0.01236603462489695 0.049533799533799536
27 0.0612118713932399 0.8959790209790209 0.019373454245671887 0.041375291375291376
106 0.11727122835943941 0.8965617715617715 0.009480626545754328 0.041375291375291376
137 0.14282769991755978 0.8971445221445221 0.008656224237427864 0.041375291375291376
138 0.16817807089859851 0.8948135198135199 0.009068425391591096 0.04603729603729604
138 0.19579554822753503 0.8948135198135199 0.009068425391591096 0.04603729603729604
138 0.22155812036273703 0.8945221445221445 0.012778235779060182 0.045454545454545456
137 0.25103050288540807 0.8965617715617715 0.009068425391591096 0.041375291375291376
137 0.2759686727122836 0.8968531468531469 0.009480626545754328 0.04195804195804196
137 0.2965787304204452 0.8965617715617715 0.011953833470733718 0.041375291375291376
134 0.3200741962077494 0.902972027972028 0.009480626545754328 0.05419580419580419
134 0.34789777411376754 0.9026806526806527 0.00989282769991756 0.053613053613053616
134 0.37180544105523494 0.9020979020979021 0.013190436933223413 0.053613053613053616
104 0.41962077493816985 0.9009324009324009 0.009068425391591096 0.05011655011655012
137 0.45383347073371805 0.8968531468531469 0.009068425391591096 0.04195804195804196
109 0.494641384995878 0.8895687645687645 0.010717230008244023 0.05536130536130536
139 0.5346248969497115 0.8924825174825175 0.009068425391591096 0.050699300699300696
107 0.5614179719703215 0.8945221445221445 0.009068425391591096 0.045454545454545456
138 0.593363561417972 0.8948135198135199 0.009480626545754328 0.04603729603729604
78 0.6349958779884584 0.8965617715617715 0.011953833470733718 0.041375291375291376
138 0.6955894476504534 0.8945221445221445 0.009480626545754328 0.045454545454545456
138 0.72320692497939 0.8945221445221445 0.009480626545754328 0.045454545454545456
17 0.7421681780708986 0.8767482517482518 0.007007419620774938 0.02972027972027972
138 0.7495877988458368 0.8945221445221445 0.011953833470733718 0.045454545454545456
137 0.7976092333058533 0.8965617715617715 0.009068425391591096 0.041375291375291376
137 0.8225474031327288 0.8968531468531469 0.009480626545754328 0.04195804195804196
137 0.8431574608408904 0.8965617715617715 0.011953833470733718 0.041375291375291376
134 0.8666529266281946 0.9026806526806527 0.009480626545754328 0.053613053613053616
134 0.8942704039571311 0.9026806526806527 0.009480626545754328 0.053613053613053616
134 0.9185902720527618 0.9026806526806527 0.012778235779060182 0.053613053613053616
