12 0.9515306122448981 0.13383838383838384 0.00816326530612245 0.049783549783549784
12 0.7510204081632654 0.13383838383838384 0.00816326530612245 0.048340548340548344
12 0.047959183673469394 0.1341991341991342 0.0071428571428571435 0.047619047619047616
12 0.31454081632653064 0.13383838383838384 0.007653061224489797 0.046897546897546896
12 0.514795918367347 0.13383838383838384 0.00816326530612245 0.046897546897546896
12 0.048214285714285716 0.2597402597402597 0.00663265306122449 0.049062049062049064
12 0.9515306122448981 0.2597402597402597 0.0071428571428571435 0.049062049062049064
12 0.314795918367347 0.2597402597402597 0.00816326530612245 0.047619047619047616
12 0.5150510204081633 0.2597402597402597 0.008673469387755102 0.047619047619047616
12 0.7510204081632654 0.2601010101010101 0.00816326530612245 0.048340548340548344
12 0.048469387755102046 0.3777056277056277 0.006122448979591837 0.048340548340548344
12 0.31454081632653064 0.37734487734487737 0.007653061224489797 0.047619047619047616
12 0.5145408163265307 0.376984126984127 0.007653061224489797 0.046897546897546896
12 0.7507653061224491 0.376984126984127 0.008673469387755102 0.046897546897546896
12 0.9517857142857143 0.37734487734487737 0.007653061224489797 0.047619047619047616
12 0.3102040816326531 0.6424963924963925 0.009183673469387756 0.048340548340548344
12 0.047959183673469394 0.6414141414141414 0.00816326530612245 0.044733044733044736
12 0.5178571428571429 0.6424963924963925 0.00816326530612245 0.046897546897546896
12 0.7298469387755103 0.6424963924963925 0.007653061224489797 0.046897546897546896
12 0.9515306122448981 0.6428571428571429 0.00816326530612245 0.047619047619047616
12 0.048214285714285716 0.7687590187590188 0.00663265306122449 0.048340548340548344
12 0.9517857142857143 0.7683982683982684 0.007653061224489797 0.047619047619047616
12 0.3104591836734694 0.7691197691197691 0.008673469387755102 0.047619047619047616
12 0.5181122448979593 0.7691197691197691 0.007653061224489797 0.047619047619047616
12 0.7301020408163266 0.7687590187590188 0.00816326530612245 0.046897546897546896
12 0.048469387755102046 0.8856421356421357 0.006122448979591837 0.048340548340548344
12 0.3104591836734694 0.886002886002886 0.007653061224489797 0.049062049062049064
12 0.5178571428571429 0.8856421356421357 0.00816326530612245 0.046897546897546896
12 0.7306122448979593 0.8863636363636364 0.009183673469387756 0.048340548340548344
12 0.9520408163265307 0.8867243867243867 0.00816326530612245 0.049062049062049064
27 0.06403061224489796 0.1331168831168831 0.02602040816326531 0.05266955266955267
15 0.08826530612244898 0.12265512265512266 0.012244897959183675 0.03896103896103896
107 0.1191326530612245 0.13131313131313133 0.012755102040816327 0.05772005772005772
137 0.16658163265306125 0.1341991341991342 0.012755102040816327 0.05194805194805195
17 0.18214285714285716 0.12157287157287157 0.00816326530612245 0.03823953823953824
136 0.19260204081632654 0.13528138528138528 0.015816326530612247 0.05411255411255411
135 0.2170918367346939 0.14105339105339104 0.012755102040816327 0.0670995670995671
134 0.24081632653061227 0.1406926406926407 0.01326530612244898 0.06493506493506493
135 0.264030612244898 0.13997113997113997 0.012755102040816327 0.06493506493506493
15 0.2821428571428572 0.12121212121212122 0.011224489795918368 0.03751803751803752
136 0.2936224489795919 0.14033189033189034 0.01785714285714286 0.06421356421356421
137 0.3303571428571429 0.13564213564213565 0.012755102040816327 0.05483405483405483
136 0.35382653061224495 0.1349206349206349 0.012755102040816327 0.05339105339105339
137 0.377295918367347 0.1341991341991342 0.012755102040816327 0.05194805194805195
138 0.39821428571428574 0.13131313131313133 0.01683673469387755 0.05772005772005772
139 0.4247448979591837 0.12842712842712842 0.012755102040816327 0.06349206349206349
140 0.4484693877551021 0.12554112554112554 0.014285714285714287 0.06926406926406926
141 0.47219387755102044 0.12229437229437229 0.01479591836734694 0.07575757575757576
142 0.4948979591836735 0.11904761904761904 0.018367346938775512 0.08225108225108226
141 0.5306122448979592 0.12229437229437229 0.015306122448979593 0.07575757575757576
34 0.5535714285714286 0.1305916305916306 0.020408163265306124 0.05772005772005772
140 0.5785714285714286 0.12554112554112554 0.014285714285714287 0.06926406926406926
139 0.6130102040816328 0.12878787878787878 0.012755102040816327 0.06277056277056277
138 0.6341836734693879 0.13131313131313133 0.017346938775510204 0.05772005772005772
137 0.6602040816326531 0.13564213564213565 0.01326530612244898 0.05483405483405483
136 0.6834183673469388 0.1370851370851371 0.012755102040816327 0.05772005772005772
135 0.7071428571428572 0.13816738816738816 0.01326530612244898 0.06132756132756133
134 0.7293367346938776 0.13997113997113997 0.01683673469387755 0.06349206349206349
133 0.7658163265306123 0.14105339105339104 0.01326530612244898 0.06565656565656566
135 0.791326530612245 0.13816738816738816 0.01326530612244898 0.06132756132756133
136 0.8150510204081634 0.13636363636363635 0.012755102040816327 0.05627705627705628
137 0.8364795918367348 0.1341991341991342 0.01683673469387755 0.05194805194805195
138 0.8625 0.13131313131313133 0.012755102040816327 0.05772005772005772
139 0.8864795918367347 0.12842712842712842 0.012755102040816327 0.06349206349206349
140 0.9099489795918368 0.12518037518037517 0.013775510204081635 0.06998556998556998
138 0.9306122448979592 0.13131313131313133 0.0163265306122449 0.05772005772005772
26 0.06454081632653062 0.2582972582972583 0.023979591836734697 0.09090909090909091
15 0.08826530612244898 0.23556998556998557 0.012244897959183675 0.03823953823953824
134 0.11887755102040817 0.26695526695526695 0.01326530612244898 0.06637806637806638
135 0.14234693877551022 0.26695526695526695 0.01326530612244898 0.06637806637806638
136 0.16632653061224492 0.26695526695526695 0.01326530612244898 0.06637806637806638
134 0.19183673469387758 0.26695526695526695 0.017346938775510204 0.06637806637806638
132 0.2191326530612245 0.25901875901875904 0.015816326530612247 0.05194805194805195
131 0.2410714285714286 0.25901875901875904 0.013775510204081635 0.05339105339105339
132 0.26479591836734695 0.25793650793650796 0.01326530612244898 0.05411255411255411
133 0.2951530612244898 0.25685425685425683 0.012755102040816327 0.05627705627705628
98 0.33086734693877556 0.26515151515151514 0.013775510204081635 0.06277056277056277
130 0.3793367346938776 0.262987012987013 0.01683673469387755 0.05844155844155844
131 0.401530612244898 0.2601010101010101 0.01326530612244898 0.051226551226551224
132 0.426530612244898 0.25685425685425683 0.0163265306122449 0.05627705627705628
133 0.4487244897959184 0.25577200577200576 0.013775510204081635 0.05988455988455989
134 0.47321428571428575 0.25396825396825395 0.013775510204081635 0.06204906204906205
135 0.49591836734693884 0.25252525252525254 0.014285714285714287 0.06637806637806638
136 0.5303571428571429 0.2611832611832612 0.013775510204081635 0.05483405483405483
137 0.5785714285714286 0.2615440115440115 0.01326530612244898 0.05555555555555555
136 0.6125 0.2619047619047619 0.012755102040816327 0.05627705627705628
135 0.6346938775510205 0.26226551226551226 0.0163265306122449 0.056998556998557
134 0.6625000000000001 0.2532467532467532 0.01683673469387755 0.06349206349206349
133 0.6841836734693878 0.255050505050505 0.01326530612244898 0.06132756132756133
132 0.7076530612244899 0.2564935064935065 0.01326530612244898 0.056998556998557
131 0.7308673469387755 0.25757575757575757 0.013775510204081635 0.05483405483405483
99 0.7665816326530613 0.26226551226551226 0.013775510204081635 0.056998556998557
137 0.8153061224489797 0.2597402597402597 0.01326530612244898 0.05194805194805195
136 0.8372448979591838 0.2611832611832612 0.0163265306122449 0.05483405483405483
135 0.8645408163265307 0.25216450216450215 0.01683673469387755 0.06565656565656566
134 0.8867346938775511 0.2536075036075036 0.01326530612244898 0.06277056277056277
133 0.9104591836734695 0.25577200577200576 0.013775510204081635 0.05988455988455989
132 0.9329081632653062 0.2564935064935065 0.012755102040816327 0.056998556998557
27 0.0642857142857143 0.376984126984127 0.025510204081632654 0.05266955266955267
15 0.08826530612244898 0.3658008658008658 0.01326530612244898 0.0404040404040404
96 0.11964285714285715 0.38816738816738816 0.01479591836734694 0.07647907647907648
101 0.16709183673469388 0.37481962481962483 0.013775510204081635 0.056998556998557
95 0.21734693877551023 0.39141414141414144 0.015306122448979593 0.08152958152958154
102 0.26479591836734695 0.3712121212121212 0.01326530612244898 0.06277056277056277
101 0.3306122448979592 0.37445887445887444 0.014285714285714287 0.05627705627705628
99 0.37806122448979596 0.37987012987012986 0.01326530612244898 0.056998556998557
106 0.42500000000000004 0.376984126984127 0.01326530612244898 0.051226551226551224
103 0.47219387755102044 0.38455988455988455 0.013775510204081635 0.06637806637806638
101 0.5311224489795919 0.37445887445887444 0.014285714285714287 0.05627705627705628
99 0.6135204081632654 0.38023088023088025 0.012755102040816327 0.05772005772005772
103 0.6602040816326531 0.38492063492063494 0.01326530612244898 0.06565656565656566
103 0.7073979591836735 0.38455988455988455 0.013775510204081635 0.06637806637806638
103 0.766326530612245 0.38492063492063494 0.01326530612244898 0.06565656565656566
133 0.8176020408163266 0.37445887445887444 0.01683673469387755 0.05627705627705628
132 0.8392857142857144 0.3759018759018759 0.01326530612244898 0.05483405483405483
133 0.8650510204081634 0.3708513708513709 0.01683673469387755 0.06349206349206349
134 0.8867346938775511 0.36976911976911975 0.01326530612244898 0.06565656565656566
104 0.9099489795918368 0.38167388167388167 0.013775510204081635 0.06349206349206349
34 0.06505102040816327 0.6363636363636364 0.025 0.06204906204906205
15 0.08826530612244898 0.6547619047619048 0.011224489795918368 0.0367965367965368
141 0.11964285714285715 0.6298701298701299 0.01479591836734694 0.07647907647907648
140 0.14362244897959184 0.6341991341991342 0.013775510204081635 0.06926406926406926
139 0.16785714285714287 0.6374458874458875 0.012244897959183675 0.06277056277056277
140 0.1910714285714286 0.6345598845598845 0.01785714285714286 0.06854256854256854
141 0.2170918367346939 0.6309523809523809 0.01479591836734694 0.07575757575757576
140 0.24132653061224493 0.6341991341991342 0.014285714285714287 0.06926406926406926
139 0.26556122448979597 0.6374458874458875 0.012755102040816327 0.06277056277056277
138 0.28750000000000003 0.6406926406926406 0.01683673469387755 0.05772005772005772
139 0.326530612244898 0.6374458874458875 0.01326530612244898 0.06277056277056277
141 0.35280612244897963 0.6309523809523809 0.01479591836734694 0.07575757575757576
140 0.377295918367347 0.6341991341991342 0.013775510204081635 0.06926406926406926
139 0.4 0.6374458874458875 0.0163265306122449 0.06277056277056277
138 0.42627551020408166 0.6403318903318903 0.012755102040816327 0.05844155844155844
137 0.450765306122449 0.6432178932178932 0.013775510204081635 0.05266955266955267
136 0.47500000000000003 0.6435786435786436 0.01326530612244898 0.05339105339105339
137 0.49719387755102046 0.6439393939393939 0.01683673469387755 0.05411255411255411
135 0.5336734693877552 0.65007215007215 0.01326530612244898 0.06637806637806638
134 0.5581632653061225 0.6493506493506493 0.01326530612244898 0.06493506493506493
135 0.5821428571428572 0.6486291486291487 0.01326530612244898 0.06493506493506493
15 0.6010204081632654 0.6305916305916306 0.011224489795918368 0.03896103896103896
136 0.6119897959183674 0.648989898989899 0.01785714285714286 0.06421356421356421
137 0.6385204081632654 0.6424963924963925 0.012755102040816327 0.051226551226551224
138 0.6625000000000001 0.63997113997114 0.012755102040816327 0.05772005772005772
139 0.6872448979591838 0.637085137085137 0.012244897959183675 0.06204906204906205
140 0.7102040816326531 0.6345598845598845 0.0163265306122449 0.06854256854256854
15 0.741326530612245 0.6309523809523809 0.011224489795918368 0.03823953823953824
105 0.7543367346938776 0.645021645021645 0.011734693877551022 0.05627705627705628
110 0.8102040816326531 0.6305916305916306 0.014285714285714287 0.07647907647907648
104 0.8571428571428572 0.648989898989899 0.01326530612244898 0.06421356421356421
109 0.9061224489795919 0.6341991341991342 0.01326530612244898 0.06926406926406926
26 0.06479591836734694 0.7673160173160173 0.023469387755102045 0.09018759018759019
15 0.08801020408163267 0.7438672438672439 0.011734693877551022 0.03751803751803752
131 0.12142857142857144 0.7687590187590188 0.017346938775510204 0.051226551226551224
130 0.1441326530612245 0.7716450216450217 0.013775510204081635 0.05844155844155844
129 0.16836734693877553 0.7745310245310245 0.014285714285714287 0.06421356421356421
130 0.19285714285714287 0.7716450216450217 0.014285714285714287 0.05844155844155844
131 0.21887755102040818 0.766955266955267 0.017346938775510204 0.05483405483405483
132 0.24158163265306123 0.766955266955267 0.013775510204081635 0.05339105339105339
133 0.26607142857142857 0.7673160173160173 0.013775510204081635 0.05266955266955267
131 0.2895408163265306 0.7673160173160173 0.013775510204081635 0.05411255411255411
105 0.32602040816326533 0.7712842712842712 0.01326530612244898 0.05627705627705628
98 0.3775510204081633 0.7741702741702742 0.014285714285714287 0.06349206349206349
98 0.42627551020408166 0.7745310245310245 0.013775510204081635 0.06421356421356421
100 0.47576530612244905 0.7687590187590188 0.013775510204081635 0.051226551226551224
73 0.5346938775510205 0.7655122655122655 0.014285714285714287 0.05483405483405483
20 0.6372448979591837 0.7673160173160173 0.011224489795918368 0.03823953823953824
103 0.6875000000000001 0.7763347763347763 0.012755102040816327 0.06637806637806638
133 0.7543367346938776 0.7756132756132756 0.013775510204081635 0.06637806637806638
134 0.7785714285714287 0.7738095238095238 0.01326530612244898 0.06277056277056277
15 0.7971938775510204 0.7626262626262627 0.011734693877551022 0.03896103896103896
135 0.8099489795918368 0.7716450216450217 0.012755102040816327 0.05844155844155844
136 0.8326530612244899 0.7712842712842712 0.017346938775510204 0.05772005772005772
132 0.8591836734693878 0.7655122655122655 0.0163265306122449 0.05627705627705628
133 0.8818877551020409 0.7647907647907648 0.013775510204081635 0.05916305916305916
134 0.9068877551020409 0.7626262626262627 0.013775510204081635 0.06204906204906205
135 0.9308673469387756 0.7608225108225108 0.013775510204081635 0.06565656565656566
27 0.0642857142857143 0.8856421356421357 0.025510204081632654 0.051226551226551224
15 0.08801020408163267 0.8740981240981242 0.011734693877551022 0.03823953823953824
104 0.1191326530612245 0.8917748917748918 0.012755102040816327 0.06349206349206349
100 0.16862244897959186 0.8863636363636364 0.013775510204081635 0.051226551226551224
100 0.2170918367346939 0.8863636363636364 0.013775510204081635 0.051226551226551224
133 0.26760204081632655 0.8838383838383839 0.015816326530612247 0.05627705627705628
132 0.2900510204081633 0.8845598845598845 0.012755102040816327 0.05483405483405483
102 0.326530612244898 0.8802308802308803 0.01326530612244898 0.06204906204906205
132 0.3790816326530613 0.8841991341991342 0.0163265306122449 0.05411255411255411
131 0.40204081632653066 0.886002886002886 0.01326530612244898 0.05339105339105339
132 0.42806122448979594 0.8841991341991342 0.017346938775510204 0.05411255411255411
133 0.450765306122449 0.8834776334776335 0.012755102040816327 0.05555555555555555
103 0.4752551020408164 0.8939393939393939 0.012755102040816327 0.06637806637806638
103 0.5339285714285715 0.8935786435786436 0.013775510204081635 0.06565656565656566
99 0.5831632653061225 0.8892496392496393 0.01326530612244898 0.056998556998557
99 0.639030612244898 0.8888888888888888 0.012755102040816327 0.05772005772005772
106 0.6877551020408164 0.886002886002886 0.01326530612244898 0.050505050505050504
106 0.7540816326530613 0.8852813852813853 0.01326530612244898 0.050505050505050504
77 0.8102040816326531 0.8885281385281385 0.012244897959183675 0.05555555555555555
104 0.9061224489795919 0.8917748917748918 0.01326530612244898 0.06204906204906205
