12 0.047959183673469394 0.2041847041847042 0.006122448979591837 0.050505050505050504
12 0.575765306122449 0.2041847041847042 0.010714285714285714 0.049062049062049064
12 0.9512755102040817 0.2041847041847042 0.008673469387755102 0.049062049062049064
12 0.24132653061224493 0.2041847041847042 0.00816326530612245 0.047619047619047616
12 0.7678571428571429 0.2041847041847042 0.00816326530612245 0.047619047619047616
12 0.41760204081632657 0.20454545454545456 0.008673469387755102 0.046897546897546896
12 0.048469387755102046 0.45634920634920634 0.0071428571428571435 0.049783549783549784
12 0.9512755102040817 0.455988455988456 0.00969387755102041 0.049062049062049064
12 0.24132653061224493 0.455988455988456 0.009183673469387756 0.047619047619047616
12 0.41734693877551027 0.45634920634920634 0.00816326530612245 0.048340548340548344
12 0.575765306122449 0.45634920634920634 0.008673469387755102 0.048340548340548344
12 0.7676020408163265 0.455988455988456 0.007653061224489797 0.047619047619047616
14 0.27729591836734696 0.4383116883116883 0.00663265306122449 0.010822510822510822
12 0.048214285714285716 0.7085137085137085 0.007653061224489797 0.049062049062049064
12 0.24158163265306123 0.7081529581529582 0.008673469387755102 0.048340548340548344
12 0.41734693877551027 0.7081529581529582 0.00816326530612245 0.048340548340548344
12 0.575765306122449 0.7081529581529582 0.008673469387755102 0.048340548340548344
12 0.9515306122448981 0.7077922077922078 0.00816326530612245 0.047619047619047616
12 0.7678571428571429 0.7081529581529582 0.00816326530612245 0.046897546897546896
14 0.27704081632653066 0.7142857142857143 0.0071428571428571435 0.0101010101010101
12 0.575765306122449 0.9603174603174603 0.008673469387755102 0.049062049062049064
12 0.9515306122448981 0.95995670995671 0.009183673469387756 0.048340548340548344
12 0.047959183673469394 0.9606782106782107 0.0071428571428571435 0.048340548340548344
12 0.4170918367346939 0.9603174603174603 0.008673469387755102 0.047619047619047616
12 0.7676020408163265 0.95995670995671 0.008673469387755102 0.046897546897546896
12 0.24158163265306123 0.9606782106782107 0.00969387755102041 0.046897546897546896
14 0.27729591836734696 0.9552669552669553 0.00663265306122449 0.0101010101010101
14 0.7948979591836736 0.9664502164502164 0.0071428571428571435 0.007936507936507936
31 0.06454081632653062 0.21212121212121213 0.02295918367346939 0.09668109668109669
26 0.0653061224489796 0.45707070707070707 0.02448979591836735 0.08585858585858586
18 0.15892857142857145 0.4466089466089466 0.015816326530612247 0.012987012987012988
77 0.26734693877551025 0.45851370851370854 0.01326530612244898 0.056998556998557
18 0.4964285714285715 0.4466089466089466 0.0163265306122449 0.012987012987012988
18 0.6719387755102041 0.4466089466089466 0.0163265306122449 0.012987012987012988
20 0.7834183673469388 0.455988455988456 0.00969387755102041 0.03751803751803752
105 0.8431122448979592 0.4588744588744589 0.012755102040816327 0.05627705627705628
138 0.9000000000000001 0.4531024531024531 0.014285714285714287 0.05772005772005772
21 0.9285714285714286 0.45526695526695526 0.01326530612244898 0.024531024531024532
26 0.06479591836734694 0.7092352092352092 0.022448979591836737 0.08513708513708514
19 0.1017857142857143 0.7052669552669553 0.01683673469387755 0.012265512265512266
101 0.1987244897959184 0.7056277056277056 0.012755102040816327 0.05772005772005772
73 0.26734693877551025 0.7056277056277056 0.01326530612244898 0.05772005772005772
18 0.4964285714285715 0.6998556998556998 0.0163265306122449 0.012987012987012988
132 0.6043367346938776 0.7052669552669553 0.019897959183673472 0.05555555555555555
21 0.6311224489795919 0.7077922077922078 0.012244897959183675 0.024531024531024532
139 0.6591836734693878 0.7023809523809523 0.014285714285714287 0.06277056277056277
21 0.6877551020408164 0.7081529581529582 0.011224489795918368 0.023809523809523808
139 0.7158163265306123 0.7023809523809523 0.014285714285714287 0.06277056277056277
21 0.7446428571428572 0.7077922077922078 0.011734693877551022 0.023088023088023088
101 0.7849489795918368 0.7056277056277056 0.012755102040816327 0.05627705627705628
99 0.8431122448979592 0.711038961038961 0.012755102040816327 0.056998556998557
101 0.9002551020408164 0.7056277056277056 0.013775510204081635 0.05772005772005772
27 0.06581632653061226 0.961038961038961 0.025510204081632654 0.05194805194805195
20 0.10025510204081634 0.9603174603174603 0.010714285714285714 0.03896103896103896
76 0.1497448979591837 0.9660894660894661 0.012755102040816327 0.06204906204906205
76 0.2663265306122449 0.9660894660894661 0.01326530612244898 0.06349206349206349
18 0.4964285714285715 0.9516594516594516 0.0163265306122449 0.012987012987012988
134 0.601530612244898 0.9671717171717171 0.014285714285714287 0.06565656565656566
21 0.6311224489795919 0.95995670995671 0.011224489795918368 0.023809523809523808
141 0.6596938775510205 0.9487734487734488 0.0163265306122449 0.07503607503607504
21 0.6877551020408164 0.9592352092352092 0.011224489795918368 0.022366522366522368
141 0.7160714285714286 0.9487734487734488 0.015816326530612247 0.07503607503607504
21 0.7443877551020409 0.95995670995671 0.011224489795918368 0.023809523809523808
74 0.7854591836734695 0.9549062049062049 0.012755102040816327 0.06277056277056277
