12 0.047823886639676114 0.09198282032927702 0.006578947368421052 0.049391553328561204
12 0.4769736842105263 0.09090909090909091 0.007591093117408907 0.047244094488188976
12 0.8418522267206477 0.09126700071581961 0.007591093117408907 0.047959914101646385
12 0.951417004048583 0.09162491052254831 0.008097165991902834 0.048675733715103794
12 0.22039473684210525 0.09126700071581961 0.007591093117408907 0.046528274874731566
12 0.34792510121457493 0.09126700071581961 0.007591093117408907 0.046528274874731566
12 0.604504048582996 0.09126700071581961 0.007591093117408907 0.046528274874731566
12 0.7325404858299596 0.09126700071581961 0.007591093117408907 0.046528274874731566
12 0.047823886639676114 0.23335719398711524 0.007591093117408907 0.048675733715103794
12 0.2042004048582996 0.23335719398711524 0.00860323886639676 0.048675733715103794
12 0.6467611336032388 0.23335719398711524 0.008097165991902834 0.048675733715103794
12 0.7664473684210527 0.23299928418038654 0.007591093117408907 0.047959914101646385
12 0.3233805668016194 0.23371510379384394 0.00708502024291498 0.047959914101646385
12 0.951417004048583 0.23335719398711524 0.008097165991902834 0.047244094488188976
12 0.4258603238866397 0.23443092340730134 0.006578947368421052 0.047959914101646385
12 0.8663967611336032 0.23335719398711524 0.00708502024291498 0.04581245526127416
14 0.708755060728745 0.23908375089477452 0.005566801619433199 0.010021474588403722
14 0.9013157894736842 0.262705798138869 0.006072874493927126 0.010021474588403722
12 0.04807692307692308 0.370436649964209 0.00708502024291498 0.049391553328561204
12 0.20394736842105263 0.3697208303507516 0.008097165991902834 0.047959914101646385
12 0.4258603238866397 0.370436649964209 0.007591093117408907 0.047959914101646385
12 0.527834008097166 0.370436649964209 0.008097165991902834 0.047959914101646385
12 0.6467611336032388 0.3700787401574803 0.008097165991902834 0.047244094488188976
12 0.7664473684210527 0.370436649964209 0.007591093117408907 0.047959914101646385
12 0.951417004048583 0.370436649964209 0.008097165991902834 0.047959914101646385
12 0.32388663967611336 0.370436649964209 0.00708502024291498 0.046528274874731566
12 0.8661437246963563 0.370436649964209 0.007591093117408907 0.046528274874731566
14 0.708502024291498 0.36435218324982105 0.006072874493927126 0.010021474588403722
14 0.9013157894736842 0.3879742304939155 0.006072874493927126 0.010021474588403722
11 0.9471153846153846 0.5118110236220472 0.013663967611336033 0.048675733715103794
12 0.047823886639676114 0.5125268432355047 0.007591093117408907 0.048675733715103794
11 0.9471153846153846 0.6184681460272011 0.013663967611336033 0.048675733715103794
12 0.04832995951417004 0.6191839656406585 0.007591093117408907 0.048675733715103794
26 0.06477732793522267 0.09269863994273443 0.022267206477732795 0.08518253400143164
103 0.10121457489878542 0.09914101646385111 0.012145748987854251 0.06513958482462419
102 0.14195344129554657 0.08554044380816034 0.012651821862348178 0.06084466714387974
101 0.1854757085020243 0.08840372226198998 0.012651821862348178 0.05654974946313529
103 0.23810728744939272 0.09914101646385111 0.012651821862348178 0.06513958482462419
103 0.27606275303643724 0.09914101646385111 0.012651821862348178 0.06513958482462419
101 0.31300607287449395 0.08840372226198998 0.012651821862348178 0.05654974946313529
103 0.36563765182186236 0.09878310665712241 0.012651821862348178 0.0658554044380816
102 0.40384615384615385 0.08589835361488904 0.012145748987854251 0.06156048675733715
101 0.44205465587044535 0.08840372226198998 0.012651821862348178 0.05654974946313529
103 0.49468623481781376 0.09914101646385111 0.012651821862348178 0.06513958482462419
103 0.5326417004048583 0.09878310665712241 0.012651821862348178 0.06442376521116679
101 0.569078947368421 0.08840372226198998 0.012651821862348178 0.05654974946313529
102 0.6214574898785425 0.08589835361488904 0.012145748987854251 0.06156048675733715
103 0.6594129554655871 0.09842519685039369 0.012145748987854251 0.06513958482462419
102 0.6973684210526316 0.08589835361488904 0.012145748987854251 0.06012884753042233
73 0.749746963562753 0.08840372226198998 0.013663967611336033 0.05511811023622047
100 0.8069331983805668 0.09162491052254831 0.013663967611336033 0.051539012168933425
71 0.8593117408906883 0.09305654974946313 0.013157894736842105 0.05726556907659269
100 0.916244939271255 0.09162491052254831 0.013663967611336033 0.050107372942018606
26 0.06503036437246963 0.23407301360057264 0.02277327935222672 0.08446671438797422
71 0.1014676113360324 0.23622047244094488 0.013663967611336033 0.05726556907659269
130 0.15637651821862347 0.23657838224767358 0.016194331983805668 0.05654974946313529
130 0.1847165991902834 0.23693629205440228 0.013157894736842105 0.05726556907659269
100 0.2201417004048583 0.23335719398711524 0.013157894736842105 0.050107372942018606
101 0.2560728744939271 0.2301360057265569 0.013157894736842105 0.05654974946313529
100 0.2909919028340081 0.23335719398711524 0.013157894736842105 0.050107372942018606
71 0.340080971659919 0.23622047244094488 0.013157894736842105 0.05726556907659269
98 0.39296558704453444 0.23908375089477452 0.013663967611336033 0.06299212598425197
69 0.44205465587044535 0.24230493915533285 0.014676113360323886 0.06800286327845383
98 0.4949392712550607 0.23908375089477452 0.013157894736842105 0.06299212598425197
71 0.5442813765182186 0.23586256263421618 0.013663967611336033 0.05654974946313529
130 0.5991902834008097 0.23657838224767358 0.016194331983805668 0.05654974946313529
130 0.6275303643724697 0.23693629205440228 0.013157894736842105 0.05726556907659269
100 0.6629554655870445 0.23371510379384394 0.013157894736842105 0.050823192555476016
101 0.6986336032388664 0.2301360057265569 0.012651821862348178 0.05654974946313529
131 0.7477226720647774 0.23335719398711524 0.020748987854251014 0.051539012168933425
99 0.7831477732793523 0.23622047244094488 0.013663967611336033 0.05726556907659269
69 0.8162955465587045 0.24194702934860415 0.015182186234817815 0.06728704366499642
69 0.8911943319838057 0.24158911954187542 0.015182186234817815 0.06657122405153901
26 0.06477732793522267 0.3718682891911238 0.022267206477732795 0.08375089477451682
73 0.10172064777327935 0.3675733715103794 0.013157894736842105 0.05511811023622047
132 0.15612348178137653 0.36864710093056546 0.016700404858299597 0.052970651395848244
132 0.18421052631578946 0.3690050107372942 0.012145748987854251 0.05368647100930565
102 0.22039473684210525 0.3647100930565497 0.012651821862348178 0.06084466714387974
103 0.25531376518218624 0.3779527559055118 0.012651821862348178 0.0658554044380816
102 0.2909919028340081 0.3647100930565497 0.012145748987854251 0.06084466714387974
73 0.3398279352226721 0.3675733715103794 0.013663967611336033 0.05511811023622047
100 0.39296558704453444 0.3707945597709377 0.013663967611336033 0.051539012168933425
71 0.44205465587044535 0.37294201861130993 0.013663967611336033 0.05726556907659269
100 0.4951923076923077 0.3707945597709377 0.013663967611336033 0.051539012168933425
73 0.5442813765182186 0.3675733715103794 0.013663967611336033 0.05511811023622047
132 0.5986842105263158 0.36864710093056546 0.016194331983805668 0.052970651395848244
132 0.6267712550607287 0.3690050107372942 0.012651821862348178 0.05368647100930565
102 0.6632085020242915 0.3647100930565497 0.012651821862348178 0.06084466714387974
103 0.6981275303643725 0.3779527559055118 0.012651821862348178 0.06442376521116679
133 0.7477226720647774 0.36506800286327845 0.019736842105263157 0.06156048675733715
101 0.7834008097165992 0.3675733715103794 0.013157894736842105 0.05654974946313529
71 0.8165485829959515 0.37294201861130993 0.013663967611336033 0.05726556907659269
71 0.8914473684210527 0.3725841088045812 0.014676113360323886 0.0579813886900501
26 0.06477732793522267 0.5139584824624195 0.022267206477732795 0.0816034359341446
69 0.10172064777327935 0.5214745884037223 0.016194331983805668 0.06800286327845383
130 0.638917004048583 0.5153901216893343 0.016700404858299597 0.05726556907659269
131 0.792257085020243 0.5128847530422334 0.012651821862348178 0.050823192555476016
26 0.06477732793522267 0.6202576950608446 0.022267206477732795 0.08375089477451682
71 0.1014676113360324 0.6220472440944882 0.014676113360323886 0.05869720830350751
132 0.639423076923077 0.6177523264137437 0.016700404858299597 0.05440229062276306
133 0.792004048582996 0.6166785969935576 0.013157894736842105 0.05654974946313529
