1 0.07591093117408906 0.017586912065439674 0.018796992481203006 0.0343558282208589
12 0.04814921920185078 0.02044989775051125 0.004916136495083863 0.029447852760736196
12 0.17090803932909196 0.020040899795501024 0.0063620589936379405 0.028629856850715747
12 0.3273568536726431 0.020040899795501024 0.0063620589936379405 0.028629856850715747
12 0.23496240601503757 0.020245398773006136 0.006072874493927125 0.02822085889570552
12 0.3995083863504916 0.02044989775051125 0.006072874493927125 0.028629856850715747
12 0.5170618854829381 0.02044989775051125 0.0063620589936379405 0.028629856850715747
12 0.6187102371312897 0.020245398773006136 0.006072874493927125 0.02822085889570552
12 0.7290341237709659 0.02044989775051125 0.0063620589936379405 0.028629856850715747
12 0.8405147484094851 0.020245398773006136 0.006072874493927125 0.02822085889570552
12 0.9512724117987276 0.02044989775051125 0.006072874493927125 0.028629856850715747
1 0.07576633892423365 0.11206543967280164 0.019086176980913822 0.03517382413087935
12 0.04800462695199537 0.12249488752556237 0.004626951995373048 0.02822085889570552
12 0.23510699826489298 0.12229038854805727 0.0063620589936379405 0.027811860940695297
12 0.3272122614227877 0.12229038854805727 0.006072874493927125 0.027811860940695297
12 0.9512724117987276 0.12229038854805727 0.006072874493927125 0.027811860940695297
12 0.17090803932909196 0.12249488752556237 0.0063620589936379405 0.027402862985685072
12 0.399652978600347 0.12249488752556237 0.0063620589936379405 0.027402862985685072
12 0.5172064777327935 0.12249488752556237 0.006651243493348756 0.027402862985685072
12 0.6188548293811451 0.12269938650306748 0.0063620589936379405 0.027811860940695297
12 0.7290341237709659 0.12249488752556237 0.0063620589936379405 0.027402862985685072
12 0.8403701561596297 0.12249488752556237 0.0063620589936379405 0.027402862985685072
1 0.07591093117408906 0.19038854805725972 0.018796992481203006 0.03558282208588957
12 0.04786003470213996 0.20061349693251534 0.004916136495083863 0.02822085889570552
12 0.17105263157894735 0.20061349693251534 0.006651243493348756 0.02822085889570552
12 0.2352515905147484 0.20061349693251534 0.006651243493348756 0.02822085889570552
12 0.3273568536726431 0.20061349693251534 0.0063620589936379405 0.02822085889570552
12 0.3995083863504916 0.20061349693251534 0.006651243493348756 0.02822085889570552
12 0.5170618854829381 0.20061349693251534 0.006940427993059571 0.02822085889570552
12 0.6188548293811451 0.20061349693251534 0.006940427993059571 0.02822085889570552
12 0.7290341237709659 0.20061349693251534 0.006940427993059571 0.02822085889570552
12 0.8405147484094851 0.20061349693251534 0.006651243493348756 0.02822085889570552
12 0.9512724117987276 0.20061349693251534 0.006072874493927125 0.02822085889570552
1 0.07605552342394448 0.2715746421267894 0.019086176980913822 0.0359918200408998
12 0.04786003470213996 0.2785276073619632 0.005494505494505494 0.027811860940695297
12 0.17090803932909196 0.2785276073619632 0.0063620589936379405 0.027811860940695297
12 0.23510699826489298 0.2785276073619632 0.0063620589936379405 0.027811860940695297
12 0.3273568536726431 0.2785276073619632 0.0063620589936379405 0.027811860940695297
12 0.8403701561596297 0.2785276073619632 0.0063620589936379405 0.027811860940695297
12 0.399652978600347 0.2787321063394683 0.0063620589936379405 0.027402862985685072
12 0.5172064777327935 0.2787321063394683 0.006651243493348756 0.027402862985685072
12 0.6187102371312897 0.2787321063394683 0.006651243493348756 0.027402862985685072
12 0.7288895315211105 0.2787321063394683 0.006651243493348756 0.027402862985685072
12 0.9512724117987276 0.2787321063394683 0.006072874493927125 0.027402862985685072
1 0.07620011567379988 0.35316973415132924 0.018796992481203006 0.03558282208588957
12 0.04800462695199537 0.35664621676891617 0.005205320994794678 0.027811860940695297
12 0.17105263157894735 0.35664621676891617 0.006651243493348756 0.027811860940695297
12 0.2352515905147484 0.3568507157464213 0.006651243493348756 0.02822085889570552
12 0.3272122614227877 0.35664621676891617 0.006651243493348756 0.027811860940695297
12 0.399652978600347 0.35664621676891617 0.0063620589936379405 0.027811860940695297
12 0.6188548293811451 0.35664621676891617 0.006940427993059571 0.027811860940695297
12 0.7288895315211105 0.35664621676891617 0.006651243493348756 0.027811860940695297
12 0.8402255639097744 0.35664621676891617 0.006651243493348756 0.027811860940695297
12 0.9512724117987276 0.35664621676891617 0.006072874493927125 0.027811860940695297
12 0.5170618854829381 0.3568507157464213 0.006940427993059571 0.027402862985685072
1 0.07620011567379988 0.4312883435582822 0.019375361480624638 0.03640081799591002
12 0.04800462695199537 0.4353783231083845 0.005205320994794678 0.02903885480572597
12 0.17105263157894735 0.4349693251533742 0.006072874493927125 0.02822085889570552
12 0.23510699826489298 0.43476482617586915 0.0063620589936379405 0.027811860940695297
12 0.3273568536726431 0.43476482617586915 0.0063620589936379405 0.027811860940695297
12 0.3995083863504916 0.43476482617586915 0.006072874493927125 0.027811860940695297
12 0.5172064777327935 0.43476482617586915 0.006651243493348756 0.027811860940695297
12 0.6187102371312897 0.43476482617586915 0.006651243493348756 0.027811860940695297
12 0.7288895315211105 0.4349693251533742 0.006651243493348756 0.02822085889570552
12 0.8403701561596297 0.43476482617586915 0.0063620589936379405 0.027811860940695297
12 0.951417004048583 0.4349693251533742 0.0063620589936379405 0.02822085889570552
1 0.07576633892423365 0.5263803680981595 0.019086176980913822 0.03680981595092025
12 0.048293811451706185 0.5370143149284253 0.005205320994794678 0.028629856850715747
12 0.5170618854829381 0.5368098159509203 0.006940427993059571 0.02822085889570552
12 0.9512724117987276 0.5366053169734152 0.006072874493927125 0.027811860940695297
12 0.17105263157894735 0.5368098159509203 0.006072874493927125 0.027402862985685072
12 0.2353961827646038 0.5370143149284253 0.0063620589936379405 0.027811860940695297
12 0.3275014459224985 0.5370143149284253 0.006651243493348756 0.027811860940695297
12 0.3995083863504916 0.5370143149284253 0.006651243493348756 0.027811860940695297
12 0.6188548293811451 0.5366053169734152 0.0063620589936379405 0.026993865030674847
12 0.7288895315211105 0.5368098159509203 0.006651243493348756 0.027402862985685072
12 0.8402255639097744 0.5368098159509203 0.006651243493348756 0.027402862985685072
14 0.6654135338345865 0.5335378323108384 0.004048582995951417 0.006134969325153374
14 0.29800462695199537 0.5335378323108384 0.0037593984962406013 0.005316973415132925
14 0.5504626951995373 0.5466257668711656 0.0037593984962406013 0.005316973415132925
1 0.07591093117408906 0.6044989775051125 0.018796992481203006 0.03680981595092025
12 0.17105263157894735 0.6147239263803681 0.006651243493348756 0.028629856850715747
12 0.2352515905147484 0.6147239263803681 0.006651243493348756 0.028629856850715747
12 0.6185656448814343 0.6147239263803681 0.006940427993059571 0.028629856850715747
12 0.04800462695199537 0.6149284253578732 0.005205320994794678 0.02822085889570552
12 0.3270676691729323 0.6149284253578732 0.0063620589936379405 0.02822085889570552
12 0.3995083863504916 0.6149284253578732 0.007229612492770387 0.02822085889570552
12 0.5170618854829381 0.6147239263803681 0.006940427993059571 0.027811860940695297
12 0.728744939271255 0.6149284253578732 0.006940427993059571 0.02822085889570552
12 0.8403701561596297 0.6149284253578732 0.006940427993059571 0.02822085889570552
12 0.9512724117987276 0.6151329243353784 0.006072874493927125 0.028629856850715747
1 0.07620011567379988 0.6858895705521473 0.018796992481203006 0.03680981595092025
12 0.171631000578369 0.692638036809816 0.006651243493348756 0.02822085889570552
12 0.5170618854829381 0.692638036809816 0.007518796992481203 0.02822085889570552
12 0.2352515905147484 0.692842535787321 0.006651243493348756 0.027811860940695297
12 0.3272122614227877 0.692638036809816 0.006072874493927125 0.027402862985685072
12 0.399652978600347 0.692842535787321 0.006940427993059571 0.027811860940695297
12 0.6187102371312897 0.692842535787321 0.007229612492770387 0.027811860940695297
12 0.728744939271255 0.692638036809816 0.0063620589936379405 0.027402862985685072
12 0.8406593406593406 0.692842535787321 0.0063620589936379405 0.027811860940695297
12 0.9512724117987276 0.692842535787321 0.006072874493927125 0.027811860940695297
12 0.047715442452284554 0.6930470347648262 0.005205320994794678 0.027402862985685072
14 0.18594563331405436 0.7480572597137014 0.004626951995373048 0.006543967280163599
1 0.07605552342394448 0.7674846625766871 0.01850780798149219 0.03640081799591002
14 0.48279352226720645 0.7541922290388549 0.004337767495662232 0.006543967280163599
14 0.665268941584731 0.7541922290388549 0.004337767495662232 0.006543967280163599
12 0.17148640832851358 0.7705521472392638 0.006940427993059571 0.028629856850715747
12 0.6185656448814343 0.7709611451942741 0.0063620589936379405 0.028629856850715747
12 0.23496240601503757 0.7709611451942741 0.006651243493348756 0.027811860940695297
12 0.5170618854829381 0.7709611451942741 0.006940427993059571 0.027811860940695297
12 0.951417004048583 0.7711656441717791 0.0063620589936379405 0.02822085889570552
12 0.04800462695199537 0.7711656441717791 0.005205320994794678 0.027402862985685072
12 0.3272122614227877 0.7711656441717791 0.006072874493927125 0.027402862985685072
12 0.399652978600347 0.7711656441717791 0.0063620589936379405 0.027402862985685072
12 0.728744939271255 0.7713701431492843 0.006940427993059571 0.027811860940695297
12 0.8403701561596297 0.7711656441717791 0.0063620589936379405 0.027402862985685072
1 0.07605552342394448 0.8458077709611452 0.01850780798149219 0.0359918200408998
12 0.17105263157894735 0.849079754601227 0.006651243493348756 0.028629856850715747
12 0.04800462695199537 0.849079754601227 0.005205320994794678 0.027811860940695297
12 0.2352515905147484 0.8492842535787322 0.006651243493348756 0.02822085889570552
12 0.3272122614227877 0.8492842535787322 0.006651243493348756 0.02822085889570552
12 0.39936379410063616 0.8492842535787322 0.0063620589936379405 0.02822085889570552
12 0.5172064777327935 0.8492842535787322 0.006651243493348756 0.02822085889570552
12 0.6187102371312897 0.8492842535787322 0.006651243493348756 0.02822085889570552
12 0.7288895315211105 0.8492842535787322 0.006651243493348756 0.02822085889570552
12 0.8402255639097744 0.8492842535787322 0.006651243493348756 0.02822085889570552
12 0.9512724117987276 0.8492842535787322 0.006651243493348756 0.02822085889570552
27 0.05754771544245228 0.02065439672801636 0.015037593984962405 0.03067484662576687
18 0.126951995373048 0.008588957055214725 0.010410641989589357 0.0081799591002045
18 0.19592249855407748 0.008588957055214725 0.010121457489878543 0.0081799591002045
18 0.28108733371891265 0.008588957055214725 0.010410641989589357 0.0081799591002045
18 0.36350491613649505 0.008588957055214725 0.010410641989589357 0.0081799591002045
18 0.45835743204164253 0.008793456032719837 0.010410641989589357 0.008588957055214725
18 0.5678137651821862 0.008793456032719837 0.010699826489300172 0.008588957055214725
18 0.6737998843262001 0.008793456032719837 0.010410641989589357 0.008588957055214725
18 0.7848467322151532 0.008793456032719837 0.010410641989589357 0.008588957055214725
18 0.8958935801041064 0.008793456032719837 0.010410641989589357 0.008588957055214725
26 0.05754771544245228 0.12147239263803682 0.013880855986119142 0.052351738241308794
18 0.12680740312319258 0.11779141104294479 0.010699826489300172 0.0081799591002045
18 0.19592249855407748 0.11758691206543967 0.010699826489300172 0.007770961145194274
18 0.28108733371891265 0.11758691206543967 0.010410641989589357 0.007770961145194274
18 0.36350491613649505 0.11758691206543967 0.010410641989589357 0.007770961145194274
18 0.4580682475419317 0.11779141104294479 0.010410641989589357 0.0081799591002045
18 0.5679583574320416 0.11779141104294479 0.010410641989589357 0.0081799591002045
18 0.6737998843262001 0.11779141104294479 0.010410641989589357 0.0081799591002045
18 0.7847021399652978 0.11779141104294479 0.010121457489878543 0.0081799591002045
18 0.8957489878542509 0.11779141104294479 0.010699826489300172 0.0081799591002045
26 0.05754771544245228 0.19959100204498978 0.013880855986119142 0.052351738241308794
18 0.12680740312319258 0.19550102249488752 0.010699826489300172 0.0081799591002045
18 0.1957779063042221 0.19550102249488752 0.010410641989589357 0.0081799591002045
18 0.28108733371891265 0.19570552147239265 0.010410641989589357 0.008588957055214725
18 0.36350491613649505 0.19550102249488752 0.010410641989589357 0.0081799591002045
18 0.4582128397917871 0.19550102249488752 0.010121457489878543 0.0081799591002045
18 0.5678137651821862 0.19550102249488752 0.010121457489878543 0.0081799591002045
18 0.6737998843262001 0.19550102249488752 0.010410641989589357 0.0081799591002045
18 0.7847021399652978 0.19550102249488752 0.010121457489878543 0.0081799591002045
18 0.8957489878542509 0.19550102249488752 0.010121457489878543 0.0081799591002045
28 0.05769230769230769 0.2785276073619632 0.015326778484673221 0.029447852760736196
18 0.126951995373048 0.2738241308793456 0.010410641989589357 0.007770961145194274
18 0.19592249855407748 0.2738241308793456 0.010121457489878543 0.007770961145194274
18 0.28108733371891265 0.2738241308793456 0.010410641989589357 0.007770961145194274
18 0.36336032388663964 0.2736196319018405 0.010699826489300172 0.0081799591002045
18 0.4582128397917871 0.2738241308793456 0.010121457489878543 0.007770961145194274
18 0.5678137651821862 0.2738241308793456 0.010121457489878543 0.007770961145194274
18 0.6736552920763447 0.2736196319018405 0.010121457489878543 0.0081799591002045
18 0.7847021399652978 0.2738241308793456 0.010121457489878543 0.007770961145194274
18 0.8958935801041064 0.2738241308793456 0.010410641989589357 0.007770961145194274
27 0.05769230769230769 0.3568507157464213 0.01474840948525159 0.02985685071574642
18 0.12680740312319258 0.3521472392638037 0.010699826489300172 0.0081799591002045
18 0.1957779063042221 0.35173824130879344 0.010410641989589357 0.0081799591002045
18 0.28108733371891265 0.3521472392638037 0.010410641989589357 0.0081799591002045
18 0.36350491613649505 0.35173824130879344 0.010410641989589357 0.0081799591002045
18 0.4582128397917871 0.35173824130879344 0.010121457489878543 0.0081799591002045
18 0.5678137651821862 0.35194274028629857 0.010121457489878543 0.007770961145194274
18 0.6737998843262001 0.35173824130879344 0.010410641989589357 0.0081799591002045
18 0.7848467322151532 0.35173824130879344 0.010410641989589357 0.0081799591002045
18 0.8957489878542509 0.35173824130879344 0.010121457489878543 0.0081799591002045
37 0.05769230769230769 0.4386503067484663 0.01474840948525159 0.03885480572597137
18 0.126951995373048 0.4298568507157464 0.010410641989589357 0.0081799591002045
18 0.1957779063042221 0.4296523517382413 0.010410641989589357 0.008588957055214725
18 0.28108733371891265 0.4298568507157464 0.010410641989589357 0.0081799591002045
18 0.36350491613649505 0.4296523517382413 0.010410641989589357 0.008588957055214725
18 0.4582128397917871 0.4298568507157464 0.010121457489878543 0.0081799591002045
18 0.5678137651821862 0.4298568507157464 0.010121457489878543 0.0081799591002045
18 0.6737998843262001 0.4298568507157464 0.010410641989589357 0.0081799591002045
18 0.7847021399652978 0.4298568507157464 0.010121457489878543 0.0081799591002045
18 0.8957489878542509 0.4296523517382413 0.010121457489878543 0.008588957055214725
26 0.05754771544245228 0.5359918200408998 0.013880855986119142 0.05194274028629857
18 0.126951995373048 0.5321063394683027 0.010410641989589357 0.0081799591002045
18 0.1957779063042221 0.5323108384458077 0.010410641989589357 0.007770961145194274
128 0.24436090225563908 0.5417177914110429 0.009832272990167727 0.03885480572597137
130 0.25694042799305955 0.5386503067484663 0.007229612492770387 0.03190184049079755
102 0.27197802197802196 0.5335378323108384 0.007229612492770387 0.03558282208588957
104 0.29207634470792365 0.5404907975460123 0.006940427993059571 0.03640081799591002
137 0.3159340659340659 0.5368098159509203 0.007229612492770387 0.02903885480572597
106 0.33545401966454597 0.5368098159509203 0.007518796992481203 0.02903885480572597
20 0.35584152689415843 0.5361963190184049 0.006651243493348756 0.022085889570552148
19 0.37507229612492765 0.5351738241308793 0.010989010989010988 0.008588957055214725
19 0.40847310584152685 0.5351738241308793 0.010699826489300172 0.009406952965235174
20 0.4757085020242915 0.5359918200408998 0.006940427993059571 0.021676891615541923
21 0.49378253325621746 0.5372188139059305 0.006651243493348756 0.014314928425357873
127 0.5075187969924811 0.5431492842535788 0.01156737998843262 0.04171779141104295
127 0.5273279352226721 0.5439672801635992 0.011278195488721804 0.0425357873210634
99 0.544679005205321 0.5388548057259713 0.007807981492192018 0.033128834355828224
131 0.5701272411798727 0.5372188139059305 0.011278195488721804 0.02903885480572597
102 0.5880566801619432 0.5337423312883436 0.007229612492770387 0.0359918200408998
134 0.6072874493927125 0.5417177914110429 0.007518796992481203 0.03803680981595092
137 0.6304222093695777 0.5370143149284253 0.007518796992481203 0.028629856850715747
104 0.6590514748409485 0.5402862985685072 0.007518796992481203 0.0359918200408998
21 0.6818970503181029 0.5370143149284253 0.0063620589936379405 0.013905930470347648
137 0.6938982070561017 0.5366053169734152 0.007229612492770387 0.028629856850715747
140 0.7079236552920763 0.5323108384458077 0.008097165991902834 0.03967280163599182
137 0.7187680740312319 0.5368098159509203 0.00896471949103528 0.02903885480572597
109 0.7410352805089647 0.5321063394683027 0.008386350491613648 0.0392638036809816
20 0.7653267784846731 0.53640081799591 0.007229612492770387 0.021676891615541923
19 0.7923655292076344 0.5351738241308793 0.010989010989010988 0.008588957055214725
18 0.8958935801041064 0.5321063394683027 0.010410641989589357 0.0081799591002045
26 0.05754771544245228 0.6143149284253578 0.013880855986119142 0.052351738241308794
126 0.09991324465008675 0.6226993865030674 0.011278195488721804 0.04621676891615542
128 0.11234817813765181 0.6194274028629857 0.008386350491613648 0.03967280163599182
99 0.1252168883747831 0.6165644171779141 0.007518796992481203 0.033128834355828224
74 0.1474840948525159 0.6120654396728017 0.008097165991902834 0.03640081799591002
18 0.1957779063042221 0.6100204498977505 0.010410641989589357 0.007770961145194274
18 0.28108733371891265 0.6100204498977505 0.010410641989589357 0.007770961145194274
21 0.33516483516483514 0.6155419222903885 0.0063620589936379405 0.014723926380368098
78 0.34774436090225563 0.6147239263803681 0.007807981492192018 0.029447852760736196
18 0.45835743204164253 0.6100204498977505 0.010410641989589357 0.007770961145194274
18 0.5678137651821862 0.6100204498977505 0.010121457489878543 0.007770961145194274
18 0.6737998843262001 0.6100204498977505 0.010410641989589357 0.007770961145194274
18 0.7848467322151532 0.6100204498977505 0.009832272990167727 0.007770961145194274
18 0.8958935801041064 0.6100204498977505 0.010410641989589357 0.007770961145194274
28 0.0579814921920185 0.6932515337423313 0.015326778484673221 0.029447852760736196
134 0.0989010989010989 0.6969325153374233 0.007518796992481203 0.03680981595092025
134 0.11061307113938693 0.6969325153374233 0.009543088490456911 0.0376278118609407
103 0.1249277038750723 0.6975460122699386 0.007518796992481203 0.03803680981595092
75 0.1474840948525159 0.6971370143149285 0.008097165991902834 0.03803680981595092
75 0.17987275882012724 0.6973415132924335 0.008097165991902834 0.03844580777096115
19 0.2070561017929439 0.6916155419222904 0.010989010989010988 0.0098159509202454
18 0.28108733371891265 0.6883435582822086 0.010410641989589357 0.0081799591002045
21 0.33530942741469055 0.6934560327198364 0.006651243493348756 0.014314928425357873
79 0.34788895315211105 0.691002044989775 0.008097165991902834 0.032310838445807774
18 0.45835743204164253 0.6881390593047035 0.010410641989589357 0.007770961145194274
18 0.5679583574320416 0.6881390593047035 0.010410641989589357 0.007770961145194274
18 0.6737998843262001 0.6881390593047035 0.010410641989589357 0.007770961145194274
21 0.7401677270098322 0.6938650306748466 0.006651243493348756 0.015132924335378323
136 0.7521688837478311 0.6936605316973415 0.007518796992481203 0.031083844580777096
139 0.7661943319838056 0.6901840490797546 0.007229612492770387 0.03721881390593047
136 0.7768941584731058 0.6938650306748466 0.009543088490456911 0.03067484662576687
139 0.7917871602082128 0.6903885480572597 0.007518796992481203 0.0376278118609407
136 0.8034991324465008 0.6938650306748466 0.007229612492770387 0.03067484662576687
139 0.8173799884326199 0.6901840490797546 0.007807981492192018 0.03721881390593047
136 0.8282244071717756 0.6934560327198364 0.009253903990746095 0.03067484662576687
108 0.8520821283979179 0.6897750511247444 0.007807981492192018 0.03640081799591002
20 0.8765182186234817 0.6924335378323109 0.006940427993059571 0.022903885480572598
19 0.9034123770965875 0.6916155419222904 0.010410641989589357 0.0081799591002045
27 0.05769230769230769 0.7713701431492843 0.01474840948525159 0.030265848670756646
140 0.0989010989010989 0.765439672801636 0.008675534991324464 0.03885480572597137
140 0.11133603238866396 0.7656441717791411 0.009832272990167727 0.0392638036809816
109 0.1252168883747831 0.7658486707566462 0.009253903990746095 0.03967280163599182
81 0.1473395026026605 0.7656441717791411 0.00896471949103528 0.03844580777096115
81 0.17987275882012724 0.7662576687116565 0.009253903990746095 0.03967280163599182
20 0.2184788895315211 0.7566462167689162 0.006651243493348756 0.022085889570552148
18 0.28108733371891265 0.7597137014314929 0.010410641989589357 0.008588957055214725
21 0.33530942741469055 0.7580777096114519 0.006072874493927125 0.014314928425357873
80 0.3475997686524002 0.7670756646216769 0.008097165991902834 0.03558282208588957
131 0.4087622903412377 0.7695296523517382 0.00896471949103528 0.032310838445807774
133 0.4369577790630422 0.7678936605316974 0.007518796992481203 0.03640081799591002
104 0.45532099479467897 0.774437627811861 0.007807981492192018 0.03640081799591002
107 0.4762868710237131 0.7697341513292434 0.007518796992481203 0.032719836400818
21 0.5052053209947946 0.7578732106339469 0.0063620589936379405 0.013905930470347648
19 0.5260266049739734 0.7556237218813906 0.010989010989010988 0.009406952965235174
141 0.5683921341816078 0.7646216768916155 0.008386350491613648 0.04294478527607362
109 0.5880566801619432 0.7660531697341514 0.008386350491613648 0.04008179959100205
139 0.6074320416425679 0.7678936605316974 0.007807981492192018 0.03640081799591002
138 0.6302776171197223 0.7695296523517382 0.007807981492192018 0.033128834355828224
107 0.6590514748409485 0.7695296523517382 0.007518796992481203 0.033128834355828224
19 0.6829091960670908 0.7554192229038855 0.010121457489878543 0.00899795501022495
18 0.7847021399652978 0.7597137014314929 0.010121457489878543 0.008588957055214725
21 0.8519375361480624 0.7576687116564417 0.0063620589936379405 0.014314928425357873
135 0.8637941006362059 0.7723926380368098 0.007518796992481203 0.032310838445807774
138 0.8772411798727587 0.7705521472392638 0.007807981492192018 0.03517382413087935
135 0.8882301908617698 0.7723926380368098 0.00896471949103528 0.031492842535787324
138 0.9029786003470214 0.7705521472392638 0.007807981492192018 0.03517382413087935
135 0.9146905725853094 0.7719836400817996 0.007518796992481203 0.031492842535787324
138 0.9282822440717177 0.7705521472392638 0.007518796992481203 0.03517382413087935
135 0.9395604395604394 0.7721881390593047 0.009253903990746095 0.031083844580777096
37 0.0579814921920185 0.8533742331288343 0.01474840948525159 0.03967280163599182
138 0.09875650665124348 0.8474437627811862 0.007807981492192018 0.032719836400818
138 0.11104684788895314 0.8474437627811862 0.009253903990746095 0.032719836400818
107 0.1252168883747831 0.8476482617586912 0.008097165991902834 0.033128834355828224
79 0.14762868710237131 0.8470347648261759 0.008386350491613648 0.032719836400818
18 0.1957779063042221 0.8439672801635992 0.010410641989589357 0.007770961145194274
18 0.28108733371891265 0.8441717791411043 0.009832272990167727 0.0081799591002045
18 0.36350491613649505 0.8439672801635992 0.010410641989589357 0.007770961145194274
18 0.4582128397917871 0.8441717791411043 0.010121457489878543 0.0081799591002045
18 0.5678137651821862 0.8439672801635992 0.010121457489878543 0.007770961145194274
18 0.6736552920763447 0.8439672801635992 0.010121457489878543 0.007770961145194274
18 0.7847021399652978 0.8441717791411043 0.010121457489878543 0.0081799591002045
18 0.8957489878542509 0.8441717791411043 0.010121457489878543 0.0081799591002045
