0 0.10408163265306124 0.113997113997114 0.0326530612244898 0.06637806637806638
12 0.047959183673469394 0.11616161616161616 0.006122448979591837 0.050505050505050504
12 0.3293367346938776 0.11507936507936507 0.007653061224489797 0.046897546897546896
12 0.5283163265306123 0.11544011544011544 0.008673469387755102 0.047619047619047616
12 0.9517857142857143 0.11507936507936507 0.007653061224489797 0.046897546897546896
12 0.7260204081632654 0.11724386724386725 0.009183673469387756 0.045454545454545456
14 0.7561224489795919 0.10966810966810966 0.00816326530612245 0.011544011544011544
14 0.3591836734693878 0.12193362193362194 0.009183673469387756 0.0101010101010101
14 0.20739795918367349 0.14502164502164502 0.008673469387755102 0.011544011544011544
0 0.10408163265306124 0.2269119769119769 0.0326530612244898 0.0670995670995671
14 0.7561224489795919 0.20454545454545456 0.00816326530612245 0.012265512265512266
12 0.047704081632653064 0.24603174603174602 0.00663265306122449 0.049062049062049064
12 0.3293367346938776 0.24567099567099568 0.008673469387755102 0.046897546897546896
12 0.5283163265306123 0.24567099567099568 0.008673469387755102 0.046897546897546896
12 0.7260204081632654 0.2453102453102453 0.009183673469387756 0.046176046176046176
0 0.10408163265306124 0.3740981240981241 0.0326530612244898 0.06565656565656566
12 0.047959183673469394 0.37554112554112556 0.00816326530612245 0.048340548340548344
12 0.3295918367346939 0.37518037518037517 0.00816326530612245 0.047619047619047616
12 0.7260204081632654 0.37481962481962483 0.00816326530612245 0.046897546897546896
12 0.9520408163265307 0.37518037518037517 0.00816326530612245 0.047619047619047616
12 0.5283163265306123 0.3759018759018759 0.008673469387755102 0.047619047619047616
0 0.10357142857142858 0.5032467532467533 0.0326530612244898 0.06565656565656566
14 0.7558673469387756 0.4754689754689755 0.007653061224489797 0.0101010101010101
12 0.047959183673469394 0.5057720057720058 0.00816326530612245 0.049062049062049064
12 0.32984693877551025 0.5057720057720058 0.008673469387755102 0.049062049062049064
12 0.528061224489796 0.5054112554112554 0.009183673469387756 0.048340548340548344
12 0.9517857142857143 0.5043290043290043 0.007653061224489797 0.046176046176046176
12 0.7262755102040817 0.5057720057720058 0.008673469387755102 0.046176046176046176
0 0.10382653061224491 0.7799422799422799 0.03214285714285715 0.06493506493506493
14 0.2880102040816327 0.7582972582972582 0.008673469387755102 0.011544011544011544
14 0.6959183673469388 0.7582972582972582 0.009183673469387756 0.011544011544011544
12 0.047959183673469394 0.7987012987012987 0.006122448979591837 0.049062049062049064
12 0.539030612244898 0.799062049062049 0.008673469387755102 0.048340548340548344
12 0.9515306122448981 0.799062049062049 0.00816326530612245 0.048340548340548344
12 0.3380102040816327 0.7987012987012987 0.008673469387755102 0.046176046176046176
12 0.7461734693877552 0.7987012987012987 0.008673469387755102 0.046176046176046176
0 0.10408163265306124 0.9094516594516594 0.0326530612244898 0.06565656565656566
14 0.6959183673469388 0.898989898989899 0.00816326530612245 0.0101010101010101
12 0.047959183673469394 0.9289321789321789 0.0071428571428571435 0.048340548340548344
12 0.539030612244898 0.9285714285714286 0.008673469387755102 0.047619047619047616
12 0.9515306122448981 0.9289321789321789 0.00816326530612245 0.048340548340548344
12 0.3380102040816327 0.9285714285714286 0.008673469387755102 0.046176046176046176
12 0.7464285714285714 0.9285714285714286 0.00816326530612245 0.046176046176046176
26 0.06709183673469388 0.12734487734487734 0.02602040816326531 0.10606060606060606
131 0.14846938775510204 0.11616161616161616 0.017346938775510204 0.05194805194805195
130 0.17040816326530614 0.11904761904761904 0.014285714285714287 0.05772005772005772
129 0.19387755102040818 0.12157287157287157 0.015306122448979593 0.06421356421356421
131 0.26607142857142857 0.11327561327561328 0.01683673469387755 0.05772005772005772
132 0.28775510204081634 0.11255411255411256 0.01326530612244898 0.05916305916305916
133 0.3109693877551021 0.10966810966810966 0.012755102040816327 0.06349206349206349
102 0.3464285714285715 0.11038961038961038 0.01326530612244898 0.06349206349206349
128 0.4196428571428572 0.12481962481962482 0.02295918367346939 0.06926406926406926
97 0.4410714285714286 0.12518037518037517 0.01479591836734694 0.06998556998556998
104 0.488265306122449 0.12157287157287157 0.01326530612244898 0.06421356421356421
50 0.5471938775510204 0.11616161616161616 0.01683673469387755 0.05194805194805195
104 0.7426020408163266 0.12193362193362194 0.012755102040816327 0.06349206349206349
78 0.817857142857143 0.11652236652236653 0.01326530612244898 0.05266955266955267
137 0.9119897959183674 0.11616161616161616 0.013775510204081635 0.05194805194805195
34 0.9346938775510205 0.10894660894660894 0.022448979591836737 0.06493506493506493
34 0.06683673469387756 0.23556998556998557 0.02755102040816327 0.07142857142857142
137 0.14923469387755103 0.24603174603174602 0.01683673469387755 0.05194805194805195
57 0.34846938775510206 0.23376623376623376 0.01938775510204082 0.07647907647907648
55 0.5471938775510204 0.237012987012987 0.018877551020408164 0.06998556998556998
109 0.7428571428571429 0.23773448773448774 0.014285714285714287 0.06998556998556998
17 0.8058673469387756 0.19805194805194806 0.00969387755102041 0.05844155844155844
83 0.8183673469387756 0.23160173160173161 0.015306122448979593 0.08225108225108226
142 0.9119897959183674 0.23160173160173161 0.015816326530612247 0.0808080808080808
17 0.8056122448979592 0.3344155844155844 0.010204081632653062 0.05844155844155844
27 0.06989795918367347 0.376984126984127 0.031632653061224494 0.05844155844155844
27 0.0701530612244898 0.5068542568542569 0.03112244897959184 0.05844155844155844
53 0.14923469387755103 0.5032467532467533 0.01683673469387755 0.05988455988455989
55 0.34821428571428575 0.4971139971139971 0.018877551020408164 0.0707070707070707
54 0.5471938775510204 0.49963924963924966 0.01785714285714286 0.06421356421356421
108 0.7423469387755103 0.5 0.01326530612244898 0.06349206349206349
78 0.817857142857143 0.5054112554112554 0.01326530612244898 0.051226551226551224
137 0.9130102040816327 0.5061327561327561 0.015816326530612247 0.05266955266955267
34 0.06683673469387756 0.7896825396825397 0.02653061224489796 0.07142857142857142
20 0.14489795918367349 0.7997835497835498 0.012244897959183675 0.04112554112554113
140 0.19668367346938778 0.7907647907647908 0.01479591836734694 0.06926406926406926
108 0.22448979591836737 0.7936507936507936 0.01326530612244898 0.06349206349206349
109 0.27423469387755106 0.7907647907647908 0.013775510204081635 0.0707070707070707
21 0.35306122448979593 0.7994227994227994 0.01326530612244898 0.025974025974025976
140 0.3775510204081633 0.7904040404040404 0.014285714285714287 0.06998556998556998
140 0.39948979591836736 0.79004329004329 0.017346938775510204 0.06926406926406926
108 0.4295918367346939 0.7932900432900433 0.01326530612244898 0.06421356421356421
140 0.4744897959183674 0.7904040404040404 0.01326530612244898 0.06998556998556998
139 0.4984693877551021 0.7936507936507936 0.012244897959183675 0.06349206349206349
138 0.5193877551020408 0.7968975468975469 0.0163265306122449 0.056998556998557
20 0.553061224489796 0.7997835497835498 0.012244897959183675 0.04112554112554113
140 0.6048469387755102 0.7911255411255411 0.01479591836734694 0.06854256854256854
108 0.6326530612244898 0.7936507936507936 0.01326530612244898 0.06349206349206349
109 0.6823979591836735 0.7907647907647908 0.013775510204081635 0.06926406926406926
21 0.7614795918367347 0.7997835497835498 0.012755102040816327 0.025252525252525252
140 0.7854591836734695 0.7904040404040404 0.013775510204081635 0.06854256854256854
140 0.8079081632653062 0.79004329004329 0.01683673469387755 0.06926406926406926
108 0.8375 0.7936507936507936 0.012755102040816327 0.06349206349206349
140 0.8877551020408164 0.79004329004329 0.014285714285714287 0.06926406926406926
141 0.9117346938775511 0.7871572871572872 0.014285714285714287 0.07647907647907648
140 0.9331632653061225 0.7904040404040404 0.017346938775510204 0.06998556998556998
34 0.06683673469387756 0.9188311688311688 0.02653061224489796 0.07142857142857142
20 0.14489795918367349 0.9292929292929293 0.012244897959183675 0.04184704184704185
138 0.1959183673469388 0.9271284271284271 0.014285714285714287 0.05772005772005772
17 0.21250000000000002 0.911976911976912 0.00969387755102041 0.05627705627705628
106 0.22448979591836737 0.9289321789321789 0.01326530612244898 0.051226551226551224
107 0.2739795918367347 0.9264069264069265 0.01326530612244898 0.05772005772005772
21 0.35306122448979593 0.9292929292929293 0.01326530612244898 0.025974025974025976
138 0.37704081632653064 0.9264069264069265 0.01326530612244898 0.05772005772005772
138 0.3989795918367347 0.9267676767676768 0.0163265306122449 0.056998556998557
17 0.41760204081632657 0.911976911976912 0.008673469387755102 0.05627705627705628
106 0.4298469387755102 0.9289321789321789 0.012755102040816327 0.051226551226551224
138 0.4742346938775511 0.9264069264069265 0.012755102040816327 0.05772005772005772
137 0.4984693877551021 0.9289321789321789 0.01326530612244898 0.051226551226551224
136 0.5198979591836735 0.9292929292929293 0.0163265306122449 0.05194805194805195
20 0.553061224489796 0.93001443001443 0.012244897959183675 0.04184704184704185
138 0.6040816326530613 0.9274891774891775 0.014285714285714287 0.056998556998557
17 0.6206632653061225 0.911976911976912 0.008673469387755102 0.05627705627705628
106 0.6329081632653062 0.9289321789321789 0.013775510204081635 0.051226551226551224
107 0.6821428571428572 0.9264069264069265 0.01326530612244898 0.05772005772005772
21 0.7612244897959184 0.9292929292929293 0.01326530612244898 0.025974025974025976
138 0.7852040816326531 0.9267676767676768 0.01326530612244898 0.056998556998557
138 0.8071428571428572 0.9267676767676768 0.0163265306122449 0.056998556998557
17 0.8255102040816328 0.911976911976912 0.009183673469387756 0.05627705627705628
106 0.8380102040816327 0.9289321789321789 0.012755102040816327 0.051226551226551224
138 0.8872448979591837 0.9264069264069265 0.01326530612244898 0.05772005772005772
139 0.9114795918367348 0.9235209235209235 0.012755102040816327 0.06349206349206349
138 0.9326530612244899 0.9264069264069265 0.0163265306122449 0.05772005772005772
