8 0.08922295978133542 0.10712313638873551 0.03084732526356892 0.046383213694091666
12 0.3920343615775088 0.12120375483158477 0.007028504490433424 0.03699613473219216
12 0.6762983209683717 0.12120375483158477 0.007809449433814916 0.03699613473219216
12 0.9515814135103475 0.12120375483158477 0.007028504490433424 0.03699613473219216
12 0.04802811401796173 0.1214798453892877 0.006247559547051933 0.03644395361678631
8 0.08922295978133542 0.22059635560463833 0.03084732526356892 0.04693539480949752
12 0.048223350253807105 0.23495306460519053 0.006638032018742679 0.03699613473219216
12 0.39222959781335415 0.23495306460519053 0.008199921905505662 0.03699613473219216
12 0.6764935572042171 0.23495306460519053 0.008199921905505662 0.03699613473219216
12 0.9513861772745021 0.23495306460519053 0.00741897696212417 0.03699613473219216
14 0.8352206169465053 0.2305356156819437 0.005466614603670442 0.008282716731087797
8 0.08902772354549005 0.3288238542241856 0.02967590784849668 0.048039757040309224
12 0.6768840296759079 0.34290447266703483 0.008199921905505662 0.03754831584759802
12 0.048223350253807105 0.3431805632247377 0.005857087075361187 0.03699613473219216
12 0.3920343615775088 0.3431805632247377 0.007809449433814916 0.03699613473219216
12 0.9511909410386568 0.3437327443401436 0.007028504490433424 0.03699613473219216
8 0.09254197579070676 0.4226946438431806 0.03826630222569309 0.05577029265599117
12 0.3920343615775088 0.4320817228050801 0.007809449433814916 0.03699613473219216
12 0.6764935572042171 0.43235781336278306 0.008199921905505662 0.03754831584759802
12 0.9513861772745021 0.4329099944781889 0.00741897696212417 0.03754831584759802
12 0.048223350253807105 0.4331860850358918 0.005857087075361187 0.03699613473219216
12 0.048223350253807105 0.5405853119823303 0.006638032018742679 0.03754831584759802
12 0.3920343615775088 0.5403092214246273 0.007809449433814916 0.03699613473219216
12 0.6762983209683717 0.5408614025400332 0.007809449433814916 0.03810049696300387
12 0.9511909410386568 0.5411374930977361 0.007809449433814916 0.03865267807840972
14 0.8352206169465053 0.5270568746548868 0.005466614603670442 0.008282716731087797
12 0.9509957048028115 0.6344561016013253 0.00741897696212417 0.03865267807840972
12 0.04841858648965248 0.6341800110436223 0.006247559547051933 0.03699613473219216
12 0.6764935572042171 0.6344561016013253 0.008199921905505662 0.03754831584759802
12 0.3920343615775088 0.6344561016013253 0.007809449433814916 0.03644395361678631
8 0.08922295978133542 0.7379900607399228 0.028504490433424446 0.04693539480949752
12 0.9511909410386568 0.7426836002208725 0.007809449433814916 0.03865267807840972
12 0.048223350253807105 0.7426836002208725 0.006638032018742679 0.03754831584759802
12 0.3920343615775088 0.7424075096631696 0.007809449433814916 0.03699613473219216
12 0.6762983209683717 0.7426836002208725 0.007809449433814916 0.03754831584759802
8 0.09254197579070676 0.8412479293208173 0.0374853572823116 0.05577029265599117
12 0.04841858648965248 0.8503589177250139 0.006247559547051933 0.03644395361678631
12 0.6766887934400625 0.8509110988404197 0.007809449433814916 0.03754831584759802
12 0.9519718859820383 0.8511871893981227 0.005466614603670442 0.03810049696300387
12 0.39222959781335415 0.8509110988404197 0.00741897696212417 0.03644395361678631
3 0.09254197579070676 0.9307012700165656 0.0374853572823116 0.05687465488680288
12 0.048223350253807105 0.9395361678630592 0.005857087075361187 0.03699613473219216
12 0.39242483404919953 0.9395361678630592 0.007809449433814916 0.03699613473219216
12 0.6761030847325263 0.9398122584207621 0.008199921905505662 0.03754831584759802
12 0.9513861772745021 0.940088348978465 0.006638032018742679 0.03699613473219216
29 0.06091370558375635 0.11485367200441746 0.017961733697774308 0.07730535615681944
18 0.254978524014057 0.11457758144671454 0.014057008980866849 0.01049144119271121
20 0.40179617336977747 0.12009939260077307 0.008590394377196407 0.02816123688569851
114 0.47071456462319405 0.10298177802319161 0.011323701679031628 0.07564881281060189
142 0.5353377586880125 0.11043622308117064 0.011714174150722375 0.06405300938707897
21 0.5712612260835611 0.12203202650469355 0.008590394377196407 0.019878520154610713
20 0.6114798906677079 0.12009939260077307 0.008590394377196407 0.029265599116510218
18 0.814135103475205 0.11457758144671454 0.014057008980866849 0.011595803423522916
26 0.06110894181960172 0.23412479293208174 0.018352206169465052 0.06847045831032579
22 0.15033190160093715 0.2222528989508559 0.0093713393205779 0.027056874654886806
21 0.16556032799687623 0.21700717835450029 0.007809449433814916 0.0176697956929873
20 0.19836001561889888 0.21479845389287688 0.008590394377196407 0.028713418001104364
19 0.26610698945724326 0.2139701822197681 0.013666536509176104 0.011595803423522916
20 0.4019914096056228 0.2150745444505798 0.008199921905505662 0.02816123688569851
114 0.47071456462319405 0.21673108779679737 0.011323701679031628 0.07454445057979017
142 0.5355329949238579 0.22446162341247933 0.01210464662241312 0.06350082827167311
21 0.5712612260835611 0.21700717835450029 0.008590394377196407 0.01877415792379901
20 0.6114798906677079 0.21479845389287688 0.008590394377196407 0.028713418001104364
104 0.8268254588051542 0.23937051352843736 0.009761811792268645 0.04914411927112093
139 0.8592346739554861 0.2200441744892325 0.009761811792268645 0.07012700165654336
138 0.8896915267473643 0.22087244616234128 0.010542756735650137 0.06847045831032579
26 0.06091370558375635 0.34235229155162894 0.0187426786411558 0.06847045831032579
167 0.13373682155408045 0.3431805632247377 0.009761811792268645 0.039204859193815576
22 0.15033190160093715 0.34842628382109336 0.0093713393205779 0.02760905577029266
21 0.16536509176103084 0.3437327443401436 0.008199921905505662 0.01932633903920486
20 0.19875048809058962 0.34207620099392605 0.008590394377196407 0.02816123688569851
19 0.26610698945724326 0.3409718387631143 0.014447481452557595 0.01049144119271121
20 0.4019914096056228 0.3415240198785202 0.008980866848887154 0.029265599116510218
107 0.4705193283873487 0.3409718387631143 0.010152284263959392 0.0436223081170624
135 0.5349472862163218 0.3475980121479846 0.010152284263959392 0.048039757040309224
21 0.5710659898477157 0.3437327443401436 0.008199921905505662 0.01932633903920486
20 0.6114798906677079 0.3418001104362231 0.008590394377196407 0.028713418001104364
107 0.6915267473643109 0.3409718387631143 0.010933229207340883 0.04472667034787411
106 0.7569308863725107 0.3431805632247377 0.010542756735650137 0.039204859193815576
140 0.8270206950409996 0.3365543898398675 0.010933229207340883 0.053561568194367755
139 0.8588442014837954 0.33903920485919387 0.009761811792268645 0.04859193815571508
138 0.889496290511519 0.34124792932081727 0.010152284263959392 0.04417448923246825
137 0.9197579070675518 0.34345665378244067 0.013666536509176104 0.03975704030922143
26 0.06091370558375635 0.43125345113197133 0.0187426786411558 0.06847045831032579
162 0.13627489262007028 0.42959690778575377 0.014057008980866849 0.04196576477084484
22 0.1505271378367825 0.43760353395913865 0.008980866848887154 0.027056874654886806
21 0.16536509176103084 0.43263390392048595 0.008199921905505662 0.01932633903920486
20 0.19875048809058962 0.43125345113197133 0.008590394377196407 0.028713418001104364
19 0.26610698945724326 0.4298729983434567 0.014447481452557595 0.01049144119271121
20 0.4019914096056228 0.4309773605742684 0.008980866848887154 0.029265599116510218
104 0.47032409215150334 0.4359469906129211 0.009761811792268645 0.04693539480949752
132 0.538266302225693 0.43042517945886255 0.014447481452557595 0.0436223081170624
21 0.5710659898477157 0.4331860850358918 0.008199921905505662 0.01932633903920486
20 0.6114798906677079 0.4309773605742684 0.008590394377196407 0.029265599116510218
104 0.6915267473643109 0.4364991717283269 0.010152284263959392 0.048039757040309224
103 0.7567356501366654 0.43843180563224743 0.010152284263959392 0.05080066261733849
137 0.8266302225693088 0.43235781336278306 0.010152284263959392 0.04417448923246825
136 0.8588442014837954 0.4342904472667035 0.010542756735650137 0.04693539480949752
135 0.8893010542756736 0.43567090005521814 0.010542756735650137 0.04748757592490337
134 0.9197579070675518 0.4370513528437328 0.012885591565794613 0.05024848150193264
26 0.060718469347910975 0.5394809497515185 0.018352206169465052 0.06847045831032579
15 0.07868020304568528 0.52263942573164 0.009761811792268645 0.029265599116510218
167 0.13373682155408045 0.5405853119823303 0.009761811792268645 0.03975704030922143
22 0.1505271378367825 0.5458310325786858 0.009761811792268645 0.02816123688569851
21 0.16536509176103084 0.5411374930977361 0.008199921905505662 0.01877415792379901
20 0.19875048809058962 0.5394809497515185 0.008590394377196407 0.028713418001104364
19 0.26610698945724326 0.5381004969630039 0.014447481452557595 0.01049144119271121
20 0.4019914096056228 0.5392048591938157 0.008980866848887154 0.029265599116510218
109 0.4711050370948848 0.5334069574820541 0.01210464662241312 0.053009387078961905
137 0.5353377586880125 0.5405853119823303 0.010152284263959392 0.03975704030922143
21 0.5712612260835611 0.541413583655439 0.008590394377196407 0.01932633903920486
20 0.6116751269035533 0.5394809497515185 0.008980866848887154 0.028713418001104364
104 0.6917219836001562 0.5447266703478741 0.009761811792268645 0.04914411927112093
105 0.7569308863725107 0.5419657647708449 0.009761811792268645 0.04472667034787411
106 0.8270206950409996 0.5383765875207068 0.010152284263959392 0.04417448923246825
134 0.9217102694260055 0.5461071231363888 0.010542756735650137 0.053009387078961905
26 0.060718469347910975 0.6333517393705136 0.018352206169465052 0.06847045831032579
15 0.07887543928153065 0.6162341247929322 0.010152284263959392 0.03092214246272778
160 0.13627489262007028 0.6372170071783546 0.01483795392424834 0.04307012700165655
22 0.15033190160093715 0.6397018221976809 0.0093713393205779 0.02816123688569851
21 0.16556032799687623 0.6350082827167312 0.008590394377196407 0.019878520154610713
20 0.19875048809058962 0.6330756488128106 0.008590394377196407 0.02816123688569851
19 0.26610698945724326 0.631971286581999 0.014447481452557595 0.01049144119271121
20 0.4019914096056228 0.6330756488128106 0.008980866848887154 0.02816123688569851
17 0.46173369777430695 0.6479845389287687 0.006638032018742679 0.030369961347321926
22 0.5499804763764155 0.6399779127553838 0.009761811792268645 0.02760905577029266
21 0.5708707536118703 0.6352843732744341 0.008590394377196407 0.01932633903920486
20 0.6114798906677079 0.6333517393705136 0.008590394377196407 0.028713418001104364
17 0.682741116751269 0.6482606294864717 0.006638032018742679 0.029817780231916072
15 0.8006638032018742 0.6482606294864717 0.008980866848887154 0.028713418001104364
27 0.060718469347910975 0.7429596907785755 0.019133151112846546 0.040309221424627284
22 0.15033190160093715 0.7302595251242409 0.0093713393205779 0.02816123688569851
21 0.1657555642327216 0.7247377139701823 0.008199921905505662 0.01932633903920486
20 0.19836001561889888 0.7228050800662618 0.008590394377196407 0.028713418001104364
19 0.26610698945724326 0.7214246272777471 0.013666536509176104 0.011595803423522916
20 0.4019914096056228 0.7225289895085589 0.008199921905505662 0.02816123688569851
17 0.4613432253026162 0.7432357813362783 0.006638032018742679 0.03092214246272778
22 0.5499804763764155 0.729707344008835 0.009761811792268645 0.027056874654886806
21 0.5712612260835611 0.7247377139701823 0.008590394377196407 0.01932633903920486
20 0.6112846544318625 0.7225289895085589 0.008980866848887154 0.029265599116510218
17 0.682741116751269 0.7429596907785755 0.006638032018742679 0.030369961347321926
15 0.8006638032018742 0.7432357813362783 0.008980866848887154 0.029817780231916072
26 0.06110894181960172 0.8495306460519051 0.018352206169465052 0.06902263942573164
22 0.15013666536509176 0.8382109331860851 0.009761811792268645 0.02760905577029266
21 0.1657555642327216 0.8326891220320266 0.008199921905505662 0.01877415792379901
20 0.19855525185474424 0.831032578685809 0.008980866848887154 0.028713418001104364
19 0.26610698945724326 0.8296521258972944 0.013666536509176104 0.011595803423522916
20 0.4019914096056228 0.831032578685809 0.008980866848887154 0.028713418001104364
20 0.46895743850058574 0.8315847598012148 0.008590394377196407 0.028713418001104364
19 0.5359234673955486 0.8296521258972944 0.013666536509176104 0.011595803423522916
104 0.6915267473643109 0.8542241855328548 0.010152284263959392 0.04859193815571508
103 0.7567356501366654 0.8564329099944783 0.010152284263959392 0.05080066261733849
135 0.8268254588051542 0.8492545554942021 0.009761811792268645 0.04859193815571508
136 0.8590394377196408 0.8522915516289343 0.010152284263959392 0.048039757040309224
135 0.889496290511519 0.8542241855328548 0.010152284263959392 0.04859193815571508
134 0.9197579070675518 0.8556046383213695 0.012885591565794613 0.04914411927112093
26 0.06110894181960172 0.9389839867476533 0.018352206169465052 0.06902263942573164
22 0.15033190160093715 0.9273881833241304 0.0093713393205779 0.02816123688569851
21 0.1657555642327216 0.9218663721700718 0.008199921905505662 0.018221976808393155
20 0.19855525185474424 0.9199337382661514 0.008980866848887154 0.028713418001104364
19 0.26610698945724326 0.9185532854776367 0.014447481452557595 0.011595803423522916
20 0.4019914096056228 0.9199337382661514 0.008199921905505662 0.02760905577029266
104 0.47032409215150334 0.9434014356709002 0.009761811792268645 0.04693539480949752
132 0.538266302225693 0.9370513528437329 0.014447481452557595 0.04196576477084484
21 0.5712612260835611 0.9218663721700718 0.008590394377196407 0.018221976808393155
20 0.6114798906677079 0.9199337382661514 0.008590394377196407 0.028713418001104364
18 0.814135103475205 0.9240750966316953 0.014057008980866849 0.011595803423522916
