12 0.7691326530612246 0.21284271284271283 0.00969387755102041 0.049062049062049064
12 0.9515306122448981 0.21284271284271283 0.009183673469387756 0.049062049062049064
12 0.04872448979591837 0.21356421356421357 0.007653061224489797 0.049062049062049064
12 0.24158163265306123 0.2132034632034632 0.008673469387755102 0.048340548340548344
12 0.41836734693877553 0.2132034632034632 0.00816326530612245 0.048340548340548344
12 0.5770408163265307 0.2132034632034632 0.009183673469387756 0.048340548340548344
14 0.11352040816326532 0.2178932178932179 0.00663265306122449 0.0101010101010101
12 0.9512755102040817 0.46464646464646464 0.00969387755102041 0.049062049062049064
12 0.048469387755102046 0.465007215007215 0.0071428571428571435 0.048340548340548344
12 0.24158163265306123 0.46464646464646464 0.008673469387755102 0.047619047619047616
12 0.4186224489795919 0.465007215007215 0.008673469387755102 0.048340548340548344
12 0.5767857142857143 0.465007215007215 0.008673469387755102 0.048340548340548344
12 0.7691326530612246 0.46464646464646464 0.008673469387755102 0.047619047619047616
14 0.11326530612244899 0.4707792207792208 0.006122448979591837 0.00937950937950938
14 0.27984693877551026 0.4707792207792208 0.00663265306122449 0.00937950937950938
14 0.7977040816326532 0.47113997113997114 0.00663265306122449 0.008658008658008658
14 0.4466836734693878 0.48268398268398266 0.00663265306122449 0.0101010101010101
14 0.6150510204081633 0.48268398268398266 0.00663265306122449 0.0101010101010101
26 0.0653061224489796 0.21176046176046176 0.023469387755102045 0.09018759018759019
74 0.1028061224489796 0.20707070707070707 0.012755102040816327 0.06493506493506493
15 0.2545918367346939 0.20707070707070707 0.012244897959183675 0.03896103896103896
135 0.2678571428571429 0.21572871572871574 0.01326530612244898 0.05916305916305916
133 0.29285714285714287 0.21861471861471862 0.018367346938775512 0.06349206349206349
71 0.33010204081632655 0.21572871572871574 0.01326530612244898 0.05772005772005772
18 0.4977040816326531 0.20454545454545456 0.01785714285714286 0.013708513708513708
15 0.589795918367347 0.22438672438672438 0.012244897959183675 0.03896103896103896
132 0.6076530612244898 0.21031746031746032 0.018367346938775512 0.05555555555555555
21 0.6326530612244898 0.21356421356421357 0.011224489795918368 0.024531024531024532
134 0.6607142857142858 0.22077922077922077 0.01326530612244898 0.06637806637806638
21 0.6892857142857144 0.21356421356421357 0.011224489795918368 0.024531024531024532
134 0.7170918367346939 0.22077922077922077 0.013775510204081635 0.06637806637806638
21 0.7459183673469388 0.21356421356421357 0.011224489795918368 0.024531024531024532
129 0.789795918367347 0.21825396825396826 0.018367346938775512 0.06277056277056277
21 0.815561224489796 0.21392496392496393 0.011734693877551022 0.025252525252525252
136 0.8436224489795919 0.21536796536796537 0.012755102040816327 0.056998556998557
21 0.8719387755102042 0.21392496392496393 0.011224489795918368 0.025252525252525252
136 0.9002551020408164 0.21536796536796537 0.013775510204081635 0.056998556998557
21 0.9285714285714286 0.21392496392496393 0.012244897959183675 0.025252525252525252
37 0.06454081632653062 0.47186147186147187 0.02602040816326531 0.06637806637806638
74 0.10229591836734694 0.4595959595959596 0.012755102040816327 0.06204906204906205
74 0.26887755102040817 0.4592352092352092 0.01326530612244898 0.06277056277056277
71 0.4359693877551021 0.4678932178932179 0.013775510204081635 0.05844155844155844
71 0.6040816326530613 0.46825396825396826 0.014285714285714287 0.05772005772005772
74 0.7867346938775511 0.4592352092352092 0.01326530612244898 0.06277056277056277
