2 0.09001910219675262 0.18062120189061445 0.015759312320916905 0.04794058068872384
12 0.5279369627507163 0.19547602970965566 0.007163323782234957 0.045239702903443625
12 0.04823304680038204 0.1961512491559757 0.006685768863419293 0.045239702903443625
12 0.9515281757402101 0.1961512491559757 0.008118433619866285 0.045239702903443625
2 0.08978032473734479 0.3760972316002701 0.015281757402101241 0.04726536124240378
12 0.5279369627507163 0.37913571910871036 0.008118433619866285 0.045239702903443625
12 0.04823304680038204 0.3798109385550304 0.006685768863419293 0.045239702903443625
12 0.9515281757402101 0.3798109385550304 0.008118433619866285 0.043889264010803515
2 0.09001910219675262 0.5681971640783255 0.015759312320916905 0.04794058068872384
12 0.04871060171919771 0.5830519918973667 0.006685768863419293 0.045239702903443625
12 0.9517669531996179 0.5830519918973667 0.007640878701050621 0.045239702903443625
12 0.5281757402101241 0.5833896016205267 0.007640878701050621 0.04456448345712357
2 0.09001910219675262 0.7059419311276165 0.015759312320916905 0.04794058068872384
12 0.048471824259789874 0.7204591492234976 0.0062082139446036294 0.04321404456448346
12 0.5281757402101241 0.7207967589466577 0.007640878701050621 0.043889264010803515
12 0.9517669531996179 0.7211343686698177 0.007640878701050621 0.04456448345712357
26 0.0651862464183381 0.19311276164753546 0.022445081184336198 0.08642808912896692
126 0.16714422158548234 0.22282241728561783 0.015281757402101241 0.10398379473328832
125 0.22325692454632282 0.22282241728561783 0.014804202483285577 0.10398379473328832
126 0.26743075453677173 0.22180958811613777 0.01623686723973257 0.10195813639432816
21 0.3235434574976122 0.23058744091829847 0.012893982808022923 0.02363268062120189
126 0.3787010506208214 0.2224848075624578 0.015281757402101241 0.10465901417960838
125 0.43361986628462273 0.2221471978392978 0.014326647564469913 0.10398379473328832
126 0.47803247373447944 0.22180958811613777 0.015281757402101241 0.10060769750168806
126 0.5909742120343839 0.22316002700877788 0.015759312320916905 0.10465901417960838
125 0.6468481375358166 0.2234976367319379 0.014804202483285577 0.10533423362592843
126 0.6910219675262655 0.2234976367319379 0.017191977077363897 0.10398379473328832
126 0.802531041069723 0.22316002700877788 0.015759312320916905 0.10465901417960838
125 0.8574498567335244 0.22383524645509792 0.015759312320916905 0.10465901417960838
126 0.901862464183381 0.22316002700877788 0.015759312320916905 0.10330857528696827
20 0.12010506208213945 0.3328831870357867 0.010028653295128939 0.03646185010128292
20 0.3213944603629417 0.33254557731262663 0.010506208213944603 0.03578663065496287
20 0.543935052531041 0.33254557731262663 0.009551098376313277 0.03713706954760297
20 0.7454632282712512 0.3328831870357867 0.010506208213944603 0.03781228899392303
27 0.06446991404011461 0.38014854827819045 0.02387774594078319 0.04861580013504389
15 0.3108882521489971 0.424713031735314 0.010506208213944603 0.03646185010128292
15 0.7349570200573066 0.46320054017555706 0.010506208213944603 0.03646185010128292
26 0.0651862464183381 0.5806887238352465 0.022445081184336198 0.08642808912896692
26 0.06494746895893028 0.7184334908845376 0.022922636103151862 0.08642808912896692
166 0.16666666666666666 0.7258609047940581 0.011461318051575931 0.05671843349088454
170 0.19340974212034384 0.7143821742066172 0.01623686723973257 0.0661715057393653
139 0.22254059216809932 0.7164078325455774 0.011461318051575931 0.05941931127616476
169 0.26766953199617954 0.7160702228224173 0.010983763132760267 0.06009453072248481
170 0.2939350525310411 0.7143821742066172 0.014804202483285577 0.06482106684672519
170 0.35076408787010505 0.7194463200540177 0.01384909264565425 0.07629979743416611
169 0.37774594078319007 0.7218095881161378 0.012416427889207259 0.07157326130992574
170 0.40377268385864373 0.7191087103308575 0.01766953199617956 0.07562457798784605
139 0.43314231136580705 0.7164078325455774 0.011461318051575931 0.05941931127616476
169 0.47803247373447944 0.7160702228224173 0.011461318051575931 0.06009453072248481
170 0.504297994269341 0.7143821742066172 0.015281757402101241 0.06482106684672519
166 0.5907354345749761 0.7258609047940581 0.011461318051575931 0.05671843349088454
170 0.6172397325692455 0.7147197839297772 0.016714422158548233 0.06549628629304524
139 0.6466093600764088 0.7160702228224173 0.011461318051575931 0.058744091829844705
169 0.6912607449856734 0.7164078325455774 0.010983763132760267 0.05941931127616476
170 0.7177650429799427 0.7140445644834572 0.015281757402101241 0.06549628629304524
170 0.7745940783190066 0.7194463200540177 0.013371537726838585 0.07629979743416611
169 0.8015759312320917 0.7218095881161378 0.012893982808022923 0.07157326130992574
170 0.8276026743075453 0.7191087103308575 0.018147086914995225 0.07562457798784605
139 0.8569723018147086 0.7164078325455774 0.011938872970391595 0.05941931127616476
169 0.9023400191021967 0.7160702228224173 0.011938872970391595 0.06009453072248481
170 0.9286055396370583 0.7140445644834572 0.016714422158548233 0.06414584740040513
