2 0.09566326530612246 0.09451659451659451 0.01683673469387755 0.05916305916305916
12 0.048469387755102046 0.09884559884559885 0.0071428571428571435 0.046176046176046176
12 0.9515306122448981 0.0992063492063492 0.00816326530612245 0.046897546897546896
2 0.09566326530612246 0.23088023088023088 0.01785714285714286 0.06060606060606061
14 0.7918367346938776 0.21572871572871574 0.00816326530612245 0.0101010101010101
12 0.9515306122448981 0.24603174603174602 0.00816326530612245 0.049062049062049064
12 0.048214285714285716 0.24675324675324675 0.00663265306122449 0.049062049062049064
14 0.2198979591836735 0.227994227994228 0.00816326530612245 0.0101010101010101
12 0.2441326530612245 0.24639249639249639 0.008673469387755102 0.046897546897546896
12 0.3806122448979592 0.24675324675324675 0.00816326530612245 0.047619047619047616
12 0.5209183673469389 0.24639249639249639 0.00816326530612245 0.046897546897546896
12 0.6821428571428572 0.24639249639249639 0.0071428571428571435 0.046897546897546896
12 0.815561224489796 0.24639249639249639 0.008673469387755102 0.046897546897546896
14 0.7918367346938776 0.26406926406926406 0.00816326530612245 0.0101010101010101
14 0.22015306122448983 0.2763347763347763 0.007653061224489797 0.0101010101010101
14 0.8454081632653062 0.30194805194805197 0.009183673469387756 0.013708513708513708
14 0.27448979591836736 0.3134920634920635 0.009183673469387756 0.012265512265512266
14 0.8454081632653062 0.3134920634920635 0.009183673469387756 0.012265512265512266
14 0.903061224489796 0.31385281385281383 0.00816326530612245 0.011544011544011544
2 0.0951530612244898 0.3502886002886003 0.01785714285714286 0.06132756132756133
14 0.3318877551020408 0.325036075036075 0.008673469387755102 0.010822510822510822
14 0.2739795918367347 0.3253968253968254 0.009183673469387756 0.0101010101010101
14 0.903061224489796 0.3268398268398268 0.00816326530612245 0.011544011544011544
12 0.2441326530612245 0.3538961038961039 0.008673469387755102 0.048340548340548344
12 0.3806122448979592 0.35425685425685427 0.00816326530612245 0.047619047619047616
12 0.5209183673469389 0.3546176046176046 0.00816326530612245 0.048340548340548344
12 0.6818877551020409 0.35425685425685427 0.007653061224489797 0.047619047619047616
12 0.8153061224489797 0.3546176046176046 0.00816326530612245 0.048340548340548344
14 0.8451530612244899 0.3362193362193362 0.007653061224489797 0.011544011544011544
12 0.9512755102040817 0.354978354978355 0.008673469387755102 0.049062049062049064
12 0.048469387755102046 0.35425685425685427 0.0071428571428571435 0.046176046176046176
14 0.3318877551020408 0.3365800865800866 0.008673469387755102 0.010822510822510822
14 0.903061224489796 0.3365800865800866 0.009183673469387756 0.010822510822510822
14 0.27423469387755106 0.34884559884559885 0.007653061224489797 0.010822510822510822
14 0.3318877551020408 0.34884559884559885 0.008673469387755102 0.010822510822510822
2 0.09540816326530613 0.4862914862914863 0.017346938775510204 0.06060606060606061
12 0.5267857142857143 0.5018037518037518 0.008673469387755102 0.049783549783549784
12 0.9517857142857143 0.5021645021645021 0.007653061224489797 0.050505050505050504
12 0.677295918367347 0.5021645021645021 0.007653061224489797 0.049062049062049064
12 0.2538265306122449 0.5025252525252525 0.008673469387755102 0.048340548340548344
12 0.3959183673469388 0.5025252525252525 0.00816326530612245 0.048340548340548344
12 0.8102040816326531 0.5025252525252525 0.00816326530612245 0.048340548340548344
14 0.7068877551020408 0.49603174603174605 0.008673469387755102 0.00937950937950938
14 0.7068877551020408 0.5082972582972582 0.007653061224489797 0.00937950937950938
2 0.09566326530612246 0.6186868686868687 0.01683673469387755 0.06132756132756133
12 0.2538265306122449 0.6212121212121212 0.008673469387755102 0.047619047619047616
12 0.39540816326530615 0.6215728715728716 0.00816326530612245 0.048340548340548344
12 0.526530612244898 0.6215728715728716 0.00816326530612245 0.048340548340548344
12 0.677295918367347 0.6215728715728716 0.007653061224489797 0.048340548340548344
12 0.8099489795918368 0.6212121212121212 0.007653061224489797 0.047619047619047616
12 0.048469387755102046 0.6212121212121212 0.0071428571428571435 0.046176046176046176
12 0.9517857142857143 0.6222943722943723 0.007653061224489797 0.048340548340548344
2 0.09591836734693879 0.7536075036075036 0.017346938775510204 0.05988455988455989
12 0.2510204081632653 0.7691197691197691 0.00816326530612245 0.049062049062049064
12 0.3987244897959184 0.7691197691197691 0.007653061224489797 0.049062049062049064
12 0.9515306122448981 0.7694805194805194 0.00816326530612245 0.048340548340548344
12 0.5262755102040817 0.7698412698412699 0.007653061224489797 0.047619047619047616
12 0.6599489795918368 0.7694805194805194 0.007653061224489797 0.046897546897546896
12 0.7936224489795919 0.7694805194805194 0.007653061224489797 0.046897546897546896
14 0.42780612244897964 0.7637085137085137 0.00663265306122449 0.010822510822510822
14 0.42780612244897964 0.7871572871572872 0.007653061224489797 0.0101010101010101
2 0.0951530612244898 0.8805916305916306 0.01683673469387755 0.05988455988455989
12 0.7941326530612246 0.8831168831168831 0.00663265306122449 0.047619047619047616
12 0.39821428571428574 0.8841991341991342 0.007653061224489797 0.048340548340548344
12 0.6602040816326531 0.8841991341991342 0.0071428571428571435 0.048340548340548344
12 0.25051020408163266 0.8845598845598845 0.00816326530612245 0.047619047619047616
12 0.9512755102040817 0.8849206349206349 0.007653061224489797 0.048340548340548344
12 0.048469387755102046 0.8841991341991342 0.0071428571428571435 0.045454545454545456
12 0.5262755102040817 0.8849206349206349 0.007653061224489797 0.046897546897546896
14 0.5540816326530613 0.8668831168831169 0.0071428571428571435 0.00937950937950938
14 0.6877551020408164 0.8787878787878788 0.0071428571428571435 0.0101010101010101
14 0.6877551020408164 0.9137806637806638 0.0071428571428571435 0.010822510822510822
14 0.5540816326530613 0.9148629148629148 0.0071428571428571435 0.0101010101010101
27 0.06887755102040817 0.10028860028860029 0.031632653061224494 0.05916305916305916
26 0.06556122448979593 0.24675324675324675 0.02602040816326531 0.1038961038961039
27 0.06862244897959184 0.35714285714285715 0.03214285714285715 0.05916305916305916
15 0.16989795918367348 0.23953823953823955 0.011224489795918368 0.046176046176046176
15 0.1701530612244898 0.28066378066378067 0.010714285714285714 0.044733044733044736
105 0.25994897959183677 0.24927849927849927 0.012755102040816327 0.056998556998557
136 0.2959183673469388 0.24855699855699856 0.014285714285714287 0.056998556998557
136 0.3181122448979592 0.24783549783549783 0.012755102040816327 0.05411255411255411
137 0.3408163265306123 0.24711399711399712 0.01326530612244898 0.05411255411255411
136 0.3622448979591837 0.2474747474747475 0.0163265306122449 0.05339105339105339
15 0.3915816326530613 0.34235209235209235 0.011734693877551022 0.05266955266955267
135 0.40484693877551026 0.24927849927849927 0.012755102040816327 0.056998556998557
21 0.427295918367347 0.33080808080808083 0.012755102040816327 0.025252525252525252
134 0.42780612244897964 0.25144300144300147 0.012755102040816327 0.06132756132756133
133 0.44821428571428573 0.2528860028860029 0.01683673469387755 0.06421356421356421
101 0.4737244897959184 0.2435064935064935 0.013775510204081635 0.056998556998557
21 0.5068877551020409 0.33080808080808083 0.012755102040816327 0.025252525252525252
21 0.5071428571428572 0.22258297258297258 0.01326530612244898 0.025252525252525252
17 0.5275510204081633 0.22907647907647907 0.006122448979591837 0.03535353535353535
17 0.5275510204081633 0.2694805194805195 0.006122448979591837 0.03391053391053391
16 0.692091836734694 0.20923520923520925 0.00969387755102041 0.04184704184704185
16 0.692091836734694 0.25252525252525254 0.008673469387755102 0.04184704184704185
17 0.7433673469387756 0.22655122655122656 0.009183673469387756 0.049062049062049064
17 0.7433673469387756 0.27056277056277056 0.00816326530612245 0.05194805194805195
107 0.8311224489795919 0.24386724386724387 0.01326530612244898 0.05772005772005772
138 0.8665816326530613 0.24386724386724387 0.013775510204081635 0.05772005772005772
138 0.8895408163265307 0.24386724386724387 0.012755102040816327 0.05772005772005772
139 0.9125000000000001 0.240981240981241 0.012755102040816327 0.06349206349206349
138 0.9334183673469388 0.24386724386724387 0.01683673469387755 0.05772005772005772
26 0.06581632653061226 0.5025252525252525 0.02653061224489796 0.10606060606060606
27 0.06887755102040817 0.6237373737373737 0.031632653061224494 0.05844155844155844
137 0.13035714285714287 0.5057720057720058 0.012755102040816327 0.05772005772005772
21 0.1525510204081633 0.5984848484848485 0.01326530612244898 0.025252525252525252
136 0.15331632653061225 0.5072150072150072 0.012755102040816327 0.06060606060606061
135 0.17423469387755103 0.5086580086580087 0.015816326530612247 0.06349206349206349
103 0.19923469387755105 0.5111832611832612 0.012755102040816327 0.06565656565656566
21 0.23469387755102042 0.5977633477633477 0.01326530612244898 0.025252525252525252
138 0.2362244897959184 0.5 0.014285714285714287 0.05772005772005772
16 0.26377551020408163 0.4653679653679654 0.009183673469387756 0.04329004329004329
19 0.44617346938775515 0.5234487734487735 0.01785714285714286 0.013708513708513708
135 0.4484693877551021 0.49386724386724384 0.018367346938775512 0.07142857142857142
102 0.4698979591836735 0.4963924963924964 0.01326530612244898 0.06204906204906205
135 0.5102040816326531 0.49278499278499277 0.018367346938775512 0.07215007215007214
21 0.5405612244897959 0.5981240981240982 0.012755102040816327 0.024531024531024532
131 0.5428571428571429 0.5025252525252525 0.0163265306122449 0.05266955266955267
136 0.5637755102040817 0.6226551226551227 0.01326530612244898 0.05194805194805195
131 0.564030612244898 0.5025252525252525 0.013775510204081635 0.05266955266955267
138 0.5862244897959185 0.6194083694083694 0.0163265306122449 0.056998556998557
133 0.5892857142857143 0.5025252525252525 0.01326530612244898 0.051226551226551224
135 0.6135204081632654 0.5086580086580087 0.012755102040816327 0.06493506493506493
140 0.614030612244898 0.6132756132756133 0.013775510204081635 0.06926406926406926
133 0.6346938775510205 0.509018759018759 0.01326530612244898 0.06421356421356421
138 0.6346938775510205 0.6197691197691197 0.012244897959183675 0.05772005772005772
135 0.6576530612244899 0.5086580086580087 0.0163265306122449 0.06349206349206349
140 0.6581632653061225 0.6132756132756133 0.017346938775510204 0.0707070707070707
143 0.6931122448979592 0.6042568542568543 0.01683673469387755 0.08585858585858586
140 0.714030612244898 0.6136363636363636 0.013775510204081635 0.06998556998556998
138 0.7334183673469389 0.6194083694083694 0.015816326530612247 0.056998556998557
105 0.7563775510204083 0.6251803751803752 0.012755102040816327 0.056998556998557
21 0.7910714285714286 0.5981240981240982 0.012755102040816327 0.024531024531024532
16 0.8201530612244898 0.465007215007215 0.010714285714285714 0.04256854256854257
17 0.8206632653061225 0.658008658008658 0.008673469387755102 0.05483405483405483
17 0.8211734693877552 0.612914862914863 0.008673469387755102 0.049783549783549784
26 0.06556122448979593 0.7698412698412699 0.02602040816326531 0.10678210678210678
27 0.06862244897959184 0.8867243867243867 0.03214285714285715 0.05916305916305916
21 0.15331632653061225 0.8611111111111112 0.012755102040816327 0.025252525252525252
135 0.175765306122449 0.7756132756132756 0.013775510204081635 0.06349206349206349
19 0.17653061224489797 0.8578643578643579 0.017346938775510204 0.012987012987012988
102 0.19846938775510206 0.7637085137085137 0.01326530612244898 0.06132756132756133
135 0.23290816326530614 0.7752525252525253 0.013775510204081635 0.06277056277056277
21 0.264030612244898 0.8607503607503607 0.012755102040816327 0.024531024531024532
131 0.2663265306122449 0.7698412698412699 0.0163265306122449 0.05194805194805195
131 0.2869897959183674 0.7694805194805194 0.013775510204081635 0.051226551226551224
129 0.28877551020408165 0.8910533910533911 0.017346938775510204 0.06493506493506493
133 0.31147959183673474 0.7694805194805194 0.012755102040816327 0.051226551226551224
131 0.31173469387755104 0.8849206349206349 0.01326530612244898 0.05266955266955267
135 0.3352040816326531 0.775974025974026 0.01326530612244898 0.06421356421356421
133 0.3372448979591837 0.8823953823953824 0.0163265306122449 0.05627705627705628
133 0.35561224489795923 0.7756132756132756 0.01326530612244898 0.06349206349206349
131 0.35586734693877553 0.8827561327561327 0.013775510204081635 0.056998556998557
135 0.37806122448979596 0.7756132756132756 0.0163265306122449 0.06349206349206349
133 0.3801020408163266 0.8820346320346321 0.01326530612244898 0.056998556998557
136 0.4160714285714286 0.8751803751803752 0.01683673469387755 0.07215007215007214
133 0.43469387755102046 0.8780663780663781 0.01326530612244898 0.06493506493506493
131 0.45510204081632655 0.8827561327561327 0.01326530612244898 0.056998556998557
98 0.47576530612244905 0.8914141414141414 0.013775510204081635 0.06421356421356421
21 0.5084183673469388 0.8611111111111112 0.012755102040816327 0.025252525252525252
21 0.5086734693877552 0.7456709956709957 0.01326530612244898 0.025252525252525252
21 0.5395408163265306 0.7453102453102453 0.012755102040816327 0.024531024531024532
17 0.6285714285714287 0.9206349206349206 0.009183673469387756 0.05483405483405483
17 0.6288265306122449 0.8762626262626263 0.008673469387755102 0.051226551226551224
21 0.6400510204081633 0.7453102453102453 0.012755102040816327 0.025974025974025976
21 0.6732142857142858 0.7453102453102453 0.012755102040816327 0.024531024531024532
21 0.7737244897959185 0.7456709956709957 0.012755102040816327 0.025252525252525252
128 0.8094387755102042 0.7781385281385281 0.01785714285714286 0.06854256854256854
133 0.8099489795918368 0.8773448773448773 0.01683673469387755 0.06204906204906205
132 0.8306122448979593 0.8805916305916306 0.01326530612244898 0.05988455988455989
127 0.8311224489795919 0.7817460317460317 0.015306122448979593 0.07431457431457432
131 0.853061224489796 0.8823953823953824 0.01326530612244898 0.05772005772005772
126 0.8533163265306123 0.7828282828282829 0.015816326530612247 0.0808080808080808
16 0.8683673469387756 0.810966810966811 0.009183673469387756 0.04184704184704185
16 0.8683673469387756 0.8953823953823954 0.009183673469387756 0.04329004329004329
126 0.8826530612244898 0.7831890331890332 0.017346938775510204 0.08008658008658008
131 0.8836734693877552 0.8849206349206349 0.0163265306122449 0.051226551226551224
130 0.9040816326530613 0.8878066378066378 0.01326530612244898 0.056998556998557
125 0.904591836734694 0.7864357864357865 0.0163265306122449 0.08658008658008658
16 0.9188775510204082 0.9018759018759018 0.009183673469387756 0.04329004329004329
16 0.9191326530612246 0.8163780663780664 0.008673469387755102 0.04112554112554113
130 0.9326530612244899 0.8878066378066378 0.01326530612244898 0.056998556998557
125 0.9329081632653062 0.7867965367965368 0.015816326530612247 0.0873015873015873
