12 0.3705688375927453 0.1386946386946387 0.008244023083264633 0.04195804195804196
12 0.048227535037098104 0.13782051282051283 0.005770816158285243 0.03904428904428905
12 0.6553998351195384 0.14131701631701632 0.008244023083264633 0.04603729603729604
12 0.9513602638087387 0.1384032634032634 0.008244023083264633 0.03904428904428905
14 0.39777411376751853 0.15238927738927738 0.00494641384995878 0.007575757575757576
14 0.6879637262984336 0.15268065268065267 0.00494641384995878 0.008158508158508158
12 0.37036273701566363 0.24358974358974358 0.008656224237427864 0.039627039627039624
12 0.048639736191261336 0.24388111888111888 0.005770816158285243 0.03904428904428905
12 0.65560593569662 0.24388111888111888 0.008656224237427864 0.03904428904428905
12 0.9513602638087387 0.24388111888111888 0.008244023083264633 0.03904428904428905
12 0.048227535037098104 0.4659090909090909 0.006595218466611707 0.03904428904428905
12 0.9513602638087387 0.4659090909090909 0.00741962077493817 0.03904428904428905
12 0.38561417971970324 0.4664918414918415 0.007007419620774938 0.03904428904428905
12 0.6669414674361088 0.4664918414918415 0.00741962077493817 0.03904428904428905
14 0.4126133553173949 0.46124708624708627 0.005770816158285243 0.008741258741258742
14 0.6939406430338005 0.46153846153846156 0.0053586150041220115 0.009324009324009324
12 0.38561417971970324 0.5614801864801865 0.007831821929101401 0.03904428904428905
12 0.6667353668590272 0.5614801864801865 0.007831821929101401 0.03904428904428905
12 0.9509480626545754 0.5614801864801865 0.00741962077493817 0.03904428904428905
12 0.048639736191261336 0.5617715617715617 0.005770816158285243 0.038461538461538464
14 0.6145919208573785 0.7601981351981352 0.005770816158285243 0.008741258741258742
12 0.048433635614179724 0.7840909090909091 0.006183017312448475 0.03904428904428905
12 0.3734542456718879 0.7840909090909091 0.008244023083264633 0.03904428904428905
12 0.671681780708986 0.7840909090909091 0.008656224237427864 0.03904428904428905
12 0.9515663643858203 0.7840909090909091 0.006183017312448475 0.03904428904428905
14 0.12036273701566365 0.7791375291375291 0.00494641384995878 0.008158508158508158
14 0.40045342126957956 0.7794289044289044 0.0053586150041220115 0.008741258741258742
12 0.048639736191261336 0.8793706293706294 0.005770816158285243 0.039627039627039624
12 0.37324814509480625 0.879079254079254 0.007831821929101401 0.03904428904428905
12 0.6714756801319044 0.8793706293706294 0.008244023083264633 0.039627039627039624
12 0.951154163231657 0.8793706293706294 0.007007419620774938 0.039627039627039624
26 0.06141797197032152 0.1386946386946387 0.018961253091508656 0.06876456876456877
101 0.10717230008244023 0.1357808857808858 0.010717230008244023 0.046620046620046623
133 0.17539159109645508 0.13315850815850816 0.013602638087386645 0.05303030303030303
134 0.2067188788128607 0.131993006993007 0.010305028854080791 0.05652680652680653
136 0.24299258037922505 0.13053613053613053 0.014427040395713108 0.05944055944055944
135 0.2745259686727123 0.13228438228438227 0.010717230008244023 0.054778554778554776
130 0.306883759274526 0.1381118881118881 0.011953833470733718 0.05827505827505827
133 0.3408903544929926 0.1357808857808858 0.010717230008244023 0.046620046620046623
72 0.38994229183841717 0.1381118881118881 0.010717230008244023 0.04195804195804196
102 0.5941879637262985 0.13344988344988346 0.011129431162407255 0.05244755244755245
72 0.6799258037922506 0.1386946386946387 0.011129431162407255 0.04312354312354312
102 0.8913849958779885 0.13374125874125875 0.011129431162407255 0.051864801864801864
27 0.06141797197032152 0.24388111888111888 0.01978565539983512 0.042540792540792544
26 0.06203627370156636 0.46678321678321677 0.019373454245671887 0.06876456876456877
132 0.10923330585325638 0.46445221445221446 0.014014839241549877 0.045454545454545456
131 0.14014839241549876 0.4664918414918415 0.011541632316570486 0.042540792540792544
128 0.17230008244023085 0.47406759906759904 0.01236603462489695 0.05652680652680653
127 0.2058944765045342 0.4752331002331002 0.011953833470733718 0.060023310023310024
129 0.24505358615004122 0.47086247086247085 0.014427040395713108 0.05244755244755245
131 0.2788540807914262 0.4664918414918415 0.011129431162407255 0.042540792540792544
136 0.3143033800494641 0.46853146853146854 0.010305028854080791 0.046620046620046623
135 0.3394476504534213 0.4696969696969697 0.010305028854080791 0.04895104895104895
134 0.36273701566364386 0.47115384615384615 0.013190436933223413 0.051864801864801864
75 0.40416323165704865 0.4726107226107226 0.010305028854080791 0.053613053613053616
104 0.6049051937345424 0.47115384615384615 0.010305028854080791 0.051864801864801864
75 0.6854905193734543 0.4726107226107226 0.010717230008244023 0.054778554778554776
104 0.8903544929925804 0.47057109557109555 0.010717230008244023 0.051864801864801864
16 0.8134789777411376 0.5171911421911422 0.008656224237427864 0.028554778554778556
27 0.06162407254740313 0.5617715617715617 0.02019785655399835 0.04312354312354312
20 0.17085737840065954 0.5617715617715617 0.008656224237427864 0.03146853146853147
19 0.24381698268755153 0.5603146853146853 0.013602638087386645 0.012237762237762238
17 0.8138911788953009 0.5527389277389277 0.007007419620774938 0.02972027972027972
26 0.06203627370156636 0.7846736596736597 0.019373454245671887 0.06818181818181818
75 0.1119126133553174 0.7905011655011654 0.011129431162407255 0.05536130536130536
104 0.3128606760098928 0.7887529137529138 0.010717230008244023 0.051864801864801864
134 0.39385820280296785 0.7770979020979021 0.013602638087386645 0.05536130536130536
163 0.44105523495465787 0.7791375291375291 0.010717230008244023 0.05244755244755245
102 0.46166529266281947 0.7797202797202797 0.010717230008244023 0.05128205128205128
108 0.5377164056059357 0.7797202797202797 0.010305028854080791 0.05128205128205128
138 0.6061417971970322 0.7817599067599068 0.009480626545754328 0.0472027972027972
167 0.6525144270403958 0.784965034965035 0.015663643858202802 0.04312354312354312
137 0.6902308326463314 0.784965034965035 0.010305028854080791 0.04312354312354312
136 0.7277411376751856 0.7846736596736597 0.010305028854080791 0.043706293706293704
142 0.7615416323165705 0.7730186480186481 0.011129431162407255 0.06818181818181818
136 0.7914262159934048 0.7846736596736597 0.013190436933223413 0.043706293706293704
137 0.8262572135201979 0.7855477855477856 0.010305028854080791 0.045454545454545456
137 0.8590272052761748 0.7867132867132867 0.010717230008244023 0.047785547785547784
139 0.8924154987633965 0.7829254079254079 0.010717230008244023 0.058857808857808856
134 0.9218878812860676 0.7887529137529138 0.013602638087386645 0.051864801864801864
27 0.06183017312448475 0.8793706293706294 0.020610057708161583 0.04195804195804196
16 0.09583676834295136 0.8543123543123543 0.006183017312448475 0.026806526806526808
16 0.10201978565539983 0.835081585081585 0.007007419620774938 0.026806526806526808
17 0.10263808738664469 0.8697552447552448 0.006595218466611707 0.02972027972027972
17 0.5968672712283595 0.8857808857808858 0.006595218466611707 0.029137529137529136
17 0.5970733718054411 0.8592657342657343 0.007007419620774938 0.026223776223776224
