12 0.12091836734693878 0.23665223665223664 0.00816326530612245 0.050505050505050504
12 0.9512755102040817 0.237012987012987 0.008673469387755102 0.048340548340548344
12 0.12091836734693878 0.3686868686868687 0.00816326530612245 0.049062049062049064
12 0.9515306122448981 0.3686868686868687 0.009183673469387756 0.049062049062049064
12 0.46173469387755106 0.36832611832611833 0.00816326530612245 0.046897546897546896
2 0.16275510204081634 0.4834054834054834 0.017346938775510204 0.050505050505050504
12 0.9515306122448981 0.5003607503607503 0.00816326530612245 0.048340548340548344
12 0.11989795918367348 0.5010822510822511 0.0071428571428571435 0.048340548340548344
12 0.46198979591836736 0.5003607503607503 0.008673469387755102 0.046897546897546896
12 0.6992346938775511 0.5003607503607503 0.008673469387755102 0.046897546897546896
7 0.16658163265306125 0.6331168831168831 0.025 0.05555555555555555
12 0.46198979591836736 0.6338383838383839 0.008673469387755102 0.048340548340548344
12 0.9515306122448981 0.6338383838383839 0.009183673469387756 0.048340548340548344
12 0.12015306122448981 0.6345598845598845 0.008673469387755102 0.048340548340548344
12 0.6994897959183675 0.6341991341991342 0.00816326530612245 0.047619047619047616
14 0.48750000000000004 0.6396103896103896 0.00663265306122449 0.00937950937950938
14 0.7250000000000001 0.6396103896103896 0.0071428571428571435 0.00937950937950938
7 0.16658163265306125 0.7644300144300145 0.025 0.05555555555555555
12 0.46173469387755106 0.7655122655122655 0.009183673469387756 0.049062049062049064
12 0.9512755102040817 0.7655122655122655 0.010714285714285714 0.049062049062049064
12 0.12040816326530614 0.7662337662337663 0.00816326530612245 0.049062049062049064
12 0.6992346938775511 0.7658730158730159 0.008673469387755102 0.048340548340548344
14 0.7250000000000001 0.7716450216450217 0.0071428571428571435 0.00937950937950938
14 0.48750000000000004 0.772005772005772 0.007653061224489797 0.008658008658008658
7 0.16658163265306125 0.8964646464646464 0.025 0.05555555555555555
12 0.12015306122448981 0.8979076479076479 0.007653061224489797 0.049783549783549784
12 0.4622448979591837 0.8979076479076479 0.009183673469387756 0.049783549783549784
12 0.6994897959183675 0.8982683982683982 0.00816326530612245 0.049062049062049064
12 0.9512755102040817 0.8979076479076479 0.008673469387755102 0.048340548340548344
14 0.7252551020408164 0.9393939393939394 0.00663265306122449 0.011544011544011544
14 0.4880102040816327 0.9397546897546898 0.00663265306122449 0.010822510822510822
26 0.1362244897959184 0.2352092352092352 0.023469387755102045 0.08946608946608947
16 0.15892857142857145 0.23015873015873015 0.010714285714285714 0.03463203463203463
21 0.22372448979591839 0.23737373737373738 0.010714285714285714 0.024531024531024532
159 0.2573979591836735 0.24314574314574314 0.01683673469387755 0.06349206349206349
160 0.2778061224489796 0.24025974025974026 0.013775510204081635 0.05772005772005772
131 0.3017857142857143 0.23665223665223664 0.01683673469387755 0.05194805194805195
160 0.3344387755102041 0.24025974025974026 0.01683673469387755 0.05772005772005772
159 0.35535714285714287 0.2435064935064935 0.013775510204081635 0.06421356421356421
74 0.3801020408163266 0.23124098124098125 0.014285714285714287 0.06277056277056277
21 0.47474489795918373 0.23773448773448774 0.010714285714285714 0.025252525252525252
159 0.5084183673469388 0.2427849927849928 0.01683673469387755 0.06421356421356421
160 0.5288265306122449 0.24025974025974026 0.013775510204081635 0.05772005772005772
131 0.5528061224489796 0.23665223665223664 0.01683673469387755 0.05194805194805195
160 0.5852040816326531 0.24025974025974026 0.017346938775510204 0.05772005772005772
159 0.6061224489795919 0.2427849927849928 0.01326530612244898 0.06421356421356421
75 0.6311224489795919 0.24494949494949494 0.01326530612244898 0.06565656565656566
21 0.7125 0.23773448773448774 0.010714285714285714 0.025252525252525252
159 0.7456632653061225 0.24314574314574314 0.01683673469387755 0.06349206349206349
160 0.7665816326530613 0.24025974025974026 0.013775510204081635 0.05772005772005772
131 0.7903061224489797 0.23665223665223664 0.017346938775510204 0.05194805194805195
160 0.8227040816326532 0.24025974025974026 0.01683673469387755 0.05772005772005772
159 0.8441326530612245 0.24314574314574314 0.013775510204081635 0.06349206349206349
102 0.8681122448979592 0.23088023088023088 0.013775510204081635 0.06204906204906205
102 0.9117346938775511 0.23124098124098125 0.01326530612244898 0.06277056277056277
26 0.1362244897959184 0.3676046176046176 0.023469387755102045 0.08874458874458875
16 0.15892857142857145 0.36183261183261184 0.010714285714285714 0.03391053391053391
21 0.22346938775510206 0.3694083694083694 0.011224489795918368 0.024531024531024532
159 0.2573979591836735 0.37445887445887444 0.01683673469387755 0.06349206349206349
160 0.2780612244897959 0.37193362193362195 0.014285714285714287 0.056998556998557
131 0.30153061224489797 0.3694083694083694 0.017346938775510204 0.05194805194805195
160 0.3344387755102041 0.3722943722943723 0.01683673469387755 0.05772005772005772
159 0.35535714285714287 0.37554112554112556 0.013775510204081635 0.06421356421356421
74 0.3801020408163266 0.36363636363636365 0.014285714285714287 0.06349206349206349
21 0.47474489795918373 0.36976911976911975 0.010714285714285714 0.025252525252525252
159 0.5084183673469388 0.37481962481962483 0.01683673469387755 0.06421356421356421
160 0.5290816326530613 0.3722943722943723 0.014285714285714287 0.05772005772005772
131 0.5528061224489796 0.3694083694083694 0.01785714285714286 0.05194805194805195
160 0.5852040816326531 0.3722943722943723 0.017346938775510204 0.05772005772005772
159 0.6061224489795919 0.37518037518037517 0.01326530612244898 0.06349206349206349
75 0.6311224489795919 0.376984126984127 0.01326530612244898 0.0670995670995671
21 0.7122448979591838 0.36976911976911975 0.011224489795918368 0.025252525252525252
159 0.7456632653061225 0.37481962481962483 0.01683673469387755 0.06421356421356421
160 0.766326530612245 0.3722943722943723 0.014285714285714287 0.05772005772005772
131 0.7900510204081633 0.3694083694083694 0.01785714285714286 0.05194805194805195
160 0.8227040816326532 0.3722943722943723 0.01683673469387755 0.05772005772005772
159 0.8436224489795919 0.37518037518037517 0.013775510204081635 0.06349206349206349
102 0.8683673469387756 0.3629148629148629 0.01326530612244898 0.06204906204906205
100 0.9117346938775511 0.36904761904761907 0.01326530612244898 0.051226551226551224
26 0.1362244897959184 0.49927849927849927 0.022448979591836737 0.08946608946608947
21 0.22372448979591839 0.5014430014430015 0.011734693877551022 0.024531024531024532
162 0.2571428571428572 0.4945887445887446 0.017346938775510204 0.06421356421356421
163 0.27755102040816326 0.49386724386724384 0.01326530612244898 0.06565656565656566
134 0.302295918367347 0.4906204906204906 0.01785714285714286 0.07215007215007214
163 0.3346938775510204 0.4935064935064935 0.017346938775510204 0.06782106782106782
162 0.35510204081632657 0.494949494949495 0.01326530612244898 0.06493506493506493
77 0.3793367346938776 0.503968253968254 0.012755102040816327 0.056998556998557
21 0.47500000000000003 0.5018037518037518 0.011224489795918368 0.025252525252525252
162 0.5084183673469388 0.4945887445887446 0.01785714285714286 0.06421356421356421
163 0.5285714285714286 0.4935064935064935 0.01326530612244898 0.06637806637806638
134 0.5533163265306122 0.4906204906204906 0.01785714285714286 0.07215007215007214
163 0.5857142857142857 0.49314574314574317 0.017346938775510204 0.0670995670995671
162 0.6063775510204082 0.49422799422799424 0.013775510204081635 0.06493506493506493
78 0.6306122448979592 0.5010822510822511 0.01326530612244898 0.051226551226551224
21 0.7122448979591838 0.5018037518037518 0.011224489795918368 0.025252525252525252
162 0.7459183673469388 0.4945887445887446 0.017346938775510204 0.06421356421356421
163 0.7660714285714286 0.49386724386724384 0.013775510204081635 0.06565656565656566
134 0.7908163265306123 0.49098124098124096 0.017346938775510204 0.07287157287157287
163 0.8229591836734694 0.4935064935064935 0.017346938775510204 0.06782106782106782
162 0.8438775510204083 0.4945887445887446 0.01326530612244898 0.06565656565656566
105 0.8676020408163266 0.5043290043290043 0.013775510204081635 0.05772005772005772
105 0.9117346938775511 0.503968253968254 0.014285714285714287 0.056998556998557
27 0.1364795918367347 0.6338383838383839 0.025 0.051226551226551224
19 0.225765306122449 0.6305916305916306 0.018877551020408164 0.01443001443001443
20 0.3775510204081633 0.6323953823953824 0.011224489795918368 0.0367965367965368
102 0.42117346938775513 0.6284271284271284 0.012755102040816327 0.06204906204906205
74 0.4767857142857143 0.6284271284271284 0.013775510204081635 0.06349206349206349
102 0.6584183673469388 0.6280663780663781 0.012755102040816327 0.06132756132756133
74 0.7137755102040817 0.6284271284271284 0.014285714285714287 0.06204906204906205
109 0.9117346938775511 0.6259018759018758 0.014285714285714287 0.06998556998556998
27 0.1364795918367347 0.7658730158730159 0.025 0.05266955266955267
19 0.22602040816326532 0.7622655122655123 0.01938775510204082 0.015151515151515152
20 0.37780612244897965 0.7647907647907648 0.011734693877551022 0.03751803751803752
102 0.42117346938775513 0.7593795093795094 0.013775510204081635 0.06277056277056277
74 0.4767857142857143 0.7608225108225108 0.013775510204081635 0.06421356421356421
102 0.6584183673469388 0.7597402597402597 0.012755102040816327 0.06204906204906205
74 0.714030612244898 0.76010101010101 0.013775510204081635 0.06277056277056277
102 0.9117346938775511 0.7597402597402597 0.01326530612244898 0.06204906204906205
27 0.1362244897959184 0.8964646464646464 0.025510204081632654 0.05266955266955267
19 0.225765306122449 0.8943001443001443 0.018877551020408164 0.015151515151515152
20 0.3775510204081633 0.8971861471861472 0.012244897959183675 0.03823953823953824
95 0.42117346938775513 0.911976911976912 0.015816326530612247 0.0808080808080808
67 0.47627551020408165 0.9123376623376623 0.01683673469387755 0.08152958152958154
95 0.6584183673469388 0.911976911976912 0.015816326530612247 0.0808080808080808
67 0.7137755102040817 0.9123376623376623 0.0163265306122449 0.08152958152958154
95 0.9117346938775511 0.911976911976912 0.0163265306122449 0.08225108225108226
