1 0.09846938775510206 0.09812409812409813 0.02959183673469388 0.06060606060606061
12 0.047704081632653064 0.11580086580086581 0.007653061224489797 0.049783549783549784
12 0.4091836734693878 0.11507936507936507 0.00816326530612245 0.048340548340548344
12 0.9515306122448981 0.11544011544011544 0.00816326530612245 0.049062049062049064
12 0.24872448979591838 0.11544011544011544 0.007653061224489797 0.047619047619047616
12 0.5892857142857143 0.11544011544011544 0.00816326530612245 0.047619047619047616
12 0.7275510204081633 0.11616161616161616 0.00816326530612245 0.049062049062049064
14 0.5691326530612245 0.10894660894660894 0.00663265306122449 0.0101010101010101
14 0.22806122448979593 0.12157287157287157 0.006122448979591837 0.00937950937950938
1 0.09923469387755103 0.22582972582972582 0.030102040816326534 0.06204906204906205
12 0.9515306122448981 0.2435064935064935 0.00816326530612245 0.049783549783549784
12 0.24872448979591838 0.24314574314574314 0.007653061224489797 0.047619047619047616
12 0.40969387755102044 0.2435064935064935 0.00816326530612245 0.048340548340548344
12 0.5895408163265307 0.2435064935064935 0.007653061224489797 0.048340548340548344
12 0.7275510204081633 0.2435064935064935 0.00816326530612245 0.048340548340548344
12 0.047959183673469394 0.24422799422799424 0.00816326530612245 0.048340548340548344
14 0.5688775510204083 0.24927849927849927 0.0071428571428571435 0.00937950937950938
14 0.2278061224489796 0.2611832611832612 0.00663265306122449 0.0101010101010101
1 0.09948979591836736 0.36002886002886003 0.030612244897959186 0.06349206349206349
12 0.048214285714285716 0.37157287157287155 0.008673469387755102 0.049062049062049064
12 0.24846938775510205 0.3712121212121212 0.00816326530612245 0.048340548340548344
12 0.5892857142857143 0.37157287157287155 0.00816326530612245 0.049062049062049064
12 0.9517857142857143 0.37193362193362195 0.007653061224489797 0.049783549783549784
12 0.4091836734693878 0.37193362193362195 0.009183673469387756 0.048340548340548344
12 0.7278061224489797 0.37157287157287155 0.007653061224489797 0.047619047619047616
14 0.5688775510204083 0.35353535353535354 0.0071428571428571435 0.0101010101010101
14 0.8732142857142858 0.37734487734487737 0.007653061224489797 0.0101010101010101
1 0.09872448979591837 0.49386724386724384 0.030102040816326534 0.05988455988455989
12 0.048214285714285716 0.5 0.008673469387755102 0.049062049062049064
12 0.40943877551020413 0.49963924963924966 0.007653061224489797 0.048340548340548344
12 0.589795918367347 0.4989177489177489 0.0071428571428571435 0.046897546897546896
12 0.7278061224489797 0.49927849927849927 0.007653061224489797 0.047619047619047616
12 0.9515306122448981 0.5 0.0071428571428571435 0.049062049062049064
12 0.24846938775510205 0.49963924963924966 0.0071428571428571435 0.046897546897546896
14 0.5688775510204083 0.5046897546897547 0.0071428571428571435 0.00937950937950938
14 0.2278061224489796 0.5173160173160173 0.00663265306122449 0.008658008658008658
1 0.09948979591836736 0.762987012987013 0.030612244897959186 0.06132756132756133
14 0.7433673469387756 0.7391774891774892 0.0071428571428571435 0.010822510822510822
12 0.047704081632653064 0.7810245310245311 0.008673469387755102 0.049783549783549784
12 0.39948979591836736 0.7806637806637806 0.00816326530612245 0.047619047619047616
12 0.9512755102040817 0.7806637806637806 0.008673469387755102 0.047619047619047616
12 0.7091836734693878 0.7806637806637806 0.00816326530612245 0.046176046176046176
1 0.09948979591836736 0.8906926406926406 0.02959183673469388 0.06132756132756133
12 0.9515306122448981 0.9083694083694084 0.009183673469387756 0.049062049062049064
12 0.39923469387755106 0.9083694083694084 0.007653061224489797 0.047619047619047616
12 0.047704081632653064 0.9094516594516594 0.007653061224489797 0.048340548340548344
12 0.7094387755102042 0.9090909090909091 0.007653061224489797 0.046176046176046176
14 0.29132653061224495 0.9145021645021645 0.0071428571428571435 0.00937950937950938
26 0.06709183673469388 0.11327561327561328 0.025 0.09379509379509379
163 0.1410714285714286 0.10786435786435787 0.015816326530612247 0.06565656565656566
162 0.1538265306122449 0.10894660894660894 0.011734693877551022 0.06493506493506493
102 0.16760204081632654 0.10894660894660894 0.012755102040816327 0.06349206349206349
163 0.19056122448979593 0.10786435786435787 0.015816326530612247 0.06565656565656566
162 0.2028061224489796 0.10930735930735931 0.011734693877551022 0.06565656565656566
133 0.2178571428571429 0.10678210678210678 0.015306122448979593 0.06926406926406926
164 0.23877551020408166 0.10533910533910534 0.01326530612244898 0.0735930735930736
17 0.2568877551020408 0.11002886002886003 0.008673469387755102 0.03968253968253968
135 0.27066326530612245 0.10966810966810966 0.015816326530612247 0.06349206349206349
134 0.2948979591836735 0.11147186147186147 0.01326530612244898 0.05988455988455989
133 0.31734693877551023 0.11255411255411256 0.012244897959183675 0.05772005772005772
163 0.33545918367346944 0.10930735930735931 0.015816326530612247 0.06421356421356421
164 0.3487244897959184 0.10822510822510822 0.011734693877551022 0.06493506493506493
135 0.3709183673469388 0.12229437229437229 0.01326530612244898 0.06421356421356421
134 0.39515306122448984 0.12337662337662338 0.01683673469387755 0.06637806637806638
163 0.4316326530612245 0.10894660894660894 0.0163265306122449 0.06349206349206349
164 0.45306122448979597 0.10858585858585859 0.012244897959183675 0.06565656565656566
17 0.4642857142857143 0.11002886002886003 0.00816326530612245 0.03823953823953824
165 0.4755102040816327 0.12193362193362194 0.012244897959183675 0.06493506493506493
164 0.4966836734693878 0.12157287157287157 0.01479591836734694 0.06421356421356421
165 0.5107142857142858 0.12157287157287157 0.01326530612244898 0.06277056277056277
165 0.528061224489796 0.12157287157287157 0.012244897959183675 0.06421356421356421
164 0.5426020408163266 0.12301587301587301 0.013775510204081635 0.06565656565656566
135 0.5571428571428572 0.12265512265512266 0.012244897959183675 0.06637806637806638
166 0.5767857142857143 0.12157287157287157 0.01785714285714286 0.06277056277056277
137 0.6091836734693878 0.11868686868686869 0.012244897959183675 0.056998556998557
136 0.6321428571428572 0.1204906204906205 0.012244897959183675 0.06060606060606061
17 0.6438775510204082 0.10966810966810966 0.00816326530612245 0.03751803751803752
135 0.6538265306122449 0.12193362193362194 0.01479591836734694 0.06204906204906205
165 0.6714285714285715 0.12265512265512266 0.012244897959183675 0.06493506493506493
166 0.6836734693877552 0.12157287157287157 0.014285714285714287 0.06277056277056277
137 0.6984693877551021 0.11580086580086581 0.012244897959183675 0.051226551226551224
136 0.7145408163265307 0.11724386724386725 0.01479591836734694 0.05266955266955267
17 0.7364795918367347 0.11038961038961038 0.007653061224489797 0.03896103896103896
165 0.7474489795918368 0.12373737373737374 0.012244897959183675 0.06565656565656566
166 0.7619897959183675 0.12265512265512266 0.012755102040816327 0.06493506493506493
167 0.7849489795918368 0.12193362193362194 0.012755102040816327 0.06637806637806638
15 0.7987244897959185 0.1038961038961039 0.010714285714285714 0.03896103896103896
166 0.8096938775510205 0.12301587301587301 0.0163265306122449 0.06132756132756133
137 0.8247448979591837 0.11544011544011544 0.011734693877551022 0.050505050505050504
17 0.8505102040816327 0.10425685425685426 0.00816326530612245 0.03823953823953824
166 0.8617346938775511 0.11724386724386725 0.012244897959183675 0.05266955266955267
167 0.8750000000000001 0.11652236652236653 0.012244897959183675 0.05411255411255411
17 0.8869897959183675 0.09199134199134198 0.008673469387755102 0.03968253968253968
168 0.8979591836734695 0.11327561327561328 0.012244897959183675 0.05772005772005772
167 0.9104591836734695 0.11616161616161616 0.013775510204081635 0.050505050505050504
138 0.925 0.11291486291486291 0.012244897959183675 0.056998556998557
26 0.06709183673469388 0.24062049062049062 0.02602040816326531 0.09307359307359307
160 0.1403061224489796 0.24639249639249639 0.0163265306122449 0.05844155844155844
160 0.15408163265306124 0.24711399711399712 0.012244897959183675 0.05988455988455989
99 0.1673469387755102 0.24711399711399712 0.01326530612244898 0.05844155844155844
160 0.1900510204081633 0.24711399711399712 0.015816326530612247 0.05844155844155844
160 0.20306122448979594 0.24675324675324675 0.012244897959183675 0.05916305916305916
130 0.21836734693877552 0.24639249639249639 0.017346938775510204 0.05844155844155844
162 0.238265306122449 0.2435064935064935 0.01326530612244898 0.051226551226551224
17 0.2571428571428572 0.25577200577200576 0.009183673469387756 0.03968253968253968
132 0.27040816326530615 0.240981240981241 0.0163265306122449 0.05627705627705628
15 0.28188775510204084 0.25577200577200576 0.010714285714285714 0.03823953823953824
132 0.2948979591836735 0.24242424242424243 0.01326530612244898 0.05339105339105339
130 0.31760204081632654 0.24639249639249639 0.013775510204081635 0.05844155844155844
160 0.3352040816326531 0.24639249639249639 0.015306122448979593 0.05844155844155844
162 0.34821428571428575 0.24242424242424243 0.011734693877551022 0.05483405483405483
17 0.35994897959183675 0.25577200577200576 0.008673469387755102 0.03968253968253968
132 0.3727040816326531 0.24242424242424243 0.015816326530612247 0.05339105339105339
15 0.3844387755102041 0.25613275613275616 0.00969387755102041 0.03751803751803752
132 0.3977040816326531 0.24206349206349206 0.012755102040816327 0.05266955266955267
160 0.43086734693877554 0.24458874458874458 0.01683673469387755 0.06204906204906205
17 0.4413265306122449 0.25613275613275616 0.00816326530612245 0.03896103896103896
162 0.4528061224489796 0.23845598845598845 0.012755102040816327 0.06421356421356421
162 0.47755102040816333 0.2417027417027417 0.0163265306122449 0.05339105339105339
162 0.4984693877551021 0.24242424242424243 0.01326530612244898 0.05339105339105339
132 0.5122448979591837 0.24206349206349206 0.012244897959183675 0.05411255411255411
162 0.5295918367346939 0.24206349206349206 0.015306122448979593 0.05411255411255411
162 0.5441326530612245 0.24206349206349206 0.011734693877551022 0.05411255411255411
132 0.5594387755102042 0.24062049062049062 0.015816326530612247 0.05555555555555555
161 0.5798469387755103 0.24314574314574314 0.012755102040816327 0.05339105339105339
17 0.5979591836734695 0.25613275613275616 0.00816326530612245 0.0404040404040404
132 0.6112244897959184 0.24242424242424243 0.0163265306122449 0.05339105339105339
132 0.6323979591836735 0.24242424242424243 0.012755102040816327 0.05339105339105339
132 0.655357142857143 0.2417027417027417 0.012755102040816327 0.05339105339105339
162 0.6727040816326532 0.24206349206349206 0.01479591836734694 0.05411255411255411
161 0.6849489795918368 0.24314574314574314 0.011734693877551022 0.05339105339105339
132 0.6997448979591837 0.2417027417027417 0.01479591836734694 0.05339105339105339
132 0.7163265306122449 0.24206349206349206 0.012244897959183675 0.05411255411255411
17 0.7364795918367347 0.255050505050505 0.008673469387755102 0.03968253968253968
162 0.7494897959183674 0.2326839826839827 0.015306122448979593 0.07142857142857142
164 0.7627551020408164 0.23232323232323232 0.012244897959183675 0.0707070707070707
17 0.7739795918367348 0.23773448773448774 0.00816326530612245 0.0367965367965368
165 0.7857142857142858 0.2326839826839827 0.012244897959183675 0.07431457431457432
164 0.811734693877551 0.23196248196248195 0.012244897959183675 0.07575757575757576
135 0.8247448979591837 0.24927849927849927 0.011734693877551022 0.06132756132756133
164 0.8617346938775511 0.25144300144300147 0.012244897959183675 0.06565656565656566
165 0.8750000000000001 0.2510822510822511 0.012244897959183675 0.06493506493506493
166 0.8979591836734695 0.25 0.012244897959183675 0.06421356421356421
165 0.9107142857142858 0.25 0.014285714285714287 0.06277056277056277
136 0.9252551020408164 0.24639249639249639 0.012755102040816327 0.05555555555555555
28 0.06709183673469388 0.37193362193362195 0.027040816326530614 0.051226551226551224
17 0.12806122448979593 0.37157287157287155 0.009183673469387756 0.03896103896103896
164 0.1410714285714286 0.36363636363636365 0.01479591836734694 0.06493506493506493
163 0.1538265306122449 0.3647186147186147 0.011734693877551022 0.06421356421356421
103 0.16709183673469388 0.36327561327561325 0.012755102040816327 0.0670995670995671
164 0.19056122448979593 0.3643578643578644 0.015816326530612247 0.06493506493506493
163 0.20306122448979594 0.36507936507936506 0.011224489795918368 0.06349206349206349
134 0.21581632653061225 0.38203463203463206 0.012244897959183675 0.07142857142857142
166 0.23571428571428574 0.3777056277056277 0.018367346938775512 0.06421356421356421
136 0.2681122448979592 0.37518037518037517 0.012755102040816327 0.05772005772005772
135 0.29438775510204085 0.376984126984127 0.012244897959183675 0.06132756132756133
17 0.30612244897959184 0.3704906204906205 0.00816326530612245 0.0367965367965368
134 0.31581632653061226 0.37842712842712845 0.014285714285714287 0.06421356421356421
164 0.3334183673469388 0.3813131313131313 0.011734693877551022 0.06854256854256854
166 0.3464285714285715 0.3791486291486291 0.015306122448979593 0.0670995670995671
136 0.37117346938775514 0.37337662337662336 0.012755102040816327 0.05411255411255411
135 0.39540816326530615 0.3740981240981241 0.0163265306122449 0.05555555555555555
17 0.41811224489795923 0.37157287157287155 0.007653061224489797 0.0404040404040404
164 0.42933673469387756 0.3791486291486291 0.011734693877551022 0.06565656565656566
165 0.45025510204081637 0.3777056277056277 0.01683673469387755 0.06277056277056277
166 0.4755102040816327 0.3777056277056277 0.01326530612244898 0.06421356421356421
165 0.4964285714285715 0.3777056277056277 0.015306122448979593 0.06277056277056277
136 0.5104591836734694 0.37734487734487737 0.01479591836734694 0.06349206349206349
166 0.5283163265306123 0.37806637806637805 0.012755102040816327 0.06493506493506493
165 0.5426020408163266 0.37842712842712845 0.01479591836734694 0.06565656565656566
136 0.5571428571428572 0.37481962481962483 0.012244897959183675 0.05844155844155844
164 0.577295918367347 0.37806637806637805 0.01785714285714286 0.06349206349206349
17 0.5974489795918367 0.37157287157287155 0.00816326530612245 0.03896103896103896
134 0.6089285714285715 0.37842712842712845 0.011734693877551022 0.06277056277056277
17 0.6209183673469388 0.35425685425685427 0.00816326530612245 0.03896103896103896
137 0.6321428571428572 0.37518037518037517 0.01326530612244898 0.05916305916305916
136 0.6535714285714286 0.3740981240981241 0.015306122448979593 0.056998556998557
166 0.6716836734693878 0.37987012987012986 0.011734693877551022 0.0670995670995671
164 0.6839285714285714 0.38095238095238093 0.013775510204081635 0.0707070707070707
134 0.6984693877551021 0.37842712842712845 0.012244897959183675 0.06421356421356421
137 0.7142857142857143 0.37481962481962483 0.015306122448979593 0.056998556998557
136 0.7474489795918368 0.3740981240981241 0.01326530612244898 0.056998556998557
22 0.7857142857142858 0.3556998556998557 0.01326530612244898 0.03463203463203463
169 0.8112244897959184 0.36832611832611833 0.012244897959183675 0.06854256854256854
166 0.8244897959183675 0.3777056277056277 0.012244897959183675 0.06132756132756133
17 0.8367346938775511 0.3708513708513709 0.00816326530612245 0.03896103896103896
164 0.8464285714285715 0.38203463203463206 0.014285714285714287 0.07287157287157287
132 0.8637755102040817 0.3686868686868687 0.0163265306122449 0.05627705627705628
161 0.9117346938775511 0.3708513708513709 0.01326530612244898 0.05339105339105339
131 0.9255102040816328 0.37157287157287155 0.012244897959183675 0.05194805194805195
27 0.06658163265306123 0.5 0.02602040816326531 0.05339105339105339
161 0.14081632653061227 0.49783549783549785 0.0163265306122449 0.05916305916305916
165 0.1538265306122449 0.4935064935064935 0.010714285714285714 0.06493506493506493
100 0.16709183673469388 0.5 0.013775510204081635 0.05194805194805195
161 0.1900510204081633 0.4967532467532468 0.01683673469387755 0.05988455988455989
165 0.20331632653061227 0.49314574314574317 0.011734693877551022 0.06421356421356421
131 0.21734693877551023 0.49927849927849927 0.015306122448979593 0.05194805194805195
158 0.23852040816326534 0.5086580086580087 0.01479591836734694 0.06926406926406926
17 0.2571428571428572 0.547979797979798 0.009183673469387756 0.03968253968253968
126 0.2696428571428572 0.5144300144300145 0.01683673469387755 0.0808080808080808
128 0.29438775510204085 0.5086580086580087 0.015306122448979593 0.06926406926406926
131 0.3178571428571429 0.5 0.01326530612244898 0.05194805194805195
161 0.3352040816326531 0.5003607503607503 0.015306122448979593 0.05266955266955267
158 0.3479591836734694 0.5086580086580087 0.014285714285714287 0.06926406926406926
126 0.3719387755102041 0.5144300144300145 0.017346938775510204 0.0808080808080808
128 0.3974489795918368 0.5086580086580087 0.015306122448979593 0.06782106782106782
161 0.43086734693877554 0.49927849927849927 0.015816326530612247 0.05483405483405483
17 0.4415816326530613 0.523088023088023 0.007653061224489797 0.03896103896103896
160 0.4528061224489796 0.5032467532467533 0.011734693877551022 0.05988455988455989
17 0.464030612244898 0.5057720057720058 0.007653061224489797 0.03751803751803752
163 0.4755102040816327 0.5108225108225108 0.012244897959183675 0.07215007215007214
17 0.48724489795918374 0.4823232323232323 0.00816326530612245 0.03968253968253968
167 0.4964285714285715 0.5097402597402597 0.0163265306122449 0.07287157287157287
133 0.5104591836734694 0.5104617604617605 0.01479591836734694 0.07142857142857142
163 0.528061224489796 0.5072150072150072 0.012244897959183675 0.06493506493506493
167 0.5423469387755102 0.5021645021645021 0.015306122448979593 0.05627705627705628
133 0.5594387755102042 0.4935064935064935 0.015816326530612247 0.06349206349206349
161 0.5798469387755103 0.49783549783549785 0.012755102040816327 0.05627705627705628
17 0.5979591836734695 0.523088023088023 0.00816326530612245 0.03896103896103896
130 0.6117346938775511 0.5028860028860029 0.0163265306122449 0.05772005772005772
132 0.6321428571428572 0.5003607503607503 0.012244897959183675 0.051226551226551224
17 0.6441326530612246 0.5064935064935064 0.008673469387755102 0.03896103896103896
133 0.6556122448979592 0.49855699855699853 0.012244897959183675 0.05339105339105339
163 0.6729591836734694 0.49386724386724384 0.015306122448979593 0.06277056277056277
161 0.6849489795918368 0.4963924963924964 0.011734693877551022 0.05772005772005772
130 0.7000000000000001 0.5025252525252525 0.0163265306122449 0.05844155844155844
132 0.7160714285714286 0.49963924963924966 0.012755102040816327 0.051226551226551224
17 0.7364795918367347 0.5050505050505051 0.008673469387755102 0.03751803751803752
133 0.7517857142857144 0.49386724386724384 0.019897959183673472 0.06277056277056277
21 0.7849489795918368 0.5003607503607503 0.011734693877551022 0.025252525252525252
161 0.826530612244898 0.5 0.0163265306122449 0.05194805194805195
161 0.8474489795918368 0.49963924963924966 0.012244897959183675 0.05266955266955267
134 0.8617346938775511 0.5072150072150072 0.012244897959183675 0.06637806637806638
21 0.8982142857142857 0.5007215007215007 0.011734693877551022 0.024531024531024532
157 0.9265306122448981 0.5119047619047619 0.017346938775510204 0.07575757575757576
157 0.9415816326530613 0.5119047619047619 0.013775510204081635 0.07575757575757576
17 0.6658163265306123 0.7146464646464646 0.00816326530612245 0.03823953823953824
26 0.06709183673469388 0.7781385281385281 0.025 0.09307359307359307
17 0.12806122448979593 0.7748917748917749 0.00816326530612245 0.03896103896103896
165 0.1392857142857143 0.7882395382395382 0.012244897959183675 0.06565656565656566
166 0.15816326530612246 0.7875180375180375 0.012244897959183675 0.06565656565656566
167 0.1854591836734694 0.7871572871572872 0.012755102040816327 0.06637806637806638
15 0.2035714285714286 0.7694805194805194 0.011224489795918368 0.03823953823953824
166 0.21454081632653063 0.7875180375180375 0.015816326530612247 0.06421356421356421
137 0.2344387755102041 0.7806637806637806 0.012755102040816327 0.050505050505050504
17 0.2683673469387755 0.7698412698412699 0.00816326530612245 0.03896103896103896
166 0.2795918367346939 0.7821067821067821 0.012244897959183675 0.05339105339105339
167 0.2979591836734694 0.7817460317460317 0.01326530612244898 0.05411255411255411
17 0.31454081632653064 0.7582972582972582 0.008673469387755102 0.03896103896103896
168 0.325765306122449 0.7784992784992785 0.011734693877551022 0.05916305916305916
167 0.34260204081632656 0.7817460317460317 0.01479591836734694 0.051226551226551224
138 0.3630102040816327 0.7784992784992785 0.012755102040816327 0.05627705627705628
22 0.41632653061224495 0.7882395382395382 0.01326530612244898 0.03535353535353535
170 0.4441326530612245 0.7734487734487735 0.01479591836734694 0.07215007215007214
167 0.4609693877551021 0.784992784992785 0.012755102040816327 0.06060606060606061
17 0.47729591836734697 0.7752525252525253 0.008673469387755102 0.03823953823953824
165 0.48750000000000004 0.7882395382395382 0.01479591836734694 0.06565656565656566
163 0.5117346938775511 0.7748917748917749 0.020408163265306124 0.06204906204906205
170 0.538265306122449 0.7734487734487735 0.015306122448979593 0.0707070707070707
167 0.5650510204081634 0.7853535353535354 0.012755102040816327 0.06132756132756133
15 0.5829081632653061 0.7756132756132756 0.011734693877551022 0.03896103896103896
165 0.5943877551020409 0.7886002886002886 0.015306122448979593 0.06637806637806638
163 0.628061224489796 0.7752525252525253 0.020408163265306124 0.06277056277056277
177 0.65 0.7514430014430015 0.015306122448979593 0.10894660894660894
175 0.677295918367347 0.7564935064935064 0.01479591836734694 0.09884559884559885
173 0.6943877551020409 0.762987012987013 0.0163265306122449 0.0873015873015873
141 0.7318877551020408 0.7687590187590188 0.01479591836734694 0.07575757575757576
172 0.7846938775510205 0.7658730158730159 0.020408163265306124 0.08152958152958154
142 0.8048469387755103 0.7658730158730159 0.018877551020408164 0.08008658008658008
172 0.8456632653061226 0.7665945165945166 0.013775510204081635 0.08152958152958154
174 0.8625 0.7608225108225108 0.01683673469387755 0.09018759018759019
143 0.8826530612244898 0.7640692640692641 0.015306122448979593 0.08802308802308802
142 0.9193877551020408 0.7665945165945166 0.01938775510204082 0.08152958152958154
26 0.06683673469387756 0.9065656565656566 0.025510204081632654 0.09307359307359307
21 0.13954081632653062 0.9094516594516594 0.012755102040816327 0.025252525252525252
22 0.18622448979591838 0.915945165945166 0.01326530612244898 0.03535353535353535
170 0.2170918367346939 0.9015151515151515 0.01479591836734694 0.07142857142857142
167 0.2344387755102041 0.913059163059163 0.012755102040816327 0.05988455988455989
17 0.25051020408163266 0.902958152958153 0.00816326530612245 0.03968253968253968
165 0.26045918367346943 0.9166666666666666 0.01479591836734694 0.06277056277056277
133 0.2821428571428572 0.9015151515151515 0.0163265306122449 0.06565656565656566
162 0.3446428571428572 0.902958152958153 0.012755102040816327 0.06421356421356421
162 0.3650510204081633 0.9018759018759018 0.015816326530612247 0.06493506493506493
164 0.3844387755102041 0.8993506493506493 0.012755102040816327 0.07142857142857142
164 0.4160714285714286 0.9199134199134199 0.012755102040816327 0.07215007215007214
17 0.43214285714285716 0.9025974025974026 0.00816326530612245 0.03896103896103896
165 0.4413265306122449 0.9184704184704184 0.015306122448979593 0.06782106782106782
135 0.4594387755102041 0.9177489177489178 0.015816326530612247 0.06926406926406926
165 0.5071428571428572 0.9155844155844156 0.012244897959183675 0.06493506493506493
15 0.525 0.9033189033189033 0.011224489795918368 0.03896103896103896
165 0.5359693877551021 0.9152236652236653 0.015816326530612247 0.06277056277056277
135 0.5650510204081634 0.9145021645021645 0.012755102040816327 0.06277056277056277
165 0.6237244897959184 0.915945165945166 0.012755102040816327 0.0670995670995671
166 0.6471938775510204 0.9152236652236653 0.01683673469387755 0.06565656565656566
136 0.675 0.9152236652236653 0.017346938775510204 0.06421356421356421
163 0.7313775510204082 0.9191919191919192 0.012755102040816327 0.07215007215007214
170 0.7528061224489797 0.9101731601731602 0.015816326530612247 0.09018759018759019
170 0.7709183673469389 0.9101731601731602 0.015306122448979593 0.08874458874458875
163 0.7859693877551022 0.9199134199134199 0.01479591836734694 0.0735930735930736
163 0.8058673469387756 0.9195526695526696 0.012755102040816327 0.07287157287157287
170 0.8272959183673471 0.9101731601731602 0.015816326530612247 0.09163059163059163
170 0.8456632653061226 0.9105339105339105 0.015816326530612247 0.08946608946608947
163 0.8625 0.9199134199134199 0.015816326530612247 0.07215007215007214
163 0.8823979591836736 0.9195526695526696 0.012755102040816327 0.07287157287157287
170 0.9035714285714287 0.9108946608946609 0.015306122448979593 0.09018759018759019
170 0.9216836734693878 0.9105339105339105 0.01479591836734694 0.08946608946608947
163 0.9372448979591838 0.9188311688311688 0.014285714285714287 0.07142857142857142
