1 0.09540816326530613 0.027777777777777776 0.025510204081632654 0.05411255411255411
12 0.047959183673469394 0.045093795093795096 0.0071428571428571435 0.048340548340548344
8 0.0989795918367347 0.12301587301587301 0.03469387755102041 0.05844155844155844
12 0.047959183673469394 0.14105339105339104 0.0071428571428571435 0.048340548340548344
8 0.0989795918367347 0.21933621933621933 0.03469387755102041 0.05772005772005772
12 0.047959183673469394 0.23737373737373738 0.0071428571428571435 0.049062049062049064
1 0.09540816326530613 0.3152958152958153 0.025510204081632654 0.05627705627705628
12 0.048214285714285716 0.3336940836940837 0.00663265306122449 0.048340548340548344
1 0.09540816326530613 0.4116161616161616 0.025510204081632654 0.05555555555555555
12 0.047959183673469394 0.43001443001443 0.0071428571428571435 0.047619047619047616
1 0.0951530612244898 0.5079365079365079 0.02602040816326531 0.05483405483405483
12 0.047959183673469394 0.5256132756132756 0.0071428571428571435 0.046897546897546896
1 0.09540816326530613 0.6154401154401155 0.025510204081632654 0.05627705627705628
12 0.048214285714285716 0.6219336219336219 0.007653061224489797 0.047619047619047616
1 0.09566326530612246 0.7113997113997114 0.02602040816326531 0.05483405483405483
12 0.048214285714285716 0.7178932178932179 0.007653061224489797 0.047619047619047616
8 0.09923469387755103 0.7958152958152959 0.034183673469387756 0.05627705627705628
12 0.047959183673469394 0.814935064935065 0.0071428571428571435 0.048340548340548344
1 0.09540816326530613 0.8914141414141414 0.025510204081632654 0.056998556998557
12 0.047704081632653064 0.9101731601731602 0.00663265306122449 0.048340548340548344
26 0.0653061224489796 0.046176046176046176 0.023469387755102045 0.07503607503607504
19 0.1691326530612245 0.04220779220779221 0.01785714285714286 0.013708513708513708
26 0.06556122448979593 0.14213564213564214 0.023979591836734697 0.0735930735930736
19 0.1691326530612245 0.13816738816738816 0.01785714285714286 0.013708513708513708
26 0.0653061224489796 0.23917748917748918 0.023469387755102045 0.07575757575757576
19 0.1691326530612245 0.2344877344877345 0.01785714285714286 0.01443001443001443
26 0.06556122448979593 0.3347763347763348 0.023979591836734697 0.07503607503607504
19 0.1691326530612245 0.33044733044733043 0.01785714285714286 0.01443001443001443
26 0.0653061224489796 0.4314574314574315 0.023469387755102045 0.07503607503607504
19 0.1691326530612245 0.4264069264069264 0.01785714285714286 0.01443001443001443
26 0.0653061224489796 0.527056277056277 0.023469387755102045 0.07575757575757576
19 0.1691326530612245 0.5227272727272727 0.01785714285714286 0.015151515151515152
27 0.0653061224489796 0.6219336219336219 0.023469387755102045 0.05194805194805195
19 0.1691326530612245 0.6190476190476191 0.01785714285714286 0.01443001443001443
27 0.0653061224489796 0.7182539682539683 0.023469387755102045 0.051226551226551224
19 0.1691326530612245 0.715007215007215 0.01785714285714286 0.01443001443001443
26 0.0653061224489796 0.8156565656565656 0.023469387755102045 0.07431457431457432
19 0.1691326530612245 0.8113275613275613 0.01785714285714286 0.013708513708513708
26 0.0653061224489796 0.911976911976912 0.023469387755102045 0.07503607503607504
19 0.1688775510204082 0.9072871572871573 0.017346938775510204 0.013708513708513708
