12 0.5607142857142857 0.05447330447330447 0.009183673469387756 0.048340548340548344
12 0.04872448979591837 0.05519480519480519 0.007653061224489797 0.046897546897546896
12 0.9515306122448981 0.05519480519480519 0.00816326530612245 0.046897546897546896
12 0.048469387755102046 0.16847041847041846 0.00816326530612245 0.048340548340548344
12 0.5609693877551021 0.16847041847041846 0.007653061224489797 0.048340548340548344
12 0.9517857142857143 0.16883116883116883 0.007653061224489797 0.047619047619047616
12 0.5607142857142857 0.2763347763347763 0.0071428571428571435 0.049062049062049064
12 0.048469387755102046 0.2766955266955267 0.00816326530612245 0.048340548340548344
12 0.9512755102040817 0.2766955266955267 0.008673469387755102 0.048340548340548344
14 0.7377551020408164 0.28174603174603174 0.006122448979591837 0.00937950937950938
12 0.04872448979591837 0.3838383838383838 0.00969387755102041 0.047619047619047616
12 0.5604591836734695 0.3838383838383838 0.007653061224489797 0.047619047619047616
12 0.9512755102040817 0.3838383838383838 0.008673469387755102 0.047619047619047616
14 0.7380102040816328 0.3661616161616162 0.007653061224489797 0.010822510822510822
12 0.048469387755102046 0.487012987012987 0.00816326530612245 0.049062049062049064
12 0.5607142857142857 0.48665223665223667 0.00816326530612245 0.048340548340548344
12 0.9512755102040817 0.48665223665223667 0.008673469387755102 0.048340548340548344
14 0.7377551020408164 0.49242424242424243 0.006122448979591837 0.00937950937950938
12 0.04872448979591837 0.5894660894660895 0.008673469387755102 0.049062049062049064
12 0.5604591836734695 0.5891053391053391 0.008673469387755102 0.048340548340548344
12 0.9512755102040817 0.5891053391053391 0.008673469387755102 0.048340548340548344
14 0.7377551020408164 0.6071428571428571 0.0071428571428571435 0.00937950937950938
12 0.048469387755102046 0.6919191919191919 0.00816326530612245 0.047619047619047616
12 0.5604591836734695 0.6919191919191919 0.008673469387755102 0.047619047619047616
12 0.9512755102040817 0.6922799422799423 0.008673469387755102 0.048340548340548344
14 0.738265306122449 0.6857864357864358 0.0071428571428571435 0.010822510822510822
12 0.048469387755102046 0.7947330447330447 0.00816326530612245 0.048340548340548344
12 0.5607142857142857 0.7943722943722944 0.009183673469387756 0.047619047619047616
12 0.9512755102040817 0.7947330447330447 0.007653061224489797 0.048340548340548344
12 0.950765306122449 0.8961038961038961 0.00969387755102041 0.047619047619047616
12 0.048214285714285716 0.8971861471861472 0.007653061224489797 0.048340548340548344
12 0.5609693877551021 0.8968253968253969 0.00969387755102041 0.047619047619047616
14 0.7377551020408164 0.8910533910533911 0.0071428571428571435 0.0101010101010101
27 0.06581632653061226 0.05519480519480519 0.02653061224489796 0.05266955266955267
16 0.08877551020408164 0.06024531024531025 0.010204081632653062 0.03391053391053391
15 0.10969387755102042 0.03787878787878788 0.011224489795918368 0.03823953823953824
137 0.1229591836734694 0.05483405483405483 0.01326530612244898 0.05194805194805195
138 0.17806122448979594 0.05266955266955267 0.012244897959183675 0.05772005772005772
137 0.23290816326530614 0.05519480519480519 0.012755102040816327 0.051226551226551224
138 0.28571428571428575 0.05230880230880231 0.0163265306122449 0.056998556998557
137 0.3431122448979592 0.05519480519480519 0.012755102040816327 0.051226551226551224
138 0.3984693877551021 0.05266955266955267 0.012244897959183675 0.05772005772005772
137 0.45331632653061227 0.05519480519480519 0.012755102040816327 0.051226551226551224
138 0.5061224489795919 0.05230880230880231 0.0163265306122449 0.056998556998557
108 0.5775510204081633 0.049422799422799424 0.012244897959183675 0.06421356421356421
107 0.6387755102040817 0.05230880230880231 0.01326530612244898 0.056998556998557
19 0.7267857142857144 0.05230880230880231 0.015816326530612247 0.012265512265512266
26 0.06658163265306123 0.16630591630591632 0.025 0.09163059163059163
16 0.08852040816326531 0.16197691197691197 0.010714285714285714 0.03391053391053391
15 0.10969387755102042 0.22294372294372294 0.011224489795918368 0.03896103896103896
155 0.12551020408163266 0.18542568542568544 0.018367346938775512 0.08658008658008658
155 0.15076530612244898 0.18578643578643578 0.015816326530612247 0.08585858585858586
156 0.17857142857142858 0.18326118326118326 0.0163265306122449 0.0808080808080808
156 0.20586734693877554 0.18362193362193363 0.015816326530612247 0.08152958152958154
156 0.28877551020408165 0.18362193362193363 0.0163265306122449 0.08441558441558442
156 0.3160714285714286 0.18326118326118326 0.015816326530612247 0.08225108225108226
156 0.3987244897959184 0.18362193362193363 0.015816326530612247 0.08297258297258298
156 0.426530612244898 0.18326118326118326 0.0163265306122449 0.08225108225108226
155 0.45510204081632655 0.18686868686868688 0.018367346938775512 0.08658008658008658
155 0.4811224489795919 0.18614718614718614 0.015306122448979593 0.08658008658008658
156 0.5089285714285715 0.1829004329004329 0.015816326530612247 0.08152958152958154
156 0.5362244897959184 0.18326118326118326 0.0163265306122449 0.08225108225108226
96 0.5775510204081633 0.18037518037518038 0.015306122448979593 0.07647907647907648
95 0.6387755102040817 0.18326118326118326 0.0163265306122449 0.0808080808080808
160 0.7285714285714286 0.17207792207792208 0.018367346938775512 0.05988455988455989
160 0.7543367346938776 0.1699134199134199 0.01479591836734694 0.06277056277056277
163 0.7841836734693878 0.1645021645021645 0.01326530612244898 0.05916305916305916
163 0.8112244897959184 0.1626984126984127 0.01326530612244898 0.06421356421356421
15 0.8326530612244899 0.16305916305916307 0.011224489795918368 0.03896103896103896
165 0.8456632653061226 0.17496392496392496 0.012755102040816327 0.06421356421356421
165 0.8729591836734695 0.17316017316017315 0.01326530612244898 0.06204906204906205
167 0.9025510204081634 0.1717171717171717 0.01326530612244898 0.05916305916305916
167 0.928061224489796 0.17027417027417027 0.017346938775510204 0.05483405483405483
26 0.06683673469387756 0.2741702741702742 0.02448979591836735 0.09235209235209235
16 0.08852040816326531 0.2694805194805195 0.010714285714285714 0.03391053391053391
15 0.11020408163265308 0.3300865800865801 0.011224489795918368 0.03823953823953824
155 0.125 0.29545454545454547 0.017346938775510204 0.08441558441558442
156 0.17857142857142858 0.2922077922077922 0.015306122448979593 0.0836940836940837
156 0.20612244897959187 0.29148629148629146 0.015306122448979593 0.08225108225108226
155 0.23520408163265308 0.2950937950937951 0.018367346938775512 0.08658008658008658
156 0.28877551020408165 0.2922077922077922 0.0163265306122449 0.0836940836940837
156 0.3163265306122449 0.2922077922077922 0.0163265306122449 0.0836940836940837
155 0.3448979591836735 0.2950937950937951 0.018367346938775512 0.08658008658008658
156 0.3987244897959184 0.2922077922077922 0.015816326530612247 0.0836940836940837
156 0.42627551020408166 0.29148629148629146 0.015816326530612247 0.08225108225108226
156 0.5089285714285715 0.29148629148629146 0.015816326530612247 0.08225108225108226
156 0.5359693877551021 0.29148629148629146 0.015816326530612247 0.08225108225108226
96 0.5775510204081633 0.28823953823953824 0.015306122448979593 0.0772005772005772
95 0.6387755102040817 0.2911255411255411 0.0163265306122449 0.08152958152958154
102 0.7267857142857144 0.27056277056277056 0.013775510204081635 0.06349206349206349
133 0.9071428571428573 0.2709235209235209 0.020408163265306124 0.06277056277056277
28 0.06709183673469388 0.3841991341991342 0.02602040816326531 0.051226551226551224
16 0.08903061224489797 0.38311688311688313 0.010714285714285714 0.03463203463203463
15 0.10994897959183675 0.4022366522366522 0.011734693877551022 0.03823953823953824
131 0.12627551020408165 0.3834776334776335 0.01785714285714286 0.05411255411255411
132 0.17831632653061227 0.38311688311688313 0.012755102040816327 0.05339105339105339
131 0.23367346938775513 0.3838383838383838 0.01326530612244898 0.05483405483405483
132 0.28852040816326535 0.38311688311688313 0.012755102040816327 0.05483405483405483
131 0.3461734693877551 0.3838383838383838 0.018877551020408164 0.05483405483405483
132 0.3987244897959184 0.38311688311688313 0.012755102040816327 0.05339105339105339
131 0.4538265306122449 0.3838383838383838 0.013775510204081635 0.05483405483405483
132 0.5089285714285715 0.38311688311688313 0.012755102040816327 0.05339105339105339
102 0.578061224489796 0.37842712842712845 0.01326530612244898 0.06277056277056277
101 0.6395408163265307 0.3813131313131313 0.013775510204081635 0.056998556998557
105 0.7262755102040817 0.38672438672438675 0.012755102040816327 0.05772005772005772
136 0.9028061224489796 0.38672438672438675 0.012755102040816327 0.05772005772005772
26 0.06658163265306123 0.48484848484848486 0.025 0.09235209235209235
16 0.08852040816326531 0.4801587301587302 0.010714285714285714 0.03391053391053391
18 0.326530612244898 0.47799422799422797 0.0163265306122449 0.013708513708513708
19 0.5778061224489797 0.48448773448773447 0.01683673469387755 0.015151515151515152
102 0.7270408163265307 0.4805194805194805 0.01326530612244898 0.06349206349206349
133 0.9073979591836735 0.48088023088023085 0.020918367346938777 0.06277056277056277
26 0.06658163265306123 0.5873015873015873 0.025 0.09235209235209235
16 0.08852040816326531 0.5826118326118326 0.00969387755102041 0.03391053391053391
18 0.3262755102040817 0.5804473304473304 0.015816326530612247 0.013708513708513708
19 0.578061224489796 0.5873015873015873 0.0163265306122449 0.01443001443001443
99 0.727295918367347 0.591991341991342 0.013775510204081635 0.05844155844155844
130 0.9073979591836735 0.5923520923520923 0.019897959183673472 0.05627705627705628
31 0.06683673469387756 0.6948051948051948 0.02448979591836735 0.10533910533910534
16 0.08826530612244898 0.685064935064935 0.010204081632653062 0.03391053391053391
18 0.3262755102040817 0.6829004329004329 0.015816326530612247 0.013708513708513708
19 0.5778061224489797 0.6893939393939394 0.015816326530612247 0.013708513708513708
15 0.7137755102040817 0.6865079365079365 0.012244897959183675 0.03968253968253968
104 0.726530612244898 0.698051948051948 0.01326530612244898 0.06565656565656566
135 0.903061224489796 0.6976911976911977 0.012244897959183675 0.06349206349206349
27 0.06581632653061226 0.7947330447330447 0.025510204081632654 0.05266955266955267
16 0.08877551020408164 0.8001443001443002 0.010204081632653062 0.03318903318903319
15 0.10969387755102042 0.777056277056277 0.011224489795918368 0.03896103896103896
137 0.1229591836734694 0.7947330447330447 0.01326530612244898 0.051226551226551224
138 0.17806122448979594 0.7922077922077922 0.012244897959183675 0.05772005772005772
137 0.23316326530612247 0.7947330447330447 0.01326530612244898 0.051226551226551224
138 0.2852040816326531 0.7918470418470418 0.017346938775510204 0.056998556998557
137 0.3431122448979592 0.7947330447330447 0.012755102040816327 0.051226551226551224
138 0.3987244897959184 0.7922077922077922 0.012755102040816327 0.05772005772005772
137 0.45331632653061227 0.7950937950937951 0.013775510204081635 0.05194805194805195
138 0.5056122448979592 0.7918470418470418 0.017346938775510204 0.056998556998557
108 0.577295918367347 0.788961038961039 0.012755102040816327 0.06421356421356421
107 0.6387755102040817 0.7914862914862915 0.012244897959183675 0.05772005772005772
19 0.7267857142857144 0.7918470418470418 0.015816326530612247 0.012265512265512266
27 0.06581632653061226 0.8971861471861472 0.025510204081632654 0.051226551226551224
16 0.08877551020408164 0.902958152958153 0.010204081632653062 0.03391053391053391
15 0.10943877551020409 0.8795093795093795 0.011734693877551022 0.03896103896103896
137 0.1229591836734694 0.8968253968253969 0.01326530612244898 0.050505050505050504
138 0.17806122448979594 0.8946608946608947 0.012244897959183675 0.05772005772005772
137 0.23316326530612247 0.8975468975468975 0.01326530612244898 0.050505050505050504
138 0.2852040816326531 0.8943001443001443 0.017346938775510204 0.056998556998557
137 0.3431122448979592 0.8971861471861472 0.012755102040816327 0.051226551226551224
138 0.3984693877551021 0.8946608946608947 0.012244897959183675 0.05772005772005772
137 0.45306122448979597 0.8975468975468975 0.01326530612244898 0.050505050505050504
138 0.5056122448979592 0.8946608946608947 0.017346938775510204 0.05772005772005772
108 0.577295918367347 0.8914141414141414 0.012755102040816327 0.06277056277056277
107 0.6387755102040817 0.8943001443001443 0.012244897959183675 0.056998556998557
31 0.6887755102040817 0.9044011544011544 0.018367346938775512 0.08585858585858586
104 0.7262755102040817 0.9033189033189033 0.012755102040816327 0.06349206349206349
135 0.9028061224489796 0.902958152958153 0.012755102040816327 0.06277056277056277
155 0.23494897959183675 0.1865079365079365 0.015816326530612247 0.08585858585858586
155 0.2609693877551021 0.1865079365079365 0.015816326530612247 0.08585858585858586
155 0.3446428571428572 0.18578643578643578 0.015816326530612247 0.08585858585858586
155 0.3716836734693878 0.1865079365079365 0.015816326530612247 0.08585858585858586
155 0.4813775510204082 0.294011544011544 0.015816326530612247 0.08585858585858586
155 0.45484693877551025 0.294011544011544 0.015816326530612247 0.08585858585858586
155 0.3716836734693878 0.29473304473304474 0.015816326530612247 0.08585858585858586
155 0.26198979591836735 0.29473304473304474 0.015816326530612247 0.08585858585858586
155 0.15127551020408164 0.294011544011544 0.015816326530612247 0.08585858585858586
