2 0.09285714285714286 0.14646464646464646 0.017346938775510204 0.05194805194805195
11 0.9477040816326532 0.16233766233766234 0.013775510204081635 0.049062049062049064
12 0.048469387755102046 0.16305916305916307 0.0071428571428571435 0.049062049062049064
12 0.439030612244898 0.1626984126984127 0.008673469387755102 0.048340548340548344
12 0.5795918367346939 0.16305916305916307 0.009183673469387756 0.047619047619047616
12 0.8408163265306123 0.1626984126984127 0.009183673469387756 0.046897546897546896
2 0.09260204081632654 0.27164502164502163 0.01683673469387755 0.051226551226551224
12 0.5793367346938776 0.275974025974026 0.008673469387755102 0.048340548340548344
11 0.9469387755102041 0.2763347763347763 0.01326530612244898 0.049062049062049064
12 0.048469387755102046 0.2763347763347763 0.0071428571428571435 0.047619047619047616
12 0.43954081632653064 0.27705627705627706 0.008673469387755102 0.049062049062049064
26 0.06709183673469388 0.16053391053391053 0.02602040816326531 0.09307359307359307
164 0.12908163265306125 0.15656565656565657 0.017346938775510204 0.06349206349206349
163 0.14668367346938777 0.15800865800865802 0.013775510204081635 0.06204906204906205
162 0.1660714285714286 0.15981240981240982 0.013775510204081635 0.05844155844155844
161 0.18418367346938777 0.1608946608946609 0.014285714285714287 0.05627705627705628
163 0.20816326530612247 0.15692640692640691 0.018367346938775512 0.06277056277056277
162 0.22627551020408165 0.15836940836940838 0.013775510204081635 0.06132756132756133
161 0.2448979591836735 0.15981240981240982 0.014285714285714287 0.05844155844155844
160 0.264030612244898 0.16414141414141414 0.01479591836734694 0.06277056277056277
162 0.2869897959183674 0.16305916305916307 0.01683673469387755 0.05194805194805195
161 0.3051020408163266 0.1634199134199134 0.014285714285714287 0.05266955266955267
160 0.32423469387755105 0.16630591630591632 0.013775510204081635 0.05844155844155844
159 0.3433673469387755 0.1691919191919192 0.014285714285714287 0.06421356421356421
161 0.3663265306122449 0.1634199134199134 0.0163265306122449 0.05266955266955267
160 0.3841836734693878 0.16594516594516595 0.014285714285714287 0.05772005772005772
159 0.4033163265306123 0.1691919191919192 0.013775510204081635 0.06565656565656566
158 0.42244897959183675 0.17243867243867245 0.014285714285714287 0.06926406926406926
16 0.5910714285714286 0.16666666666666666 0.00969387755102041 0.03318903318903319
27 0.0663265306122449 0.2748917748917749 0.02653061224489796 0.046176046176046176
125 0.6056122448979593 0.2943722943722944 0.018367346938775512 0.08802308802308802
126 0.6321428571428572 0.2907647907647908 0.015306122448979593 0.0836940836940837
16 0.6525510204081634 0.3116883116883117 0.009183673469387756 0.03318903318903319
127 0.6660714285714286 0.2878787878787879 0.01479591836734694 0.07503607503607504
128 0.6933673469387756 0.28535353535353536 0.0163265306122449 0.06998556998556998
16 0.7137755102040817 0.29365079365079366 0.010204081632653062 0.03318903318903319
130 0.728826530612245 0.2792207792207792 0.01683673469387755 0.05772005772005772
16 0.7471938775510205 0.2878787878787879 0.00969387755102041 0.03463203463203463
131 0.7609693877551021 0.2766955266955267 0.013775510204081635 0.05266955266955267
132 0.788265306122449 0.2763347763347763 0.01326530612244898 0.05339105339105339
133 0.8158163265306123 0.2745310245310245 0.012244897959183675 0.056998556998557
