12 0.22551020408163266 0.3037518037518038 0.0071428571428571435 0.047619047619047616
12 0.4385204081632653 0.3033910533910534 0.008673469387755102 0.046897546897546896
12 0.726530612244898 0.3037518037518038 0.00816326530612245 0.047619047619047616
12 0.9515306122448981 0.3037518037518038 0.00816326530612245 0.047619047619047616
12 0.9520408163265307 0.5180375180375181 0.00816326530612245 0.049062049062049064
12 0.30280612244897964 0.5176767676767676 0.007653061224489797 0.046897546897546896
12 0.5130102040816327 0.5180375180375181 0.007653061224489797 0.047619047619047616
12 0.752295918367347 0.5176767676767676 0.007653061224489797 0.046897546897546896
12 0.9517857142857143 0.7178932178932179 0.007653061224489797 0.049062049062049064
12 0.6630102040816327 0.7182539682539683 0.007653061224489797 0.045454545454545456
12 0.38852040816326533 0.8921356421356421 0.008673469387755102 0.048340548340548344
12 0.9515306122448981 0.8921356421356421 0.00816326530612245 0.048340548340548344
12 0.678826530612245 0.8921356421356421 0.008673469387755102 0.046897546897546896
14 0.7966836734693878 0.8979076479076479 0.00663265306122449 0.00937950937950938
14 0.7020408163265307 0.9094516594516594 0.006122448979591837 0.007936507936507936
31 0.1362244897959184 0.31096681096681095 0.022448979591836737 0.09668109668109669
16 0.15790816326530613 0.2968975468975469 0.00969387755102041 0.032467532467532464
133 0.20892857142857144 0.2990620490620491 0.018877551020408164 0.06277056277056277
166 0.264030612244898 0.2904040404040404 0.015816326530612247 0.07864357864357864
167 0.28035714285714286 0.288961038961039 0.012755102040816327 0.08008658008658008
139 0.3219387755102041 0.2860750360750361 0.01326530612244898 0.08585858585858586
100 0.3461734693877551 0.31782106782106784 0.011734693877551022 0.0772005772005772
136 0.3688775510204082 0.28174603174603174 0.01326530612244898 0.10028860028860029
136 0.41760204081632657 0.2813852813852814 0.013775510204081635 0.10245310245310245
135 0.4622448979591837 0.29545454545454547 0.015306122448979593 0.06998556998556998
165 0.48596938775510207 0.29473304473304474 0.01479591836734694 0.06998556998556998
166 0.502295918367347 0.29365079365079366 0.012755102040816327 0.07215007215007214
17 0.5081632653061225 0.34704184704184704 0.009183673469387756 0.03607503607503607
167 0.5211734693877551 0.2904040404040404 0.01479591836734694 0.0772005772005772
166 0.5377551020408163 0.2922077922077922 0.01326530612244898 0.07503607503607504
165 0.5548469387755103 0.294011544011544 0.012755102040816327 0.07287157287157287
17 0.5668367346938776 0.30447330447330445 0.00816326530612245 0.03463203463203463
164 0.5778061224489797 0.29653679653679654 0.012755102040816327 0.06637806637806638
133 0.5969387755102041 0.2958152958152958 0.0163265306122449 0.06782106782106782
163 0.6196428571428572 0.29545454545454547 0.013775510204081635 0.06998556998556998
16 0.6311224489795919 0.2972582972582973 0.00816326530612245 0.031746031746031744
164 0.6438775510204082 0.2943722943722944 0.01326530612244898 0.07215007215007214
162 0.676530612244898 0.2987012987012987 0.01326530612244898 0.06204906204906205
161 0.6941326530612245 0.30122655122655123 0.013775510204081635 0.05844155844155844
160 0.7112244897959185 0.30663780663780665 0.01326530612244898 0.06060606060606061
133 0.7614795918367347 0.2904040404040404 0.013775510204081635 0.08008658008658008
139 0.814795918367347 0.28535353535353536 0.01326530612244898 0.08874458874458875
168 0.8568877551020408 0.28679653679653677 0.012755102040816327 0.08585858585858586
167 0.8744897959183674 0.2875180375180375 0.012244897959183675 0.08441558441558442
168 0.8918367346938776 0.28823953823953824 0.012244897959183675 0.08297258297258298
20 0.905357142857143 0.329004329004329 0.00969387755102041 0.03751803751803752
137 0.9316326530612246 0.2896825396825397 0.012244897959183675 0.08008658008658008
31 0.06454081632653062 0.5248917748917749 0.02295918367346939 0.09740259740259741
16 0.08673469387755103 0.5108225108225108 0.010204081632653062 0.03318903318903319
135 0.13596938775510206 0.49783549783549785 0.012755102040816327 0.09379509379509379
170 0.2181122448979592 0.49206349206349204 0.013775510204081635 0.10245310245310245
169 0.23367346938775513 0.49206349206349204 0.012244897959183675 0.10533910533910534
170 0.2489795918367347 0.49314574314574317 0.01326530612244898 0.10028860028860029
20 0.2614795918367347 0.5425685425685426 0.010714285714285714 0.03896103896103896
140 0.2862244897959184 0.49386724386724384 0.014285714285714287 0.10028860028860029
165 0.3408163265306123 0.5 0.014285714285714287 0.08802308802308802
17 0.3517857142857143 0.5180375180375181 0.008673469387755102 0.03463203463203463
164 0.3630102040816327 0.5 0.012755102040816327 0.09090909090909091
140 0.401530612244898 0.49567099567099565 0.014285714285714287 0.09523809523809523
166 0.44234693877551023 0.49855699855699853 0.014285714285714287 0.09379509379509379
165 0.4573979591836735 0.49747474747474746 0.012755102040816327 0.09595959595959595
140 0.49617346938775514 0.494949494949495 0.01479591836734694 0.10101010101010101
167 0.5566326530612246 0.4963924963924964 0.014285714285714287 0.09668109668109669
166 0.5719387755102041 0.49783549783549785 0.01326530612244898 0.09812409812409813
170 0.6201530612244899 0.49567099567099565 0.01479591836734694 0.09668109668109669
169 0.6352040816326531 0.49603174603174605 0.012244897959183675 0.09018759018759019
168 0.6676020408163266 0.49783549783549785 0.012755102040816327 0.09090909090909091
167 0.6834183673469388 0.49855699855699853 0.012755102040816327 0.09235209235209235
168 0.6989795918367347 0.49927849927849927 0.012244897959183675 0.08946608946608947
138 0.7357142857142858 0.5007215007215007 0.01326530612244898 0.08802308802308802
171 0.7885204081632654 0.4935064935064935 0.015816326530612247 0.10245310245310245
170 0.803826530612245 0.4935064935064935 0.013775510204081635 0.09812409812409813
138 0.8410714285714287 0.494949494949495 0.013775510204081635 0.09956709956709957
166 0.8839285714285715 0.5007215007215007 0.01479591836734694 0.08802308802308802
167 0.8987244897959185 0.5 0.011734693877551022 0.08658008658008658
165 0.9122448979591837 0.5 0.012244897959183675 0.08946608946608947
138 0.9349489795918369 0.5 0.012755102040816327 0.08946608946608947
31 0.0642857142857143 0.7247474747474747 0.022448979591836737 0.09740259740259741
16 0.08673469387755103 0.7103174603174603 0.010204081632653062 0.032467532467532464
139 0.14336734693877554 0.6994949494949495 0.01326530612244898 0.0873015873015873
167 0.18494897959183676 0.6991341991341992 0.012755102040816327 0.08802308802308802
166 0.20255102040816328 0.6994949494949495 0.01326530612244898 0.0873015873015873
135 0.2594387755102041 0.6998556998556998 0.012755102040816327 0.08802308802308802
138 0.28852040816326535 0.7005772005772006 0.018877551020408164 0.08658008658008658
135 0.4380102040816327 0.7081529581529582 0.018877551020408164 0.07142857142857142
170 0.4852040816326531 0.6904761904761905 0.0163265306122449 0.10822510822510822
171 0.502295918367347 0.687950937950938 0.013775510204081635 0.10028860028860029
16 0.5071428571428572 0.7352092352092352 0.00816326530612245 0.03318903318903319
172 0.5191326530612246 0.6908369408369408 0.013775510204081635 0.11327561327561328
99 0.5191326530612246 0.7344877344877345 0.012755102040816327 0.08513708513708514
139 0.5418367346938776 0.6908369408369408 0.01326530612244898 0.10894660894660894
168 0.5920918367346939 0.6994949494949495 0.01479591836734694 0.08874458874458875
167 0.6081632653061225 0.7005772005772006 0.012244897959183675 0.08658008658008658
16 0.6372448979591837 0.6926406926406926 0.00816326530612245 0.03318903318903319
167 0.65 0.6998556998556998 0.012244897959183675 0.08802308802308802
166 0.675765306122449 0.7005772005772006 0.013775510204081635 0.08513708513708514
165 0.6926020408163266 0.7016594516594516 0.012755102040816327 0.08441558441558442
166 0.7301020408163266 0.7077922077922078 0.01326530612244898 0.07215007215007214
165 0.7471938775510205 0.7077922077922078 0.012755102040816327 0.07215007215007214
164 0.7647959183673471 0.7074314574314574 0.01326530612244898 0.07287157287157287
165 0.8089285714285716 0.7103174603174603 0.012755102040816327 0.06565656565656566
164 0.8267857142857143 0.7103174603174603 0.012755102040816327 0.06565656565656566
163 0.8436224489795919 0.7103174603174603 0.012755102040816327 0.06565656565656566
162 0.8625 0.711038961038961 0.01683673469387755 0.06421356421356421
161 0.8785714285714287 0.7103174603174603 0.01326530612244898 0.06854256854256854
162 0.8961734693877552 0.7081529581529582 0.012755102040816327 0.06998556998556998
163 0.913265306122449 0.7063492063492064 0.01326530612244898 0.07503607503607504
31 0.0642857142857143 0.898989898989899 0.022448979591836737 0.09668109668109669
16 0.0864795918367347 0.8849206349206349 0.00969387755102041 0.032467532467532464
169 0.1461734693877551 0.8690476190476191 0.013775510204081635 0.09884559884559885
170 0.16403061224489798 0.8683261183261183 0.013775510204081635 0.09740259740259741
100 0.18316326530612245 0.9051226551226551 0.012244897959183675 0.0772005772005772
16 0.19897959183673472 0.8726551226551227 0.00816326530612245 0.032467532467532464
136 0.21198979591836736 0.8697691197691197 0.012755102040816327 0.10028860028860029
165 0.2683673469387755 0.8809523809523809 0.014285714285714287 0.07503607503607504
17 0.27908163265306124 0.8921356421356421 0.00816326530612245 0.03391053391053391
164 0.2908163265306123 0.8816738816738817 0.012244897959183675 0.0707070707070707
167 0.33137755102040817 0.8740981240981242 0.012755102040816327 0.08874458874458875
169 0.35280612244897963 0.8704906204906205 0.012755102040816327 0.09595959595959595
171 0.37397959183673474 0.8672438672438673 0.015306122448979593 0.10101010101010101
100 0.4017857142857143 0.9058441558441559 0.011734693877551022 0.07864357864357864
170 0.4216836734693878 0.8683261183261183 0.01479591836734694 0.09884559884559885
169 0.4410714285714286 0.8697691197691197 0.012755102040816327 0.09740259740259741
168 0.4599489795918368 0.8712121212121212 0.012755102040816327 0.09307359307359307
104 0.4811224489795919 0.8979076479076479 0.012244897959183675 0.06277056277056277
169 0.5010204081632653 0.8712121212121212 0.01326530612244898 0.09307359307359307
168 0.5204081632653061 0.8740981240981242 0.01326530612244898 0.08874458874458875
167 0.539795918367347 0.8755411255411255 0.012244897959183675 0.0873015873015873
138 0.5609693877551021 0.8704906204906205 0.018877551020408164 0.09307359307359307
135 0.5846938775510204 0.8708513708513709 0.012244897959183675 0.09668109668109669
138 0.6142857142857143 0.8708513708513709 0.012244897959183675 0.09523809523809523
106 0.6255102040816327 0.8924963924963925 0.012244897959183675 0.050505050505050504
170 0.6454081632653061 0.8701298701298701 0.015306122448979593 0.09379509379509379
169 0.664030612244898 0.8697691197691197 0.012755102040816327 0.09740259740259741
167 0.7214285714285715 0.8632756132756133 0.014285714285714287 0.10894660894660894
168 0.7400510204081633 0.8632756132756133 0.011734693877551022 0.10606060606060606
166 0.7566326530612245 0.8632756132756133 0.01326530612244898 0.1176046176046176
102 0.7867346938775511 0.9011544011544012 0.012244897959183675 0.0707070707070707
172 0.806122448979592 0.8618326118326118 0.014285714285714287 0.11038961038961038
141 0.8260204081632654 0.8668831168831169 0.0163265306122449 0.10173160173160173
170 0.853826530612245 0.8679653679653679 0.015816326530612247 0.09812409812409813
171 0.8721938775510205 0.8683261183261183 0.013775510204081635 0.09884559884559885
168 0.9369897959183674 0.8694083694083694 0.011734693877551022 0.09956709956709957
