12 0.04802143446001649 0.12441724941724942 0.006183017312448475 0.03904428904428905
12 0.48845836768342954 0.12441724941724942 0.00741962077493817 0.03904428904428905
12 0.7343363561417973 0.12441724941724942 0.007831821929101401 0.03904428904428905
12 0.9515663643858203 0.1247086247086247 0.007831821929101401 0.039627039627039624
12 0.27699917559769166 0.1247086247086247 0.00741962077493817 0.038461538461538464
14 0.3808738664468261 0.11946386946386946 0.005770816158285243 0.008158508158508158
14 0.8483099752679307 0.11975524475524475 0.005770816158285243 0.007575757575757576
14 0.8483099752679307 0.12878787878787878 0.005770816158285243 0.006993006993006993
14 0.18157460840890355 0.1386946386946387 0.0053586150041220115 0.008158508158508158
12 0.2765869744435284 0.22173659673659674 0.00741962077493817 0.03904428904428905
12 0.4882522671063479 0.22173659673659674 0.007007419620774938 0.03904428904428905
12 0.7343363561417973 0.22173659673659674 0.007831821929101401 0.03904428904428905
12 0.9513602638087387 0.22173659673659674 0.00741962077493817 0.03904428904428905
12 0.048433635614179724 0.22173659673659674 0.006183017312448475 0.03787878787878788
14 0.3060593569661995 0.25553613053613056 0.004534212695795548 0.008741258741258742
14 0.5201978565539984 0.25553613053613056 0.00494641384995878 0.008741258741258742
14 0.10078318219291015 0.25582750582750585 0.004534212695795548 0.008158508158508158
14 0.7734954657873042 0.25582750582750585 0.004534212695795548 0.008158508158508158
6 0.942085737840066 0.39073426573426573 0.016900247320692497 0.043706293706293704
12 0.3136850783182193 0.40093240093240096 0.00741962077493817 0.03613053613053613
12 0.048433635614179724 0.40384615384615385 0.006183017312448475 0.039627039627039624
13 0.9241549876339654 0.40355477855477856 0.010717230008244023 0.03904428904428905
12 0.5572959604286892 0.40588578088578087 0.011541632316570486 0.042540792540792544
12 0.7640148392415499 0.40384615384615385 0.007831821929101401 0.038461538461538464
6 0.942085737840066 0.5145687645687645 0.016900247320692497 0.04428904428904429
12 0.5562654575432812 0.5174825174825175 0.007831821929101401 0.039627039627039624
12 0.048433635614179724 0.5177738927738927 0.006183017312448475 0.03904428904428905
12 0.31327287716405605 0.5177738927738927 0.00741962077493817 0.03904428904428905
12 0.7640148392415499 0.5177738927738927 0.008656224237427864 0.03904428904428905
13 0.924361088211047 0.5177738927738927 0.011129431162407255 0.03904428904428905
14 0.3400659521846661 0.5512820512820513 0.00494641384995878 0.008158508158508158
14 0.10078318219291015 0.5518648018648019 0.004534212695795548 0.008158508158508158
14 0.5824402308326463 0.5518648018648019 0.00494641384995878 0.008158508158508158
6 0.08429513602638088 0.6870629370629371 0.016900247320692497 0.04428904428904429
12 0.048639736191261336 0.6995920745920746 0.006595218466611707 0.04020979020979021
12 0.31409727947238253 0.6998834498834499 0.008244023083264633 0.038461538461538464
12 0.5206100577081616 0.6998834498834499 0.008244023083264633 0.038461538461538464
12 0.7347485572959604 0.6998834498834499 0.008656224237427864 0.038461538461538464
6 0.08429513602638088 0.7905011655011654 0.016900247320692497 0.04487179487179487
12 0.04905193734542457 0.7937062937062938 0.00741962077493817 0.038461538461538464
12 0.31409727947238253 0.7937062937062938 0.008244023083264633 0.038461538461538464
12 0.5201978565539984 0.7937062937062938 0.008244023083264633 0.038461538461538464
12 0.7343363561417973 0.7937062937062938 0.008656224237427864 0.038461538461538464
6 0.0847073371805441 0.9641608391608392 0.01772464962901896 0.043706293706293704
12 0.04905193734542457 0.9740675990675991 0.005770816158285243 0.03787878787878788
12 0.3107996702390767 0.9761072261072261 0.00741962077493817 0.04079254079254079
12 0.5241137675185491 0.9761072261072261 0.009480626545754328 0.04079254079254079
12 0.951154163231657 0.9758158508158508 0.007831821929101401 0.04020979020979021
12 0.7376339653751031 0.9763986013986014 0.007831821929101401 0.04020979020979021
26 0.06162407254740313 0.12354312354312354 0.019373454245671887 0.07226107226107226
21 0.09089035449299258 0.10576923076923077 0.010305028854080791 0.020396270396270396
130 0.11871393239901072 0.12762237762237763 0.013190436933223413 0.046620046620046623
129 0.14550700741962078 0.12995337995337997 0.011541632316570486 0.05128205128205128
99 0.17291838417147568 0.12703962703962704 0.011129431162407255 0.046620046620046623
101 0.2328936521022259 0.12237762237762238 0.010717230008244023 0.046620046620046623
100 0.2967848309975268 0.125 0.011541632316570486 0.041375291375291376
132 0.346042868920033 0.12237762237762238 0.015251442704039572 0.045454545454545456
104 0.37180544105523494 0.12937062937062938 0.010717230008244023 0.05128205128205128
20 0.6778647980214345 0.10547785547785547 0.009480626545754328 0.03146853146853147
27 0.06162407254740313 0.22173659673659674 0.02019785655399835 0.042540792540792544
67 0.09192085737840067 0.23426573426573427 0.013190436933223413 0.06526806526806526
97 0.23227535037098104 0.229020979020979 0.011953833470733718 0.055944055944055944
68 0.2965787304204452 0.23164335664335664 0.012778235779060182 0.060023310023310024
99 0.43013190436933224 0.22465034965034966 0.011129431162407255 0.0472027972027972
67 0.5109233305853257 0.23397435897435898 0.013602638087386645 0.06701631701631702
128 0.6803380049464138 0.2293123543123543 0.016075845012366034 0.05652680652680653
130 0.7093981863149217 0.22494172494172493 0.011541632316570486 0.046620046620046623
68 0.7642209398186315 0.23193473193473194 0.013190436933223413 0.06060606060606061
99 0.8973619126133553 0.22465034965034966 0.011541632316570486 0.0472027972027972
26 0.06183017312448475 0.4020979020979021 0.01978565539983512 0.07342657342657342
21 0.2600989282769992 0.38490675990675993 0.009068425391591096 0.020396270396270396
21 0.39241549876339654 0.38490675990675993 0.009068425391591096 0.020396270396270396
21 0.504328112118714 0.38461538461538464 0.009480626545754328 0.019813519813519812
21 0.6292250618301731 0.38461538461538464 0.009480626545754328 0.019813519813519812
27 0.06203627370156636 0.5186480186480187 0.021022258862324814 0.04312354312354312
67 0.09212695795548227 0.5303030303030303 0.013602638087386645 0.06643356643356643
97 0.2611294311624073 0.5253496503496503 0.012778235779060182 0.05652680652680653
68 0.3307914262159934 0.5276806526806527 0.012778235779060182 0.06235431235431235
99 0.505358615004122 0.5206876456876457 0.011541632316570486 0.0472027972027972
67 0.5731657048639737 0.5303030303030303 0.012778235779060182 0.06643356643356643
95 0.7186727122835944 0.5297202797202797 0.012778235779060182 0.06526806526806526
18 0.8431574608408904 0.5011655011655012 0.014427040395713108 0.011655011655011656
26 0.06162407254740313 0.6987179487179487 0.019373454245671887 0.07342657342657342
20 0.1119126133553174 0.6789044289044289 0.009480626545754328 0.030303030303030304
20 0.21784830997526794 0.6800699300699301 0.010305028854080791 0.03146853146853147
20 0.32873042044517725 0.6800699300699301 0.009480626545754328 0.03146853146853147
20 0.424361088211047 0.6794871794871795 0.009480626545754328 0.030303030303030304
20 0.5348309975267931 0.6800699300699301 0.009480626545754328 0.030303030303030304
20 0.6391178895300907 0.6800699300699301 0.010305028854080791 0.03146853146853147
20 0.7489694971145919 0.6800699300699301 0.00989282769991756 0.03146853146853147
20 0.8458367683429514 0.6803613053613053 0.00989282769991756 0.030885780885780884
27 0.06162407254740313 0.793997668997669 0.02019785655399835 0.042540792540792544
68 0.11397361912613356 0.8036130536130536 0.014427040395713108 0.06177156177156177
94 0.2201154163231657 0.8082750582750583 0.01483924154987634 0.07109557109557109
93 0.267724649629019 0.8100233100233101 0.014427040395713108 0.07692307692307693
68 0.3303792250618302 0.8039044289044289 0.014427040395713108 0.06351981351981352
93 0.4260098928276999 0.8103146853146853 0.014427040395713108 0.07634032634032634
94 0.47361912613355317 0.8082750582750583 0.014014839241549877 0.07226107226107226
69 0.5368920032976092 0.8015734265734266 0.014427040395713108 0.057692307692307696
93 0.6413849958779885 0.8074009324009324 0.014014839241549877 0.07051282051282051
93 0.7504122011541633 0.8103146853146853 0.014427040395713108 0.07634032634032634
93 0.7986397361912614 0.8097319347319347 0.014427040395713108 0.0775058275058275
65 0.847691673536686 0.8100233100233101 0.014427040395713108 0.07692307692307693
26 0.06162407254740313 0.9688228438228438 0.018549051937345424 0.06118881118881119
20 0.2656636438582028 0.9554195804195804 0.009480626545754328 0.030885780885780884
20 0.47877164056059357 0.9557109557109557 0.009480626545754328 0.030303030303030304
