1 0.09744897959183674 0.031024531024531024 0.02959183673469388 0.06060606060606061
12 0.047704081632653064 0.049062049062049064 0.00663265306122449 0.049062049062049064
8 0.10255102040816327 0.1277056277056277 0.04081632653061225 0.06204906204906205
12 0.047959183673469394 0.14574314574314573 0.0071428571428571435 0.049062049062049064
8 0.10255102040816327 0.22402597402597402 0.04183673469387755 0.05988455988455989
12 0.047704081632653064 0.24242424242424243 0.00663265306122449 0.049062049062049064
1 0.09770408163265307 0.3203463203463203 0.030102040816326534 0.05916305916305916
12 0.047704081632653064 0.33910533910533913 0.00663265306122449 0.049062049062049064
1 0.09770408163265307 0.4166666666666667 0.030102040816326534 0.05988455988455989
12 0.047959183673469394 0.43542568542568544 0.0071428571428571435 0.048340548340548344
1 0.0979591836734694 0.5133477633477633 0.02959183673469388 0.06132756132756133
12 0.047704081632653064 0.5321067821067821 0.00663265306122449 0.048340548340548344
1 0.09770408163265307 0.6183261183261183 0.030102040816326534 0.06060606060606061
12 0.047959183673469394 0.6248196248196248 0.0071428571428571435 0.047619047619047616
1 0.09719387755102042 0.7117604617604617 0.030102040816326534 0.05844155844155844
12 0.048214285714285716 0.7178932178932179 0.007653061224489797 0.047619047619047616
8 0.10229591836734694 0.7929292929292929 0.042346938775510205 0.05916305916305916
12 0.047959183673469394 0.8116883116883117 0.0071428571428571435 0.049062049062049064
1 0.09770408163265307 0.8896103896103896 0.030102040816326534 0.06060606060606061
12 0.047704081632653064 0.9076479076479076 0.00663265306122449 0.049062049062049064
26 0.06505102040816327 0.047979797979797977 0.023979591836734697 0.09018759018759019
18 0.17653061224489797 0.03968253968253968 0.018367346938775512 0.01443001443001443
26 0.0653061224489796 0.1443001443001443 0.02448979591836735 0.09090909090909091
18 0.17653061224489797 0.13636363636363635 0.01938775510204082 0.01443001443001443
26 0.0653061224489796 0.24062049062049062 0.02448979591836735 0.09018759018759019
18 0.17627551020408164 0.23304473304473305 0.018877551020408164 0.01443001443001443
26 0.0653061224489796 0.3373015873015873 0.02448979591836735 0.09163059163059163
18 0.17653061224489797 0.3297258297258297 0.01938775510204082 0.01443001443001443
26 0.0653061224489796 0.43362193362193363 0.02448979591836735 0.09090909090909091
18 0.17653061224489797 0.4264069264069264 0.01938775510204082 0.01443001443001443
26 0.0653061224489796 0.5303030303030303 0.02448979591836735 0.09090909090909091
18 0.17653061224489797 0.5223665223665224 0.01938775510204082 0.015873015873015872
27 0.0653061224489796 0.6248196248196248 0.02448979591836735 0.05194805194805195
18 0.17653061224489797 0.6161616161616161 0.01938775510204082 0.01443001443001443
27 0.0653061224489796 0.7178932178932179 0.02448979591836735 0.05194805194805195
18 0.17653061224489797 0.7092352092352092 0.01938775510204082 0.01443001443001443
26 0.06505102040816327 0.8098845598845599 0.023979591836734697 0.09018759018759019
18 0.17653061224489797 0.8023088023088023 0.01938775510204082 0.015873015873015872
26 0.06556122448979593 0.9069264069264069 0.023979591836734697 0.09090909090909091
18 0.1767857142857143 0.898989898989899 0.019897959183673472 0.01443001443001443
