12 0.37500000000000006 0.20923520923520925 0.00816326530612245 0.049062049062049064
12 0.048214285714285716 0.20995670995670995 0.007653061224489797 0.049062049062049064
12 0.22882653061224492 0.20995670995670995 0.008673469387755102 0.049062049062049064
12 0.6831632653061225 0.20959595959595959 0.00816326530612245 0.048340548340548344
12 0.9510204081632654 0.20959595959595959 0.009183673469387756 0.048340548340548344
12 0.5446428571428572 0.21031746031746032 0.008673469387755102 0.048340548340548344
12 0.7665816326530613 0.20995670995670995 0.008673469387755102 0.047619047619047616
12 0.048214285714285716 0.39646464646464646 0.00663265306122449 0.049783549783549784
12 0.2285714285714286 0.3961038961038961 0.00816326530612245 0.049062049062049064
12 0.37500000000000006 0.39574314574314573 0.00816326530612245 0.048340548340548344
12 0.5443877551020408 0.39574314574314573 0.00816326530612245 0.048340548340548344
12 0.7665816326530613 0.39574314574314573 0.008673469387755102 0.048340548340548344
12 0.9515306122448981 0.39574314574314573 0.00816326530612245 0.048340548340548344
12 0.6831632653061225 0.3961038961038961 0.00816326530612245 0.047619047619047616
12 0.9517857142857143 0.5822510822510822 0.007653061224489797 0.049062049062049064
12 0.048469387755102046 0.5826118326118326 0.0071428571428571435 0.048340548340548344
12 0.5448979591836736 0.5826118326118326 0.00816326530612245 0.048340548340548344
12 0.7668367346938776 0.5829725829725829 0.00816326530612245 0.049062049062049064
12 0.37500000000000006 0.5833333333333334 0.00816326530612245 0.048340548340548344
12 0.6831632653061225 0.5854978354978355 0.010204081632653062 0.05266955266955267
12 0.22882653061224492 0.5836940836940837 0.007653061224489797 0.047619047619047616
12 0.6831632653061225 0.7334054834054834 0.009183673469387756 0.048340548340548344
12 0.9515306122448981 0.7334054834054834 0.00816326530612245 0.048340548340548344
12 0.048214285714285716 0.7337662337662337 0.00663265306122449 0.047619047619047616
12 0.22882653061224492 0.7337662337662337 0.008673469387755102 0.047619047619047616
12 0.3747448979591837 0.7337662337662337 0.007653061224489797 0.047619047619047616
12 0.5446428571428572 0.7337662337662337 0.007653061224489797 0.047619047619047616
12 0.766326530612245 0.7337662337662337 0.00816326530612245 0.047619047619047616
12 0.048214285714285716 0.937950937950938 0.008673469387755102 0.049062049062049064
12 0.22882653061224492 0.9368686868686869 0.008673469387755102 0.046897546897546896
12 0.5446428571428572 0.9375901875901876 0.008673469387755102 0.048340548340548344
12 0.9517857142857143 0.937950937950938 0.007653061224489797 0.049062049062049064
12 0.37500000000000006 0.937950937950938 0.009183673469387756 0.047619047619047616
12 0.6829081632653062 0.9383116883116883 0.008673469387755102 0.048340548340548344
12 0.7665816326530613 0.937950937950938 0.008673469387755102 0.047619047619047616
31 0.06505102040816327 0.21645021645021645 0.02295918367346939 0.08658008658008658
18 0.15204081632653063 0.20057720057720058 0.017346938775510204 0.01443001443001443
31 0.06479591836734694 0.40295815295815296 0.023469387755102045 0.0873015873015873
18 0.15204081632653063 0.38672438672438675 0.017346938775510204 0.01443001443001443
18 0.3017857142857143 0.3874458874458874 0.01683673469387755 0.012987012987012988
18 0.4596938775510204 0.3870851370851371 0.0163265306122449 0.013708513708513708
18 0.6137755102040817 0.3874458874458874 0.0163265306122449 0.012987012987012988
18 0.7247448979591837 0.3878066378066378 0.01683673469387755 0.013708513708513708
18 0.8594387755102042 0.3870851370851371 0.01683673469387755 0.013708513708513708
26 0.06479591836734694 0.5836940836940837 0.023469387755102045 0.07503607503607504
102 0.10127551020408164 0.5761183261183261 0.010714285714285714 0.06277056277056277
101 0.13418367346938775 0.5793650793650794 0.011224489795918368 0.05772005772005772
99 0.16479591836734694 0.5851370851370852 0.011224489795918368 0.05772005772005772
131 0.2908163265306123 0.5948773448773449 0.011224489795918368 0.07575757575757576
133 0.3137755102040817 0.5905483405483406 0.011224489795918368 0.0670995670995671
135 0.3362244897959184 0.5858585858585859 0.010204081632653062 0.05916305916305916
138 0.3573979591836735 0.5804473304473304 0.01479591836734694 0.056998556998557
136 0.389030612244898 0.5927128427128427 0.011734693877551022 0.07142857142857142
134 0.40765306122448985 0.5923520923520923 0.011224489795918368 0.07215007215007214
132 0.42602040816326536 0.5927128427128427 0.011224489795918368 0.07142857142857142
136 0.4469387755102041 0.5927128427128427 0.015306122448979593 0.07142857142857142
139 0.4716836734693878 0.5793650793650794 0.00969387755102041 0.06782106782106782
136 0.49056122448979594 0.5883838383838383 0.010714285714285714 0.06277056277056277
134 0.5091836734693878 0.5916305916305916 0.011224489795918368 0.0707070707070707
132 0.5267857142857143 0.5945165945165946 0.012755102040816327 0.07503607503607504
104 0.5586734693877552 0.588023088023088 0.011224489795918368 0.06349206349206349
101 0.590561224489796 0.5793650793650794 0.011734693877551022 0.05772005772005772
99 0.6214285714285714 0.5851370851370852 0.012244897959183675 0.05772005772005772
125 0.7813775510204082 0.5992063492063492 0.01479591836734694 0.08585858585858586
127 0.803061224489796 0.5937950937950938 0.01326530612244898 0.0735930735930736
129 0.825765306122449 0.588023088023088 0.012755102040816327 0.06349206349206349
132 0.8484693877551022 0.5811688311688312 0.011224489795918368 0.05411255411255411
134 0.8698979591836735 0.5887445887445888 0.011224489795918368 0.06349206349206349
136 0.8910714285714286 0.5847763347763347 0.010714285714285714 0.056998556998557
139 0.9125000000000001 0.5772005772005772 0.010714285714285714 0.06204906204906205
141 0.9329081632653062 0.5707070707070707 0.01479591836734694 0.07503607503607504
27 0.06556122448979593 0.7337662337662337 0.025 0.05194805194805195
100 0.100765306122449 0.7334054834054834 0.012755102040816327 0.051226551226551224
99 0.13418367346938775 0.7362914862914863 0.012244897959183675 0.056998556998557
97 0.16403061224489798 0.7417027417027418 0.012755102040816327 0.06926406926406926
98 0.19668367346938778 0.7388167388167388 0.011734693877551022 0.06349206349206349
70 0.24438775510204083 0.7391774891774892 0.014285714285714287 0.06277056277056277
19 0.2923469387755102 0.7316017316017316 0.017346938775510204 0.012987012987012988
71 0.3910714285714286 0.7366522366522367 0.01479591836734694 0.05772005772005772
19 0.4737244897959184 0.7316017316017316 0.015816326530612247 0.011544011544011544
74 0.5609693877551021 0.727994227994228 0.01479591836734694 0.06204906204906205
104 0.6209183673469388 0.7391774891774892 0.011224489795918368 0.06277056277056277
99 0.652295918367347 0.7362914862914863 0.011734693877551022 0.056998556998557
48 0.7086734693877552 0.7341269841269841 0.017346938775510204 0.051226551226551224
71 0.7821428571428573 0.7366522366522367 0.014285714285714287 0.05772005772005772
19 0.8714285714285716 0.7312409812409812 0.0163265306122449 0.012265512265512266
26 0.06454081632653062 0.9393939393939394 0.02295918367346939 0.07503607503607504
48 0.10535714285714287 0.937950937950938 0.01683673469387755 0.05194805194805195
48 0.24566326530612248 0.9375901875901876 0.01683673469387755 0.051226551226551224
47 0.3928571428571429 0.9375901875901876 0.01938775510204082 0.05266955266955267
104 0.5586734693877552 0.9437229437229437 0.011224489795918368 0.06349206349206349
101 0.590561224489796 0.9347041847041847 0.011734693877551022 0.056998556998557
99 0.6211734693877552 0.9404761904761905 0.011734693877551022 0.056998556998557
97 0.6520408163265307 0.9462481962481962 0.014285714285714287 0.06854256854256854
45 0.7086734693877552 0.9401154401154401 0.01938775510204082 0.05916305916305916
19 0.7813775510204082 0.9354256854256854 0.01683673469387755 0.013708513708513708
21 0.8704081632653062 0.937950937950938 0.011224489795918368 0.023088023088023088
132 0.8933673469387756 0.935064935064935 0.014285714285714287 0.05627705627705628
133 0.9130102040816327 0.933982683982684 0.011734693877551022 0.05988455988455989
134 0.9344387755102042 0.9318181818181818 0.010714285714285714 0.06421356421356421
