12 0.8326530612244899 0.04220779220779221 0.009183673469387756 0.048340548340548344
12 0.9104591836734695 0.04184704184704185 0.008673469387755102 0.047619047619047616
12 0.9510204081632654 0.04292929292929293 0.0071428571428571435 0.049783549783549784
12 0.5035714285714287 0.04256854256854257 0.00816326530612245 0.047619047619047616
12 0.3221938775510204 0.04329004329004329 0.007653061224489797 0.046176046176046176
14 0.9505102040816328 0.11976911976911978 0.006122448979591837 0.008658008658008658
14 0.1267857142857143 0.20382395382395382 0.00663265306122449 0.00937950937950938
31 0.0642857142857143 0.049062049062049064 0.022448979591836737 0.09668109668109669
16 0.0864795918367347 0.03499278499278499 0.00969387755102041 0.032467532467532464
127 0.17244897959183675 0.06998556998556998 0.014285714285714287 0.09956709956709957
126 0.20382653061224493 0.07178932178932179 0.01785714285714286 0.11471861471861472
138 0.24030612244897961 0.03968253968253968 0.012244897959183675 0.05483405483405483
17 0.2650510204081633 0.01911976911976912 0.007653061224489797 0.03535353535353535
16 0.300765306122449 0.018037518037518036 0.008673469387755102 0.031746031746031744
135 0.6403061224489797 0.06277056277056277 0.01326530612244898 0.09235209235209235
136 0.7084183673469389 0.06313131313131314 0.012755102040816327 0.09595959595959595
128 0.743622448979592 0.0652958152958153 0.01683673469387755 0.09451659451659451
133 0.7581632653061225 0.05411255411255411 0.012244897959183675 0.07503607503607504
127 0.7709183673469389 0.07323232323232323 0.014285714285714287 0.11327561327561328
126 0.7910714285714286 0.07323232323232323 0.01683673469387755 0.11183261183261184
96 0.8081632653061225 0.07323232323232323 0.014285714285714287 0.1075036075036075
96 0.8239795918367347 0.0707070707070707 0.01326530612244898 0.09090909090909091
105 0.8413265306122449 0.045093795093795096 0.011224489795918368 0.05555555555555555
126 0.8505102040816327 0.07142857142857142 0.0163265306122449 0.10533910533910534
128 0.8732142857142858 0.06673881673881674 0.015816326530612247 0.10173160173160173
102 0.9010204081632653 0.05375180375180375 0.01326530612244898 0.07287157287157287
31 0.0642857142857143 0.193001443001443 0.022448979591836737 0.09740259740259741
16 0.08673469387755103 0.17784992784992784 0.010204081632653062 0.032467532467532464
100 0.11658163265306123 0.1994949494949495 0.012755102040816327 0.07575757575757576
