0 0.09948979591836736 0.046897546897546896 0.025510204081632654 0.06349206349206349
12 0.5209183673469389 0.048340548340548344 0.00816326530612245 0.046176046176046176
12 0.048469387755102046 0.049783549783549784 0.006122448979591837 0.044733044733044736
7 0.09948979591836736 0.325036075036075 0.02448979591836735 0.06565656565656566
12 0.5349489795918367 0.33694083694083693 0.008673469387755102 0.047619047619047616
12 0.9517857142857143 0.3373015873015873 0.007653061224489797 0.048340548340548344
12 0.04872448979591837 0.3373015873015873 0.00663265306122449 0.046897546897546896
0 0.0989795918367347 0.4538239538239538 0.025510204081632654 0.06349206349206349
12 0.5349489795918367 0.45526695526695526 0.008673469387755102 0.047619047619047616
12 0.048214285714285716 0.455988455988456 0.00663265306122449 0.046176046176046176
12 0.9515306122448981 0.455988455988456 0.00816326530612245 0.046176046176046176
14 0.8808673469387756 0.6904761904761905 0.007653061224489797 0.011544011544011544
14 0.9349489795918369 0.6908369408369408 0.008673469387755102 0.012265512265512266
7 0.09948979591836736 0.7316017316017316 0.02448979591836735 0.06637806637806638
12 0.048469387755102046 0.7445887445887446 0.006122448979591837 0.049062049062049064
12 0.9515306122448981 0.7442279942279942 0.00816326530612245 0.048340548340548344
12 0.5306122448979592 0.7449494949494949 0.009183673469387756 0.048340548340548344
7 0.0989795918367347 0.8607503607503607 0.025510204081632654 0.06349206349206349
12 0.5301020408163266 0.862914862914863 0.00816326530612245 0.047619047619047616
12 0.9515306122448981 0.8632756132756133 0.00816326530612245 0.048340548340548344
12 0.048214285714285716 0.8632756132756133 0.00663265306122449 0.046897546897546896
27 0.06938775510204082 0.050505050505050504 0.0326530612244898 0.05916305916305916
22 0.18571428571428572 0.05303030303030303 0.01326530612244898 0.032467532467532464
22 0.23469387755102042 0.05339105339105339 0.01326530612244898 0.03318903318903319
22 0.30714285714285716 0.05339105339105339 0.014285714285714287 0.03318903318903319
22 0.3785714285714286 0.05303030303030303 0.01326530612244898 0.03391053391053391
22 0.4283163265306123 0.05303030303030303 0.013775510204081635 0.032467532467532464
22 0.5007653061224491 0.05303030303030303 0.013775510204081635 0.032467532467532464
22 0.5908163265306123 0.05339105339105339 0.01326530612244898 0.03318903318903319
22 0.638265306122449 0.05339105339105339 0.01326530612244898 0.03318903318903319
22 0.7119897959183674 0.05303030303030303 0.013775510204081635 0.032467532467532464
17 0.7538265306122449 0.015512265512265512 0.008673469387755102 0.02958152958152958
22 0.7892857142857144 0.05339105339105339 0.01326530612244898 0.03318903318903319
22 0.8420918367346939 0.05339105339105339 0.013775510204081635 0.03318903318903319
20 0.9160714285714286 0.05266955266955267 0.013775510204081635 0.03318903318903319
26 0.0663265306122449 0.3373015873015873 0.02653061224489796 0.10606060606060606
22 0.13801020408163267 0.33874458874458874 0.01479591836734694 0.04256854256854257
186 0.1576530612244898 0.325036075036075 0.017346938775510204 0.07575757575757576
187 0.17346938775510207 0.32395382395382394 0.01326530612244898 0.07503607503607504
189 0.19285714285714287 0.3246753246753247 0.01326530612244898 0.07503607503607504
135 0.2094387755102041 0.32395382395382394 0.012755102040816327 0.07503607503607504
134 0.2584183673469388 0.3246753246753247 0.013775510204081635 0.07647907647907648
132 0.302295918367347 0.3246753246753247 0.013775510204081635 0.07503607503607504
15 0.3346938775510204 0.35353535353535354 0.011224489795918368 0.050505050505050504
161 0.35025510204081634 0.33080808080808083 0.015816326530612247 0.06421356421356421
17 0.36403061224489797 0.354978354978355 0.008673469387755102 0.05627705627705628
161 0.37678571428571433 0.3318903318903319 0.012755102040816327 0.06204906204906205
160 0.39923469387755106 0.33585858585858586 0.013775510204081635 0.06565656565656566
128 0.42219387755102045 0.3427128427128427 0.015816326530612247 0.07503607503607504
157 0.4681122448979592 0.3477633477633478 0.01479591836734694 0.07936507936507936
128 0.49158163265306126 0.34523809523809523 0.01479591836734694 0.06998556998556998
22 0.5489795918367347 0.3409090909090909 0.01326530612244898 0.032467532467532464
183 0.5760204081632654 0.3351370851370851 0.018367346938775512 0.09307359307359307
187 0.5938775510204082 0.32611832611832614 0.01326530612244898 0.07647907647907648
165 0.6130102040816328 0.3232323232323232 0.012755102040816327 0.07792207792207792
162 0.6359693877551021 0.32287157287157287 0.013775510204081635 0.08008658008658008
167 0.6599489795918368 0.3430735930735931 0.012755102040816327 0.06565656565656566
165 0.6818877551020409 0.3430735930735931 0.013775510204081635 0.06421356421356421
168 0.702295918367347 0.34054834054834054 0.01785714285714286 0.06926406926406926
16 0.7211734693877552 0.30122655122655123 0.00969387755102041 0.045454545454545456
139 0.7339285714285715 0.33694083694083693 0.013775510204081635 0.07503607503607504
165 0.7823979591836735 0.3434343434343434 0.013775510204081635 0.06349206349206349
15 0.7992346938775511 0.3120490620490621 0.011734693877551022 0.051226551226551224
168 0.8122448979591838 0.3401875901875902 0.01326530612244898 0.06998556998556998
165 0.8339285714285715 0.3434343434343434 0.01683673469387755 0.06204906204906205
17 0.851530612244898 0.31457431457431456 0.009183673469387756 0.05627705627705628
168 0.8635204081632654 0.3351370851370851 0.012755102040816327 0.05844155844155844
167 0.8862244897959185 0.33946608946608947 0.01326530612244898 0.05844155844155844
164 0.9089285714285715 0.3412698412698413 0.012755102040816327 0.06060606060606061
165 0.9318877551020409 0.3427128427128427 0.01683673469387755 0.06349206349206349
27 0.06938775510204082 0.45815295815295815 0.0326530612244898 0.05916305916305916
156 0.14183673469387756 0.47186147186147187 0.022448979591836737 0.08225108225108226
22 0.17270408163265308 0.4606782106782107 0.012755102040816327 0.032467532467532464
156 0.21122448979591837 0.47113997113997114 0.01938775510204082 0.0808080808080808
163 0.2354591836734694 0.45526695526695526 0.013775510204081635 0.05339105339105339
22 0.2573979591836735 0.4603174603174603 0.013775510204081635 0.03318903318903319
163 0.2826530612244898 0.45526695526695526 0.0163265306122449 0.05339105339105339
156 0.302295918367347 0.4715007215007215 0.015816326530612247 0.08297258297258298
22 0.32448979591836735 0.4606782106782107 0.01326530612244898 0.032467532467532464
155 0.351530612244898 0.4743867243867244 0.02142857142857143 0.0873015873015873
22 0.3755102040816327 0.4606782106782107 0.01326530612244898 0.032467532467532464
159 0.40076530612244904 0.46320346320346323 0.01683673469387755 0.06349206349206349
162 0.4227040816326531 0.45634920634920634 0.013775510204081635 0.051226551226551224
159 0.44719387755102047 0.4624819624819625 0.019897959183673472 0.06349206349206349
22 0.46760204081632656 0.45995670995670995 0.012755102040816327 0.032467532467532464
162 0.4948979591836735 0.45346320346320346 0.020408163265306124 0.056998556998557
22 0.5158163265306123 0.45995670995670995 0.01326530612244898 0.032467532467532464
154 0.5528061224489796 0.47763347763347763 0.021938775510204084 0.09379509379509379
22 0.5737244897959184 0.4603174603174603 0.012755102040816327 0.03318903318903319
154 0.6142857142857143 0.4772727272727273 0.018367346938775512 0.09451659451659451
161 0.6359693877551021 0.45670995670995673 0.013775510204081635 0.05194805194805195
22 0.6596938775510205 0.45995670995670995 0.01326530612244898 0.032467532467532464
161 0.6841836734693878 0.455988455988456 0.0163265306122449 0.05194805194805195
154 0.7061224489795919 0.4772727272727273 0.017346938775510204 0.09451659451659451
22 0.7336734693877551 0.4603174603174603 0.01326530612244898 0.031746031746031744
153 0.7609693877551021 0.4805194805194805 0.021938775510204084 0.09956709956709957
22 0.7821428571428573 0.4603174603174603 0.01326530612244898 0.03318903318903319
160 0.8145408163265306 0.4574314574314574 0.01785714285714286 0.06204906204906205
164 0.8364795918367348 0.44877344877344877 0.013775510204081635 0.06493506493506493
167 0.8642857142857143 0.45670995670995673 0.015306122448979593 0.05194805194805195
22 0.8859693877551021 0.45995670995670995 0.012755102040816327 0.032467532467532464
22 0.9336734693877552 0.4595959595959596 0.01326530612244898 0.031746031746031744
26 0.06581632653061226 0.7449494949494949 0.02653061224489796 0.1075036075036075
135 0.13852040816326533 0.7445887445887446 0.012755102040816327 0.05194805194805195
142 0.18775510204081636 0.7294372294372294 0.015306122448979593 0.0808080808080808
141 0.23673469387755103 0.7319624819624819 0.015306122448979593 0.07575757575757576
139 0.2795918367346939 0.7384559884559885 0.0163265306122449 0.06277056277056277
15 0.3153061224489796 0.7196969696969697 0.011224489795918368 0.049783549783549784
168 0.32831632653061227 0.7420634920634921 0.012755102040816327 0.056998556998557
17 0.3446428571428572 0.7211399711399712 0.008673469387755102 0.05555555555555555
168 0.35663265306122455 0.7420634920634921 0.012244897959183675 0.056998556998557
15 0.37397959183673474 0.7200577200577201 0.011224489795918368 0.049062049062049064
168 0.3872448979591837 0.7417027417027418 0.01326530612244898 0.05772005772005772
169 0.4091836734693878 0.7384559884559885 0.0163265306122449 0.06421356421356421
168 0.4344387755102041 0.7435064935064936 0.012755102040816327 0.05988455988455989
17 0.450765306122449 0.7215007215007215 0.008673469387755102 0.05627705627705628
168 0.4625 0.7449494949494949 0.012755102040816327 0.06421356421356421
167 0.48596938775510207 0.7492784992784993 0.012755102040816327 0.06277056277056277
165 0.5096938775510205 0.7503607503607503 0.0163265306122449 0.06349206349206349
165 0.5456632653061225 0.7503607503607503 0.012755102040816327 0.06349206349206349
165 0.5709183673469388 0.7478354978354979 0.01326530612244898 0.05988455988455989
167 0.5954081632653062 0.7463924963924964 0.01326530612244898 0.056998556998557
168 0.6181122448979592 0.7420634920634921 0.01683673469387755 0.056998556998557
165 0.6428571428571429 0.7503607503607503 0.01326530612244898 0.06493506493506493
168 0.6673469387755102 0.7474747474747475 0.01326530612244898 0.06926406926406926
16 0.6836734693877552 0.7088744588744589 0.010204081632653062 0.045454545454545456
169 0.6964285714285715 0.7445887445887446 0.01326530612244898 0.07647907647907648
165 0.7173469387755103 0.7503607503607503 0.017346938775510204 0.06349206349206349
15 0.7367346938775511 0.7196969696969697 0.011224489795918368 0.051226551226551224
168 0.7500000000000001 0.7424242424242424 0.012244897959183675 0.05772005772005772
17 0.766326530612245 0.7153679653679653 0.009183673469387756 0.05555555555555555
169 0.7783163265306123 0.7384559884559885 0.012755102040816327 0.06421356421356421
165 0.8017857142857143 0.7442279942279942 0.013775510204081635 0.05266955266955267
171 0.8250000000000001 0.7323232323232324 0.018367346938775512 0.07503607503607504
196 0.8494897959183674 0.7323232323232324 0.014285714285714287 0.07503607503607504
172 0.866326530612245 0.7290764790764791 0.017346938775510204 0.08008658008658008
196 0.9038265306122449 0.7326839826839827 0.013775510204081635 0.07431457431457432
172 0.9198979591836736 0.7297979797979798 0.017346938775510204 0.08152958152958154
27 0.0691326530612245 0.8654401154401155 0.03214285714285715 0.05988455988455989
151 0.14158163265306123 0.8932178932178932 0.021938775510204084 0.1111111111111111
22 0.163265306122449 0.8672438672438673 0.01326530612244898 0.031746031746031744
121 0.18954081632653064 0.8935786435786436 0.019897959183673472 0.11038961038961038
158 0.21275510204081635 0.8726551226551227 0.015306122448979593 0.06998556998556998
22 0.23571428571428574 0.8676046176046176 0.01326530612244898 0.032467532467532464
158 0.26173469387755105 0.8733766233766234 0.017346938775510204 0.06998556998556998
151 0.2813775510204082 0.8932178932178932 0.01683673469387755 0.1111111111111111
22 0.3045918367346939 0.8672438672438673 0.01326530612244898 0.031746031746031744
155 0.3323979591836735 0.8820346320346321 0.021938775510204084 0.08874458874458875
22 0.3561224489795919 0.8676046176046176 0.01326530612244898 0.03391053391053391
155 0.389030612244898 0.8820346320346321 0.018877551020408164 0.0873015873015873
162 0.41250000000000003 0.862914862914863 0.013775510204081635 0.05483405483405483
159 0.4385204081632653 0.8697691197691197 0.019897959183673472 0.06421356421356421
22 0.4622448979591837 0.8676046176046176 0.01326530612244898 0.032467532467532464
162 0.4900510204081633 0.8603896103896104 0.020918367346938777 0.056998556998557
22 0.5112244897959184 0.8676046176046176 0.01326530612244898 0.03391053391053391
154 0.5492346938775511 0.8841991341991342 0.021938775510204084 0.09451659451659451
22 0.5706632653061225 0.8672438672438673 0.012755102040816327 0.031746031746031744
154 0.5977040816326531 0.8838383838383839 0.018877551020408164 0.09379509379509379
161 0.6206632653061225 0.8636363636363636 0.013775510204081635 0.05194805194805195
22 0.6423469387755103 0.8676046176046176 0.01326530612244898 0.032467532467532464
161 0.6693877551020408 0.8636363636363636 0.0163265306122449 0.05194805194805195
154 0.6974489795918368 0.8841991341991342 0.0163265306122449 0.09595959595959595
22 0.7188775510204082 0.8672438672438673 0.01326530612244898 0.03318903318903319
17 0.7385204081632654 0.8755411255411255 0.008673469387755102 0.05555555555555555
162 0.7525510204081634 0.8621933621933622 0.0163265306122449 0.05339105339105339
153 0.7790816326530613 0.8856421356421357 0.0163265306122449 0.10173160173160173
157 0.802295918367347 0.8748196248196248 0.015816326530612247 0.0772005772005772
162 0.8283163265306123 0.862914862914863 0.013775510204081635 0.05627705627705628
160 0.8520408163265307 0.8661616161616161 0.018367346938775512 0.05988455988455989
153 0.8793367346938776 0.8831168831168831 0.01683673469387755 0.10822510822510822
162 0.9051020408163266 0.8556998556998557 0.01326530612244898 0.06926406926406926
167 0.9331632653061225 0.851010101010101 0.014285714285714287 0.07864357864357864
153 0.9114795918367348 0.48124098124098125 0.021938775510204084 0.09956709956709957
