13 0.9308673469387756 0.09740259740259741 0.00969387755102041 0.050505050505050504
12 0.048214285714285716 0.09812409812409813 0.007653061224489797 0.049062049062049064
12 0.4119897959183674 0.09740259740259741 0.008673469387755102 0.047619047619047616
12 0.2584183673469388 0.09848484848484848 0.00969387755102041 0.048340548340548344
12 0.5785714285714286 0.09848484848484848 0.00816326530612245 0.048340548340548344
12 0.7423469387755103 0.09848484848484848 0.00816326530612245 0.048340548340548344
14 0.14336734693877554 0.1038961038961039 0.0071428571428571435 0.008658008658008658
14 0.3785714285714286 0.11507936507936507 0.0071428571428571435 0.007936507936507936
14 0.22729591836734697 0.22366522366522368 0.00663265306122449 0.008658008658008658
13 0.930357142857143 0.2528860028860029 0.011734693877551022 0.049783549783549784
12 0.2581632653061225 0.2532467532467532 0.010204081632653062 0.049062049062049064
12 0.5783163265306123 0.2532467532467532 0.008673469387755102 0.049062049062049064
12 0.7420918367346939 0.2532467532467532 0.008673469387755102 0.049062049062049064
12 0.04872448979591837 0.2536075036075036 0.007653061224489797 0.048340548340548344
12 0.4119897959183674 0.2532467532467532 0.00969387755102041 0.047619047619047616
13 0.930357142857143 0.36832611832611833 0.010714285714285714 0.049783549783549784
12 0.048469387755102046 0.3694083694083694 0.0071428571428571435 0.049062049062049064
12 0.2581632653061225 0.3694083694083694 0.009183673469387756 0.049062049062049064
12 0.4114795918367347 0.36904761904761907 0.00969387755102041 0.048340548340548344
12 0.5783163265306123 0.36904761904761907 0.008673469387755102 0.048340548340548344
12 0.7420918367346939 0.36904761904761907 0.008673469387755102 0.048340548340548344
12 0.7609693877551021 0.5721500721500722 0.008673469387755102 0.047619047619047616
12 0.8408163265306123 0.5725108225108225 0.009183673469387756 0.048340548340548344
11 0.9474489795918368 0.5728715728715729 0.014285714285714287 0.049062049062049064
12 0.048469387755102046 0.5728715728715729 0.00816326530612245 0.047619047619047616
12 0.5357142857142858 0.5728715728715729 0.00816326530612245 0.047619047619047616
12 0.31556122448979596 0.5735930735930735 0.00969387755102041 0.047619047619047616
12 0.31581632653061226 0.7489177489177489 0.00816326530612245 0.050505050505050504
12 0.04872448979591837 0.7489177489177489 0.008673469387755102 0.049062049062049064
12 0.5357142857142858 0.7489177489177489 0.00816326530612245 0.049062049062049064
12 0.8408163265306123 0.7478354978354979 0.009183673469387756 0.046897546897546896
11 0.9469387755102041 0.7481962481962482 0.01326530612244898 0.047619047619047616
12 0.7604591836734694 0.7489177489177489 0.008673469387755102 0.047619047619047616
12 0.5352040816326531 0.8603896103896104 0.00816326530612245 0.048340548340548344
12 0.7602040816326532 0.8603896103896104 0.009183673469387756 0.048340548340548344
11 0.9466836734693879 0.8603896103896104 0.013775510204081635 0.048340548340548344
12 0.04872448979591837 0.8611111111111112 0.007653061224489797 0.048340548340548344
12 0.31556122448979596 0.8607503607503607 0.008673469387755102 0.047619047619047616
12 0.8410714285714287 0.8607503607503607 0.008673469387755102 0.047619047619047616
26 0.06454081632653062 0.0992063492063492 0.02295918367346939 0.08441558441558442
132 0.1346938775510204 0.0955988455988456 0.0163265306122449 0.05555555555555555
161 0.16198979591836737 0.09812409812409813 0.012755102040816327 0.05194805194805195
71 0.17933673469387756 0.10101010101010101 0.012755102040816327 0.05772005772005772
98 0.18954081632653064 0.11724386724386725 0.011734693877551022 0.08585858585858586
97 0.21683673469387757 0.11868686868686869 0.014285714285714287 0.09018759018759019
98 0.33596938775510204 0.1038961038961039 0.012755102040816327 0.06349206349206349
130 0.3706632653061225 0.10064935064935066 0.01683673469387755 0.05844155844155844
161 0.3971938775510204 0.09740259740259741 0.012755102040816327 0.05483405483405483
97 0.489795918367347 0.10642135642135642 0.01326530612244898 0.0670995670995671
20 0.5196428571428572 0.05591630591630592 0.010714285714285714 0.03823953823953824
128 0.5229591836734694 0.10714285714285714 0.018367346938775512 0.06854256854256854
130 0.5428571428571429 0.10101010101010101 0.01326530612244898 0.05627705627705628
132 0.5642857142857144 0.09704184704184704 0.012244897959183675 0.05411255411255411
76 0.5918367346938777 0.08874458874458875 0.01326530612244898 0.07215007215007214
20 0.6839285714285714 0.05627705627705628 0.010714285714285714 0.03751803751803752
128 0.686734693877551 0.1075036075036075 0.017346938775510204 0.06782106782106782
130 0.7066326530612246 0.10101010101010101 0.01326530612244898 0.05627705627705628
132 0.7278061224489797 0.09704184704184704 0.011734693877551022 0.05411255411255411
76 0.7556122448979593 0.08874458874458875 0.01326530612244898 0.0707070707070707
16 0.8048469387755103 0.09090909090909091 0.008673469387755102 0.03318903318903319
104 0.8168367346938776 0.08766233766233766 0.011224489795918368 0.0670995670995671
20 0.8500000000000001 0.05627705627705628 0.011224489795918368 0.03751803751803752
128 0.8525510204081633 0.1075036075036075 0.017346938775510204 0.06782106782106782
17 0.8691326530612246 0.11580086580086581 0.008673469387755102 0.03535353535353535
131 0.8813775510204083 0.09848484848484848 0.012755102040816327 0.05266955266955267
133 0.9076530612244899 0.0955988455988456 0.012244897959183675 0.05555555555555555
16 0.9441326530612246 0.09126984126984126 0.00969387755102041 0.03391053391053391
27 0.06479591836734694 0.2528860028860029 0.02448979591836735 0.051226551226551224
106 0.10153061224489797 0.2536075036075036 0.01326530612244898 0.051226551226551224
104 0.13290816326530613 0.2597402597402597 0.012755102040816327 0.06349206349206349
107 0.17933673469387756 0.2510822510822511 0.012755102040816327 0.05772005772005772
138 0.2170918367346939 0.2518037518037518 0.012755102040816327 0.05916305916305916
17 0.23596938775510207 0.23593073593073594 0.008673469387755102 0.03463203463203463
167 0.2448979591836735 0.255050505050505 0.018367346938775512 0.05411255411255411
77 0.27168367346938777 0.25577200577200576 0.012755102040816327 0.056998556998557
138 0.3035714285714286 0.23737373737373738 0.01326530612244898 0.0836940836940837
16 0.3234693877551021 0.22294372294372294 0.00816326530612245 0.03318903318903319
19 0.42500000000000004 0.2748917748917749 0.0163265306122449 0.01443001443001443
133 0.5211734693877551 0.26082251082251084 0.012755102040816327 0.06565656565656566
135 0.5423469387755102 0.25685425685425683 0.012244897959183675 0.05916305916305916
137 0.5622448979591838 0.25396825396825395 0.015306122448979593 0.05194805194805195
20 0.5900510204081634 0.2777777777777778 0.010714285714285714 0.03896103896103896
102 0.6206632653061225 0.26406926406926406 0.012755102040816327 0.0707070707070707
102 0.653061224489796 0.26406926406926406 0.01326530612244898 0.06926406926406926
133 0.6846938775510205 0.26082251082251084 0.01326530612244898 0.06565656565656566
135 0.7061224489795919 0.25685425685425683 0.012244897959183675 0.05916305916305916
137 0.7255102040816327 0.25396825396825395 0.015306122448979593 0.05194805194805195
20 0.7543367346938776 0.2774170274170274 0.010714285714285714 0.03823953823953824
102 0.7844387755102041 0.2637085137085137 0.012755102040816327 0.07142857142857142
102 0.817091836734694 0.2637085137085137 0.012755102040816327 0.06998556998556998
133 0.8512755102040818 0.2619047619047619 0.012755102040816327 0.06782106782106782
136 0.880357142857143 0.25757575757575757 0.012755102040816327 0.06060606060606061
138 0.9051020408163266 0.25144300144300147 0.017346938775510204 0.05844155844155844
16 0.9438775510204083 0.25793650793650796 0.009183673469387756 0.032467532467532464
27 0.06479591836734694 0.36796536796536794 0.02448979591836735 0.049062049062049064
18 0.16683673469387755 0.3596681096681097 0.0163265306122449 0.013708513708513708
18 0.3349489795918368 0.36002886002886003 0.015816326530612247 0.012987012987012988
20 0.42346938775510207 0.3694083694083694 0.011224489795918368 0.03896103896103896
99 0.4566326530612245 0.37265512265512263 0.01326530612244898 0.05844155844155844
102 0.4900510204081633 0.36327561327561325 0.012755102040816327 0.06277056277056277
20 0.5201530612244898 0.36904761904761907 0.010714285714285714 0.03968253968253968
20 0.5903061224489796 0.3694083694083694 0.011224489795918368 0.03896103896103896
74 0.6211734693877552 0.36327561327561325 0.013775510204081635 0.06277056277056277
20 0.6839285714285714 0.3694083694083694 0.010714285714285714 0.03896103896103896
20 0.7540816326530613 0.3694083694083694 0.011224489795918368 0.03896103896103896
74 0.7849489795918368 0.363997113997114 0.013775510204081635 0.06132756132756133
20 0.8502551020408164 0.36904761904761907 0.010714285714285714 0.03823953823953824
16 0.9441326530612246 0.3740981240981241 0.008673469387755102 0.032467532467532464
26 0.0642857142857143 0.5746753246753247 0.022448979591836737 0.08441558441558442
27 0.06505102040816327 0.7489177489177489 0.023979591836734697 0.05194805194805195
16 0.08673469387755103 0.5663780663780664 0.010204081632653062 0.03318903318903319
16 0.08698979591836735 0.7536075036075036 0.008673469387755102 0.032467532467532464
20 0.11581632653061226 0.7247474747474747 0.010204081632653062 0.0367965367965368
108 0.15484693877551023 0.7431457431457431 0.013775510204081635 0.06349206349206349
133 0.17602040816326534 0.5710678210678211 0.01326530612244898 0.056998556998557
132 0.1971938775510204 0.5714285714285714 0.012755102040816327 0.05627705627705628
107 0.2178571428571429 0.7463924963924964 0.01326530612244898 0.05844155844155844
20 0.25331632653061226 0.5497835497835498 0.010714285714285714 0.03896103896103896
136 0.25484693877551023 0.7507215007215007 0.012755102040816327 0.05411255411255411
138 0.2778061224489796 0.7463924963924964 0.012755102040816327 0.05844155844155844
140 0.2997448979591837 0.7406204906204906 0.01683673469387755 0.06854256854256854
16 0.32448979591836735 0.6937229437229437 0.00816326530612245 0.032467532467532464
20 0.3352040816326531 0.5497835497835498 0.010204081632653062 0.03751803751803752
20 0.3352040816326531 0.773088023088023 0.011224489795918368 0.03968253968253968
131 0.3729591836734694 0.5725108225108225 0.017346938775510204 0.05411255411255411
133 0.3941326530612245 0.5696248196248196 0.012755102040816327 0.05988455988455989
135 0.41760204081632657 0.566017316017316 0.012755102040816327 0.06565656565656566
20 0.438265306122449 0.6713564213564214 0.011224489795918368 0.03823953823953824
20 0.47474489795918373 0.7005772005772006 0.010714285714285714 0.03751803751803752
131 0.47576530612244905 0.5862193362193362 0.012755102040816327 0.0772005772005772
136 0.47602040816326535 0.7503607503607503 0.012244897959183675 0.05339105339105339
134 0.49897959183673474 0.5826118326118326 0.012244897959183675 0.06998556998556998
139 0.49897959183673474 0.7435064935064936 0.012244897959183675 0.06421356421356421
135 0.5183673469387755 0.5797258297258298 0.015306122448979593 0.06421356421356421
140 0.5188775510204082 0.7406204906204906 0.0163265306122449 0.06854256854256854
16 0.5438775510204082 0.5548340548340548 0.00816326530612245 0.03318903318903319
16 0.5438775510204082 0.6991341991341992 0.00816326530612245 0.031746031746031744
77 0.5561224489795918 0.7532467532467533 0.012244897959183675 0.05339105339105339
18 0.8926020408163267 0.5523088023088023 0.015816326530612247 0.012265512265512266
18 0.8926020408163267 0.7752525252525253 0.01479591836734694 0.013708513708513708
18 0.8928571428571429 0.7276334776334776 0.015306122448979593 0.012265512265512266
27 0.06479591836734694 0.8611111111111112 0.02448979591836735 0.051226551226551224
16 0.08698979591836735 0.8658008658008658 0.008673469387755102 0.03318903318903319
102 0.11734693877551021 0.8553391053391053 0.01326530612244898 0.06277056277056277
102 0.15484693877551023 0.8553391053391053 0.012755102040816327 0.06277056277056277
105 0.21760204081632656 0.863997113997114 0.012755102040816327 0.056998556998557
20 0.2535714285714286 0.8621933621933622 0.012244897959183675 0.03896103896103896
20 0.3349489795918368 0.8621933621933622 0.011734693877551022 0.03896103896103896
70 0.37117346938775514 0.8672438672438673 0.012755102040816327 0.06349206349206349
20 0.47500000000000003 0.8618326118326118 0.011224489795918368 0.03823953823953824
70 0.5563775510204082 0.8661616161616161 0.013775510204081635 0.06277056277056277
98 0.6609693877551021 0.8672438672438673 0.013775510204081635 0.06349206349206349
133 0.702295918367347 0.8553391053391053 0.01683673469387755 0.06421356421356421
134 0.7219387755102041 0.8553391053391053 0.01326530612244898 0.06277056277056277
133 0.7426020408163266 0.8553391053391053 0.012755102040816327 0.06421356421356421
44 0.7854591836734695 0.8672438672438673 0.01683673469387755 0.06493506493506493
18 0.8923469387755103 0.8520923520923521 0.015306122448979593 0.012987012987012988
83 0.3377551020408164 0.7215007215007215 0.0163265306122449 0.10245310245310245
