12 0.048469387755102046 0.09126984126984126 0.006122448979591837 0.048340548340548344
12 0.5306122448979592 0.09090909090909091 0.00816326530612245 0.047619047619047616
12 0.9512755102040817 0.09126984126984126 0.007653061224489797 0.048340548340548344
12 0.5308673469387756 0.23917748917748918 0.007653061224489797 0.048340548340548344
12 0.048214285714285716 0.23917748917748918 0.00663265306122449 0.046897546897546896
12 0.9515306122448981 0.23953823953823955 0.00816326530612245 0.047619047619047616
11 0.9471938775510205 0.5735930735930735 0.013775510204081635 0.049062049062049064
12 0.048469387755102046 0.5746753246753247 0.006122448979591837 0.048340548340548344
12 0.576530612244898 0.5743145743145743 0.00816326530612245 0.047619047619047616
11 0.9466836734693879 0.7276334776334776 0.013775510204081635 0.048340548340548344
12 0.576530612244898 0.727994227994228 0.00816326530612245 0.047619047619047616
12 0.048214285714285716 0.727994227994228 0.00663265306122449 0.046176046176046176
14 0.6091836734693878 0.7103174603174603 0.0071428571428571435 0.010822510822510822
26 0.06607142857142857 0.09199134199134198 0.02602040816326531 0.1075036075036075
15 0.09260204081632654 0.06637806637806638 0.012755102040816327 0.05194805194805195
22 0.12346938775510205 0.0955988455988456 0.01326530612244898 0.03391053391053391
166 0.1489795918367347 0.09740259740259741 0.01326530612244898 0.06349206349206349
17 0.16709183673469388 0.06962481962481963 0.00969387755102041 0.05411255411255411
168 0.17933673469387756 0.09163059163059163 0.012755102040816327 0.06204906204906205
169 0.2017857142857143 0.08621933621933622 0.01683673469387755 0.06421356421356421
16 0.22244897959183677 0.050144300144300144 0.009183673469387756 0.04401154401154401
170 0.2362244897959184 0.08333333333333333 0.014285714285714287 0.06998556998556998
169 0.2602040816326531 0.08585858585858586 0.012244897959183675 0.06493506493506493
168 0.28596938775510206 0.0891053391053391 0.012755102040816327 0.05844155844155844
166 0.3073979591836735 0.09271284271284272 0.015816326530612247 0.05411255411255411
22 0.33392857142857146 0.09523809523809523 0.012755102040816327 0.03318903318903319
166 0.35969387755102045 0.09126984126984126 0.01326530612244898 0.05266955266955267
168 0.38673469387755105 0.0891053391053391 0.01326530612244898 0.05844155844155844
169 0.4099489795918368 0.08621933621933622 0.015816326530612247 0.06421356421356421
170 0.4380102040816327 0.08333333333333333 0.01479591836734694 0.06998556998556998
169 0.4625 0.0854978354978355 0.012755102040816327 0.06421356421356421
168 0.4880102040816327 0.08946608946608947 0.012755102040816327 0.05772005772005772
166 0.5096938775510205 0.09271284271284272 0.015306122448979593 0.05411255411255411
22 0.5464285714285715 0.09523809523809523 0.01326530612244898 0.03318903318903319
165 0.5719387755102041 0.09307359307359307 0.01326530612244898 0.05483405483405483
167 0.5992346938775511 0.09126984126984126 0.012755102040816327 0.05411255411255411
169 0.6244897959183674 0.08585858585858586 0.0163265306122449 0.06493506493506493
170 0.6525510204081634 0.08297258297258298 0.014285714285714287 0.06926406926406926
169 0.6770408163265307 0.0854978354978355 0.012244897959183675 0.06421356421356421
167 0.7002551020408164 0.09163059163059163 0.012755102040816327 0.05339105339105339
165 0.7219387755102041 0.09307359307359307 0.0163265306122449 0.05483405483405483
22 0.7487244897959184 0.0955988455988456 0.012755102040816327 0.032467532467532464
16 0.7673469387755103 0.08477633477633478 0.009183673469387756 0.04256854256854257
164 0.780357142857143 0.10173160173160173 0.012755102040816327 0.0735930735930736
167 0.8073979591836735 0.09704184704184704 0.012755102040816327 0.06565656565656566
169 0.8326530612244899 0.08766233766233766 0.017346938775510204 0.06854256854256854
170 0.8607142857142858 0.08261183261183261 0.014285714285714287 0.06998556998556998
169 0.8852040816326532 0.08585858585858586 0.012244897959183675 0.06637806637806638
167 0.9086734693877552 0.09487734487734488 0.01326530612244898 0.06132756132756133
164 0.9306122448979592 0.09704184704184704 0.015306122448979593 0.06421356421356421
27 0.06887755102040817 0.2417027417027417 0.031632653061224494 0.06060606060606061
15 0.09260204081632654 0.22655122655122656 0.011734693877551022 0.05194805194805195
108 0.12372448979591838 0.23376623376623376 0.012755102040816327 0.06349206349206349
17 0.22372448979591839 0.1865079365079365 0.00969387755102041 0.056998556998557
112 0.23571428571428574 0.22366522366522368 0.014285714285714287 0.08658008658008658
108 0.3344387755102041 0.23412698412698413 0.012755102040816327 0.06421356421356421
112 0.43775510204081636 0.2233044733044733 0.015306122448979593 0.0873015873015873
109 0.5471938775510204 0.23160173160173161 0.015816326530612247 0.0707070707070707
111 0.652295918367347 0.22582972582972582 0.015816326530612247 0.08225108225108226
15 0.7357142857142858 0.20382395382395382 0.011224489795918368 0.051226551226551224
109 0.7494897959183674 0.23160173160173161 0.014285714285714287 0.06926406926406926
111 0.8607142857142858 0.22546897546897546 0.0163265306122449 0.08152958152958154
26 0.06581632653061226 0.5746753246753247 0.02653061224489796 0.10606060606060606
15 0.09260204081632654 0.549062049062049 0.012755102040816327 0.05194805194805195
22 0.12346938775510205 0.5786435786435786 0.01326530612244898 0.031746031746031744
164 0.1525510204081633 0.584054834054834 0.01326530612244898 0.07287157287157287
166 0.18316326530612245 0.5804473304473304 0.01326530612244898 0.06421356421356421
169 0.21122448979591837 0.5703463203463204 0.017346938775510204 0.0670995670995671
170 0.24285714285714288 0.566017316017316 0.014285714285714287 0.06998556998556998
169 0.2709183673469388 0.5685425685425686 0.012244897959183675 0.06493506493506493
166 0.2979591836734694 0.5782828282828283 0.012244897959183675 0.05988455988455989
164 0.32295918367346943 0.5800865800865801 0.015306122448979593 0.06349206349206349
22 0.35280612244897963 0.5782828282828283 0.013775510204081635 0.032467532467532464
165 0.3813775510204082 0.5808080808080808 0.013775510204081635 0.06349206349206349
166 0.41045918367346945 0.577922077922078 0.012755102040816327 0.06060606060606061
168 0.4385204081632653 0.5732323232323232 0.01683673469387755 0.05988455988455989
169 0.46913265306122454 0.5689033189033189 0.012755102040816327 0.06421356421356421
168 0.4984693877551021 0.5717893217893217 0.012244897959183675 0.056998556998557
166 0.5247448979591838 0.5743145743145743 0.012755102040816327 0.05339105339105339
165 0.551530612244898 0.5757575757575758 0.017346938775510204 0.05483405483405483
22 0.5941326530612245 0.5782828282828283 0.012755102040816327 0.032467532467532464
164 0.6229591836734695 0.5844155844155844 0.01326530612244898 0.07215007215007214
166 0.6538265306122449 0.5800865800865801 0.012755102040816327 0.06493506493506493
169 0.6818877551020409 0.5703463203463204 0.01683673469387755 0.0670995670995671
170 0.7137755102040817 0.5656565656565656 0.014285714285714287 0.06926406926406926
169 0.741326530612245 0.5696248196248196 0.012244897959183675 0.06565656565656566
166 0.7686224489795919 0.577922077922078 0.012755102040816327 0.06060606060606061
164 0.7933673469387755 0.5808080808080808 0.015306122448979593 0.06349206349206349
101 0.8234693877551021 0.5725108225108225 0.01326530612244898 0.056998556998557
20 0.8852040816326532 0.575036075036075 0.012244897959183675 0.04184704184704185
27 0.06887755102040817 0.7301587301587301 0.031632653061224494 0.05916305916305916
15 0.09260204081632654 0.7157287157287158 0.011734693877551022 0.05194805194805195
110 0.12397959183673471 0.7171717171717171 0.014285714285714287 0.07503607503607504
103 0.24285714285714288 0.7355699855699855 0.012244897959183675 0.06565656565656566
110 0.3533163265306123 0.7168109668109668 0.01479591836734694 0.0772005772005772
103 0.47015306122448985 0.7355699855699855 0.012755102040816327 0.06565656565656566
78 0.5948979591836735 0.7276334776334776 0.01326530612244898 0.051226551226551224
20 0.8852040816326532 0.7290764790764791 0.012244897959183675 0.04112554112554113
