12 0.3971938775510204 0.1911976911976912 0.007653061224489797 0.049062049062049064
12 0.578826530612245 0.19083694083694083 0.007653061224489797 0.048340548340548344
12 0.7579081632653062 0.19083694083694083 0.007653061224489797 0.048340548340548344
12 0.9517857142857143 0.3344155844155844 0.008673469387755102 0.051226551226551224
12 0.3278061224489796 0.33405483405483405 0.008673469387755102 0.047619047619047616
12 0.5357142857142858 0.33405483405483405 0.00816326530612245 0.047619047619047616
12 0.741326530612245 0.33405483405483405 0.00816326530612245 0.047619047619047616
12 0.5237244897959185 0.4772727272727273 0.008673469387755102 0.049783549783549784
12 0.7170918367346939 0.47763347763347763 0.007653061224489797 0.049062049062049064
12 0.313265306122449 0.4772727272727273 0.009183673469387756 0.046897546897546896
14 0.5543367346938776 0.4588744588744589 0.007653061224489797 0.0101010101010101
29 0.138265306122449 0.18542568542568544 0.025510204081632654 0.11832611832611832
15 0.15994897959183674 0.16594516594516595 0.012755102040816327 0.05194805194805195
130 0.2227040816326531 0.19480519480519481 0.01683673469387755 0.05772005772005772
131 0.24387755102040817 0.19155844155844157 0.014285714285714287 0.05266955266955267
132 0.2663265306122449 0.19083694083694083 0.01326530612244898 0.05266955266955267
133 0.28877551020408165 0.1893939393939394 0.01326530612244898 0.056998556998557
134 0.3135204081632653 0.18434343434343434 0.01683673469387755 0.06565656565656566
133 0.3344387755102041 0.18686868686868688 0.01479591836734694 0.06204906204906205
131 0.3548469387755102 0.18867243867243869 0.01479591836734694 0.05988455988455989
130 0.377295918367347 0.1937229437229437 0.01479591836734694 0.05988455988455989
98 0.4114795918367347 0.19733044733044733 0.01479591836734694 0.06421356421356421
131 0.44923469387755105 0.19155844155844157 0.01683673469387755 0.05266955266955267
129 0.4683673469387756 0.19805194805194806 0.014285714285714287 0.06421356421356421
133 0.49464285714285716 0.19011544011544013 0.01683673469387755 0.05411255411255411
129 0.5137755102040816 0.19733044733044733 0.014285714285714287 0.06421356421356421
131 0.538265306122449 0.19155844155844157 0.014285714285714287 0.05266955266955267
129 0.5589285714285714 0.1976911976911977 0.01479591836734694 0.06349206349206349
130 0.5948979591836735 0.19480519480519481 0.017346938775510204 0.05772005772005772
131 0.6158163265306122 0.19155844155844157 0.014285714285714287 0.05266955266955267
132 0.6385204081632654 0.19083694083694083 0.013775510204081635 0.05266955266955267
133 0.6609693877551021 0.1893939393939394 0.013775510204081635 0.056998556998557
134 0.6857142857142857 0.18434343434343434 0.017346938775510204 0.06565656565656566
130 0.7040816326530613 0.19227994227994227 0.014285714285714287 0.06277056277056277
99 0.7267857142857144 0.19408369408369408 0.013775510204081635 0.05772005772005772
136 0.7734693877551021 0.19805194805194806 0.01326530612244898 0.06421356421356421
134 0.7938775510204082 0.1976911976911977 0.014285714285714287 0.06349206349206349
133 0.8160714285714287 0.19733044733044733 0.013775510204081635 0.06421356421356421
135 0.8392857142857144 0.19696969696969696 0.0163265306122449 0.06349206349206349
134 0.8658163265306124 0.18434343434343434 0.0163265306122449 0.06565656565656566
130 0.8844387755102041 0.19264069264069264 0.013775510204081635 0.06349206349206349
99 0.9071428571428573 0.19480519480519481 0.014285714285714287 0.05772005772005772
29 0.06581632653061226 0.3300865800865801 0.02653061224489796 0.11904761904761904
15 0.08877551020408164 0.3088023088023088 0.012244897959183675 0.05194805194805195
108 0.13698979591836735 0.3282828282828283 0.012755102040816327 0.06349206349206349
137 0.17627551020408164 0.3344155844155844 0.012755102040816327 0.051226551226551224
138 0.2 0.3318903318903319 0.0163265306122449 0.05772005772005772
139 0.22806122448979593 0.3286435786435786 0.01326530612244898 0.06277056277056277
138 0.2540816326530613 0.3318903318903319 0.01326530612244898 0.05772005772005772
137 0.28010204081632656 0.3344155844155844 0.01326530612244898 0.051226551226551224
139 0.30586734693877554 0.329004329004329 0.01683673469387755 0.06204906204906205
107 0.3446428571428572 0.3318903318903319 0.013775510204081635 0.05772005772005772
136 0.38367346938775515 0.3347763347763348 0.01326530612244898 0.05194805194805195
138 0.4099489795918368 0.3315295815295815 0.01683673469387755 0.056998556998557
140 0.4408163265306123 0.32611832611832614 0.014285714285714287 0.06926406926406926
138 0.4637755102040817 0.33261183261183264 0.01326530612244898 0.05916305916305916
136 0.48775510204081635 0.3362193362193362 0.01326530612244898 0.05483405483405483
138 0.5135204081632654 0.33405483405483405 0.01785714285714286 0.06204906204906205
108 0.552295918367347 0.3286435786435786 0.013775510204081635 0.06277056277056277
137 0.5913265306122449 0.3344155844155844 0.01326530612244898 0.051226551226551224
138 0.6153061224489796 0.3315295815295815 0.0163265306122449 0.056998556998557
139 0.6433673469387756 0.3286435786435786 0.01326530612244898 0.06277056277056277
138 0.6693877551020408 0.3318903318903319 0.01326530612244898 0.05772005772005772
137 0.6954081632653062 0.3344155844155844 0.01326530612244898 0.051226551226551224
136 0.7196428571428573 0.3347763347763348 0.01683673469387755 0.05194805194805195
134 0.7579081632653062 0.3412698412698413 0.013775510204081635 0.06493506493506493
136 0.7854591836734695 0.3412698412698413 0.013775510204081635 0.06493506493506493
133 0.8096938775510205 0.34054834054834054 0.01326530612244898 0.06349206349206349
136 0.8357142857142857 0.3409090909090909 0.017346938775510204 0.06421356421356421
134 0.8653061224489796 0.3272005772005772 0.0163265306122449 0.06565656565656566
130 0.8875000000000001 0.3351370851370851 0.013775510204081635 0.06277056277056277
99 0.9137755102040818 0.338023088023088 0.014285714285714287 0.05844155844155844
29 0.06607142857142857 0.47186147186147187 0.025 0.11688311688311688
15 0.08852040816326531 0.45202020202020204 0.011734693877551022 0.051226551226551224
108 0.11938775510204083 0.47113997113997114 0.01326530612244898 0.06349206349206349
137 0.15892857142857145 0.47763347763347763 0.012755102040816327 0.050505050505050504
138 0.18316326530612245 0.47474747474747475 0.0163265306122449 0.05627705627705628
139 0.21198979591836736 0.4722222222222222 0.013775510204081635 0.06277056277056277
138 0.238265306122449 0.4754689754689755 0.01326530612244898 0.05772005772005772
137 0.26479591836734695 0.47763347763347763 0.01326530612244898 0.05194805194805195
139 0.29056122448979593 0.4715007215007215 0.01785714285714286 0.06277056277056277
107 0.32984693877551025 0.4751082251082251 0.013775510204081635 0.05844155844155844
136 0.36938775510204086 0.47835497835497837 0.01326530612244898 0.05194805194805195
138 0.39617346938775516 0.4751082251082251 0.01683673469387755 0.056998556998557
140 0.4270408163265306 0.46933621933621933 0.014285714285714287 0.06998556998556998
138 0.45051020408163267 0.47619047619047616 0.01326530612244898 0.05916305916305916
136 0.47500000000000003 0.4797979797979798 0.01326530612244898 0.05483405483405483
138 0.5010204081632653 0.4769119769119769 0.018367346938775512 0.06204906204906205
106 0.5405612244897959 0.47763347763347763 0.013775510204081635 0.050505050505050504
138 0.5915816326530613 0.47474747474747475 0.01479591836734694 0.05627705627705628
139 0.6173469387755103 0.47186147186147187 0.01326530612244898 0.06349206349206349
138 0.6438775510204082 0.4751082251082251 0.01326530612244898 0.056998556998557
137 0.6698979591836736 0.47799422799422797 0.01326530612244898 0.051226551226551224
136 0.6948979591836736 0.47799422799422797 0.017346938775510204 0.05266955266955267
134 0.7329081632653062 0.48412698412698413 0.012755102040816327 0.06349206349206349
135 0.7543367346938776 0.4816017316017316 0.012755102040816327 0.05988455988455989
136 0.7742346938775511 0.4805194805194805 0.015816326530612247 0.05627705627705628
133 0.7979591836734694 0.4704184704184704 0.017346938775510204 0.06782106782106782
136 0.8244897959183675 0.4653679653679654 0.01326530612244898 0.07647907647907648
134 0.8505102040816327 0.4704184704184704 0.0163265306122449 0.06637806637806638
130 0.8732142857142858 0.4790764790764791 0.013775510204081635 0.06349206349206349
99 0.8997448979591838 0.48124098124098125 0.01479591836734694 0.05916305916305916
