3 0.09703240921515033 0.04168967421314192 0.04568527918781726 0.05577029265599117
12 0.04802811401796173 0.05080066261733849 0.006247559547051933 0.03644395361678631
12 0.3920343615775088 0.050524572059635564 0.007809449433814916 0.03589177250138045
12 0.6762983209683717 0.05080066261733849 0.007809449433814916 0.03644395361678631
12 0.9509957048028115 0.05107675317504142 0.00741897696212417 0.03699613473219216
8 0.08961343225302616 0.15323025952512426 0.03084732526356892 0.04693539480949752
12 0.39222959781335415 0.15847598012147987 0.00741897696212417 0.03644395361678631
12 0.6764935572042171 0.1587520706791828 0.008199921905505662 0.03699613473219216
12 0.9511909410386568 0.1590281612368857 0.007809449433814916 0.03754831584759802
12 0.04841858648965248 0.1587520706791828 0.006247559547051933 0.03589177250138045
8 0.08961343225302616 0.24268360022087246 0.03006638032018743 0.048039757040309224
12 0.6766887934400625 0.24765323025952515 0.007809449433814916 0.03699613473219216
12 0.9508004685669661 0.24792932081722807 0.008590394377196407 0.03754831584759802
12 0.048223350253807105 0.24875759249033685 0.006638032018742679 0.03810049696300387
12 0.39242483404919953 0.24792932081722807 0.007028504490433424 0.03644395361678631
8 0.08941819601718079 0.3509110988404197 0.030456852791878174 0.04693539480949752
12 0.39222959781335415 0.3561568194367753 0.008199921905505662 0.03754831584759802
12 0.9509957048028115 0.3561568194367753 0.008980866848887154 0.03754831584759802
12 0.6764935572042171 0.35643290999447824 0.008980866848887154 0.03699613473219216
12 0.04841858648965248 0.35670900055218113 0.006247559547051933 0.03644395361678631
8 0.08941819601718079 0.4503036996134733 0.030456852791878174 0.045831032578685815
12 0.9513861772745021 0.46466040861402547 0.00741897696212417 0.039204859193815576
12 0.04841858648965248 0.4641082274986196 0.006247559547051933 0.03699613473219216
12 0.39222959781335415 0.46466040861402547 0.00741897696212417 0.03810049696300387
12 0.6761030847325263 0.4643843180563225 0.00741897696212417 0.03754831584759802
8 0.08922295978133542 0.54527885146328 0.03162827020695041 0.04693539480949752
12 0.6768840296759079 0.5593594699061293 0.008199921905505662 0.03754831584759802
12 0.048223350253807105 0.5596355604638322 0.006638032018742679 0.03699613473219216
12 0.39242483404919953 0.5596355604638322 0.007809449433814916 0.03699613473219216
12 0.9513861772745021 0.5599116510215351 0.008199921905505662 0.03754831584759802
8 0.08922295978133542 0.6584759801214799 0.03006638032018743 0.04693539480949752
12 0.3920343615775088 0.6675869685256764 0.007028504490433424 0.03754831584759802
12 0.6761030847325263 0.6675869685256764 0.006638032018742679 0.03754831584759802
12 0.9513861772745021 0.6681391496410823 0.00741897696212417 0.03865267807840972
12 0.04783287778211636 0.6678630590833794 0.006638032018742679 0.03699613473219216
8 0.08941819601718079 0.7741579237990062 0.02889496290511519 0.04748757592490337
12 0.39222959781335415 0.7791275538376589 0.00741897696212417 0.03754831584759802
12 0.675907848496681 0.7791275538376589 0.007028504490433424 0.03754831584759802
12 0.9513861772745021 0.7794036443953618 0.00741897696212417 0.03810049696300387
12 0.048223350253807105 0.7794036443953618 0.006638032018742679 0.03589177250138045
8 0.08980866848887153 0.8898398674765324 0.030456852791878174 0.04693539480949752
12 0.04802811401796173 0.894809497515185 0.006247559547051933 0.03699613473219216
12 0.3920343615775088 0.894809497515185 0.007809449433814916 0.03699613473219216
12 0.6761030847325263 0.895085588072888 0.00741897696212417 0.03754831584759802
12 0.9509957048028115 0.894809497515185 0.008199921905505662 0.03699613473219216
26 0.06110894181960172 0.049972390944229714 0.018352206169465052 0.06902263942573164
18 0.254978524014057 0.04417448923246825 0.014057008980866849 0.011043622308117063
20 0.40179617336977747 0.049420209828823856 0.008590394377196407 0.02816123688569851
20 0.4691526747364311 0.04969630038652679 0.008980866848887154 0.028713418001104364
19 0.5359234673955486 0.048315847598012156 0.013666536509176104 0.01049144119271121
18 0.8139398672393596 0.04417448923246825 0.013666536509176104 0.011043622308117063
27 0.06091370558375635 0.15930425179458865 0.0187426786411558 0.040309221424627284
18 0.254978524014057 0.15212589729431256 0.014057008980866849 0.01049144119271121
20 0.40179617336977747 0.15737161789066814 0.008590394377196407 0.028713418001104364
20 0.46934791097227646 0.157923799006074 0.0093713393205779 0.028713418001104364
19 0.5357282311597032 0.1568194367752623 0.014057008980866849 0.011043622308117063
18 0.814135103475205 0.15212589729431256 0.014057008980866849 0.011595803423522916
37 0.06110894181960172 0.2534511319712866 0.019133151112846546 0.0519050248481502
72 0.13451776649746194 0.24848150193263394 0.010542756735650137 0.03975704030922143
131 0.2682545880515424 0.24848150193263394 0.015618898867629832 0.03865267807840972
21 0.29656384224912147 0.24875759249033685 0.008199921905505662 0.01932633903920486
20 0.3285825849277626 0.24737713970182224 0.008199921905505662 0.028713418001104364
20 0.40179617336977747 0.24682495858641637 0.008590394377196407 0.028713418001104364
17 0.46153846153846156 0.24792932081722807 0.006247559547051933 0.03092214246272778
103 0.47071456462319405 0.25372722252898955 0.009761811792268645 0.05135284373274435
107 0.5351425224521671 0.2462727774710105 0.009761811792268645 0.04417448923246825
138 0.6128465443186255 0.24572059635560467 0.010542756735650137 0.04417448923246825
21 0.6442795782897306 0.24875759249033685 0.008590394377196407 0.01932633903920486
18 0.814135103475205 0.24102705687465492 0.014057008980866849 0.011595803423522916
27 0.060718469347910975 0.35643290999447824 0.019133151112846546 0.040309221424627284
18 0.254978524014057 0.34953064605190504 0.014057008980866849 0.011043622308117063
18 0.5341663412729403 0.34953064605190504 0.014057008980866849 0.011043622308117063
18 0.814135103475205 0.349806736609608 0.014057008980866849 0.011595803423522916
26 0.06110894181960172 0.46355604638321374 0.018352206169465052 0.06791827719491994
26 0.06110894181960172 0.5588072887907234 0.018352206169465052 0.0695748205411375
165 0.13373682155408045 0.4682495858641635 0.009761811792268645 0.04748757592490337
158 0.13588442014837954 0.5659856432909995 0.015618898867629832 0.0519050248481502
22 0.15033190160093715 0.5648812810601878 0.0093713393205779 0.02760905577029266
157 0.15189379148770013 0.4732192159028162 0.013276064037485357 0.05632247377139702
21 0.16536509176103084 0.560463832136941 0.008199921905505662 0.01877415792379901
158 0.16634127294025772 0.47128658199889567 0.010933229207340883 0.052457205963556054
160 0.1837172979304959 0.46714522363335176 0.010542756735650137 0.04417448923246825
20 0.19875048809058962 0.5588072887907234 0.008590394377196407 0.028713418001104364
159 0.20128855915657948 0.46907785753727227 0.012885591565794613 0.048039757040309224
161 0.21729793049590004 0.46466040861402547 0.010542756735650137 0.040309221424627284
160 0.23330730183522064 0.4665930425179459 0.010542756735650137 0.04417448923246825
159 0.2493166731745412 0.46907785753727227 0.010542756735650137 0.04914411927112093
19 0.26610698945724326 0.5571507454445058 0.014447481452557595 0.009939260077305357
160 0.2666926981647794 0.46686913307564887 0.012495119094103866 0.0436223081170624
159 0.2817258883248731 0.4693539480949752 0.010542756735650137 0.04859193815571508
158 0.2977352596641937 0.4704583103257869 0.011323701679031628 0.0519050248481502
157 0.31374463100351424 0.4732192159028162 0.011323701679031628 0.05742683600220873
158 0.3307301835220617 0.4710104914411928 0.013276064037485357 0.053009387078961905
159 0.34634908238969153 0.4693539480949752 0.010152284263959392 0.04859193815571508
157 0.3609918000780945 0.47294312534511324 0.011323701679031628 0.057979017117614585
159 0.37856306130417805 0.4688017669795693 0.010542756735650137 0.04859193815571508
160 0.40394377196407655 0.4665930425179459 0.01210464662241312 0.04307012700165655
157 0.4180007809449434 0.47294312534511324 0.011323701679031628 0.05687465488680288
156 0.43420538852010937 0.47487575924903375 0.011714174150722375 0.06184428492545556
158 0.4511909410386568 0.4710104914411928 0.010542756735650137 0.053009387078961905
161 0.4718859820382663 0.4630038652678079 0.013666536509176104 0.04251794588625069
162 0.48691917219836 0.4621755935946991 0.010152284263959392 0.04417448923246825
163 0.5029285435376806 0.4616234124792932 0.010152284263959392 0.04859193815571508
164 0.5193283873486919 0.4607951408061845 0.010152284263959392 0.05135284373274435
18 0.5343615775087857 0.553009387078962 0.014447481452557595 0.011595803423522916
165 0.5363139398672394 0.45775814467145226 0.01210464662241312 0.04527885146327996
160 0.5509566575556424 0.462451684152402 0.010152284263959392 0.05135284373274435
159 0.5724326434986333 0.46686913307564887 0.010933229207340883 0.053561568194367755
161 0.593713393205779 0.4641082274986196 0.010542756735650137 0.040309221424627284
160 0.6140179617336978 0.46686913307564887 0.012885591565794613 0.0436223081170624
159 0.6290511518937915 0.46907785753727227 0.010152284263959392 0.04914411927112093
158 0.6446700507614214 0.47073440088348983 0.010933229207340883 0.052457205963556054
160 0.6624365482233503 0.46631695196024303 0.010542756735650137 0.0436223081170624
107 0.6913315111284655 0.5574268360022088 0.010542756735650137 0.0436223081170624
161 0.6928934010152284 0.4638321369409167 0.012885591565794613 0.040861402540033134
162 0.7079265911753222 0.462451684152402 0.010152284263959392 0.0436223081170624
163 0.7241311987504881 0.4616234124792932 0.009761811792268645 0.04969630038652679
165 0.7409215150331901 0.4580342352291552 0.009761811792268645 0.04914411927112093
106 0.7569308863725107 0.5596355604638322 0.009761811792268645 0.039204859193815576
164 0.7584927762592737 0.45858641634456104 0.012885591565794613 0.05024848150193264
163 0.7729402577118314 0.4602429596907786 0.010542756735650137 0.05024848150193264
162 0.789535337758688 0.4616234124792932 0.010933229207340883 0.046383213694091666
161 0.8106208512299883 0.4632799558255108 0.010933229207340883 0.04307012700165655
140 0.8270206950409996 0.553009387078962 0.010933229207340883 0.053561568194367755
160 0.8279968762202266 0.46631695196024303 0.013666536509176104 0.0436223081170624
161 0.8430300663803202 0.4643843180563225 0.010933229207340883 0.040861402540033134
139 0.8588442014837954 0.5552181115405853 0.009761811792268645 0.04914411927112093
162 0.8592346739554861 0.4641082274986196 0.010542756735650137 0.040309221424627284
160 0.8744631003514253 0.4665930425179459 0.010542756735650137 0.04417448923246825
138 0.889496290511519 0.5577029265599117 0.010152284263959392 0.04417448923246825
158 0.8904724716907458 0.4710104914411928 0.013666536509176104 0.053009387078961905
159 0.9058961343225302 0.4688017669795693 0.010152284263959392 0.04859193815571508
137 0.9197579070675518 0.5596355604638322 0.012885591565794613 0.039204859193815576
160 0.9221007418976962 0.46631695196024303 0.010542756735650137 0.0436223081170624
157 0.9373291682936353 0.47349530646051907 0.011323701679031628 0.05687465488680288
28 0.06110894181960172 0.6678630590833794 0.019914096056228035 0.040309221424627284
164 0.13373682155408045 0.6728326891220321 0.009761811792268645 0.04914411927112093
22 0.1505271378367825 0.673108779679735 0.009761811792268645 0.02760905577029266
162 0.16809839906286608 0.6623412479293209 0.012885591565794613 0.05024848150193264
164 0.1837172979304959 0.6601325234676975 0.009761811792268645 0.05466593042517946
163 0.19972666926981647 0.6758696852567643 0.009761811792268645 0.05521811154058532
165 0.21710269426005468 0.6753175041413584 0.010152284263959392 0.05521811154058532
164 0.23330730183522064 0.6758696852567643 0.009761811792268645 0.05521811154058532
163 0.24795001952362358 0.6758696852567643 0.012495119094103866 0.05521811154058532
164 0.26688793440062475 0.6637217007178355 0.012885591565794613 0.05080066261733849
163 0.2817258883248731 0.6648260629486472 0.010542756735650137 0.04969630038652679
162 0.2977352596641937 0.6653782440640531 0.010542756735650137 0.04417448923246825
161 0.3133541585318235 0.6670347874102707 0.010542756735650137 0.04307012700165655
162 0.33131589222959784 0.6631695196024296 0.012885591565794613 0.04859193815571508
163 0.3459586099180008 0.6634456101601326 0.010152284263959392 0.04914411927112093
161 0.3609918000780945 0.6637217007178355 0.010542756735650137 0.04969630038652679
163 0.3783678250683327 0.6642738818332413 0.010152284263959392 0.0519050248481502
164 0.40472471690745804 0.6604086140254004 0.012885591565794613 0.05742683600220873
161 0.4180007809449434 0.6615129762562121 0.010542756735650137 0.05411374930977361
160 0.43420538852010937 0.6639977912755385 0.010152284263959392 0.05687465488680288
162 0.45138617727450214 0.6628934290447267 0.010152284263959392 0.05024848150193264
17 0.46153846153846156 0.6645499723909443 0.006247559547051933 0.03147432357813363
165 0.47012885591565795 0.6728326891220321 0.0093713393205779 0.04914411927112093
166 0.4863334634908239 0.6711761457758145 0.009761811792268645 0.04693539480949752
167 0.5023428348301445 0.6703478741027058 0.009761811792268645 0.04417448923246825
168 0.5171807887543929 0.6670347874102707 0.012885591565794613 0.04527885146327996
169 0.5353377586880125 0.6689674213141911 0.010152284263959392 0.060187741579237994
164 0.550761421319797 0.6736609607951408 0.009761811792268645 0.05080066261733849
163 0.5720421710269427 0.6744892324682497 0.010152284263959392 0.04914411927112093
15 0.5835611089418197 0.6634456101601326 0.008199921905505662 0.02816123688569851
165 0.5919562670831706 0.6744892324682497 0.011714174150722375 0.048039757040309224
17 0.6040609137055838 0.6681391496410823 0.006247559547051933 0.03092214246272778
164 0.6146036704412339 0.661789066813915 0.012495119094103866 0.05135284373274435
163 0.6290511518937915 0.6626173384870238 0.010152284263959392 0.0519050248481502
162 0.6454509957048028 0.6623412479293209 0.010152284263959392 0.05135284373274435
164 0.6624365482233503 0.6631695196024296 0.009761811792268645 0.05411374930977361
17 0.682741116751269 0.6645499723909443 0.005857087075361187 0.029265599116510218
165 0.6915267473643109 0.6725565985643291 0.0093713393205779 0.05080066261733849
166 0.7075361187036314 0.6711761457758145 0.0093713393205779 0.045831032578685815
167 0.7237407262787974 0.6697956929872999 0.009761811792268645 0.04417448923246825
169 0.7389691526747365 0.6639977912755385 0.01210464662241312 0.04914411927112093
168 0.75654041390082 0.6662065157371618 0.009761811792268645 0.04472667034787411
167 0.772745021475986 0.6700717835450029 0.0093713393205779 0.04472667034787411
166 0.7887543928153066 0.6714522363335175 0.0093713393205779 0.046383213694091666
15 0.8006638032018742 0.6637217007178355 0.008199921905505662 0.028713418001104364
165 0.8092541975790707 0.673108779679735 0.012885591565794613 0.04748757592490337
164 0.8266302225693088 0.6736609607951408 0.010152284263959392 0.05080066261733849
165 0.8424443576727841 0.6736609607951408 0.010542756735650137 0.0519050248481502
166 0.8586489652479501 0.673384870237438 0.010152284263959392 0.05024848150193264
164 0.8732916829363531 0.673108779679735 0.01210464662241312 0.05080066261733849
162 0.8908629441624366 0.6626173384870238 0.012885591565794613 0.04859193815571508
163 0.9058961343225302 0.6637217007178355 0.010152284263959392 0.04969630038652679
164 0.9221007418976962 0.6628934290447267 0.009761811792268645 0.048039757040309224
161 0.9373291682936353 0.6634456101601326 0.009761811792268645 0.04914411927112093
27 0.06110894181960172 0.7794036443953618 0.019133151112846546 0.040309221424627284
163 0.13647012885591567 0.7744340143567091 0.014447481452557595 0.04693539480949752
162 0.15267473643108162 0.7730535615681945 0.012495119094103866 0.05080066261733849
17 0.46153846153846156 0.7796797349530646 0.006247559547051933 0.03092214246272778
15 0.5618898867629832 0.7796797349530646 0.008590394377196407 0.028713418001104364
17 0.682741116751269 0.7796797349530646 0.006638032018742679 0.029817780231916072
15 0.8008590394377196 0.7799558255107676 0.008590394377196407 0.029265599116510218
37 0.06110894181960172 0.9000552181115407 0.019133151112846546 0.05080066261733849
161 0.13627489262007028 0.895085588072888 0.01483795392424834 0.03865267807840972
22 0.1505271378367825 0.9000552181115407 0.008980866848887154 0.02760905577029266
21 0.16536509176103084 0.8956377691882939 0.008199921905505662 0.01877415792379901
20 0.19875048809058962 0.8937051352843733 0.008590394377196407 0.02816123688569851
19 0.26630222569308865 0.8923246824958587 0.014057008980866849 0.009939260077305357
20 0.40179617336977747 0.8939812258420763 0.008590394377196407 0.028713418001104364
17 0.4613432253026162 0.8953616786305909 0.006638032018742679 0.030369961347321926
22 0.5499804763764155 0.9006073992269465 0.008980866848887154 0.02760905577029266
21 0.5708707536118703 0.8956377691882939 0.008590394377196407 0.01877415792379901
20 0.6114798906677079 0.8939812258420763 0.008590394377196407 0.028713418001104364
18 0.814135103475205 0.8881833241303149 0.014057008980866849 0.011595803423522916
