12 0.1197444352844188 0.18414918414918416 0.006183017312448475 0.039627039627039624
12 0.36521022258862323 0.18444055944055945 0.00741962077493817 0.03904428904428905
12 0.9515663643858203 0.18414918414918416 0.007007419620774938 0.038461538461538464
12 0.6562242374278648 0.18473193473193472 0.00741962077493817 0.038461538461538464
14 0.20094806265457543 0.1791958041958042 0.004534212695795548 0.008741258741258742
14 0.3926215993404782 0.1794871794871795 0.0053586150041220115 0.008158508158508158
14 0.6842539159109645 0.17977855477855478 0.00494641384995878 0.008741258741258742
14 0.30276174773289366 0.21824009324009325 0.004534212695795548 0.008741258741258742
12 0.6564303380049464 0.27942890442890445 0.007831821929101401 0.03904428904428905
12 0.12015663643858203 0.28001165501165504 0.006183017312448475 0.03904428904428905
12 0.36521022258862323 0.28001165501165504 0.00741962077493817 0.03904428904428905
12 0.9509480626545754 0.27972027972027974 0.00741962077493817 0.038461538461538464
12 0.048433635614179724 0.502039627039627 0.006183017312448475 0.03904428904428905
12 0.9513602638087387 0.5017482517482518 0.00741962077493817 0.038461538461538464
12 0.37695795548227534 0.5023310023310024 0.007831821929101401 0.038461538461538464
12 0.6642621599340478 0.5023310023310024 0.008656224237427864 0.038461538461538464
14 0.4091096455070074 0.4976689976689977 0.0053586150041220115 0.009324009324009324
14 0.1133553173948887 0.4976689976689977 0.00494641384995878 0.008158508158508158
14 0.6910552349546579 0.506993006993007 0.0053586150041220115 0.008158508158508158
12 0.6640560593569662 0.597027972027972 0.008244023083264633 0.04020979020979021
12 0.37695795548227534 0.5973193473193473 0.007831821929101401 0.039627039627039624
12 0.048845836768342955 0.5976107226107226 0.006183017312448475 0.03904428904428905
12 0.951154163231657 0.5976107226107226 0.007831821929101401 0.03904428904428905
12 0.9515663643858203 0.8199300699300699 0.007831821929101401 0.039627039627039624
12 0.048433635614179724 0.8202214452214452 0.006183017312448475 0.03904428904428905
12 0.3810799670239077 0.8199300699300699 0.008656224237427864 0.038461538461538464
12 0.6681780708985985 0.8202214452214452 0.00741962077493817 0.03904428904428905
14 0.6084089035449299 0.8149766899766899 0.00494641384995878 0.007575757575757576
14 0.1133553173948887 0.8243006993006993 0.00494641384995878 0.007575757575757576
14 0.40849134377576257 0.8248834498834499 0.00494641384995878 0.007575757575757576
14 0.6990931574608409 0.8248834498834499 0.00494641384995878 0.007575757575757576
12 0.048845836768342955 0.9155011655011654 0.006183017312448475 0.039627039627039624
12 0.38128606760098926 0.9152097902097902 0.008244023083264633 0.03904428904428905
12 0.6683841714756802 0.9152097902097902 0.007831821929101401 0.03904428904428905
12 0.9509480626545754 0.9152097902097902 0.00741962077493817 0.03904428904428905
26 0.13314097279472384 0.1853146853146853 0.018961253091508656 0.06876456876456877
19 0.19208573784006597 0.18210955710955712 0.013190436933223413 0.011072261072261072
127 0.2953421269579555 0.19318181818181818 0.014427040395713108 0.060023310023310024
164 0.3462489694971146 0.1786130536130536 0.010717230008244023 0.05303030303030303
75 0.3843775762572135 0.19055944055944055 0.011129431162407255 0.054778554778554776
104 0.5923330585325639 0.1888111888111888 0.010717230008244023 0.05244755244755245
75 0.6758037922506183 0.19055944055944055 0.011129431162407255 0.054778554778554776
104 0.887881286067601 0.1891025641025641 0.011541632316570486 0.051864801864801864
16 0.8081203627370157 0.23543123543123542 0.008656224237427864 0.027972027972027972
27 0.1339653751030503 0.2765151515151515 0.021434460016488046 0.033216783216783216
18 0.2691673536685903 0.2727272727272727 0.014014839241549877 0.01282051282051282
26 0.06224237427864798 0.5026223776223776 0.01978565539983512 0.06818181818181818
75 0.10531739488870569 0.5078671328671329 0.011129431162407255 0.05536130536130536
104 0.3134789777411377 0.5067016317016317 0.011129431162407255 0.051864801864801864
75 0.4006595218466612 0.5081585081585082 0.010717230008244023 0.054778554778554776
16 0.5939818631492169 0.4962121212121212 0.00741962077493817 0.027389277389277388
103 0.6042868920032977 0.5081585081585082 0.010717230008244023 0.054778554778554776
74 0.6830173124484749 0.4976689976689977 0.010717230008244023 0.05128205128205128
103 0.8884995877988459 0.5075757575757576 0.011129431162407255 0.054778554778554776
16 0.09521846661170652 0.5527389277389277 0.00741962077493817 0.027389277389277388
27 0.06203627370156636 0.5979020979020979 0.021022258862324814 0.04195804195804196
17 0.09604286892003298 0.5882867132867133 0.006595218466611707 0.028554778554778556
17 0.5249381698268756 0.5833333333333334 0.007007419620774938 0.027972027972027972
26 0.06265457543281121 0.8213869463869464 0.020610057708161583 0.06934731934731934
74 0.1055234954657873 0.8152680652680653 0.010717230008244023 0.05128205128205128
103 0.31966199505358617 0.8263403263403264 0.011129431162407255 0.054778554778554776
74 0.40024732069249797 0.8152680652680653 0.010717230008244023 0.05128205128205128
134 0.6018136850783182 0.8129370629370629 0.014014839241549877 0.055944055944055944
163 0.6498351195383347 0.8149766899766899 0.011129431162407255 0.051864801864801864
74 0.6908491343775762 0.8155594405594405 0.010717230008244023 0.050699300699300696
101 0.8911788953009069 0.8173076923076923 0.010717230008244023 0.0472027972027972
27 0.06306677658697445 0.916083916083916 0.02225886232481451 0.04312354312354312
17 0.6813685078318219 0.9058857808857809 0.00741962077493817 0.028554778554778556
