12 0.047959183673469394 0.18073593073593072 0.00816326530612245 0.049783549783549784
12 0.9512755102040817 0.18037518037518038 0.008673469387755102 0.049062049062049064
12 0.21607142857142858 0.18037518037518038 0.008673469387755102 0.047619047619047616
12 0.33979591836734696 0.18037518037518038 0.009183673469387756 0.047619047619047616
12 0.46760204081632656 0.18037518037518038 0.008673469387755102 0.047619047619047616
12 0.5836734693877551 0.18037518037518038 0.009183673469387756 0.047619047619047616
12 0.7089285714285715 0.18037518037518038 0.008673469387755102 0.047619047619047616
12 0.8357142857142857 0.18398268398268397 0.00816326530612245 0.0404040404040404
12 0.048469387755102046 0.3344155844155844 0.00816326530612245 0.049783549783549784
12 0.21607142857142858 0.33405483405483405 0.008673469387755102 0.047619047619047616
12 0.3400510204081633 0.33405483405483405 0.008673469387755102 0.047619047619047616
12 0.46760204081632656 0.33405483405483405 0.008673469387755102 0.047619047619047616
12 0.5834183673469389 0.33405483405483405 0.00969387755102041 0.047619047619047616
12 0.7084183673469389 0.3333333333333333 0.008673469387755102 0.046176046176046176
12 0.8354591836734695 0.33405483405483405 0.008673469387755102 0.047619047619047616
12 0.9512755102040817 0.3344155844155844 0.008673469387755102 0.048340548340548344
12 0.9517857142857143 0.4880952380952381 0.007653061224489797 0.049783549783549784
12 0.048469387755102046 0.4880952380952381 0.00816326530612245 0.048340548340548344
12 0.33979591836734696 0.4884559884559885 0.009183673469387756 0.049062049062049064
12 0.5836734693877551 0.4884559884559885 0.009183673469387756 0.049062049062049064
12 0.7094387755102042 0.4884559884559885 0.00969387755102041 0.049062049062049064
12 0.8359693877551021 0.4880952380952381 0.008673469387755102 0.048340548340548344
12 0.21581632653061225 0.4884559884559885 0.009183673469387756 0.047619047619047616
12 0.46734693877551026 0.4884559884559885 0.009183673469387756 0.047619047619047616
12 0.21607142857142858 0.6212121212121212 0.008673469387755102 0.049062049062049064
12 0.4678571428571429 0.6204906204906205 0.009183673469387756 0.047619047619047616
12 0.7089285714285715 0.6208513708513709 0.008673469387755102 0.048340548340548344
12 0.8354591836734695 0.6208513708513709 0.007653061224489797 0.048340548340548344
12 0.048469387755102046 0.6212121212121212 0.0071428571428571435 0.047619047619047616
12 0.33979591836734696 0.6212121212121212 0.00816326530612245 0.047619047619047616
12 0.5836734693877551 0.6212121212121212 0.00816326530612245 0.047619047619047616
12 0.9512755102040817 0.6215728715728716 0.008673469387755102 0.048340548340548344
12 0.047959183673469394 0.7929292929292929 0.00816326530612245 0.049062049062049064
12 0.8354591836734695 0.7925685425685426 0.008673469387755102 0.048340548340548344
12 0.9512755102040817 0.7925685425685426 0.008673469387755102 0.048340548340548344
12 0.21581632653061225 0.7929292929292929 0.009183673469387756 0.047619047619047616
12 0.3400510204081633 0.7929292929292929 0.008673469387755102 0.047619047619047616
12 0.46760204081632656 0.7925685425685426 0.008673469387755102 0.046897546897546896
12 0.5834183673469389 0.7929292929292929 0.008673469387755102 0.047619047619047616
12 0.7089285714285715 0.7929292929292929 0.008673469387755102 0.047619047619047616
26 0.0653061224489796 0.18145743145743146 0.023469387755102045 0.07431457431457432
50 0.10433673469387757 0.17965367965367965 0.01785714285714286 0.050505050505050504
49 0.23239795918367348 0.18001443001443002 0.01785714285714286 0.051226551226551224
48 0.3561224489795919 0.17965367965367965 0.018367346938775512 0.05194805194805195
47 0.4854591836734694 0.18001443001443002 0.019897959183673472 0.05266955266955267
49 0.6005102040816327 0.18037518037518038 0.01938775510204082 0.05194805194805195
50 0.7267857142857144 0.18073593073593072 0.01785714285714286 0.051226551226551224
50 0.853061224489796 0.18073593073593072 0.018367346938775512 0.051226551226551224
26 0.06479591836734694 0.3347763347763348 0.023469387755102045 0.07503607503607504
48 0.10459183673469388 0.3336940836940837 0.017346938775510204 0.051226551226551224
47 0.23239795918367348 0.33405483405483405 0.019897959183673472 0.05339105339105339
45 0.3563775510204082 0.3362193362193362 0.018877551020408164 0.06060606060606061
45 0.4854591836734694 0.3362193362193362 0.018877551020408164 0.05916305916305916
47 0.600765306122449 0.33405483405483405 0.019897959183673472 0.05339105339105339
47 0.7267857142857144 0.33405483405483405 0.018877551020408164 0.05339105339105339
48 0.8528061224489797 0.33405483405483405 0.01785714285714286 0.05194805194805195
26 0.06505102040816327 0.48917748917748916 0.023979591836734697 0.07503607503607504
130 0.3806122448979592 0.4917027417027417 0.014285714285714287 0.056998556998557
133 0.39948979591836736 0.48665223665223667 0.011224489795918368 0.05411255411255411
134 0.5966836734693878 0.494949494949495 0.00969387755102041 0.06493506493506493
135 0.6125 0.4945887445887446 0.013775510204081635 0.06421356421356421
135 0.7507653061224491 0.48088023088023085 0.013775510204081635 0.06565656565656566
132 0.7650510204081633 0.48448773448773447 0.010714285714285714 0.05844155844155844
133 0.9181122448979593 0.49422799422799424 0.010714285714285714 0.06349206349206349
135 0.9372448979591838 0.4906204906204906 0.01326530612244898 0.05627705627705628
27 0.06556122448979593 0.6215728715728716 0.023979591836734697 0.051226551226551224
132 0.22831632653061226 0.6338383838383839 0.010714285714285714 0.07575757575757576
135 0.24795918367346942 0.6309523809523809 0.010204081632653062 0.06998556998556998
137 0.2681122448979592 0.6284271284271284 0.010714285714285714 0.06637806637806638
135 0.28290816326530616 0.6266233766233766 0.013775510204081635 0.06421356421356421
73 0.3035714285714286 0.6179653679653679 0.014285714285714287 0.056998556998557
106 0.48163265306122455 0.6212121212121212 0.011224489795918368 0.050505050505050504
104 0.5066326530612245 0.6273448773448773 0.011224489795918368 0.06421356421356421
101 0.5326530612244899 0.6183261183261183 0.012244897959183675 0.05772005772005772
99 0.5579081632653061 0.6237373737373737 0.011734693877551022 0.056998556998557
27 0.0653061224489796 0.7925685425685426 0.023469387755102045 0.051226551226551224
48 0.10484693877551021 0.7929292929292929 0.01683673469387755 0.05194805194805195
50 0.2326530612244898 0.7932900432900433 0.018367346938775512 0.051226551226551224
48 0.3561224489795919 0.7925685425685426 0.017346938775510204 0.051226551226551224
47 0.4854591836734694 0.7922077922077922 0.019897959183673472 0.05339105339105339
49 0.600765306122449 0.7925685425685426 0.018877551020408164 0.05266955266955267
48 0.7267857142857144 0.7925685425685426 0.01785714285714286 0.051226551226551224
46 0.8533163265306123 0.7932900432900433 0.01785714285714286 0.05411255411255411
