12 0.38112244897959185 0.18145743145743146 0.009183673469387756 0.056998556998557
12 0.11964285714285715 0.1782106782106782 0.00663265306122449 0.049062049062049064
12 0.2594387755102041 0.17784992784992784 0.008673469387755102 0.048340548340548344
12 0.46658163265306124 0.1782106782106782 0.007653061224489797 0.049062049062049064
12 0.675765306122449 0.1782106782106782 0.008673469387755102 0.049062049062049064
12 0.9520408163265307 0.17857142857142858 0.0071428571428571435 0.049783549783549784
12 0.5997448979591837 0.17857142857142858 0.008673469387755102 0.048340548340548344
14 0.8446428571428573 0.17207792207792208 0.00663265306122449 0.00937950937950938
14 0.4073979591836735 0.1958874458874459 0.00663265306122449 0.00937950937950938
14 0.4073979591836735 0.24458874458874458 0.007653061224489797 0.0101010101010101
12 0.4668367346938776 0.284992784992785 0.00816326530612245 0.049062049062049064
12 0.11989795918367348 0.28535353535353536 0.006122448979591837 0.048340548340548344
12 0.25918367346938775 0.284992784992785 0.00816326530612245 0.047619047619047616
12 0.5997448979591837 0.284992784992785 0.008673469387755102 0.047619047619047616
12 0.675765306122449 0.28535353535353536 0.008673469387755102 0.048340548340548344
12 0.8206632653061225 0.28535353535353536 0.007653061224489797 0.048340548340548344
14 0.6336734693877552 0.26731601731601734 0.0071428571428571435 0.010822510822510822
12 0.9512755102040817 0.2857142857142857 0.007653061224489797 0.047619047619047616
14 0.40790816326530616 0.2676767676767677 0.007653061224489797 0.0101010101010101
14 0.6334183673469388 0.27994227994227994 0.00663265306122449 0.008658008658008658
14 0.40765306122448985 0.2911255411255411 0.0071428571428571435 0.00937950937950938
14 0.6334183673469388 0.29148629148629146 0.00663265306122449 0.008658008658008658
14 0.4142857142857143 0.398989898989899 0.0071428571428571435 0.0101010101010101
12 0.048214285714285716 0.42857142857142855 0.00663265306122449 0.049062049062049064
12 0.9515306122448981 0.42857142857142855 0.00816326530612245 0.049062049062049064
12 0.22448979591836737 0.42857142857142855 0.00816326530612245 0.047619047619047616
12 0.314795918367347 0.42857142857142855 0.009183673469387756 0.047619047619047616
12 0.38928571428571435 0.42857142857142855 0.009183673469387756 0.047619047619047616
12 0.48469387755102045 0.42893217893217894 0.009183673469387756 0.048340548340548344
12 0.6668367346938776 0.42893217893217894 0.009183673469387756 0.048340548340548344
12 0.604591836734694 0.42893217893217894 0.009183673469387756 0.046897546897546896
12 0.8566326530612246 0.43217893217893216 0.00816326530612245 0.046176046176046176
14 0.3420918367346939 0.4227994227994228 0.007653061224489797 0.0101010101010101
14 0.3408163265306123 0.494949494949495 0.0071428571428571435 0.0101010101010101
12 0.048214285714285716 0.5353535353535354 0.00663265306122449 0.047619047619047616
12 0.3887755102040817 0.5353535353535354 0.009183673469387756 0.047619047619047616
12 0.6668367346938776 0.5357142857142857 0.009183673469387756 0.048340548340548344
12 0.22448979591836737 0.536075036075036 0.009183673469387756 0.047619047619047616
12 0.950765306122449 0.5364357864357865 0.008673469387755102 0.048340548340548344
12 0.31454081632653064 0.5364357864357865 0.008673469387755102 0.046897546897546896
14 0.34132653061224494 0.5180375180375181 0.0071428571428571435 0.0101010101010101
12 0.4849489795918368 0.5367965367965368 0.008673469387755102 0.044733044733044736
14 0.34132653061224494 0.5418470418470418 0.006122448979591837 0.0101010101010101
12 0.048214285714285716 0.6789321789321789 0.00663265306122449 0.049062049062049064
12 0.4295918367346939 0.6792929292929293 0.00816326530612245 0.049783549783549784
13 0.9494897959183675 0.6789321789321789 0.012244897959183675 0.049062049062049064
12 0.1709183673469388 0.6792929292929293 0.00816326530612245 0.048340548340548344
12 0.3380102040816327 0.6792929292929293 0.00969387755102041 0.048340548340548344
12 0.6380102040816327 0.6792929292929293 0.00969387755102041 0.048340548340548344
12 0.5836734693877551 0.6796536796536796 0.009183673469387756 0.047619047619047616
12 0.8321428571428572 0.6796536796536796 0.009183673469387756 0.047619047619047616
14 0.30153061224489797 0.7546897546897547 0.0071428571428571435 0.0101010101010101
12 0.04872448979591837 0.7950937950937951 0.00663265306122449 0.047619047619047616
12 0.3377551020408164 0.7954545454545454 0.009183673469387756 0.048340548340548344
12 0.638265306122449 0.7954545454545454 0.010204081632653062 0.048340548340548344
12 0.8323979591836735 0.7954545454545454 0.00969387755102041 0.048340548340548344
13 0.9489795918367347 0.7958152958152959 0.012244897959183675 0.049062049062049064
14 0.3017857142857143 0.7774170274170275 0.00663265306122449 0.00937950937950938
12 0.5836734693877551 0.7954545454545454 0.009183673469387756 0.045454545454545456
12 0.17117346938775513 0.7954545454545454 0.007653061224489797 0.04401154401154401
14 0.30127551020408166 0.7893217893217893 0.00663265306122449 0.008658008658008658
12 0.048214285714285716 0.939033189033189 0.00663265306122449 0.049783549783549784
11 0.9477040816326532 0.9383116883116883 0.013775510204081635 0.048340548340548344
12 0.24030612244897961 0.939033189033189 0.010204081632653062 0.048340548340548344
12 0.45586734693877556 0.939033189033189 0.008673469387755102 0.048340548340548344
12 0.5750000000000001 0.939033189033189 0.009183673469387756 0.048340548340548344
12 0.6933673469387756 0.939033189033189 0.010204081632653062 0.048340548340548344
12 0.811734693877551 0.939033189033189 0.012244897959183675 0.048340548340548344
26 0.1364795918367347 0.1764069264069264 0.023979591836734697 0.09018759018759019
73 0.19770408163265307 0.1746031746031746 0.013775510204081635 0.05627705627705628
73 0.23010204081632654 0.1746031746031746 0.014285714285714287 0.05627705627705628
73 0.2727040816326531 0.17496392496392496 0.01479591836734694 0.056998556998557
133 0.3278061224489796 0.17279942279942279 0.018877551020408164 0.06277056277056277
21 0.3446428571428572 0.17965367965367965 0.010714285714285714 0.025974025974025976
99 0.36173469387755103 0.18181818181818182 0.01326530612244898 0.05916305916305916
71 0.39642857142857146 0.1810966810966811 0.015306122448979593 0.05772005772005772
132 0.43494897959183676 0.1764069264069264 0.015816326530612247 0.05411255411255411
133 0.45178571428571435 0.17604617604617603 0.012755102040816327 0.05627705627705628
134 0.47984693877551027 0.18434343434343434 0.012755102040816327 0.06277056277056277
135 0.4977040816326531 0.18253968253968253 0.012755102040816327 0.06060606060606061
136 0.5158163265306123 0.18073593073593072 0.012244897959183675 0.056998556998557
137 0.5318877551020409 0.17965367965367965 0.015816326530612247 0.05339105339105339
16 0.5464285714285715 0.14105339105339104 0.00816326530612245 0.03391053391053391
80 0.5591836734693878 0.17243867243867245 0.01326530612244898 0.06349206349206349
16 0.6089285714285715 0.14754689754689754 0.008673469387755102 0.03391053391053391
53 0.6247448979591838 0.1756854256854257 0.01785714285714286 0.05844155844155844
141 0.689795918367347 0.16558441558441558 0.014285714285714287 0.07575757575757576
142 0.7079081632653061 0.16305916305916307 0.013775510204081635 0.0808080808080808
140 0.7221938775510205 0.1691919191919192 0.015816326530612247 0.06998556998556998
21 0.7410714285714286 0.17929292929292928 0.010714285714285714 0.025252525252525252
106 0.7742346938775511 0.1782106782106782 0.012755102040816327 0.050505050505050504
134 0.8066326530612246 0.18578643578643578 0.01326530612244898 0.0670995670995671
103 0.8336734693877552 0.18542568542568544 0.01326530612244898 0.06637806637806638
133 0.8706632653061225 0.17207792207792208 0.018877551020408164 0.06277056277056277
21 0.8877551020408164 0.17893217893217894 0.010204081632653062 0.024531024531024532
134 0.9035714285714287 0.1847041847041847 0.01326530612244898 0.06349206349206349
135 0.9214285714285715 0.18181818181818182 0.01326530612244898 0.05916305916305916
136 0.9387755102040817 0.18037518037518038 0.015306122448979593 0.05627705627705628
27 0.1362244897959184 0.284992784992785 0.025510204081632654 0.050505050505050504
18 0.21607142857142858 0.2763347763347763 0.01785714285714286 0.01443001443001443
21 0.27066326530612245 0.28643578643578643 0.010714285714285714 0.024531024531024532
21 0.28596938775510206 0.28643578643578643 0.010714285714285714 0.024531024531024532
20 0.3010204081632653 0.2842712842712843 0.011224489795918368 0.03751803751803752
21 0.3237244897959184 0.28643578643578643 0.010714285714285714 0.024531024531024532
21 0.34438775510204084 0.28679653679653677 0.011224489795918368 0.025252525252525252
20 0.43188775510204086 0.2846320346320346 0.011734693877551022 0.03823953823953824
20 0.4783163265306123 0.2842712842712843 0.011734693877551022 0.03751803751803752
20 0.5142857142857143 0.2846320346320346 0.011224489795918368 0.03823953823953824
20 0.5571428571428572 0.2846320346320346 0.012244897959183675 0.03823953823953824
20 0.6566326530612245 0.2846320346320346 0.012244897959183675 0.03823953823953824
20 0.6880102040816327 0.2846320346320346 0.012755102040816327 0.03823953823953824
20 0.7221938775510205 0.2842712842712843 0.011734693877551022 0.03751803751803752
21 0.7566326530612245 0.28715728715728717 0.011224489795918368 0.025974025974025976
20 0.8321428571428572 0.2846320346320346 0.012244897959183675 0.03823953823953824
20 0.8540816326530613 0.2842712842712843 0.011224489795918368 0.03751803751803752
26 0.06556122448979593 0.42676767676767674 0.023979591836734697 0.09018759018759019
141 0.1017857142857143 0.4166666666666667 0.013775510204081635 0.07575757575757576
142 0.1191326530612245 0.41414141414141414 0.01683673469387755 0.0808080808080808
109 0.13698979591836735 0.4199134199134199 0.013775510204081635 0.0707070707070707
106 0.17908163265306123 0.42893217893217894 0.01326530612244898 0.051226551226551224
21 0.2114795918367347 0.4296536796536797 0.010714285714285714 0.025252525252525252
83 0.23877551020408166 0.4137806637806638 0.015306122448979593 0.08152958152958154
19 0.2862244897959184 0.42604617604617606 0.018367346938775512 0.015151515151515152
19 0.3295918367346939 0.4264069264069264 0.018367346938775512 0.015873015873015872
103 0.3688775510204082 0.43686868686868685 0.01326530612244898 0.06565656565656566
107 0.4028061224489796 0.4264069264069264 0.013775510204081635 0.05772005772005772
16 0.4242346938775511 0.39790764790764793 0.008673469387755102 0.03391053391053391
138 0.43647959183673474 0.4264069264069264 0.012755102040816327 0.05772005772005772
170 0.5326530612244899 0.41955266955266957 0.01326530612244898 0.06998556998556998
171 0.5477040816326532 0.4166666666666667 0.015816326530612247 0.07575757575757576
21 0.5635204081632653 0.4296536796536797 0.010714285714285714 0.025252525252525252
163 0.6801020408163266 0.44083694083694086 0.012244897959183675 0.0735930735930736
164 0.6951530612244898 0.43903318903318905 0.012755102040816327 0.07142857142857142
165 0.7096938775510204 0.43686868686868685 0.012244897959183675 0.06854256854256854
166 0.7232142857142858 0.43542568542568544 0.015816326530612247 0.06565656565656566
106 0.7395408163265307 0.42857142857142855 0.012755102040816327 0.050505050505050504
168 0.765561224489796 0.42604617604617606 0.012755102040816327 0.056998556998557
169 0.7806122448979592 0.4231601731601732 0.012244897959183675 0.06277056277056277
170 0.7956632653061225 0.4199134199134199 0.012755102040816327 0.06926406926406926
15 0.8096938775510205 0.3870851370851371 0.011224489795918368 0.03823953823953824
171 0.8204081632653062 0.417027417027417 0.017346938775510204 0.07792207792207792
105 0.8354591836734695 0.4318181818181818 0.012755102040816327 0.056998556998557
77 0.8704081632653062 0.43073593073593075 0.012244897959183675 0.05483405483405483
102 0.904591836734694 0.4231601731601732 0.01326530612244898 0.06132756132756133
103 0.9308673469387756 0.43614718614718617 0.012755102040816327 0.06565656565656566
27 0.06505102040816327 0.536075036075036 0.025 0.05194805194805195
20 0.10025510204081634 0.5346320346320347 0.011734693877551022 0.03751803751803752
20 0.13520408163265307 0.534992784992785 0.011224489795918368 0.03823953823953824
21 0.16096938775510206 0.5371572871572872 0.010714285714285714 0.025252525252525252
20 0.23647959183673473 0.534992784992785 0.011734693877551022 0.03823953823953824
20 0.25918367346938775 0.534992784992785 0.011224489795918368 0.03823953823953824
20 0.3673469387755102 0.534992784992785 0.012244897959183675 0.03823953823953824
19 0.40408163265306124 0.5324675324675324 0.018367346938775512 0.01443001443001443
21 0.5321428571428571 0.5367965367965368 0.011224489795918368 0.024531024531024532
20 0.6785714285714286 0.534992784992785 0.011224489795918368 0.03823953823953824
19 0.9056122448979592 0.5328282828282829 0.017346938775510204 0.013708513708513708
26 0.0653061224489796 0.6774891774891775 0.02448979591836735 0.09090909090909091
104 0.10153061224489797 0.685064935064935 0.014285714285714287 0.06277056277056277
70 0.12270408163265308 0.6854256854256854 0.01479591836734694 0.06493506493506493
97 0.1525510204081633 0.687950937950938 0.015306122448979593 0.06998556998556998
43 0.19081632653061226 0.6886724386724387 0.020408163265306124 0.06998556998556998
141 0.2525510204081633 0.6666666666666666 0.01326530612244898 0.07647907647907648
142 0.2678571428571429 0.6641414141414141 0.0163265306122449 0.08152958152958154
80 0.28979591836734697 0.6738816738816739 0.014285714285714287 0.06349206349206349
109 0.3198979591836735 0.6706349206349206 0.014285714285714287 0.06998556998556998
138 0.35102040816326535 0.6767676767676768 0.012244897959183675 0.05772005772005772
139 0.3660714285714286 0.6735209235209235 0.015816326530612247 0.06277056277056277
20 0.38367346938775515 0.6785714285714286 0.011224489795918368 0.03823953823953824
134 0.4459183673469388 0.670995670995671 0.0163265306122449 0.06782106782106782
135 0.46147959183673476 0.672077922077922 0.012755102040816327 0.06421356421356421
132 0.476530612244898 0.6753246753246753 0.01326530612244898 0.06204906204906205
130 0.4918367346938776 0.6792929292929293 0.01326530612244898 0.06421356421356421
163 0.5096938775510205 0.6915584415584416 0.012244897959183675 0.07575757575757576
164 0.5239795918367347 0.6897546897546898 0.012244897959183675 0.0707070707070707
165 0.5377551020408163 0.6875901875901876 0.012244897959183675 0.06782106782106782
166 0.550765306122449 0.6865079365079365 0.015816326530612247 0.06565656565656566
106 0.5663265306122449 0.6792929292929293 0.012244897959183675 0.049783549783549784
52 0.6040816326530613 0.6792929292929293 0.017346938775510204 0.051226551226551224
141 0.7188775510204082 0.6673881673881674 0.01326530612244898 0.07647907647907648
142 0.7346938775510204 0.6648629148629148 0.0163265306122449 0.08152958152958154
109 0.7525510204081634 0.6702741702741702 0.01326530612244898 0.06926406926406926
106 0.7900510204081633 0.6789321789321789 0.012755102040816327 0.050505050505050504
21 0.8211734693877552 0.6803751803751804 0.010714285714285714 0.025974025974025976
57 0.852295918367347 0.6652236652236653 0.020918367346938777 0.08225108225108226
27 0.06505102040816327 0.7958152958152959 0.025 0.05194805194805195
20 0.09974489795918368 0.7943722943722944 0.011734693877551022 0.03751803751803752
21 0.25178571428571433 0.7968975468975469 0.010714285714285714 0.025252525252525252
20 0.7170918367346939 0.7947330447330447 0.011734693877551022 0.03823953823953824
20 0.7505102040816327 0.7943722943722944 0.011224489795918368 0.03751803751803752
21 0.7732142857142857 0.7968975468975469 0.010714285714285714 0.025252525252525252
26 0.06479591836734694 0.9375901875901876 0.023469387755102045 0.09018759018759019
78 0.10153061224489797 0.9386724386724387 0.01326530612244898 0.050505050505050504
77 0.1737244897959184 0.9419191919191919 0.012755102040816327 0.056998556998557
108 0.25867346938775515 0.9329004329004329 0.012244897959183675 0.06349206349206349
106 0.3079081632653061 0.9386724386724387 0.013775510204081635 0.050505050505050504
104 0.35714285714285715 0.9448051948051948 0.01326530612244898 0.06277056277056277
102 0.40816326530612246 0.9332611832611832 0.01326530612244898 0.06277056277056277
