11 0.2649402390438247 0.1686619718309859 0.013944223107569721 0.04859154929577465
12 0.04830677290836653 0.16971830985915493 0.0069721115537848604 0.04647887323943662
11 0.26518924302788843 0.2841549295774648 0.01444223107569721 0.04859154929577465
12 0.7407868525896414 0.28380281690140846 0.00846613545816733 0.04788732394366198
13 0.9494521912350598 0.2841549295774648 0.011454183266932271 0.04859154929577465
12 0.04830677290836653 0.28380281690140846 0.0069721115537848604 0.04647887323943662
12 0.8411354581673307 0.2841549295774648 0.00896414342629482 0.047183098591549295
12 0.5470617529880478 0.28380281690140846 0.007470119521912351 0.04507042253521127
11 0.947211155378486 0.420774647887324 0.013944223107569721 0.04859154929577465
26 0.06449203187250996 0.17077464788732397 0.022410358565737053 0.07253521126760563
97 0.099601593625498 0.17816901408450705 0.01195219123505976 0.06760563380281691
20 0.22385458167330677 0.14084507042253522 0.011454183266932271 0.033802816901408454
27 0.06449203187250996 0.2841549295774648 0.023406374501992032 0.05
19 0.3468625498007968 0.28169014084507044 0.01643426294820717 0.014084507042253521
15 0.6040836653386454 0.31302816901408453 0.00597609561752988 0.020422535211267606
99 0.625996015936255 0.2869718309859155 0.010956175298804782 0.05563380281690141
95 0.6643426294820717 0.2971830985915493 0.013944223107569721 0.07887323943661972
20 0.7036852589641435 0.27887323943661974 0.01195219123505976 0.033802816901408454
41 0.7679282868525896 0.29788732394366196 0.022908366533864542 0.07887323943661972
27 0.06449203187250996 0.42147887323943667 0.02440239043824701 0.05
102 0.09985059760956175 0.4154929577464789 0.011454183266932271 0.06056338028169014
99 0.3112549800796813 0.42429577464788737 0.010956175298804782 0.05704225352112676
95 0.5221613545816733 0.4348591549295775 0.013446215139442231 0.07816901408450705
20 0.734312749003984 0.41619718309859155 0.01045816733067729 0.033802816901408454
