2 0.16785714285714287 0.14682539682539683 0.017346938775510204 0.06132756132756133
12 0.1191326530612245 0.16233766233766234 0.00663265306122449 0.049062049062049064
12 0.950765306122449 0.1626984126984127 0.00969387755102041 0.048340548340548344
12 0.3474489795918368 0.1634199134199134 0.00816326530612245 0.048340548340548344
12 0.46479591836734696 0.1626984126984127 0.009183673469387756 0.046897546897546896
12 0.6903061224489797 0.16305916305916307 0.0071428571428571435 0.046176046176046176
14 0.4938775510204082 0.15656565656565657 0.00816326530612245 0.0101010101010101
14 0.24362244897959187 0.15728715728715728 0.007653061224489797 0.0101010101010101
14 0.5454081632653062 0.15764790764790765 0.0071428571428571435 0.00937950937950938
2 0.16785714285714287 0.2398989898989899 0.017346938775510204 0.05988455988455989
12 0.11938775510204083 0.25577200577200576 0.0071428571428571435 0.048340548340548344
12 0.9512755102040817 0.25577200577200576 0.008673469387755102 0.048340548340548344
12 0.3474489795918368 0.25613275613275616 0.00816326530612245 0.047619047619047616
12 0.46454081632653066 0.25577200577200576 0.008673469387755102 0.046897546897546896
12 0.6903061224489797 0.25577200577200576 0.009183673469387756 0.046897546897546896
14 0.24362244897959187 0.24963924963924963 0.007653061224489797 0.0101010101010101
12 0.12091836734693878 0.3495670995670996 0.00816326530612245 0.049783549783549784
12 0.9515306122448981 0.34884559884559885 0.00816326530612245 0.048340548340548344
12 0.3477040816326531 0.34884559884559885 0.007653061224489797 0.046897546897546896
12 0.6900510204081634 0.3481240981240981 0.008673469387755102 0.045454545454545456
12 0.46454081632653066 0.3492063492063492 0.007653061224489797 0.046176046176046176
14 0.24362244897959187 0.3427128427128427 0.007653061224489797 0.0101010101010101
14 0.4964285714285715 0.386002886002886 0.00816326530612245 0.012987012987012988
14 0.7188775510204082 0.39646464646464646 0.00816326530612245 0.012265512265512266
2 0.1673469387755102 0.42388167388167386 0.017346938775510204 0.05988455988455989
12 0.9515306122448981 0.42676767676767674 0.009183673469387756 0.048340548340548344
12 0.11964285714285715 0.42676767676767674 0.007653061224489797 0.046897546897546896
12 0.3477040816326531 0.42712842712842713 0.007653061224489797 0.047619047619047616
12 0.4642857142857143 0.4264069264069264 0.00816326530612245 0.046176046176046176
12 0.690561224489796 0.42676767676767674 0.007653061224489797 0.046897546897546896
14 0.24387755102040817 0.42063492063492064 0.00816326530612245 0.0101010101010101
14 0.4964285714285715 0.4574314574314574 0.00816326530612245 0.011544011544011544
14 0.24362244897959187 0.49242424242424243 0.007653061224489797 0.010822510822510822
14 0.9262755102040817 0.49242424242424243 0.008673469387755102 0.010822510822510822
12 0.12066326530612247 0.5223665223665224 0.007653061224489797 0.049062049062049064
12 0.9517857142857143 0.522005772005772 0.008673469387755102 0.048340548340548344
12 0.3474489795918368 0.5223665223665224 0.00816326530612245 0.047619047619047616
12 0.46454081632653066 0.5223665223665224 0.007653061224489797 0.046176046176046176
12 0.6903061224489797 0.522005772005772 0.0071428571428571435 0.045454545454545456
14 0.8826530612244898 0.5043290043290043 0.00816326530612245 0.0101010101010101
14 0.7188775510204082 0.5162337662337663 0.00816326530612245 0.010822510822510822
14 0.9265306122448981 0.5162337662337663 0.00816326530612245 0.010822510822510822
14 0.4303571428571429 0.5162337662337663 0.007653061224489797 0.00937950937950938
14 0.8829081632653062 0.5162337662337663 0.007653061224489797 0.00937950937950938
14 0.4301020408163266 0.5281385281385281 0.0071428571428571435 0.008658008658008658
14 0.5089285714285715 0.5284992784992785 0.007653061224489797 0.00937950937950938
14 0.5089285714285715 0.5396825396825397 0.007653061224489797 0.008658008658008658
14 0.4303571428571429 0.5844155844155844 0.007653061224489797 0.011544011544011544
14 0.24362244897959187 0.5959595959595959 0.007653061224489797 0.011544011544011544
14 0.4956632653061225 0.5959595959595959 0.007653061224489797 0.0101010101010101
12 0.9515306122448981 0.6251803751803752 0.00816326530612245 0.048340548340548344
12 0.11989795918367348 0.6259018759018758 0.0071428571428571435 0.048340548340548344
12 0.6903061224489797 0.6248196248196248 0.0071428571428571435 0.046176046176046176
12 0.3479591836734694 0.6255411255411255 0.00816326530612245 0.046176046176046176
12 0.4642857142857143 0.6255411255411255 0.0071428571428571435 0.046176046176046176
14 0.375765306122449 0.6197691197691197 0.007653061224489797 0.0101010101010101
14 0.4303571428571429 0.6194083694083694 0.007653061224489797 0.00937950937950938
14 0.4954081632653062 0.6194083694083694 0.0071428571428571435 0.00937950937950938
14 0.9270408163265307 0.6197691197691197 0.0071428571428571435 0.0101010101010101
14 0.8936224489795919 0.6313131313131313 0.007653061224489797 0.0101010101010101
14 0.7188775510204082 0.6432178932178932 0.00816326530612245 0.00937950937950938
14 0.8936224489795919 0.6432178932178932 0.007653061224489797 0.00937950937950938
14 0.9265306122448981 0.6435786435786436 0.0071428571428571435 0.0101010101010101
14 0.3760204081632653 0.6915584415584416 0.00816326530612245 0.010822510822510822
14 0.43061224489795924 0.6919191919191919 0.00816326530612245 0.011544011544011544
14 0.49591836734693884 0.6919191919191919 0.0071428571428571435 0.011544011544011544
14 0.9267857142857143 0.6926406926406926 0.008673469387755102 0.012987012987012988
14 0.4303571428571429 0.7034632034632035 0.008673469387755102 0.011544011544011544
14 0.49591836734693884 0.7031024531024531 0.00816326530612245 0.010822510822510822
14 0.8826530612244898 0.7038239538239538 0.00816326530612245 0.010822510822510822
14 0.9262755102040817 0.7146464646464646 0.008673469387755102 0.010822510822510822
14 0.24362244897959187 0.7157287157287158 0.007653061224489797 0.011544011544011544
14 0.7186224489795919 0.7146464646464646 0.008673469387755102 0.00937950937950938
14 0.8826530612244898 0.7146464646464646 0.00816326530612245 0.00937950937950938
2 0.16785714285714287 0.7413419913419913 0.0163265306122449 0.05988455988455989
12 0.9515306122448981 0.7453102453102453 0.009183673469387756 0.049062049062049064
12 0.11964285714285715 0.7453102453102453 0.007653061224489797 0.047619047619047616
12 0.3479591836734694 0.7445887445887446 0.00816326530612245 0.046176046176046176
12 0.464030612244898 0.7445887445887446 0.007653061224489797 0.046176046176046176
12 0.690561224489796 0.7445887445887446 0.007653061224489797 0.046176046176046176
2 0.16760204081632654 0.8253968253968254 0.01683673469387755 0.06060606060606061
2 0.18979591836734697 0.8152958152958153 0.009183673469387756 0.031746031746031744
12 0.9512755102040817 0.8282828282828283 0.008673469387755102 0.049062049062049064
12 0.12015306122448981 0.8282828282828283 0.007653061224489797 0.047619047619047616
12 0.6900510204081634 0.827922077922078 0.007653061224489797 0.046897546897546896
12 0.3477040816326531 0.8286435786435786 0.008673469387755102 0.046897546897546896
12 0.4642857142857143 0.8286435786435786 0.00816326530612245 0.046897546897546896
14 0.24362244897959187 0.8225108225108225 0.007653061224489797 0.0101010101010101
14 0.4964285714285715 0.8585858585858586 0.0071428571428571435 0.011544011544011544
2 0.16760204081632654 0.9267676767676768 0.01683673469387755 0.05988455988455989
12 0.9512755102040817 0.9303751803751804 0.008673469387755102 0.048340548340548344
12 0.11989795918367348 0.93001443001443 0.0071428571428571435 0.046176046176046176
12 0.3477040816326531 0.9303751803751804 0.007653061224489797 0.046897546897546896
12 0.6903061224489797 0.9303751803751804 0.0071428571428571435 0.046897546897546896
12 0.46454081632653066 0.9307359307359307 0.007653061224489797 0.046176046176046176
14 0.24362244897959187 0.9242424242424242 0.007653061224489797 0.0101010101010101
14 0.7183673469387756 0.9361471861471862 0.00816326530612245 0.00937950937950938
26 0.138265306122449 0.16522366522366522 0.025510204081632654 0.10966810966810966
20 0.2298469387755102 0.1634199134199134 0.011734693877551022 0.04112554112554113
18 0.40382653061224494 0.15512265512265513 0.021938775510204084 0.01443001443001443
19 0.47908163265306125 0.1608946608946609 0.018367346938775512 0.01443001443001443
20 0.5316326530612245 0.16378066378066378 0.012244897959183675 0.0404040404040404
21 0.7336734693877551 0.1634199134199134 0.01326530612244898 0.025252525252525252
20 0.7612244897959184 0.1634199134199134 0.012244897959183675 0.04112554112554113
18 0.8109693877551021 0.15476190476190477 0.021938775510204084 0.015151515151515152
20 0.2295918367346939 0.2564935064935065 0.012244897959183675 0.04112554112554113
18 0.4035714285714286 0.2474747474747475 0.02142857142857143 0.015873015873015872
18 0.5750000000000001 0.24783549783549783 0.02142857142857143 0.013708513708513708
18 0.8186224489795919 0.24783549783549783 0.021938775510204084 0.016594516594516596
20 0.2298469387755102 0.3492063492063492 0.011734693877551022 0.0404040404040404
18 0.40382653061224494 0.34054834054834054 0.021938775510204084 0.015873015873015872
18 0.5747448979591837 0.3401875901875902 0.021938775510204084 0.015151515151515152
18 0.8186224489795919 0.34054834054834054 0.021938775510204084 0.017316017316017316
27 0.14183673469387756 0.4292929292929293 0.031632653061224494 0.05772005772005772
20 0.2298469387755102 0.42676767676767674 0.011734693877551022 0.04112554112554113
18 0.40382653061224494 0.4184704184704185 0.020918367346938777 0.015873015873015872
21 0.7808673469387756 0.4274891774891775 0.013775510204081635 0.025252525252525252
18 0.8112244897959184 0.41883116883116883 0.022448979591836737 0.015151515151515152
26 0.1392857142857143 0.523088023088023 0.02448979591836735 0.1038961038961039
20 0.2298469387755102 0.49927849927849927 0.011734693877551022 0.0404040404040404
19 0.36275510204081635 0.494949494949495 0.017346938775510204 0.01443001443001443
21 0.7808673469387756 0.4981962481962482 0.012755102040816327 0.025252525252525252
135 0.8102040816326531 0.5288600288600288 0.01326530612244898 0.06349206349206349
135 0.8377551020408164 0.5292207792207793 0.0163265306122449 0.06421356421356421
26 0.13877551020408163 0.6266233766233766 0.02448979591836735 0.10461760461760462
16 0.16377551020408165 0.6186868686868687 0.011224489795918368 0.04401154401154401
20 0.2295918367346939 0.6028138528138528 0.012244897959183675 0.04112554112554113
76 0.3619897959183674 0.6295093795093795 0.013775510204081635 0.05844155844155844
100 0.7056122448979593 0.6262626262626263 0.01326530612244898 0.050505050505050504
21 0.7808673469387756 0.6017316017316018 0.012755102040816327 0.024531024531024532
131 0.8119897959183674 0.6259018759018758 0.01683673469387755 0.05266955266955267
131 0.8395408163265307 0.6266233766233766 0.013775510204081635 0.05266955266955267
27 0.14183673469387756 0.7463924963924964 0.031632653061224494 0.05844155844155844
20 0.2295918367346939 0.7218614718614719 0.012244897959183675 0.04112554112554113
108 0.7051020408163265 0.7395382395382395 0.01326530612244898 0.06349206349206349
21 0.7808673469387756 0.7211399711399712 0.012755102040816327 0.025252525252525252
139 0.8099489795918368 0.73989898989899 0.012755102040816327 0.06277056277056277
139 0.8372448979591838 0.7402597402597403 0.0163265306122449 0.06204906204906205
27 0.14158163265306123 0.8300865800865801 0.03214285714285715 0.05844155844155844
20 0.2295918367346939 0.8286435786435786 0.012244897959183675 0.04112554112554113
18 0.40382653061224494 0.8203463203463204 0.021938775510204084 0.01443001443001443
101 0.7056122448979593 0.827922077922078 0.012244897959183675 0.05266955266955267
20 0.7612244897959184 0.829004329004329 0.012244897959183675 0.04184704184704185
18 0.8109693877551021 0.8203463203463204 0.021938775510204084 0.01443001443001443
27 0.14158163265306123 0.9314574314574314 0.03214285714285715 0.05772005772005772
20 0.2295918367346939 0.9314574314574314 0.012244897959183675 0.04184704184704185
18 0.4035714285714286 0.9224386724386724 0.02142857142857143 0.015151515151515152
18 0.5747448979591837 0.9227994227994228 0.021938775510204084 0.01443001443001443
101 0.7058673469387756 0.9303751803751804 0.012755102040816327 0.05266955266955267
21 0.7808673469387756 0.9310966810966811 0.013775510204081635 0.025252525252525252
18 0.8109693877551021 0.9224386724386724 0.021938775510204084 0.013708513708513708
44 0.48010204081632657 0.8344155844155844 0.018367346938775512 0.06277056277056277
84 0.36250000000000004 0.7294372294372294 0.01683673469387755 0.08513708513708514
