0 0.17551020408163268 0.2398989898989899 0.0336734693877551 0.0670995670995671
12 0.11989795918367348 0.25252525252525254 0.0071428571428571435 0.050505050505050504
12 0.46607142857142864 0.25252525252525254 0.007653061224489797 0.049062049062049064
12 0.7084183673469389 0.25252525252525254 0.007653061224489797 0.049062049062049064
12 0.9517857142857143 0.2528860028860029 0.007653061224489797 0.049783549783549784
0 0.17525510204081635 0.3676046176046176 0.03214285714285715 0.06565656565656566
12 0.46607142857142864 0.3686868686868687 0.008673469387755102 0.049062049062049064
12 0.7089285714285715 0.3686868686868687 0.008673469387755102 0.049062049062049064
12 0.9515306122448981 0.3694083694083694 0.0071428571428571435 0.049062049062049064
12 0.11964285714285715 0.3686868686868687 0.00663265306122449 0.046176046176046176
0 0.10357142857142858 0.6075036075036075 0.0326530612244898 0.06637806637806638
12 0.9517857142857143 0.6208513708513709 0.007653061224489797 0.051226551226551224
12 0.048469387755102046 0.6204906204906205 0.006122448979591837 0.049062049062049064
12 0.41224489795918373 0.6208513708513709 0.00816326530612245 0.049783549783549784
12 0.6823979591836735 0.6204906204906205 0.007653061224489797 0.049062049062049064
0 0.1028061224489796 0.7420634920634921 0.03316326530612245 0.0670995670995671
12 0.6826530612244899 0.7424242424242424 0.009183673469387756 0.047619047619047616
12 0.9515306122448981 0.7431457431457431 0.00816326530612245 0.049062049062049064
12 0.048214285714285716 0.7424242424242424 0.00663265306122449 0.046176046176046176
12 0.41250000000000003 0.7431457431457431 0.008673469387755102 0.047619047619047616
26 0.1375 0.2528860028860029 0.02602040816326531 0.10606060606060606
138 0.2392857142857143 0.237012987012987 0.017346938775510204 0.08441558441558442
135 0.2571428571428572 0.23773448773448774 0.01326530612244898 0.08297258297258298
133 0.2767857142857143 0.23881673881673882 0.013775510204081635 0.0808080808080808
131 0.2959183673469388 0.2398989898989899 0.014285714285714287 0.07864357864357864
133 0.31556122448979596 0.2417027417027417 0.013775510204081635 0.07647907647907648
135 0.3349489795918368 0.2417027417027417 0.012755102040816327 0.0735930735930736
138 0.3563775510204082 0.23737373737373738 0.01683673469387755 0.0836940836940837
135 0.37397959183673474 0.23773448773448774 0.01326530612244898 0.08297258297258298
133 0.39362244897959187 0.23917748917748918 0.013775510204081635 0.08152958152958154
131 0.4127551020408164 0.24025974025974026 0.01326530612244898 0.07936507936507936
133 0.4329081632653062 0.24134199134199133 0.013775510204081635 0.07575757575757576
135 0.45178571428571435 0.24242424242424243 0.012755102040816327 0.07215007215007214
137 0.4821428571428572 0.240981240981241 0.015306122448979593 0.07503607503607504
135 0.5 0.24206349206349206 0.01326530612244898 0.07575757575757576
133 0.5198979591836735 0.2427849927849928 0.014285714285714287 0.07287157287157287
130 0.539030612244898 0.24783549783549783 0.01479591836734694 0.0772005772005772
133 0.5584183673469388 0.24494949494949494 0.013775510204081635 0.06998556998556998
135 0.5778061224489797 0.24494949494949494 0.012755102040816327 0.0670995670995671
137 0.5987244897959184 0.240981240981241 0.015816326530612247 0.07503607503607504
135 0.6168367346938776 0.2417027417027417 0.01326530612244898 0.07503607503607504
133 0.6364795918367347 0.2427849927849928 0.013775510204081635 0.07287157287157287
130 0.6558673469387756 0.24783549783549783 0.013775510204081635 0.07864357864357864
133 0.6755102040816328 0.24458874458874458 0.014285714285714287 0.06782106782106782
135 0.6943877551020409 0.2453102453102453 0.012244897959183675 0.06637806637806638
136 0.7247448979591837 0.240981240981241 0.01683673469387755 0.07647907647907648
133 0.7428571428571429 0.24242424242424243 0.014285714285714287 0.07503607503607504
131 0.7619897959183675 0.24314574314574314 0.013775510204081635 0.0735930735930736
129 0.7813775510204082 0.25072150072150073 0.013775510204081635 0.08152958152958154
131 0.800765306122449 0.24567099567099568 0.013775510204081635 0.0670995670995671
133 0.8204081632653062 0.24675324675324675 0.01326530612244898 0.06493506493506493
136 0.8418367346938777 0.2417027417027417 0.017346938775510204 0.07647907647907648
133 0.8594387755102042 0.24242424242424243 0.013775510204081635 0.07503607503607504
131 0.8785714285714287 0.24386724386724387 0.01326530612244898 0.07215007215007214
129 0.8982142857142857 0.25036075036075034 0.013775510204081635 0.0808080808080808
131 0.9176020408163266 0.2453102453102453 0.013775510204081635 0.06637806637806638
133 0.9369897959183674 0.24639249639249639 0.012755102040816327 0.06421356421356421
27 0.14056122448979594 0.3708513708513709 0.03214285714285715 0.05916305916305916
136 0.2372448979591837 0.36976911976911975 0.01326530612244898 0.05266955266955267
138 0.2563775510204082 0.36688311688311687 0.012755102040816327 0.056998556998557
140 0.276530612244898 0.36038961038961037 0.014285714285714287 0.06854256854256854
143 0.29566326530612247 0.3513708513708514 0.01479591836734694 0.08658008658008658
140 0.3153061224489796 0.36075036075036077 0.01326530612244898 0.06926406926406926
138 0.33290816326530615 0.3661616161616162 0.015816326530612247 0.056998556998557
136 0.3543367346938776 0.36976911976911975 0.012755102040816327 0.051226551226551224
138 0.3737244897959184 0.3665223665223665 0.012755102040816327 0.05627705627705628
140 0.39336734693877556 0.36075036075036077 0.014285714285714287 0.06926406926406926
143 0.4130102040816327 0.35209235209235207 0.01479591836734694 0.08658008658008658
140 0.4323979591836735 0.36038961038961037 0.013775510204081635 0.06998556998556998
138 0.45025510204081637 0.3661616161616162 0.015816326530612247 0.056998556998557
135 0.47984693877551027 0.37012987012987014 0.013775510204081635 0.05194805194805195
138 0.4994897959183674 0.3661616161616162 0.01326530612244898 0.056998556998557
140 0.5193877551020408 0.36075036075036077 0.014285714285714287 0.06926406926406926
142 0.539030612244898 0.354978354978355 0.01479591836734694 0.08225108225108226
140 0.5581632653061225 0.36075036075036077 0.014285714285714287 0.06926406926406926
138 0.5760204081632654 0.3661616161616162 0.015306122448979593 0.056998556998557
135 0.5966836734693878 0.36976911976911975 0.012755102040816327 0.05266955266955267
138 0.6160714285714286 0.3665223665223665 0.012755102040816327 0.05772005772005772
140 0.6362244897959184 0.36038961038961037 0.014285714285714287 0.06854256854256854
142 0.6558673469387756 0.354978354978355 0.01479591836734694 0.0808080808080808
140 0.675 0.36075036075036077 0.014285714285714287 0.06782106782106782
138 0.6926020408163266 0.3665223665223665 0.015816326530612247 0.05627705627705628
134 0.7224489795918368 0.37554112554112556 0.01326530612244898 0.06421356421356421
136 0.7418367346938776 0.37445887445887444 0.01326530612244898 0.06204906204906205
138 0.7612244897959184 0.3704906204906205 0.01326530612244898 0.06565656565656566
141 0.7813775510204082 0.36002886002886003 0.01479591836734694 0.08225108225108226
138 0.8 0.3686868686868687 0.01326530612244898 0.06060606060606061
136 0.8181122448979593 0.3708513708513709 0.015816326530612247 0.05339105339105339
134 0.8395408163265307 0.37554112554112556 0.012755102040816327 0.06421356421356421
136 0.8586734693877551 0.37445887445887444 0.01326530612244898 0.06204906204906205
138 0.878061224489796 0.3704906204906205 0.01326530612244898 0.0670995670995671
141 0.8982142857142857 0.36038961038961037 0.01479591836734694 0.08152958152958154
138 0.9173469387755103 0.3686868686868687 0.01326530612244898 0.06204906204906205
136 0.9354591836734695 0.3708513708513709 0.015816326530612247 0.05339105339105339
26 0.06581632653061226 0.6208513708513709 0.025510204081632654 0.10606060606060606
135 0.14821428571428572 0.613997113997114 0.01683673469387755 0.06349206349206349
132 0.17244897959183675 0.6158008658008658 0.01326530612244898 0.06132756132756133
17 0.18698979591836737 0.6446608946608947 0.008673469387755102 0.05555555555555555
130 0.19974489795918368 0.6197691197691197 0.013775510204081635 0.06493506493506493
128 0.2209183673469388 0.626984126984127 0.0163265306122449 0.07503607503607504
130 0.24285714285714288 0.6222943722943723 0.014285714285714287 0.06132756132756133
132 0.2642857142857143 0.6201298701298701 0.01326530612244898 0.05266955266955267
135 0.2880102040816327 0.6147186147186147 0.01683673469387755 0.06349206349206349
132 0.3079081632653061 0.6165223665223665 0.013775510204081635 0.06132756132756133
130 0.33010204081632655 0.6204906204906205 0.014285714285714287 0.06637806637806638
128 0.35127551020408165 0.6277056277056277 0.015816326530612247 0.07503607503607504
130 0.3734693877551021 0.6222943722943723 0.01326530612244898 0.06132756132756133
132 0.39515306122448984 0.6201298701298701 0.012755102040816327 0.05266955266955267
138 0.4295918367346939 0.6053391053391053 0.017346938775510204 0.08513708513708514
135 0.45000000000000007 0.6056998556998557 0.01326530612244898 0.08297258297258298
133 0.4716836734693878 0.6071428571428571 0.013775510204081635 0.08008658008658008
131 0.49336734693877554 0.6082251082251082 0.014285714285714287 0.07792207792207792
133 0.5150510204081633 0.6093073593073594 0.013775510204081635 0.07431457431457432
135 0.5364795918367348 0.61002886002886 0.012755102040816327 0.07287157287157287
138 0.5576530612244899 0.6295093795093795 0.01326530612244898 0.08152958152958154
135 0.5790816326530612 0.6327561327561327 0.01326530612244898 0.07647907647907648
133 0.6012755102040817 0.6323953823953824 0.013775510204081635 0.07575757575757576
131 0.6229591836734695 0.6331168831168831 0.01326530612244898 0.07575757575757576
138 0.6443877551020408 0.6295093795093795 0.014285714285714287 0.08152958152958154
135 0.664795918367347 0.6320346320346321 0.0163265306122449 0.07503607503607504
137 0.6989795918367347 0.6082251082251082 0.015306122448979593 0.07503607503607504
135 0.7196428571428573 0.6093073593073594 0.013775510204081635 0.07431457431457432
133 0.741326530612245 0.6111111111111112 0.014285714285714287 0.0735930735930736
130 0.7627551020408164 0.6158008658008658 0.014285714285714287 0.07864357864357864
133 0.7849489795918368 0.6125541125541125 0.013775510204081635 0.06782106782106782
135 0.8063775510204082 0.612914862914863 0.012755102040816327 0.0670995670995671
137 0.8270408163265307 0.636002886002886 0.01326530612244898 0.08297258297258298
135 0.8484693877551022 0.636002886002886 0.01326530612244898 0.08441558441558442
133 0.8709183673469388 0.6363636363636364 0.01326530612244898 0.0836940836940837
130 0.8926020408163267 0.637085137085137 0.012755102040816327 0.0836940836940837
137 0.9142857142857144 0.636002886002886 0.014285714285714287 0.08441558441558442
135 0.9341836734693878 0.6363636363636364 0.0163265306122449 0.0836940836940837
27 0.0691326530612245 0.7453102453102453 0.03214285714285715 0.05916305916305916
133 0.14591836734693878 0.7496392496392497 0.01326530612244898 0.06349206349206349
17 0.1604591836734694 0.7377344877344877 0.008673469387755102 0.05555555555555555
135 0.17219387755102042 0.7489177489177489 0.012755102040816327 0.06204906204906205
137 0.1987244897959184 0.7474747474747475 0.012755102040816327 0.05916305916305916
140 0.22066326530612246 0.7377344877344877 0.01479591836734694 0.07431457431457432
137 0.2420918367346939 0.7453102453102453 0.012755102040816327 0.05483405483405483
135 0.26275510204081637 0.7449494949494949 0.0163265306122449 0.05411255411255411
133 0.28571428571428575 0.7496392496392497 0.01326530612244898 0.06349206349206349
135 0.3076530612244898 0.7485569985569985 0.01326530612244898 0.06132756132756133
137 0.32908163265306123 0.7474747474747475 0.01326530612244898 0.06060606060606061
140 0.351530612244898 0.7380952380952381 0.015306122448979593 0.07503607503607504
137 0.3727040816326531 0.7456709956709957 0.012755102040816327 0.05555555555555555
135 0.3931122448979592 0.7445887445887446 0.01683673469387755 0.05339105339105339
136 0.4275510204081633 0.7435064935064936 0.01326530612244898 0.051226551226551224
138 0.44923469387755105 0.7406204906204906 0.012755102040816327 0.056998556998557
140 0.4714285714285715 0.7352092352092352 0.014285714285714287 0.06926406926406926
143 0.49336734693877554 0.7261904761904762 0.015306122448979593 0.0873015873015873
140 0.514795918367347 0.7352092352092352 0.014285714285714287 0.06926406926406926
138 0.5344387755102041 0.7406204906204906 0.015816326530612247 0.056998556998557
136 0.5579081632653061 0.7442279942279942 0.012755102040816327 0.051226551226551224
138 0.5795918367346939 0.7406204906204906 0.01326530612244898 0.05844155844155844
140 0.6017857142857144 0.7348484848484849 0.013775510204081635 0.06854256854256854
143 0.6232142857142857 0.7258297258297258 0.015816326530612247 0.08658008658008658
136 0.6451530612244899 0.7435064935064936 0.012755102040816327 0.051226551226551224
138 0.6642857142857144 0.7406204906204906 0.017346938775510204 0.056998556998557
135 0.6971938775510205 0.7438672438672439 0.013775510204081635 0.05194805194805195
138 0.7188775510204082 0.7402597402597403 0.01326530612244898 0.05772005772005772
140 0.741326530612245 0.7344877344877345 0.014285714285714287 0.06926406926406926
142 0.7630102040816327 0.7287157287157288 0.015816326530612247 0.0808080808080808
140 0.7844387755102041 0.7352092352092352 0.01479591836734694 0.06926406926406926
138 0.8043367346938777 0.7406204906204906 0.015816326530612247 0.056998556998557
135 0.8272959183673471 0.7435064935064936 0.012755102040816327 0.051226551226551224
138 0.8484693877551022 0.7406204906204906 0.01326530612244898 0.056998556998557
140 0.8709183673469388 0.7348484848484849 0.014285714285714287 0.06998556998556998
142 0.8931122448979593 0.7290764790764791 0.015816326530612247 0.08152958152958154
135 0.9142857142857144 0.7435064935064936 0.01326530612244898 0.051226551226551224
138 0.9339285714285716 0.740981240981241 0.01683673469387755 0.05772005772005772
