12 0.048469387755102046 0.027417027417027416 0.00816326530612245 0.049062049062049064
12 0.9515306122448981 0.026695526695526696 0.00816326530612245 0.047619047619047616
12 0.3709183673469388 0.02813852813852814 0.00816326530612245 0.047619047619047616
12 0.6561224489795919 0.027777777777777776 0.00816326530612245 0.046897546897546896
12 0.048469387755102046 0.20454545454545456 0.0071428571428571435 0.048340548340548344
12 0.37117346938775514 0.2041847041847042 0.007653061224489797 0.047619047619047616
12 0.6561224489795919 0.20454545454545456 0.00816326530612245 0.048340548340548344
12 0.9510204081632654 0.2041847041847042 0.00816326530612245 0.047619047619047616
14 0.29744897959183675 0.33694083694083693 0.006122448979591837 0.0101010101010101
14 0.48367346938775513 0.34884559884559885 0.006122448979591837 0.010822510822510822
14 0.29744897959183675 0.37265512265512263 0.006122448979591837 0.00937950937950938
12 0.9515306122448981 0.4022366522366522 0.00816326530612245 0.048340548340548344
12 0.048469387755102046 0.4025974025974026 0.00816326530612245 0.047619047619047616
12 0.6625000000000001 0.4025974025974026 0.008673469387755102 0.047619047619047616
12 0.38086734693877555 0.40295815295815296 0.008673469387755102 0.046897546897546896
14 0.4839285714285715 0.38455988455988455 0.00663265306122449 0.0101010101010101
12 0.6622448979591837 0.5158730158730159 0.00816326530612245 0.047619047619047616
12 0.048469387755102046 0.5165945165945166 0.0071428571428571435 0.047619047619047616
12 0.38086734693877555 0.5162337662337663 0.008673469387755102 0.046897546897546896
12 0.9515306122448981 0.5162337662337663 0.00816326530612245 0.046897546897546896
12 0.048469387755102046 0.7045454545454546 0.00816326530612245 0.048340548340548344
12 0.38086734693877555 0.7045454545454546 0.007653061224489797 0.046897546897546896
12 0.9515306122448981 0.7041847041847041 0.00816326530612245 0.046176046176046176
12 0.6622448979591837 0.7045454545454546 0.00816326530612245 0.045454545454545456
12 0.6622448979591837 0.8935786435786436 0.00816326530612245 0.048340548340548344
12 0.048469387755102046 0.8939393939393939 0.0071428571428571435 0.047619047619047616
12 0.38086734693877555 0.8943001443001443 0.008673469387755102 0.048340548340548344
12 0.9515306122448981 0.8943001443001443 0.00816326530612245 0.046897546897546896
27 0.06454081632653062 0.027777777777777776 0.023979591836734697 0.051226551226551224
16 0.08750000000000001 0.03463203463203463 0.00969387755102041 0.02886002886002886
20 0.18086734693877551 0.022727272727272728 0.011734693877551022 0.03391053391053391
20 0.3109693877551021 0.022727272727272728 0.011734693877551022 0.03391053391053391
20 0.46147959183673476 0.023088023088023088 0.011734693877551022 0.03463203463203463
20 0.5910714285714286 0.022727272727272728 0.011734693877551022 0.03535353535353535
20 0.7533163265306123 0.022727272727272728 0.011734693877551022 0.03535353535353535
20 0.8910714285714286 0.022366522366522368 0.011734693877551022 0.03463203463203463
15 0.3859693877551021 0.15656565656565657 0.010714285714285714 0.03463203463203463
17 0.7109693877551021 0.16125541125541126 0.008673469387755102 0.03535353535353535
16 0.8477040816326531 0.15800865800865802 0.00969387755102041 0.030303030303030304
26 0.06479591836734694 0.20526695526695526 0.023469387755102045 0.07575757575757576
16 0.08724489795918368 0.19985569985569984 0.010204081632653062 0.030303030303030304
15 0.3859693877551021 0.19913419913419914 0.011734693877551022 0.03607503607503607
17 0.7112244897959185 0.20454545454545456 0.009183673469387756 0.0367965367965368
16 0.8477040816326531 0.20093795093795094 0.00969387755102041 0.031024531024531024
26 0.0653061224489796 0.40295815295815296 0.023469387755102045 0.07575757575757576
16 0.08750000000000001 0.39826839826839827 0.00969387755102041 0.031746031746031744
19 0.11862244897959184 0.3997113997113997 0.01785714285714286 0.01443001443001443
18 0.8068877551020409 0.3935786435786436 0.01683673469387755 0.013708513708513708
26 0.06505102040816327 0.5183982683982684 0.023979591836734697 0.07431457431457432
16 0.08724489795918368 0.5126262626262627 0.010204081632653062 0.031024531024531024
15 0.14438775510204083 0.5115440115440115 0.011224489795918368 0.03607503607503607
15 0.14464285714285716 0.46825396825396826 0.010714285714285714 0.03463203463203463
16 0.676530612244898 0.5007215007215007 0.009183673469387756 0.030303030303030304
16 0.6767857142857143 0.5425685425685426 0.008673469387755102 0.030303030303030304
17 0.913265306122449 0.5465367965367965 0.009183673469387756 0.0367965367965368
17 0.9135204081632654 0.5043290043290043 0.008673469387755102 0.03607503607503607
27 0.06479591836734694 0.7052669552669553 0.02448979591836735 0.051226551226551224
16 0.08750000000000001 0.7117604617604617 0.010714285714285714 0.031024531024531024
21 0.1892857142857143 0.7052669552669553 0.012244897959183675 0.025252525252525252
20 0.4688775510204082 0.6994949494949495 0.012244897959183675 0.03535353535353535
20 0.6012755102040817 0.6994949494949495 0.012755102040816327 0.03535353535353535
20 0.7538265306122449 0.6994949494949495 0.012755102040816327 0.03535353535353535
20 0.8857142857142858 0.6994949494949495 0.012244897959183675 0.03535353535353535
15 0.14438775510204083 0.8463203463203464 0.010204081632653062 0.03318903318903319
15 0.677295918367347 0.8466810966810967 0.00969387755102041 0.03391053391053391
26 0.06479591836734694 0.8957431457431457 0.023469387755102045 0.07575757575757576
16 0.08724489795918368 0.8903318903318903 0.010204081632653062 0.030303030303030304
15 0.1441326530612245 0.8888888888888888 0.011734693877551022 0.03607503607503607
15 0.677295918367347 0.8888888888888888 0.011734693877551022 0.03607503607503607
