6 0.09311224489795919 0.05447330447330447 0.019897959183673472 0.05411255411255411
14 0.8033163265306124 0.03354978354978355 0.00663265306122449 0.00937950937950938
12 0.23979591836734696 0.06277056277056277 0.00816326530612245 0.049062049062049064
12 0.43954081632653064 0.06240981240981241 0.008673469387755102 0.048340548340548344
12 0.6806122448979592 0.06277056277056277 0.009183673469387756 0.049062049062049064
12 0.33954081632653066 0.06313131313131314 0.008673469387755102 0.048340548340548344
12 0.8816326530612246 0.06313131313131314 0.009183673469387756 0.048340548340548344
12 0.9512755102040817 0.06313131313131314 0.008673469387755102 0.048340548340548344
12 0.567857142857143 0.06313131313131314 0.00816326530612245 0.046897546897546896
12 0.7770408163265307 0.06349206349206349 0.009183673469387756 0.047619047619047616
12 0.5084183673469388 0.06421356421356421 0.007653061224489797 0.04184704184704185
14 0.19948979591836735 0.056998556998557 0.006122448979591837 0.0101010101010101
14 0.48571428571428577 0.056998556998557 0.0071428571428571435 0.008658008658008658
14 0.48596938775510207 0.06926406926406926 0.00663265306122449 0.008658008658008658
14 0.48571428571428577 0.08116883116883117 0.006122448979591837 0.00937950937950938
6 0.09311224489795919 0.19083694083694083 0.020918367346938777 0.05555555555555555
12 0.6548469387755103 0.20562770562770563 0.00969387755102041 0.049062049062049064
11 0.9479591836734694 0.205988455988456 0.01326530612244898 0.049783549783549784
12 0.20969387755102042 0.205988455988456 0.009183673469387756 0.048340548340548344
12 0.3119897959183674 0.205988455988456 0.008673469387755102 0.048340548340548344
12 0.4091836734693878 0.205988455988456 0.009183673469387756 0.048340548340548344
12 0.5267857142857143 0.205988455988456 0.00969387755102041 0.048340548340548344
12 0.7834183673469388 0.20634920634920634 0.008673469387755102 0.047619047619047616
12 0.8637755102040817 0.205988455988456 0.00816326530612245 0.046897546897546896
28 0.06581632653061226 0.06277056277056277 0.02653061224489796 0.050505050505050504
137 0.12831632653061226 0.06421356421356421 0.012755102040816327 0.05339105339105339
167 0.14438775510204083 0.06385281385281386 0.012244897959183675 0.05266955266955267
168 0.1573979591836735 0.06060606060606061 0.01479591836734694 0.05772005772005772
167 0.17321428571428574 0.06637806637806638 0.012755102040816327 0.05772005772005772
135 0.18698979591836737 0.06926406926406926 0.01479591836734694 0.06349206349206349
98 0.25306122448979596 0.06854256854256854 0.01326530612244898 0.06493506493506493
102 0.2783163265306123 0.05627705627705628 0.012755102040816327 0.06204906204906205
104 0.3010204081632653 0.06854256854256854 0.01326530612244898 0.06349206349206349
97 0.32015306122448983 0.07178932178932179 0.015816326530612247 0.06998556998556998
102 0.35306122448979593 0.056998556998557 0.01326530612244898 0.06204906204906205
104 0.3762755102040817 0.0689033189033189 0.012755102040816327 0.06421356421356421
96 0.39617346938775516 0.07503607503607504 0.01479591836734694 0.07792207792207792
102 0.42040816326530617 0.056998556998557 0.012244897959183675 0.06204906204906205
104 0.4535714285714286 0.06854256854256854 0.012244897959183675 0.06349206349206349
26 0.6000000000000001 0.06457431457431458 0.017346938775510204 0.07287157287157287
110 0.6211734693877552 0.050865800865800864 0.013775510204081635 0.07431457431457432
106 0.6418367346938776 0.06313131313131314 0.01326530612244898 0.051226551226551224
107 0.6645408163265307 0.06060606060606061 0.012755102040816327 0.05772005772005772
109 0.6946428571428572 0.05447330447330447 0.01479591836734694 0.06854256854256854
110 0.7173469387755103 0.051226551226551224 0.014285714285714287 0.07503607503607504
105 0.7377551020408164 0.06601731601731602 0.01326530612244898 0.056998556998557
106 0.7604591836734694 0.06313131313131314 0.013775510204081635 0.051226551226551224
79 0.7915816326530613 0.05988455988455989 0.013775510204081635 0.05772005772005772
168 0.8275510204081633 0.06024531024531025 0.012244897959183675 0.056998556998557
169 0.8420918367346939 0.05735930735930736 0.012755102040816327 0.06277056277056277
168 0.8563775510204082 0.05988455988455989 0.011734693877551022 0.05627705627705628
167 0.8698979591836735 0.06277056277056277 0.014285714285714287 0.050505050505050504
77 0.8956632653061225 0.06457431457431458 0.012755102040816327 0.05555555555555555
75 0.9257653061224491 0.06962481962481963 0.012755102040816327 0.06565656565656566
26 0.0653061224489796 0.20346320346320346 0.02448979591836735 0.09379509379509379
82 0.12882653061224492 0.19480519480519481 0.015816326530612247 0.07503607503607504
80 0.17142857142857143 0.20093795093795094 0.015306122448979593 0.06421356421356421
79 0.22653061224489798 0.2031024531024531 0.014285714285714287 0.05844155844155844
83 0.27346938775510204 0.1919191919191919 0.0163265306122449 0.08225108225108226
82 0.32831632653061227 0.19480519480519481 0.015816326530612247 0.07503607503607504
80 0.3706632653061225 0.20093795093795094 0.01479591836734694 0.06421356421356421
79 0.425765306122449 0.20346320346320346 0.01479591836734694 0.05916305916305916
28 0.4625 0.20634920634920634 0.020918367346938777 0.05194805194805195
81 0.48877551020408166 0.19733044733044733 0.0163265306122449 0.06998556998556998
109 0.5433673469387755 0.19733044733044733 0.015306122448979593 0.06854256854256854
106 0.5709183673469388 0.20634920634920634 0.01326530612244898 0.05194805194805195
108 0.6028061224489797 0.2002164502164502 0.012755102040816327 0.06277056277056277
105 0.6311224489795919 0.20923520923520925 0.01326530612244898 0.05772005772005772
107 0.6711734693877551 0.2031024531024531 0.013775510204081635 0.05844155844155844
104 0.6994897959183675 0.21176046176046176 0.01326530612244898 0.06421356421356421
105 0.729591836734694 0.20887445887445888 0.01326530612244898 0.056998556998557
106 0.7596938775510205 0.20634920634920634 0.014285714285714287 0.050505050505050504
48 0.8086734693877552 0.20562770562770563 0.0163265306122449 0.05194805194805195
