12 0.9515306122448981 0.0992063492063492 0.00816326530612245 0.048340548340548344
12 0.047959183673469394 0.09956709956709957 0.0071428571428571435 0.047619047619047616
12 0.9512755102040817 0.29545454545454547 0.008673469387755102 0.048340548340548344
12 0.047704081632653064 0.29617604617604615 0.008673469387755102 0.048340548340548344
12 0.048469387755102046 0.4917027417027417 0.0071428571428571435 0.048340548340548344
12 0.9517857142857143 0.49242424242424243 0.008673469387755102 0.048340548340548344
12 0.04872448979591837 0.6493506493506493 0.00663265306122449 0.047619047619047616
12 0.9512755102040817 0.6497113997113997 0.008673469387755102 0.048340548340548344
38 0.06581632653061226 0.10678210678210678 0.02755102040816327 0.06782106782106782
25 0.13596938775510206 0.09812409812409813 0.019897959183673472 0.06926406926406926
25 0.17780612244897961 0.09812409812409813 0.019897959183673472 0.0707070707070707
25 0.2566326530612245 0.09812409812409813 0.01938775510204082 0.0707070707070707
249 0.2739795918367347 0.10137085137085138 0.012244897959183675 0.07864357864357864
25 0.29846938775510207 0.09812409812409813 0.01938775510204082 0.06926406926406926
251 0.3150510204081633 0.09812409812409813 0.012755102040816327 0.09379509379509379
23 0.34234693877551026 0.09956709956709957 0.014285714285714287 0.047619047619047616
21 0.40102040816326534 0.09812409812409813 0.011224489795918368 0.023088023088023088
25 0.6096938775510204 0.09812409812409813 0.018367346938775512 0.06782106782106782
252 0.6283163265306123 0.09163059163059163 0.013775510204081635 0.09235209235209235
24 0.6892857142857144 0.10425685425685426 0.0163265306122449 0.056998556998557
248 0.7053571428571429 0.1075036075036075 0.011734693877551022 0.0808080808080808
25 0.7301020408163266 0.09812409812409813 0.020408163265306124 0.06926406926406926
246 0.7471938775510205 0.11544011544011544 0.013775510204081635 0.08658008658008658
25 0.7650510204081633 0.09812409812409813 0.019897959183673472 0.0707070707070707
23 0.7831632653061226 0.09956709956709957 0.014285714285714287 0.047619047619047616
21 0.7974489795918368 0.09884559884559885 0.010204081632653062 0.023088023088023088
24 0.8744897959183674 0.10497835497835498 0.017346938775510204 0.05844155844155844
23 0.8920918367346939 0.09884559884559885 0.01479591836734694 0.046176046176046176
22 0.9071428571428573 0.10425685425685426 0.011224489795918368 0.03535353535353535
21 0.9193877551020408 0.09776334776334776 0.009183673469387756 0.022366522366522368
20 0.9301020408163266 0.0992063492063492 0.009183673469387756 0.03823953823953824
19 0.9423469387755102 0.09595959595959595 0.01326530612244898 0.011544011544011544
33 0.06505102040816327 0.306998556998557 0.023979591836734697 0.07575757575757576
18 0.5214285714285715 0.28679653679653677 0.0163265306122449 0.013708513708513708
38 0.06581632653061226 0.5032467532467533 0.02755102040816327 0.07287157287157287
25 0.1354591836734694 0.49314574314574317 0.019897959183673472 0.07142857142857142
25 0.17780612244897961 0.49134199134199136 0.019897959183673472 0.06926406926406926
249 0.19489795918367347 0.49242424242424243 0.012244897959183675 0.07431457431457432
25 0.2566326530612245 0.4917027417027417 0.018367346938775512 0.06998556998556998
249 0.2737244897959184 0.4953102453102453 0.011734693877551022 0.0772005772005772
25 0.29821428571428577 0.49134199134199136 0.018877551020408164 0.06926406926406926
251 0.3150510204081633 0.49206349206349204 0.012755102040816327 0.09379509379509379
23 0.34234693877551026 0.4935064935064935 0.014285714285714287 0.046176046176046176
21 0.40076530612244904 0.4917027417027417 0.010714285714285714 0.022366522366522368
25 0.6096938775510204 0.49134199134199136 0.018367346938775512 0.06926406926406926
24 0.6892857142857144 0.49855699855699853 0.017346938775510204 0.05772005772005772
25 0.7091836734693878 0.49242424242424243 0.01938775510204082 0.06998556998556998
25 0.7303571428571429 0.49206349206349204 0.019897959183673472 0.0707070707070707
25 0.7645408163265307 0.4917027417027417 0.019897959183673472 0.06998556998556998
22 0.7831632653061226 0.49314574314574317 0.014285714285714287 0.046897546897546896
21 0.7974489795918368 0.49206349206349204 0.010204081632653062 0.023088023088023088
24 0.8558673469387756 0.49747474747474746 0.01683673469387755 0.05844155844155844
24 0.8747448979591838 0.4981962481962482 0.01683673469387755 0.05844155844155844
23 0.8923469387755103 0.49206349206349204 0.014285714285714287 0.047619047619047616
22 0.9068877551020409 0.4981962481962482 0.011734693877551022 0.03391053391053391
21 0.9196428571428572 0.49134199134199136 0.00969387755102041 0.021645021645021644
20 0.9298469387755103 0.49242424242424243 0.008673469387755102 0.0367965367965368
19 0.9423469387755102 0.48953823953823955 0.01326530612244898 0.012265512265512266
27 0.06454081632653062 0.65007215007215 0.025 0.05194805194805195
239 0.11607142857142858 0.6475468975468975 0.020918367346938777 0.08008658008658008
25 0.1362244897959184 0.648989898989899 0.01938775510204082 0.06998556998556998
237 0.1576530612244898 0.6583694083694084 0.022448979591836737 0.07864357864357864
25 0.17780612244897961 0.6486291486291487 0.019897959183673472 0.0707070707070707
25 0.2227040816326531 0.6486291486291487 0.019897959183673472 0.0707070707070707
24 0.24234693877551022 0.6554834054834054 0.017346938775510204 0.05844155844155844
239 0.2780612244897959 0.6468253968253969 0.02142857142857143 0.08008658008658008
25 0.2989795918367347 0.6482683982683982 0.01938775510204082 0.06998556998556998
24 0.31862244897959185 0.6551226551226551 0.01785714285714286 0.05772005772005772
25 0.3548469387755102 0.6334776334776335 0.011734693877551022 0.10678210678210678
25 0.38469387755102047 0.6482683982683982 0.01938775510204082 0.06998556998556998
249 0.4017857142857143 0.6518759018759018 0.012755102040816327 0.0772005772005772
25 0.4188775510204082 0.6479076479076479 0.018367346938775512 0.0707070707070707
25 0.4535714285714286 0.6482683982683982 0.01938775510204082 0.06998556998556998
251 0.4709183673469388 0.63997113997114 0.014285714285714287 0.0808080808080808
25 0.4880102040816327 0.6486291486291487 0.018877551020408164 0.06782106782106782
24 0.5073979591836735 0.6554834054834054 0.01683673469387755 0.05844155844155844
25 0.5410714285714286 0.6486291486291487 0.019897959183673472 0.0707070707070707
24 0.5607142857142857 0.6551226551226551 0.017346938775510204 0.05916305916305916
23 0.5778061224489797 0.6497113997113997 0.01479591836734694 0.046897546897546896
20 0.5913265306122449 0.6504329004329005 0.010204081632653062 0.03823953823953824
18 0.8535714285714286 0.6406926406926406 0.0163265306122449 0.012987012987012988
253 0.1114795918367347 0.08152958152958154 0.01479591836734694 0.08658008658008658
251 0.15357142857142858 0.09632034632034632 0.015306122448979593 0.07864357864357864
249 0.1951530612244898 0.09956709956709957 0.012755102040816327 0.07503607503607504
255 0.21836734693877552 0.07647907647907648 0.015306122448979593 0.12265512265512266
248 0.326530612244898 0.10858585858585859 0.014285714285714287 0.07864357864357864
250 0.5928571428571429 0.09595959595959595 0.015306122448979593 0.07792207792207792
251 0.6742346938775511 0.09307359307359307 0.01479591836734694 0.08802308802308802
223 0.853826530612245 0.08441558441558442 0.015816326530612247 0.0808080808080808
246 0.7471938775510205 0.5111832611832612 0.011734693877551022 0.08585858585858586
252 0.627295918367347 0.48448773448773447 0.01479591836734694 0.09307359307359307
251 0.675 0.48665223665223667 0.015306122448979593 0.08585858585858586
250 0.5926020408163266 0.4906204906204906 0.013775510204081635 0.0808080808080808
253 0.11173469387755103 0.4754689754689755 0.0163265306122449 0.08658008658008658
250 0.1538265306122449 0.4898989898989899 0.01683673469387755 0.07792207792207792
255 0.2181122448979592 0.46933621933621933 0.015816326530612247 0.12337662337662338
248 0.3262755102040817 0.5025252525252525 0.01479591836734694 0.08008658008658008
244 0.3676020408163266 0.6280663780663781 0.011734693877551022 0.09451659451659451
254 0.4359693877551021 0.6295093795093795 0.015816326530612247 0.09163059163059163
245 0.5237244897959185 0.6702741702741702 0.011734693877551022 0.09090909090909091
