0 0.11521603005635567 0.11780336581045173 0.040075140889167186 0.08148804251550044
12 0.7720726361928616 0.1328609388839681 0.008766437069505322 0.06023029229406555
12 0.9520976831559173 0.1328609388839681 0.008140262993112084 0.06023029229406555
12 0.04915466499686913 0.1337466784765279 0.008140262993112084 0.06023029229406555
12 0.5945522855353788 0.13330380868024802 0.00939261114589856 0.05934455270150576
12 0.2968065122103945 0.1337466784765279 0.011271133375078271 0.05845881310894597
12 0.4461490294301816 0.13330380868024802 0.010644959298685034 0.057573073516386186
0 0.11396368190356919 0.3113374667847653 0.038822792736380715 0.07883082373782108
12 0.29649342517219784 0.3113374667847653 0.00939261114589856 0.05934455270150576
12 0.4455228553537883 0.3113374667847653 0.00939261114589856 0.05934455270150576
12 0.5945522855353788 0.3117803365810452 0.00939261114589856 0.06023029229406555
12 0.7723857232310581 0.3117803365810452 0.00939261114589856 0.06023029229406555
12 0.04884157795867251 0.3122232063773251 0.007514088916718847 0.057573073516386186
12 0.9517845961177207 0.3184233835252436 0.008766437069505322 0.04871567759078831
0 0.11458985597996242 0.6386182462356067 0.038822792736380715 0.07971656333038087
12 0.04884157795867251 0.6550044286979628 0.007514088916718847 0.06111603188662534
12 0.9520976831559173 0.6536758193091231 0.00939261114589856 0.05845881310894597
12 0.35535378835316217 0.6545615589016829 0.00939261114589856 0.05845881310894597
12 0.5428929242329368 0.654118689105403 0.010018785222291797 0.057573073516386186
12 0.7006887914840325 0.6545615589016829 0.010018785222291797 0.05845881310894597
0 0.1142767689417658 0.8228520814880426 0.03944896681277395 0.08148804251550044
12 0.7003757044458359 0.8246235606731621 0.010644959298685034 0.06023029229406555
12 0.35566687539135877 0.8246235606731621 0.010018785222291797 0.05845881310894597
12 0.5432060112711333 0.8246235606731621 0.00939261114589856 0.05845881310894597
12 0.04852849092047589 0.8246235606731621 0.008140262993112084 0.0566873339238264
12 0.9520976831559173 0.8246235606731621 0.00939261114589856 0.0566873339238264
26 0.06981840951784596 0.1341895482728078 0.0319348778960551 0.12843224092116917
103 0.1662492172824045 0.14348981399468558 0.015654351909830933 0.07971656333038087
20 0.2063243581715717 0.1058458813108946 0.014402003757044458 0.050487156775907885
17 0.23387601753287413 0.1421612046058459 0.011897307451471509 0.07351638618246235
135 0.27269881026925485 0.14304694419840566 0.02066374452097683 0.08237378210806023
103 0.3155917345021916 0.14348981399468558 0.01628052598622417 0.07971656333038087
20 0.35504070131496557 0.1058458813108946 0.015028177833437694 0.05225863596102746
17 0.3832185347526612 0.141718334809566 0.011271133375078271 0.070859167404783
135 0.42204132748904194 0.14348981399468558 0.021289918597370068 0.08148804251550044
103 0.46462116468378206 0.14348981399468558 0.01628052598622417 0.07971656333038087
20 0.5046963055729492 0.1054030115146147 0.015028177833437694 0.051372896368467674
136 0.5463368816530996 0.1355181576616475 0.015654351909830933 0.06731620903454384
135 0.5716969317470256 0.13684676705048715 0.020037570444583593 0.06820194862710363
134 0.6133375078271759 0.14304694419840566 0.015654351909830933 0.08060230292294066
135 0.638697557921102 0.1412754650132861 0.020037570444583593 0.07705934455270151
136 0.6693800876643706 0.1355181576616475 0.015028177833437694 0.06731620903454384
135 0.6941139636819036 0.13684676705048715 0.019411396368190358 0.06820194862710363
134 0.724170319348779 0.14348981399468558 0.015654351909830933 0.07971656333038087
135 0.7492172824045085 0.1412754650132861 0.02066374452097683 0.07883082373782108
134 0.7943018159048215 0.12488928255093003 0.02066374452097683 0.07971656333038087
133 0.819348778960551 0.1262178919397697 0.015654351909830933 0.07883082373782108
132 0.8487789605510332 0.13153232949512844 0.019411396368190358 0.06643046944198405
133 0.8744520976831559 0.13108945969884855 0.015654351909830933 0.06908768821966342
132 0.9045084533500313 0.13197519929140833 0.02066374452097683 0.06554472984942428
131 0.9295554164057608 0.1341895482728078 0.015654351909830933 0.06465899025686449
27 0.073888541014402 0.31443755535872453 0.03757044458359424 0.07263064658990256
20 0.20601127113337506 0.2843224092116918 0.015028177833437694 0.051372896368467674
20 0.35535378835316217 0.2843224092116918 0.015654351909830933 0.051372896368467674
20 0.5046963055729492 0.2838795394154119 0.015028177833437694 0.050487156775907885
141 0.5463368816530996 0.29805137289636846 0.016906700062617408 0.09300265721877768
140 0.5726361928616155 0.3020372010628875 0.021916092673763304 0.08503100088573959
139 0.6130244207889793 0.30558015943312666 0.01628052598622417 0.07617360496014172
140 0.6393237319974953 0.30115146147032773 0.022542266750156543 0.08503100088573959
141 0.6690670006261741 0.2976085031000886 0.018159048215403883 0.09211691762621789
140 0.6950532247964933 0.3015943312666076 0.022542266750156543 0.08414526129317981
139 0.7238572323105823 0.30558015943312666 0.01628052598622417 0.07617360496014172
140 0.7504696305572949 0.3015943312666076 0.02316844082654978 0.08414526129317981
139 0.7908578584846587 0.30558015943312666 0.01628052598622417 0.07617360496014172
138 0.8159048215403882 0.3095659875996457 0.021289918597370068 0.06997342781222321
137 0.8469004383218535 0.3122232063773251 0.015654351909830933 0.06288751107174491
138 0.8716343143393863 0.30868024800708593 0.021289918597370068 0.06997342781222321
137 0.9023168440826549 0.31355181576616475 0.01628052598622417 0.0637732506643047
136 0.9279899812147777 0.31443755535872453 0.020037570444583593 0.06554472984942428
26 0.07013149655604257 0.6554472984942427 0.03256105197244834 0.12931798051372898
17 0.1530995616781465 0.6837909654561559 0.010644959298685034 0.06731620903454384
130 0.17063243581715717 0.6589902568644819 0.019411396368190358 0.06908768821966342
131 0.19881026925485284 0.6554472984942427 0.016906700062617408 0.0637732506643047
132 0.2316844082654978 0.6532329495128433 0.020037570444583593 0.06643046944198405
131 0.2608015028177833 0.6545615589016829 0.016906700062617408 0.06554472984942428
133 0.29586725109580464 0.6519043401240036 0.019411396368190358 0.06908768821966342
17 0.3146524733876017 0.7063773250664305 0.011897307451471509 0.06820194862710363
127 0.33061991233562926 0.6705048715677591 0.01628052598622417 0.09034543844109832
97 0.37382592360676264 0.6660761736049602 0.01878522229179712 0.08503100088573959
20 0.423606762680025 0.6266607617360497 0.015654351909830933 0.050487156775907885
20 0.4981214777708203 0.6262178919397697 0.015654351909830933 0.051372896368467674
20 0.5601127113337507 0.6262178919397697 0.015654351909830933 0.051372896368467674
20 0.6070757670632435 0.6266607617360497 0.015654351909830933 0.050487156775907885
17 0.6424546023794615 0.6341895482728078 0.011271133375078271 0.06908768821966342
106 0.6574827802128992 0.6550044286979628 0.01628052598622417 0.06288751107174491
107 0.7207263619286162 0.6519043401240036 0.01628052598622417 0.070859167404783
109 0.7711333750782717 0.6448184233835252 0.016906700062617408 0.08503100088573959
172 0.8550407013149656 0.6364038972542073 0.016906700062617408 0.10008857395925598
173 0.8753913587977458 0.6337466784765279 0.017532874139010644 0.10717449069973428
172 0.8963681903569192 0.6372896368467671 0.016906700062617408 0.0983170947741364
171 0.9164057608015028 0.6408325952170062 0.016906700062617408 0.09300265721877768
172 0.9361302442078897 0.6372896368467671 0.021289918597370068 0.0983170947741364
27 0.07357545397620538 0.8272807794508414 0.038196618659987476 0.07263064658990256
17 0.1530995616781465 0.8188662533215235 0.010644959298685034 0.06820194862710363
135 0.16750156543519099 0.8286093888396812 0.015654351909830933 0.06820194862710363
136 0.19599248591108326 0.8272807794508414 0.021289918597370068 0.06554472984942428
137 0.22917971195992484 0.8255093002657219 0.015028177833437694 0.0637732506643047
136 0.2582968065122104 0.8268379096545616 0.019411396368190358 0.06643046944198405
138 0.29336255479023166 0.8325952170062002 0.015654351909830933 0.09211691762621789
17 0.3146524733876017 0.8401240035429584 0.010644959298685034 0.06643046944198405
132 0.32811521603005633 0.8458813108945971 0.01878522229179712 0.10451727192205491
102 0.3747651847213525 0.8188662533215235 0.015654351909830933 0.07351638618246235
109 0.42579837194740133 0.8162090345438441 0.01628052598622417 0.08414526129317981
26 0.46775203506574825 0.8286093888396812 0.026299311208515967 0.10363153232949514
27 0.816844082654978 0.8255093002657219 0.0319348778960551 0.0637732506643047
