13 0.931122448979592 0.16378066378066378 0.012244897959183675 0.049062049062049064
12 0.04872448979591837 0.1645021645021645 0.008673469387755102 0.049062049062049064
12 0.48010204081632657 0.16414141414141414 0.00816326530612245 0.048340548340548344
12 0.29183673469387755 0.16486291486291485 0.00816326530612245 0.048340548340548344
12 0.7012755102040817 0.16522366522366522 0.008673469387755102 0.049062049062049064
14 0.15994897959183674 0.14682539682539683 0.00663265306122449 0.00937950937950938
14 0.3492346938775511 0.15873015873015872 0.00663265306122449 0.008658008658008658
12 0.701530612244898 0.3116883116883117 0.009183673469387756 0.049062049062049064
13 0.9313775510204082 0.3116883116883117 0.010714285714285714 0.049062049062049064
12 0.048469387755102046 0.3120490620490621 0.00816326530612245 0.048340548340548344
12 0.29158163265306125 0.3120490620490621 0.007653061224489797 0.048340548340548344
12 0.47984693877551027 0.3116883116883117 0.008673469387755102 0.047619047619047616
12 0.048469387755102046 0.42712842712842713 0.0071428571428571435 0.050505050505050504
13 0.931122448979592 0.4264069264069264 0.012244897959183675 0.049062049062049064
12 0.48010204081632657 0.4264069264069264 0.009183673469387756 0.047619047619047616
12 0.7012755102040817 0.42676767676767674 0.008673469387755102 0.048340548340548344
12 0.29132653061224495 0.42676767676767674 0.00816326530612245 0.046897546897546896
14 0.31581632653061226 0.420995670995671 0.006122448979591837 0.007936507936507936
12 0.5821428571428572 0.6309523809523809 0.00816326530612245 0.049783549783549784
12 0.9515306122448981 0.6298701298701299 0.0071428571428571435 0.047619047619047616
12 0.048214285714285716 0.6313131313131313 0.007653061224489797 0.049062049062049064
12 0.789795918367347 0.6309523809523809 0.009183673469387756 0.048340548340548344
12 0.2461734693877551 0.6320346320346321 0.00969387755102041 0.049062049062049064
12 0.4216836734693878 0.6313131313131313 0.00969387755102041 0.047619047619047616
14 0.3020408163265306 0.6237373737373737 0.006122448979591837 0.007936507936507936
14 0.21275510204081635 0.6244588744588745 0.0071428571428571435 0.007936507936507936
14 0.9186224489795919 0.636002886002886 0.005612244897959184 0.007936507936507936
14 0.5464285714285715 0.6482683982683982 0.006122448979591837 0.007936507936507936
14 0.21301020408163268 0.7402597402597403 0.00663265306122449 0.0101010101010101
14 0.38979591836734695 0.73989898989899 0.006122448979591837 0.00937950937950938
14 0.9188775510204082 0.7518037518037518 0.006122448979591837 0.0101010101010101
12 0.2461734693877551 0.7806637806637806 0.00969387755102041 0.049062049062049064
12 0.048469387755102046 0.7810245310245311 0.00816326530612245 0.048340548340548344
12 0.4216836734693878 0.7813852813852814 0.00969387755102041 0.049062049062049064
12 0.5823979591836735 0.7810245310245311 0.00969387755102041 0.048340548340548344
12 0.789795918367347 0.7813852813852814 0.009183673469387756 0.049062049062049064
12 0.9510204081632654 0.7813852813852814 0.009183673469387756 0.049062049062049064
12 0.7895408163265307 0.8935786435786436 0.008673469387755102 0.049783549783549784
12 0.048469387755102046 0.8939393939393939 0.0071428571428571435 0.049062049062049064
12 0.2459183673469388 0.8939393939393939 0.010204081632653062 0.049062049062049064
12 0.4214285714285715 0.8939393939393939 0.010204081632653062 0.049062049062049064
12 0.5813775510204082 0.8939393939393939 0.008673469387755102 0.049062049062049064
12 0.9512755102040817 0.8939393939393939 0.007653061224489797 0.049062049062049064
20 0.1153061224489796 0.08116883116883117 0.010204081632653062 0.03823953823953824
26 0.0642857142857143 0.16558441558441558 0.022448979591836737 0.08441558441558442
16 0.0864795918367347 0.15728715728715728 0.00969387755102041 0.03318903318903319
138 0.11734693877551021 0.14898989898989898 0.012244897959183675 0.08297258297258298
166 0.18137755102040817 0.1518759018759019 0.012755102040816327 0.0772005772005772
20 0.23188775510204085 0.14033189033189034 0.010714285714285714 0.03823953823953824
131 0.23290816326530614 0.18001443001443002 0.012755102040816327 0.07287157287157287
133 0.25484693877551023 0.17424242424242425 0.012755102040816327 0.07142857142857142
135 0.27602040816326534 0.17063492063492064 0.015306122448979593 0.06421356421356421
105 0.3053571428571429 0.15295815295815296 0.012755102040816327 0.0735930735930736
164 0.3704081632653062 0.15331890331890333 0.01326530612244898 0.07142857142857142
132 0.4428571428571429 0.16053391053391053 0.012244897959183675 0.05988455988455989
133 0.4627551020408164 0.15873015873015872 0.012244897959183675 0.06349206349206349
133 0.5492346938775511 0.15728715728715728 0.012755102040816327 0.06637806637806638
134 0.5691326530612245 0.15728715728715728 0.011734693877551022 0.06637806637806638
136 0.6107142857142858 0.1544011544011544 0.01326530612244898 0.07215007215007214
135 0.6301020408163266 0.1544011544011544 0.012244897959183675 0.07215007215007214
133 0.6502551020408164 0.16197691197691197 0.015816326530612247 0.056998556998557
131 0.6665816326530613 0.16486291486291485 0.012755102040816327 0.05266955266955267
129 0.6846938775510205 0.170995670995671 0.01326530612244898 0.06349206349206349
133 0.7716836734693878 0.16197691197691197 0.012755102040816327 0.056998556998557
132 0.791326530612245 0.16233766233766234 0.012244897959183675 0.05627705627705628
21 0.8410714285714287 0.1396103896103896 0.011734693877551022 0.023809523809523808
20 0.8696428571428573 0.14033189033189034 0.010714285714285714 0.03823953823953824
17 0.9448979591836736 0.16486291486291485 0.010204081632653062 0.03535353535353535
27 0.06505102040816327 0.3120490620490621 0.023979591836734697 0.051226551226551224
16 0.08673469387755103 0.31637806637806637 0.009183673469387756 0.032467532467532464
20 0.1153061224489796 0.33405483405483405 0.010204081632653062 0.03463203463203463
136 0.23290816326530614 0.31313131313131315 0.012755102040816327 0.05339105339105339
138 0.25510204081632654 0.30916305916305914 0.012244897959183675 0.056998556998557
140 0.276530612244898 0.30303030303030304 0.0163265306122449 0.06782106782106782
20 0.3038265306122449 0.33585858585858586 0.010714285714285714 0.03823953823953824
20 0.4209183673469388 0.33585858585858586 0.010204081632653062 0.03823953823953824
20 0.4928571428571429 0.3362193362193362 0.010204081632653062 0.03751803751803752
20 0.5270408163265307 0.33585858585858586 0.010204081632653062 0.03823953823953824
141 0.6107142857142858 0.3008658008658009 0.01326530612244898 0.07647907647907648
140 0.6283163265306123 0.30266955266955264 0.01683673469387755 0.06854256854256854
138 0.6502551020408164 0.29545454545454547 0.015816326530612247 0.08297258297258298
136 0.6665816326530613 0.29797979797979796 0.012755102040816327 0.07936507936507936
134 0.6846938775510205 0.3005050505050505 0.01326530612244898 0.07287157287157287
102 0.7150510204081634 0.3055555555555556 0.012755102040816327 0.06277056277056277
108 0.7510204081632654 0.3059163059163059 0.01326530612244898 0.06349206349206349
135 0.8313775510204082 0.31457431457431456 0.012755102040816327 0.05627705627705628
136 0.8492346938775511 0.3142135642135642 0.015816326530612247 0.05555555555555555
137 0.8711734693877552 0.3120490620490621 0.012755102040816327 0.051226551226551224
138 0.8910714285714286 0.3088023088023088 0.012755102040816327 0.05772005772005772
17 0.9043367346938777 0.28174603174603174 0.008673469387755102 0.03391053391053391
139 0.9135204081632654 0.30663780663780665 0.015816326530612247 0.06349206349206349
17 0.9451530612244898 0.3235930735930736 0.00969387755102041 0.03391053391053391
27 0.06454081632653062 0.4264069264069264 0.023979591836734697 0.050505050505050504
16 0.08698979591836735 0.4318181818181818 0.00969387755102041 0.03391053391053391
18 0.19081632653061226 0.41774891774891776 0.0163265306122449 0.012987012987012988
19 0.3048469387755102 0.42424242424242425 0.015816326530612247 0.012987012987012988
16 0.41045918367346945 0.41414141414141414 0.008673469387755102 0.031746031746031744
104 0.4227040816326531 0.43217893217893216 0.012755102040816327 0.06349206349206349
103 0.49413265306122456 0.4347041847041847 0.012755102040816327 0.0670995670995671
16 0.5160714285714286 0.41955266955266957 0.008673469387755102 0.03391053391053391
103 0.5288265306122449 0.43434343434343436 0.012755102040816327 0.06637806637806638
133 0.5926020408163266 0.4213564213564214 0.019897959183673472 0.06204906204906205
21 0.6102040816326532 0.42604617604617606 0.010204081632653062 0.022366522366522368
21 0.6293367346938776 0.42568542568542567 0.010714285714285714 0.023088023088023088
20 0.6466836734693878 0.42676767676767674 0.010714285714285714 0.03823953823953824
20 0.7132653061224491 0.42676767676767674 0.011224489795918368 0.03823953823953824
102 0.751530612244898 0.4217171717171717 0.01326530612244898 0.06277056277056277
98 0.8119897959183674 0.43253968253968256 0.013775510204081635 0.06421356421356421
20 0.8701530612244899 0.42676767676767674 0.010714285714285714 0.03823953823953824
17 0.9451530612244898 0.4383116883116883 0.00969387755102041 0.03535353535353535
26 0.06454081632653062 0.6320346320346321 0.02295918367346939 0.08513708513708514
20 0.10025510204081634 0.6067821067821068 0.011734693877551022 0.03896103896103896
134 0.20510204081632655 0.6219336219336219 0.0163265306122449 0.06926406926406926
165 0.2334183673469388 0.6208513708513709 0.012755102040816327 0.07287157287157287
134 0.29464285714285715 0.6222943722943723 0.015816326530612247 0.06854256854256854
162 0.3227040816326531 0.6237373737373737 0.012755102040816327 0.06565656565656566
73 0.3405612244897959 0.626984126984127 0.012755102040816327 0.05483405483405483
131 0.35102040816326535 0.6439393939393939 0.012244897959183675 0.08008658008658008
99 0.3793367346938776 0.6475468975468975 0.011734693877551022 0.08441558441558442
100 0.502295918367347 0.6313131313131313 0.012755102040816327 0.05194805194805195
130 0.5380102040816327 0.6334776334776335 0.01683673469387755 0.05772005772005772
161 0.5665816326530613 0.6298701298701299 0.012755102040816327 0.05483405483405483
101 0.5964285714285715 0.6277056277056277 0.01326530612244898 0.05627705627705628
98 0.6283163265306123 0.637085137085137 0.013775510204081635 0.06493506493506493
21 0.6918367346938776 0.6056998556998557 0.012244897959183675 0.023809523809523808
20 0.7229591836734695 0.6071428571428571 0.010204081632653062 0.03823953823953824
20 0.806122448979592 0.6071428571428571 0.010204081632653062 0.03823953823953824
132 0.9107142857142858 0.6237373737373737 0.0163265306122449 0.06277056277056277
163 0.939030612244898 0.623015873015873 0.012755102040816327 0.06565656565656566
27 0.06505102040816327 0.7813852813852814 0.023979591836734697 0.05194805194805195
109 0.1017857142857143 0.773088023088023 0.015816326530612247 0.06998556998556998
83 0.1346938775510204 0.7676767676767676 0.015306122448979593 0.0836940836940837
141 0.20331632653061227 0.7694805194805194 0.013775510204081635 0.07575757575757576
170 0.2306122448979592 0.7723665223665224 0.01938775510204082 0.06998556998556998
108 0.2602040816326531 0.7752525252525253 0.01326530612244898 0.06277056277056277
106 0.2923469387755102 0.7817460317460317 0.01326530612244898 0.051226551226551224
109 0.3405612244897959 0.7734487734487735 0.01479591836734694 0.06926406926406926
140 0.37959183673469393 0.773088023088023 0.014285714285714287 0.06854256854256854
169 0.40688775510204084 0.7756132756132756 0.01785714285714286 0.06349206349206349
79 0.4354591836734694 0.7792207792207793 0.012755102040816327 0.05772005772005772
75 0.5017857142857143 0.7886002886002886 0.012755102040816327 0.06637806637806638
78 0.5956632653061225 0.7817460317460317 0.012755102040816327 0.051226551226551224
137 0.6619897959183674 0.784992784992785 0.012755102040816327 0.05772005772005772
135 0.6798469387755103 0.7871572871572872 0.012755102040816327 0.06204906204906205
134 0.7028061224489797 0.7896825396825397 0.015816326530612247 0.06565656565656566
135 0.7247448979591837 0.7878787878787878 0.012755102040816327 0.06493506493506493
136 0.7502551020408164 0.786075036075036 0.012755102040816327 0.05988455988455989
137 0.7737244897959185 0.7842712842712842 0.01683673469387755 0.05627705627705628
107 0.8073979591836735 0.7784992784992785 0.013775510204081635 0.05772005772005772
81 0.8400510204081634 0.773088023088023 0.01479591836734694 0.06998556998556998
139 0.9081632653061226 0.775974025974026 0.012244897959183675 0.06277056277056277
168 0.9352040816326531 0.7788600288600288 0.018367346938775512 0.056998556998557
27 0.06454081632653062 0.8917748917748918 0.025 0.047619047619047616
18 0.16096938775510206 0.8845598845598845 0.015816326530612247 0.011544011544011544
18 0.33392857142857146 0.8841991341991342 0.015816326530612247 0.012265512265512266
18 0.501530612244898 0.8845598845598845 0.0163265306122449 0.012987012987012988
18 0.6857142857142857 0.8841991341991342 0.0163265306122449 0.013708513708513708
18 0.8704081632653062 0.8845598845598845 0.015306122448979593 0.012987012987012988
112 0.11658163265306123 0.2828282828282828 0.01683673469387755 0.1111111111111111
110 0.3048469387755102 0.288961038961039 0.01683673469387755 0.09451659451659451
109 0.4237244897959184 0.29184704184704185 0.01683673469387755 0.09307359307359307
108 0.49591836734693884 0.2950937950937951 0.015306122448979593 0.08802308802308802
108 0.5290816326530613 0.294011544011544 0.01326530612244898 0.08585858585858586
