14 0.5770408163265307 0.016233766233766232 0.006122448979591837 0.00937950937950938
12 0.24846938775510205 0.05663780663780664 0.009183673469387756 0.048340548340548344
12 0.3946428571428572 0.05627705627705628 0.007653061224489797 0.047619047619047616
12 0.8035714285714286 0.05663780663780664 0.0071428571428571435 0.048340548340548344
12 0.048469387755102046 0.05735930735930736 0.0071428571428571435 0.048340548340548344
12 0.5497448979591837 0.056998556998557 0.007653061224489797 0.047619047619047616
12 0.6596938775510205 0.056998556998557 0.009183673469387756 0.047619047619047616
12 0.9515306122448981 0.05735930735930736 0.0071428571428571435 0.048340548340548344
14 0.510969387755102 0.2824675324675325 0.00663265306122449 0.010822510822510822
14 0.5903061224489796 0.2824675324675325 0.0071428571428571435 0.010822510822510822
14 0.7609693877551021 0.2943722943722944 0.00663265306122449 0.0101010101010101
14 0.9206632653061225 0.2943722943722944 0.00663265306122449 0.0101010101010101
11 0.9477040816326532 0.3232323232323232 0.013775510204081635 0.049062049062049064
12 0.048469387755102046 0.32395382395382394 0.0071428571428571435 0.047619047619047616
12 0.2602040816326531 0.32431457431457433 0.009183673469387756 0.048340548340548344
12 0.4170918367346939 0.32395382395382394 0.008673469387755102 0.047619047619047616
12 0.5632653061224491 0.32395382395382394 0.009183673469387756 0.047619047619047616
12 0.8920918367346939 0.32395382395382394 0.007653061224489797 0.047619047619047616
14 0.6581632653061225 0.3055555555555556 0.006122448979591837 0.00937950937950938
12 0.7339285714285715 0.32431457431457433 0.007653061224489797 0.046897546897546896
14 0.44336734693877555 0.31782106782106784 0.0071428571428571435 0.010822510822510822
14 0.7612244897959184 0.31782106782106784 0.0071428571428571435 0.010822510822510822
14 0.9206632653061225 0.32936507936507936 0.00663265306122449 0.00937950937950938
14 0.9201530612244899 0.4155844155844156 0.005612244897959184 0.008658008658008658
12 0.4170918367346939 0.46825396825396826 0.008673469387755102 0.047619047619047616
12 0.5632653061224491 0.4686147186147186 0.00816326530612245 0.048340548340548344
11 0.9464285714285715 0.4686147186147186 0.01326530612244898 0.048340548340548344
12 0.048469387755102046 0.4686147186147186 0.0071428571428571435 0.046897546897546896
12 0.25994897959183677 0.468975468975469 0.007653061224489797 0.047619047619047616
12 0.7339285714285715 0.468975468975469 0.007653061224489797 0.047619047619047616
12 0.8915816326530613 0.468975468975469 0.007653061224489797 0.047619047619047616
27 0.06403061224489796 0.05663780663780664 0.025 0.051226551226551224
16 0.08775510204081634 0.06096681096681097 0.010204081632653062 0.032467532467532464
162 0.11785714285714287 0.07106782106782107 0.01326530612244898 0.08008658008658008
164 0.1413265306122449 0.06746031746031746 0.01326530612244898 0.07142857142857142
167 0.16352040816326532 0.06385281385281386 0.01785714285714286 0.06565656565656566
162 0.1854591836734694 0.0707070707070707 0.013775510204081635 0.07936507936507936
164 0.20892857142857144 0.0670995670995671 0.013775510204081635 0.07215007215007214
167 0.2306122448979592 0.06385281385281386 0.017346938775510204 0.06565656565656566
163 0.264030612244898 0.06746031746031746 0.012755102040816327 0.07142857142857142
165 0.28775510204081634 0.06168831168831169 0.01326530612244898 0.06132756132756133
169 0.30969387755102046 0.05194805194805195 0.0163265306122449 0.06493506493506493
163 0.33137755102040817 0.0670995670995671 0.012755102040816327 0.0707070707070707
167 0.3548469387755102 0.06132756132756133 0.012755102040816327 0.06349206349206349
169 0.37704081632653064 0.05194805194805195 0.0163265306122449 0.06493506493506493
163 0.4102040816326531 0.06421356421356421 0.012244897959183675 0.06493506493506493
165 0.43392857142857144 0.06024531024531025 0.012755102040816327 0.05844155844155844
167 0.45586734693877556 0.05772005772005772 0.01683673469387755 0.05339105339105339
17 0.47219387755102044 0.0284992784992785 0.008673469387755102 0.03968253968253968
169 0.4834183673469388 0.051226551226551224 0.012755102040816327 0.06349206349206349
170 0.505357142857143 0.048340548340548344 0.013775510204081635 0.06926406926406926
15 0.5211734693877551 0.022005772005772004 0.010714285714285714 0.03823953823953824
170 0.5329081632653062 0.048340548340548344 0.01785714285714286 0.06926406926406926
141 0.5658163265306123 0.045093795093795096 0.015306122448979593 0.07575757575757576
22 0.603826530612245 0.06457431457431458 0.012755102040816327 0.0367965367965368
21 0.6237244897959184 0.056998556998557 0.010714285714285714 0.024531024531024532
166 0.6747448979591837 0.05808080808080808 0.012755102040816327 0.05411255411255411
168 0.6982142857142858 0.05447330447330447 0.012755102040816327 0.056998556998557
170 0.7201530612244899 0.048701298701298704 0.01683673469387755 0.06854256854256854
166 0.7420918367346939 0.05808080808080808 0.012755102040816327 0.05411255411255411
168 0.7645408163265307 0.05447330447330447 0.012755102040816327 0.05844155844155844
170 0.7862244897959184 0.049062049062049064 0.0163265306122449 0.06926406926406926
16 0.8127551020408164 0.044372294372294376 0.009183673469387756 0.032467532467532464
165 0.8250000000000001 0.06385281385281386 0.01326530612244898 0.06565656565656566
166 0.8471938775510205 0.06024531024531025 0.012755102040816327 0.05988455988455989
170 0.8693877551020409 0.049422799422799424 0.017346938775510204 0.06998556998556998
165 0.890561224489796 0.06385281385281386 0.012755102040816327 0.0670995670995671
166 0.9125000000000001 0.06024531024531025 0.012755102040816327 0.05988455988455989
170 0.9349489795918369 0.049422799422799424 0.01683673469387755 0.06998556998556998
26 0.06454081632653062 0.32287157287157287 0.023979591836734697 0.09018759018759019
16 0.08775510204081634 0.31565656565656564 0.010204081632653062 0.032467532467532464
164 0.12015306122448981 0.33080808080808083 0.012755102040816327 0.06565656565656566
16 0.13035714285714287 0.28715728715728717 0.008673469387755102 0.031746031746031744
169 0.14285714285714288 0.32142857142857145 0.01326530612244898 0.06998556998556998
168 0.16377551020408165 0.32215007215007213 0.0163265306122449 0.05844155844155844
16 0.18086734693877551 0.2990620490620491 0.008673469387755102 0.032467532467532464
167 0.19336734693877553 0.32575757575757575 0.012244897959183675 0.056998556998557
16 0.2084183673469388 0.3051948051948052 0.008673469387755102 0.03318903318903319
166 0.22142857142857145 0.3282828282828283 0.012244897959183675 0.06060606060606061
165 0.2420918367346939 0.33044733044733043 0.01683673469387755 0.06349206349206349
17 0.27066326530612245 0.32431457431457433 0.007653061224489797 0.03823953823953824
103 0.28188775510204084 0.3318903318903319 0.012755102040816327 0.06637806637806638
21 0.3762755102040817 0.3246753246753247 0.010714285714285714 0.024531024531024532
135 0.43188775510204086 0.3268398268398268 0.012755102040816327 0.05483405483405483
140 0.4977040816326531 0.31565656565656564 0.01785714285714286 0.06998556998556998
141 0.5793367346938776 0.3124098124098124 0.013775510204081635 0.07503607503607504
137 0.6448979591836735 0.3235930735930736 0.0163265306122449 0.051226551226551224
15 0.6877551020408164 0.3124098124098124 0.00816326530612245 0.025974025974025976
27 0.06403061224489796 0.468975468975469 0.025 0.05194805194805195
16 0.08750000000000001 0.4733044733044733 0.00969387755102041 0.03318903318903319
16 0.10714285714285715 0.46176046176046176 0.009183673469387756 0.03318903318903319
164 0.12015306122448981 0.47655122655122656 0.012755102040816327 0.06565656565656566
166 0.1431122448979592 0.4725829725829726 0.012755102040816327 0.05916305916305916
169 0.16377551020408165 0.4639249639249639 0.0163265306122449 0.06493506493506493
164 0.19336734693877553 0.47619047619047616 0.01326530612244898 0.06637806637806638
166 0.22117346938775512 0.4722222222222222 0.012755102040816327 0.05844155844155844
169 0.24158163265306123 0.4639249639249639 0.015816326530612247 0.06493506493506493
16 0.2693877551020408 0.4621212121212121 0.009183673469387756 0.03391053391053391
164 0.28188775510204084 0.4758297258297258 0.012755102040816327 0.06565656565656566
166 0.30586734693877554 0.4733044733044733 0.012755102040816327 0.05916305916305916
16 0.3209183673469388 0.43867243867243866 0.009183673469387756 0.03463203463203463
168 0.33137755102040817 0.4671717171717172 0.01683673469387755 0.05844155844155844
164 0.3533163265306123 0.4758297258297258 0.012755102040816327 0.06565656565656566
166 0.377295918367347 0.4722222222222222 0.012755102040816327 0.05844155844155844
168 0.3987244897959184 0.4668109668109668 0.01683673469387755 0.05772005772005772
163 0.43188775510204086 0.4787157287157287 0.012755102040816327 0.07142857142857142
166 0.4556122448979592 0.474025974025974 0.01326530612244898 0.06349206349206349
168 0.47755102040816333 0.46825396825396826 0.017346938775510204 0.06060606060606061
163 0.4997448979591837 0.47943722943722944 0.012755102040816327 0.07287157287157287
166 0.5237244897959185 0.474025974025974 0.012755102040816327 0.06349206349206349
168 0.5451530612244898 0.4686147186147186 0.01683673469387755 0.05988455988455989
163 0.578826530612245 0.47655122655122656 0.012755102040816327 0.06565656565656566
165 0.6025510204081633 0.4725829725829726 0.01326530612244898 0.05916305916305916
167 0.6252551020408164 0.4696969696969697 0.01683673469387755 0.05194805194805195
163 0.6466836734693878 0.4790764790764791 0.012755102040816327 0.07215007215007214
167 0.6706632653061225 0.474025974025974 0.012755102040816327 0.06349206349206349
169 0.6923469387755102 0.4639249639249639 0.015306122448979593 0.06493506493506493
163 0.749234693877551 0.47655122655122656 0.012755102040816327 0.06565656565656566
170 0.7737244897959185 0.4621212121212121 0.013775510204081635 0.07287157287157287
15 0.789795918367347 0.43362193362193363 0.011224489795918368 0.03896103896103896
170 0.8012755102040817 0.4606782106782107 0.01683673469387755 0.06998556998556998
171 0.8244897959183675 0.4577922077922078 0.014285714285714287 0.07575757575757576
15 0.8408163265306123 0.42784992784992787 0.011224489795918368 0.03896103896103896
171 0.853826530612245 0.4574314574314574 0.013775510204081635 0.07647907647907648
172 0.8742346938775512 0.45454545454545453 0.018877551020408164 0.0808080808080808
143 0.9096938775510205 0.45202020202020204 0.0163265306122449 0.0873015873015873
