2 0.09005102040816328 0.09848484848484848 0.015816326530612247 0.049783549783549784
0 0.7020408163265307 0.10245310245310245 0.028571428571428574 0.05483405483405483
12 0.048469387755102046 0.11507936507936507 0.006122448979591837 0.049783549783549784
12 0.3941326530612245 0.11507936507936507 0.008673469387755102 0.048340548340548344
12 0.6793367346938776 0.11507936507936507 0.008673469387755102 0.046897546897546896
12 0.9512755102040817 0.11544011544011544 0.008673469387755102 0.047619047619047616
14 0.5801020408163265 0.10930735930735931 0.0071428571428571435 0.010822510822510822
14 0.19642857142857145 0.12157287157287157 0.006122448979591837 0.00937950937950938
2 0.0903061224489796 0.21103896103896103 0.0163265306122449 0.051226551226551224
0 0.7020408163265307 0.21572871572871574 0.028571428571428574 0.05483405483405483
12 0.048469387755102046 0.2287157287157287 0.006122448979591837 0.049062049062049064
12 0.3941326530612245 0.2287157287157287 0.008673469387755102 0.049062049062049064
12 0.6793367346938776 0.22763347763347763 0.008673469387755102 0.046897546897546896
12 0.9512755102040817 0.22835497835497837 0.008673469387755102 0.048340548340548344
14 0.5803571428571429 0.22294372294372294 0.007653061224489797 0.0101010101010101
14 0.19642857142857145 0.23484848484848486 0.006122448979591837 0.00937950937950938
2 0.0903061224489796 0.32431457431457433 0.015306122448979593 0.049783549783549784
0 0.702295918367347 0.32936507936507936 0.029081632653061226 0.05411255411255411
12 0.3943877551020408 0.3416305916305916 0.009183673469387756 0.048340548340548344
12 0.0489795918367347 0.3430735930735931 0.006122448979591837 0.049783549783549784
12 0.6790816326530613 0.3416305916305916 0.00816326530612245 0.046897546897546896
12 0.9512755102040817 0.341991341991342 0.008673469387755102 0.047619047619047616
14 0.5803571428571429 0.3246753246753247 0.00663265306122449 0.0101010101010101
14 0.19642857142857145 0.3362193362193362 0.0071428571428571435 0.0101010101010101
2 0.09056122448979592 0.43867243867243866 0.015816326530612247 0.050505050505050504
0 0.7020408163265307 0.44264069264069267 0.02959183673469388 0.05411255411255411
12 0.3946428571428572 0.45526695526695526 0.010714285714285714 0.049062049062049064
12 0.950765306122449 0.45526695526695526 0.00969387755102041 0.049062049062049064
12 0.0489795918367347 0.455988455988456 0.006122448979591837 0.049062049062049064
12 0.6793367346938776 0.4556277056277056 0.008673469387755102 0.046897546897546896
2 0.09005102040816328 0.5645743145743146 0.01479591836734694 0.049783549783549784
0 0.7017857142857143 0.5678210678210678 0.028061224489795922 0.05339105339105339
12 0.3946428571428572 0.5689033189033189 0.00969387755102041 0.048340548340548344
12 0.6795918367346939 0.5685425685425686 0.00816326530612245 0.047619047619047616
12 0.9512755102040817 0.5689033189033189 0.00969387755102041 0.048340548340548344
12 0.048214285714285716 0.56998556998557 0.00663265306122449 0.049062049062049064
2 0.09056122448979592 0.6655844155844156 0.015816326530612247 0.049783549783549784
0 0.7017857142857143 0.6695526695526696 0.028061224489795922 0.05483405483405483
14 0.5801020408163265 0.6522366522366523 0.006122448979591837 0.0101010101010101
12 0.04872448979591837 0.6825396825396826 0.005612244897959184 0.049062049062049064
12 0.3941326530612245 0.6821789321789322 0.00969387755102041 0.048340548340548344
12 0.9515306122448981 0.6825396825396826 0.011224489795918368 0.049062049062049064
12 0.6793367346938776 0.6821789321789322 0.008673469387755102 0.046897546897546896
14 0.19668367346938778 0.6648629148629148 0.00663265306122449 0.00937950937950938
2 0.0903061224489796 0.7788600288600288 0.015306122448979593 0.049783549783549784
0 0.7017857142857143 0.7824675324675324 0.028061224489795922 0.05411255411255411
12 0.048469387755102046 0.7954545454545454 0.006122448979591837 0.048340548340548344
12 0.3943877551020408 0.7954545454545454 0.009183673469387756 0.048340548340548344
12 0.9512755102040817 0.7958152958152959 0.011734693877551022 0.049062049062049064
12 0.6790816326530613 0.7958152958152959 0.00816326530612245 0.047619047619047616
14 0.5801020408163265 0.7781385281385281 0.0071428571428571435 0.010822510822510822
14 0.19642857142857145 0.79004329004329 0.0071428571428571435 0.0101010101010101
2 0.0903061224489796 0.9051226551226551 0.015306122448979593 0.049783549783549784
0 0.701530612244898 0.9076479076479076 0.02755102040816327 0.05339105339105339
12 0.3946428571428572 0.9090909090909091 0.00969387755102041 0.049062049062049064
12 0.6795918367346939 0.9087301587301587 0.00816326530612245 0.048340548340548344
12 0.950765306122449 0.9090909090909091 0.011734693877551022 0.049062049062049064
12 0.0489795918367347 0.9094516594516594 0.0071428571428571435 0.048340548340548344
26 0.06454081632653062 0.11652236652236653 0.02295918367346939 0.08441558441558442
103 0.12372448979591838 0.12337662337662338 0.012755102040816327 0.06782106782106782
16 0.1737244897959184 0.11435786435786435 0.008673469387755102 0.032467532467532464
133 0.18903061224489798 0.10822510822510822 0.01683673469387755 0.06637806637806638
17 0.2181122448979592 0.12193362193362194 0.00663265306122449 0.024531024531024532
163 0.25051020408163266 0.1075036075036075 0.01326530612244898 0.06637806637806638
103 0.2737244897959184 0.12337662337662338 0.012755102040816327 0.06782106782106782
103 0.33698979591836736 0.12301587301587301 0.012755102040816327 0.0670995670995671
103 0.4209183673469388 0.12265512265512266 0.012244897959183675 0.06637806637806638
104 0.48367346938775513 0.12157287157287157 0.01326530612244898 0.06277056277056277
16 0.5339285714285715 0.09704184704184704 0.008673469387755102 0.032467532467532464
166 0.5461734693877551 0.12193362193362194 0.012755102040816327 0.06493506493506493
135 0.5681122448979592 0.12301587301587301 0.01683673469387755 0.06565656565656566
103 0.6221938775510205 0.12337662337662338 0.012755102040816327 0.06637806637806638
102 0.7420918367346939 0.10930735930735931 0.012755102040816327 0.06277056277056277
16 0.792091836734694 0.12012987012987013 0.008673469387755102 0.031024531024531024
101 0.8053571428571429 0.11255411255411256 0.012755102040816327 0.05772005772005772
70 0.865561224489796 0.12157287157287157 0.012755102040816327 0.06277056277056277
26 0.06479591836734694 0.2297979797979798 0.023469387755102045 0.08441558441558442
103 0.12372448979591838 0.23665223665223664 0.012755102040816327 0.06782106782106782
16 0.1737244897959184 0.22763347763347763 0.008673469387755102 0.032467532467532464
133 0.18877551020408165 0.2215007215007215 0.017346938775510204 0.06493506493506493
17 0.2181122448979592 0.2352092352092352 0.00663265306122449 0.024531024531024532
163 0.25025510204081636 0.22113997113997114 0.012755102040816327 0.06565656565656566
103 0.2737244897959184 0.23665223665223664 0.012755102040816327 0.06637806637806638
103 0.33698979591836736 0.23665223665223664 0.012755102040816327 0.06637806637806638
103 0.42066326530612247 0.2362914862914863 0.012755102040816327 0.06565656565656566
104 0.48367346938775513 0.23484848484848486 0.01326530612244898 0.06277056277056277
16 0.5339285714285715 0.21103896103896103 0.008673469387755102 0.032467532467532464
166 0.5461734693877551 0.23556998556998557 0.012755102040816327 0.06421356421356421
135 0.5681122448979592 0.2362914862914863 0.01683673469387755 0.06565656565656566
103 0.6221938775510205 0.23665223665223664 0.012755102040816327 0.06637806637806638
102 0.7423469387755103 0.22258297258297258 0.01326530612244898 0.06132756132756133
16 0.792091836734694 0.23376623376623376 0.008673469387755102 0.031746031746031744
101 0.8053571428571429 0.2261904761904762 0.012755102040816327 0.056998556998557
70 0.8653061224489796 0.2344877344877345 0.01326530612244898 0.06349206349206349
26 0.06479591836734694 0.3434343434343434 0.023469387755102045 0.08513708513708514
104 0.12346938775510205 0.3484848484848485 0.01326530612244898 0.06349206349206349
134 0.1864795918367347 0.3531746031746032 0.012755102040816327 0.07287157287157287
17 0.2178571428571429 0.3427128427128427 0.006122448979591837 0.023088023088023088
164 0.22882653061224492 0.3373015873015873 0.013775510204081635 0.05411255411255411
164 0.24668367346938777 0.3531746031746032 0.018877551020408164 0.07142857142857142
104 0.2737244897959184 0.3484848484848485 0.012755102040816327 0.06349206349206349
104 0.33673469387755106 0.3484848484848485 0.01326530612244898 0.06349206349206349
104 0.42066326530612247 0.3481240981240981 0.013775510204081635 0.06277056277056277
105 0.4834183673469388 0.3445165945165945 0.012755102040816327 0.056998556998557
167 0.5461734693877551 0.3430735930735931 0.012755102040816327 0.05266955266955267
136 0.5683673469387756 0.3448773448773449 0.015306122448979593 0.05627705627705628
104 0.6221938775510205 0.3484848484848485 0.012755102040816327 0.06349206349206349
103 0.7420918367346939 0.3495670995670996 0.012755102040816327 0.06565656565656566
102 0.8048469387755103 0.3362193362193362 0.012755102040816327 0.06204906204906205
71 0.8658163265306124 0.3445165945165945 0.01326530612244898 0.056998556998557
26 0.06479591836734694 0.45707070707070707 0.023469387755102045 0.08585858585858586
108 0.12372448979591838 0.44985569985569984 0.012755102040816327 0.06277056277056277
107 0.1864795918367347 0.4527417027417027 0.012755102040816327 0.05844155844155844
79 0.2739795918367347 0.4523809523809524 0.01326530612244898 0.05772005772005772
54 0.4227040816326531 0.44985569985569984 0.01785714285714286 0.06277056277056277
18 0.8331632653061225 0.4466089466089466 0.015306122448979593 0.012987012987012988
27 0.06505102040816327 0.5692640692640693 0.025 0.05194805194805195
101 0.12448979591836735 0.566017316017316 0.01326530612244898 0.056998556998557
16 0.1739795918367347 0.5804473304473304 0.009183673469387756 0.032467532467532464
100 0.18698979591836737 0.5696248196248196 0.012755102040816327 0.051226551226551224
76 0.2737244897959184 0.5753968253968254 0.012755102040816327 0.06277056277056277
16 0.4084183673469388 0.5616883116883117 0.008673469387755102 0.032467532467532464
49 0.42321428571428577 0.5689033189033189 0.01683673469387755 0.05266955266955267
18 0.8334183673469389 0.5602453102453102 0.01683673469387755 0.013708513708513708
26 0.06454081632653062 0.6836219336219336 0.02295918367346939 0.08441558441558442
107 0.12372448979591838 0.6796536796536796 0.012755102040816327 0.05772005772005772
137 0.18673469387755104 0.6832611832611832 0.01326530612244898 0.05194805194805195
17 0.2181122448979592 0.6652236652236653 0.00663265306122449 0.023088023088023088
167 0.24668367346938777 0.6836219336219336 0.019897959183673472 0.051226551226551224
107 0.2737244897959184 0.6796536796536796 0.012755102040816327 0.05772005772005772
107 0.33673469387755106 0.6796536796536796 0.01326530612244898 0.05772005772005772
107 0.4209183673469388 0.68001443001443 0.014285714285714287 0.05844155844155844
108 0.4834183673469388 0.6767676767676768 0.013775510204081635 0.06349206349206349
16 0.5339285714285715 0.6396103896103896 0.008673469387755102 0.03391053391053391
170 0.5461734693877551 0.6742424242424242 0.01479591836734694 0.06854256854256854
139 0.5681122448979592 0.6771284271284271 0.01683673469387755 0.06277056277056277
107 0.6219387755102042 0.6803751803751804 0.012244897959183675 0.05772005772005772
18 0.8334183673469389 0.6731601731601732 0.01683673469387755 0.01443001443001443
26 0.06479591836734694 0.7976190476190477 0.023469387755102045 0.08585858585858586
104 0.12397959183673471 0.801948051948052 0.01326530612244898 0.06421356421356421
134 0.1864795918367347 0.8062770562770563 0.012755102040816327 0.07287157287157287
17 0.2178571428571429 0.7958152958152959 0.006122448979591837 0.023088023088023088
164 0.22882653061224492 0.7914862914862915 0.013775510204081635 0.05916305916305916
164 0.24668367346938777 0.8062770562770563 0.018877551020408164 0.07142857142857142
104 0.2739795918367347 0.8015873015873016 0.01326530612244898 0.06349206349206349
104 0.33673469387755106 0.8026695526695526 0.01326530612244898 0.06421356421356421
104 0.42066326530612247 0.8023088023088023 0.013775510204081635 0.06349206349206349
105 0.4834183673469388 0.7987012987012987 0.013775510204081635 0.05772005772005772
167 0.5461734693877551 0.7965367965367965 0.012755102040816327 0.05339105339105339
136 0.5686224489795919 0.7983405483405484 0.015816326530612247 0.056998556998557
104 0.6219387755102042 0.8023088023088023 0.01326530612244898 0.06349206349206349
18 0.8334183673469389 0.7864357864357865 0.01683673469387755 0.01443001443001443
27 0.06505102040816327 0.9087301587301587 0.025 0.051226551226551224
101 0.12423469387755103 0.9062049062049062 0.013775510204081635 0.05772005772005772
16 0.1739795918367347 0.9202741702741702 0.009183673469387756 0.03391053391053391
100 0.18698979591836737 0.9098124098124099 0.012755102040816327 0.05194805194805195
74 0.27423469387755106 0.902958152958153 0.013775510204081635 0.06277056277056277
51 0.4229591836734694 0.9090909090909091 0.017346938775510204 0.05194805194805195
18 0.8334183673469389 0.9004329004329005 0.01683673469387755 0.01443001443001443
