12 0.047959183673469394 0.023088023088023088 0.0071428571428571435 0.044733044733044736
1 0.09744897959183674 0.022727272727272728 0.02959183673469388 0.04401154401154401
12 0.2543367346938776 0.022366522366522368 0.007653061224489797 0.04329004329004329
12 0.5428571428571429 0.022366522366522368 0.00816326530612245 0.04329004329004329
12 0.778061224489796 0.022727272727272728 0.00816326530612245 0.04401154401154401
12 0.9515306122448981 0.022366522366522368 0.00816326530612245 0.04329004329004329
1 0.09770408163265307 0.31024531024531027 0.030102040816326534 0.06060606060606061
12 0.5428571428571429 0.31637806637806637 0.009183673469387756 0.048340548340548344
12 0.778061224489796 0.31637806637806637 0.00816326530612245 0.048340548340548344
12 0.9512755102040817 0.31673881673881676 0.008673469387755102 0.049062049062049064
12 0.047959183673469394 0.3170995670995671 0.0071428571428571435 0.048340548340548344
27 0.06505102040816327 0.023088023088023088 0.025 0.044733044733044736
21 0.1681122448979592 0.020562770562770564 0.010714285714285714 0.023809523809523808
20 0.19642857142857145 0.01948051948051948 0.011224489795918368 0.03607503607503607
21 0.32729591836734695 0.020923520923520924 0.010714285714285714 0.023088023088023088
21 0.3872448979591837 0.020562770562770564 0.011224489795918368 0.023809523809523808
21 0.44923469387755105 0.020923520923520924 0.010714285714285714 0.024531024531024532
21 0.5089285714285715 0.020923520923520924 0.010714285714285714 0.024531024531024532
21 0.5936224489795919 0.021645021645021644 0.011734693877551022 0.024531024531024532
20 0.6219387755102042 0.01948051948051948 0.011224489795918368 0.03607503607503607
21 0.703826530612245 0.021645021645021644 0.010714285714285714 0.024531024531024532
20 0.7321428571428572 0.0202020202020202 0.011224489795918368 0.03607503607503607
18 0.8747448979591838 0.011544011544011544 0.018877551020408164 0.01443001443001443
37 0.06505102040816327 0.32287157287157287 0.025 0.06565656565656566
135 0.13801020408163267 0.32215007215007213 0.013775510204081635 0.06277056277056277
21 0.16836734693877553 0.3170995670995671 0.010204081632653062 0.023809523809523808
20 0.19668367346938778 0.3152958152958153 0.010714285714285714 0.03751803751803752
138 0.2969387755102041 0.3142135642135642 0.01326530612244898 0.056998556998557
21 0.32729591836734695 0.3170995670995671 0.010714285714285714 0.023809523809523808
135 0.35688775510204085 0.3217893217893218 0.013775510204081635 0.06204906204906205
21 0.3875 0.31673881673881676 0.010714285714285714 0.024531024531024532
133 0.4209183673469388 0.31132756132756134 0.01938775510204082 0.06277056277056277
21 0.4487244897959184 0.3170995670995671 0.010714285714285714 0.025252525252525252
135 0.47882653061224495 0.32215007215007213 0.013775510204081635 0.06277056277056277
21 0.5091836734693878 0.3170995670995671 0.010204081632653062 0.023809523809523808
138 0.5619897959183674 0.3142135642135642 0.013775510204081635 0.056998556998557
21 0.5936224489795919 0.31746031746031744 0.010714285714285714 0.024531024531024532
20 0.6219387755102042 0.31493506493506496 0.011224489795918368 0.0367965367965368
138 0.6721938775510204 0.3142135642135642 0.013775510204081635 0.056998556998557
21 0.7035714285714286 0.31746031746031744 0.010204081632653062 0.024531024531024532
20 0.7321428571428572 0.3152958152958153 0.011224489795918368 0.03751803751803752
18 0.8747448979591838 0.3077200577200577 0.018877551020408164 0.015151515151515152
