12 0.04793926247288503 0.04079754601226994 0.00737527114967462 0.04233128834355829
12 0.32472885032537957 0.04079754601226994 0.00911062906724512 0.04233128834355829
12 0.4318872017353579 0.04110429447852761 0.006507592190889371 0.04171779141104295
12 0.4882863340563991 0.04110429447852761 0.00824295010845987 0.04171779141104295
12 0.951409978308026 0.04079754601226994 0.008676789587852495 0.04110429447852761
12 0.17635574837310194 0.04110429447852761 0.00911062906724512 0.04049079754601227
12 0.6626898047722343 0.04141104294478528 0.006507592190889371 0.04110429447852761
12 0.8399132321041214 0.04110429447852761 0.007809110629067245 0.04049079754601227
14 0.41019522776572664 0.025460122699386505 0.005639913232104121 0.007975460122699387
12 0.5711496746203905 0.04141104294478528 0.006507592190889371 0.03987730061349694
12 0.7507592190889371 0.04570552147239264 0.00824295010845987 0.03374233128834356
12 0.23015184381778742 0.2147239263803681 0.00737527114967462 0.0392638036809816
12 0.8295010845986984 0.21595092024539878 0.007809110629067245 0.04171779141104295
12 0.04772234273318872 0.21625766871165644 0.007809110629067245 0.04110429447852761
12 0.3639913232104121 0.21656441717791414 0.007809110629067245 0.04171779141104295
12 0.4869848156182212 0.21656441717791414 0.00737527114967462 0.04049079754601227
12 0.7119305856832971 0.21625766871165644 0.006941431670281995 0.03987730061349694
14 0.8744034707158351 0.2217791411042945 0.005639913232104121 0.007975460122699387
12 0.2299349240780911 0.31533742331288345 0.009544468546637744 0.04171779141104295
12 0.8295010845986984 0.31533742331288345 0.008676789587852495 0.04171779141104295
12 0.049240780911062904 0.3156441717791411 0.00911062906724512 0.04110429447852761
12 0.36442516268980474 0.3156441717791411 0.008676789587852495 0.04110429447852761
12 0.4867678958785249 0.3156441717791411 0.007809110629067245 0.04110429447852761
12 0.5989154013015184 0.3156441717791411 0.00737527114967462 0.03987730061349694
12 0.7117136659436009 0.3159509202453988 0.00824295010845987 0.0392638036809816
14 0.8744034707158351 0.32147239263803684 0.004772234273318872 0.00736196319018405
14 0.5433839479392625 0.44509202453987734 0.005639913232104121 0.007975460122699387
14 0.34338394793926247 0.445398773006135 0.005639913232104121 0.00736196319018405
14 0.6537960954446854 0.4561349693251534 0.006073752711496746 0.007975460122699387
14 0.7637744034707158 0.4668711656441718 0.006507592190889371 0.008588957055214725
12 0.16963123644251626 0.49110429447852766 0.008676789587852495 0.04233128834355829
12 0.04772234273318872 0.49110429447852766 0.009544468546637744 0.04110429447852761
12 0.24837310195227766 0.49110429447852766 0.00911062906724512 0.04110429447852761
12 0.323644251626898 0.49110429447852766 0.009544468546637744 0.04110429447852761
12 0.42906724511930583 0.49110429447852766 0.009544468546637744 0.04110429447852761
12 0.524295010845987 0.49079754601227 0.00911062906724512 0.04049079754601227
12 0.6344902386117136 0.49079754601227 0.00911062906724512 0.04049079754601227
12 0.744468546637744 0.49110429447852766 0.009544468546637744 0.04110429447852761
14 0.9511930585683297 0.4914110429447853 0.011713665943600867 0.04171779141104295
14 0.8247288503253796 0.47607361963190187 0.005206073752711497 0.00736196319018405
14 0.7852494577006507 0.49662576687116566 0.005206073752711497 0.006748466257668712
14 0.5433839479392625 0.5653374233128835 0.006507592190889371 0.009202453987730062
12 0.24859002169197394 0.5901840490797546 0.008676789587852495 0.04171779141104295
12 0.6342733188720173 0.5904907975460123 0.009544468546637744 0.04233128834355829
12 0.7438177874186551 0.5901840490797546 0.00911062906724512 0.04171779141104295
14 0.9516268980477223 0.5901840490797546 0.009978308026030369 0.04171779141104295
12 0.04902386117136659 0.5904907975460123 0.009544468546637744 0.04110429447852761
12 0.16919739696312364 0.5904907975460123 0.009544468546637744 0.04110429447852761
12 0.323644251626898 0.5904907975460123 0.008676789587852495 0.04110429447852761
12 0.42885032537960954 0.5904907975460123 0.00911062906724512 0.04110429447852761
12 0.5245119305856832 0.5904907975460123 0.009544468546637744 0.04110429447852761
14 0.6540130151843817 0.5760736196319018 0.006507592190889371 0.0098159509202454
14 0.34338394793926247 0.5757668711656442 0.006507592190889371 0.007975460122699387
14 0.7635574837310195 0.5858895705521473 0.006941431670281995 0.0098159509202454
14 0.8247288503253796 0.5858895705521473 0.005206073752711497 0.00736196319018405
12 0.23058568329718004 0.7656441717791411 0.00737527114967462 0.04171779141104295
12 0.8303687635574837 0.7659509202453988 0.007809110629067245 0.04233128834355829
12 0.047505422993492405 0.7662576687116565 0.009978308026030369 0.04171779141104295
12 0.35900216919739697 0.7662576687116565 0.00737527114967462 0.04171779141104295
12 0.4811279826464208 0.7662576687116565 0.007809110629067245 0.04171779141104295
12 0.59587852494577 0.7665644171779141 0.00824295010845987 0.04110429447852761
12 0.7112798264642082 0.7662576687116565 0.00737527114967462 0.0392638036809816
12 0.04880694143167028 0.8656441717791411 0.00911062906724512 0.04171779141104295
12 0.3596529284164859 0.8656441717791411 0.007809110629067245 0.04171779141104295
12 0.4813449023861171 0.8656441717791411 0.00737527114967462 0.04171779141104295
12 0.8303687635574837 0.8653374233128834 0.008676789587852495 0.04110429447852761
14 0.23101952277657264 0.8656441717791411 0.00911062906724512 0.04049079754601227
12 0.7112798264642082 0.8653374233128834 0.00824295010845987 0.03987730061349694
27 0.06268980477223426 0.04110429447852761 0.020390455531453362 0.044171779141104296
99 0.12169197396963123 0.04355828220858896 0.009978308026030369 0.049079754601226995
102 0.14793926247288502 0.03619631901840491 0.009544468546637744 0.053987730061349694
95 0.16203904555314533 0.05245398773006135 0.010845986984815618 0.06687116564417178
20 0.18459869848156182 0.015950920245398775 0.00824295010845987 0.02822085889570552
78 0.30629067245119307 0.04110429447852761 0.012147505422993492 0.04294478527607362
107 0.3344902386117137 0.0392638036809816 0.009544468546637744 0.04785276073619632
78 0.35357917570498915 0.04110429447852761 0.012147505422993492 0.04294478527607362
107 0.3813449023861171 0.03865030674846626 0.009544468546637744 0.04785276073619632
106 0.40260303687635574 0.04141104294478528 0.009544468546637744 0.04233128834355829
140 0.4223427331887202 0.03374233128834356 0.010845986984815618 0.05766871165644172
139 0.44208242950108456 0.03588957055214724 0.009544468546637744 0.052147239263803685
138 0.4546637744034707 0.03834355828220859 0.011279826464208243 0.047239263803680986
79 0.47028199566160517 0.03895705521472393 0.012147505422993492 0.04846625766871166
106 0.49804772234273315 0.04141104294478528 0.009544468546637744 0.04355828220858896
105 0.5171366594360086 0.04355828220858896 0.009544468546637744 0.04785276073619632
134 0.5488069414316703 0.04631901840490798 0.008676789587852495 0.05337423312883436
135 0.5620390455531453 0.045092024539877304 0.00824295010845987 0.052147239263803685
136 0.5813449023861171 0.04386503067484663 0.008676789587852495 0.04846625766871166
136 0.5941431670281996 0.042638036809815955 0.010845986984815618 0.047239263803680986
105 0.6091106290672451 0.04325153374233129 0.009544468546637744 0.04846625766871166
134 0.6401301518438177 0.04601226993865031 0.00911062906724512 0.053987730061349694
135 0.6535791757049891 0.04478527607361964 0.00824295010845987 0.051533742331288344
136 0.6731019522776572 0.04386503067484663 0.00911062906724512 0.047239263803680986
136 0.6856832971800434 0.04294478527607362 0.010845986984815618 0.046625766871165646
135 0.6997830802603037 0.04325153374233129 0.008676789587852495 0.047239263803680986
137 0.7147505422993492 0.04355828220858896 0.00911062906724512 0.049079754601226995
136 0.7279826464208242 0.045092024539877304 0.008676789587852495 0.049693251533742336
135 0.7412147505422993 0.04601226993865031 0.00824295010845987 0.05276073619631902
134 0.7603036876355748 0.047239263803680986 0.00911062906724512 0.053987730061349694
133 0.7733188720173535 0.04754601226993865 0.010845986984815618 0.05582822085889571
132 0.789587852494577 0.03895705521472393 0.011279826464208243 0.047239263803680986
132 0.8017353579175704 0.03834355828220859 0.009544468546637744 0.049693251533742336
133 0.8149674620390455 0.03742331288343558 0.009978308026030369 0.05276073619631902
134 0.8281995661605206 0.03588957055214724 0.009544468546637744 0.054601226993865035
135 0.8492407809110629 0.03404907975460123 0.00911062906724512 0.057055214723926384
136 0.8620390455531453 0.033128834355828224 0.008676789587852495 0.060122699386503074
16 0.8711496746203904 0.022085889570552148 0.006941431670281995 0.025766871165644172
106 0.8815618221258134 0.04110429447852761 0.009544468546637744 0.04294478527607362
105 0.9238611713665943 0.04325153374233129 0.00911062906724512 0.04846625766871166
28 0.06247288503253796 0.21656441717791414 0.021691973969631236 0.044171779141104296
143 0.1195227765726681 0.201840490797546 0.009978308026030369 0.07239263803680981
141 0.13232104121475052 0.20644171779141104 0.009544468546637744 0.06441717791411043
17 0.14164859002169197 0.19079754601226995 0.006507592190889371 0.02822085889570552
139 0.14989154013015182 0.21226993865030677 0.011713665943600867 0.05276073619631902
140 0.16529284164859 0.20920245398773007 0.010412147505422993 0.05766871165644172
140 0.182646420824295 0.2088957055214724 0.010412147505422993 0.05828220858895706
139 0.19999999999999998 0.2116564417177914 0.009544468546637744 0.05276073619631902
138 0.21735357917570497 0.21441717791411044 0.009544468546637744 0.04846625766871166
137 0.2403470715835141 0.2168711656441718 0.008676789587852495 0.04355828220858896
17 0.24989154013015183 0.20552147239263804 0.006941431670281995 0.030674846625766874
136 0.25770065075921905 0.2177914110429448 0.011279826464208243 0.04539877300613497
16 0.26811279826464207 0.20276073619631904 0.006941431670281995 0.025153374233128835
136 0.27830802603036875 0.2177914110429448 0.00911062906724512 0.04539877300613497
17 0.28720173535791754 0.1901840490797546 0.006941431670281995 0.030674846625766874
139 0.2963123644251627 0.21226993865030677 0.008676789587852495 0.05276073619631902
141 0.31171366594360084 0.2067484662576687 0.012581344902386117 0.0638036809815951
143 0.3288503253796095 0.201840490797546 0.009544468546637744 0.0736196319018405
141 0.34143167028199567 0.20613496932515338 0.009544468546637744 0.0638036809815951
139 0.3533622559652928 0.2116564417177914 0.010845986984815618 0.05276073619631902
143 0.37483731019522776 0.20153374233128835 0.009544468546637744 0.07423312883435583
141 0.3872017353579176 0.2067484662576687 0.009978308026030369 0.0638036809815951
17 0.396529284164859 0.1901840490797546 0.006073752711496746 0.030674846625766874
139 0.40455531453362253 0.2116564417177914 0.010845986984815618 0.05276073619631902
140 0.4203904555314533 0.20920245398773007 0.010412147505422993 0.05766871165644172
144 0.4392624728850325 0.199079754601227 0.010845986984815618 0.07791411042944786
143 0.4566160520607375 0.20122699386503068 0.009978308026030369 0.0736196319018405
142 0.47462039045553145 0.20368098159509204 0.010412147505422993 0.0687116564417178
141 0.4982646420824295 0.2067484662576687 0.009978308026030369 0.0638036809815951
140 0.514533622559653 0.20920245398773007 0.013015184381778741 0.05766871165644172
140 0.5325379609544468 0.20950920245398774 0.009978308026030369 0.057055214723926384
17 0.5418655097613883 0.19110429447852761 0.007809110629067245 0.030061349693251537
139 0.5507592190889371 0.2119631901840491 0.00911062906724512 0.05337423312883436
139 0.5683297180043384 0.2119631901840491 0.009544468546637744 0.052147239263803685
138 0.5856832971800433 0.21411042944785277 0.009544468546637744 0.04785276073619632
138 0.6099783080260304 0.21411042944785277 0.009544468546637744 0.04785276073619632
137 0.6258134490238612 0.21656441717791414 0.011713665943600867 0.04294478527607362
137 0.644468546637744 0.21748466257668714 0.00911062906724512 0.04478527607361964
136 0.6620390455531453 0.21717791411042947 0.009544468546637744 0.04539877300613497
136 0.6793926247288503 0.21717791411042947 0.009544468546637744 0.04539877300613497
135 0.6965292841648589 0.2177914110429448 0.00911062906724512 0.04539877300613497
136 0.7219088937093275 0.2177914110429448 0.009544468546637744 0.04539877300613497
137 0.737527114967462 0.21748466257668714 0.012147505422993492 0.04478527607361964
17 0.7492407809110628 0.19079754601226995 0.006073752711496746 0.020858895705521473
138 0.7678958785249458 0.21411042944785277 0.009544468546637744 0.04785276073619632
137 0.7824295010845986 0.21625766871165644 0.00911062906724512 0.04355828220858896
136 0.7960954446854663 0.21656441717791414 0.010412147505422993 0.04294478527607362
104 0.8112798264642082 0.22147239263803684 0.009544468546637744 0.053987730061349694
103 0.8405639913232104 0.2226993865030675 0.010845986984815618 0.05644171779141104
74 0.8648590021691973 0.2116564417177914 0.012581344902386117 0.053987730061349694
34 0.8861171366594359 0.21349693251533744 0.017787418655097614 0.049079754601226995
27 0.062039045553145336 0.31533742331288345 0.020824295010845987 0.044171779141104296
104 0.12060737527114967 0.32055214723926384 0.011279826464208243 0.05582822085889571
103 0.16550976138828633 0.32239263803680984 0.010845986984815618 0.05828220858895706
20 0.19891540130151844 0.2904907975460123 0.00911062906724512 0.02883435582822086
101 0.24164859002169195 0.3138036809815951 0.010412147505422993 0.04846625766871166
16 0.2678958785249458 0.2969325153374233 0.00737527114967462 0.025766871165644172
106 0.2787418655097614 0.3156441717791411 0.009978308026030369 0.04233128834355829
105 0.32906724511930585 0.3187116564417178 0.009978308026030369 0.049693251533742336
104 0.37505422993492404 0.3208588957055215 0.009978308026030369 0.053987730061349694
134 0.4199566160520607 0.32239263803680984 0.009544468546637744 0.057055214723926384
141 0.4390455531453362 0.31257668711656444 0.010412147505422993 0.07423312883435583
140 0.4568329718004338 0.3147239263803681 0.011279826464208243 0.06993865030674846
139 0.4739696312364425 0.3165644171779141 0.009978308026030369 0.06503067484662577
138 0.4982646420824295 0.3193251533742332 0.009978308026030369 0.05950920245398773
137 0.5136659436008677 0.3208588957055215 0.013015184381778741 0.053987730061349694
137 0.5329718004338394 0.31717791411042945 0.00911062906724512 0.04539877300613497
136 0.5509761388286334 0.3174846625766871 0.009544468546637744 0.047239263803680986
136 0.568112798264642 0.3184049079754601 0.00911062906724512 0.049079754601226995
135 0.5852494577006507 0.31963190184049084 0.008676789587852495 0.05030674846625767
135 0.6093275488069414 0.3208588957055215 0.00824295010845987 0.05276073619631902
134 0.6258134490238612 0.3211656441717792 0.011713665943600867 0.054601226993865035
134 0.6464208242950108 0.31073619631901844 0.012147505422993492 0.054601226993865035
133 0.6622559652928416 0.3110429447852761 0.009978308026030369 0.05521472392638037
133 0.6793926247288503 0.3110429447852761 0.010412147505422993 0.05521472392638037
132 0.6969631236442516 0.3110429447852761 0.010845986984815618 0.053987730061349694
133 0.7221258134490238 0.3110429447852761 0.010845986984815618 0.053987730061349694
134 0.7396963123644251 0.31073619631901844 0.009544468546637744 0.054601226993865035
104 0.7681127982646421 0.3208588957055215 0.009978308026030369 0.053987730061349694
105 0.8112798264642082 0.3187116564417178 0.009544468546637744 0.049693251533742336
98 0.8401301518438178 0.3199386503067485 0.009978308026030369 0.05337423312883436
73 0.86529284164859 0.31349693251533745 0.012581344902386117 0.049079754601226995
18 0.8843817787418655 0.298159509202454 0.014316702819956615 0.012269938650306749
34 0.062039045553145336 0.4865030674846626 0.020824295010845987 0.05276073619631902
76 0.13535791757049892 0.496319018404908 0.013015184381778741 0.053987730061349694
107 0.1809110629067245 0.48957055214723927 0.010412147505422993 0.04785276073619632
78 0.2140997830802603 0.4914110429447853 0.012581344902386117 0.044171779141104296
109 0.2598698481561822 0.48404907975460126 0.011279826464208243 0.05766871165644172
80 0.29023861171366594 0.4865030674846626 0.013015184381778741 0.05276073619631902
142 0.3353579175704989 0.47883435582822087 0.011279826464208243 0.06932515337423313
173 0.358351409978308 0.47607361963190187 0.01475054229934924 0.0736196319018405
111 0.375704989154013 0.4794478527607362 0.011279826464208243 0.06687116564417178
110 0.4041214750542299 0.48159509202453993 0.010845986984815618 0.0638036809815951
109 0.4399132321041215 0.48404907975460126 0.010412147505422993 0.05766871165644172
112 0.47028199566160517 0.4766871165644172 0.010412147505422993 0.07239263803680981
112 0.49913232104121474 0.47730061349693254 0.009978308026030369 0.07239263803680981
142 0.5355748373101952 0.47914110429447854 0.010845986984815618 0.0687116564417178
173 0.5585683297180043 0.47638036809815953 0.015184381778741865 0.07423312883435583
110 0.5811279826464208 0.48128834355828226 0.010845986984815618 0.06319018404907976
110 0.6097613882863341 0.48128834355828226 0.010845986984815618 0.06319018404907976
140 0.6459869848156182 0.4837423312883436 0.011279826464208243 0.05828220858895706
171 0.668763557483731 0.4809815950920246 0.015184381778741865 0.06257668711656442
108 0.6908893709327548 0.4865030674846626 0.009978308026030369 0.053987730061349694
108 0.7197396963123643 0.48619631901840493 0.009544468546637744 0.05337423312883436
138 0.7563991323210412 0.5 0.010845986984815618 0.06993865030674846
74 0.7752711496746204 0.5021472392638037 0.011279826464208243 0.06441717791411043
169 0.7906724511930585 0.49693251533742333 0.015184381778741865 0.0736196319018405
78 0.8158351409978307 0.47975460122699387 0.011713665943600867 0.06748466257668712
28 0.8590021691973969 0.4901840490797546 0.01475054229934924 0.044171779141104296
137 0.8724511930585683 0.4914110429447853 0.009544468546637744 0.044171779141104296
135 0.8872017353579176 0.493558282208589 0.011279826464208243 0.04846625766871166
139 0.9071583514099782 0.4865030674846626 0.008676789587852495 0.05276073619631902
137 0.9227765726681127 0.4914110429447853 0.009544468546637744 0.044171779141104296
135 0.9377440347071583 0.49386503067484666 0.010845986984815618 0.049079754601226995
27 0.06225596529284164 0.5901840490797546 0.020390455531453362 0.044171779141104296
18 0.14446854663774403 0.5726993865030675 0.01388286334056399 0.011656441717791411
18 0.20802603036876355 0.5726993865030675 0.012581344902386117 0.011656441717791411
73 0.21496746203904554 0.589877300613497 0.012581344902386117 0.04846625766871166
104 0.26008676789587853 0.595398773006135 0.010845986984815618 0.054601226993865035
75 0.29067245119305857 0.5969325153374233 0.01388286334056399 0.05766871165644172
137 0.3353579175704989 0.591717791411043 0.009544468546637744 0.04478527607361964
168 0.35791757049891537 0.5886503067484663 0.01475054229934924 0.04846625766871166
106 0.3752711496746204 0.59079754601227 0.010412147505422993 0.04294478527607362
105 0.4039045553145336 0.5932515337423313 0.010412147505422993 0.049079754601226995
104 0.4399132321041215 0.595398773006135 0.009544468546637744 0.05337423312883436
109 0.4704989154013015 0.5837423312883436 0.010845986984815618 0.05828220858895706
109 0.4989154013015184 0.5837423312883436 0.011279826464208243 0.05950920245398773
139 0.5351409978308026 0.5858895705521473 0.009978308026030369 0.05276073619631902
170 0.5585683297180043 0.5837423312883436 0.015184381778741865 0.05828220858895706
107 0.5809110629067245 0.5886503067484663 0.010412147505422993 0.04846625766871166
107 0.6095444685466377 0.5886503067484663 0.010412147505422993 0.04846625766871166
137 0.6455531453362255 0.591717791411043 0.009544468546637744 0.04478527607361964
168 0.6681127982646421 0.588957055214724 0.01475054229934924 0.04785276073619632
105 0.6911062906724511 0.593558282208589 0.009544468546637744 0.04846625766871166
105 0.7199566160520607 0.5932515337423313 0.009978308026030369 0.049079754601226995
135 0.7557483731019522 0.5966257668711656 0.009544468546637744 0.057055214723926384
166 0.7908893709327548 0.5957055214723926 0.01475054229934924 0.05521472392638037
75 0.8154013015184381 0.5966257668711656 0.011713665943600867 0.05582822085889571
16 0.8466377440347072 0.5923312883435583 0.00824295010845987 0.02638036809815951
102 0.8579175704989154 0.5855828220858896 0.009978308026030369 0.05337423312883436
101 0.9080260303687635 0.5883435582822086 0.010412147505422993 0.049079754601226995
28 0.06247288503253796 0.7662576687116565 0.021691973969631236 0.044171779141104296
139 0.11973969631236442 0.7616564417177915 0.008676789587852495 0.05337423312883436
137 0.13275488069414315 0.7659509202453988 0.009544468546637744 0.04478527607361964
135 0.14533622559652928 0.7680981595092025 0.011279826464208243 0.04785276073619632
136 0.16117136659436007 0.7668711656441718 0.009978308026030369 0.044171779141104296
143 0.18047722342733188 0.7515337423312883 0.010412147505422993 0.0736196319018405
142 0.19913232104121475 0.7542944785276074 0.010412147505422993 0.06932515337423313
141 0.21735357917570497 0.7564417177914111 0.011279826464208243 0.0638036809815951
140 0.24143167028199566 0.7595092024539878 0.009978308026030369 0.0588957055214724
17 0.25075921908893706 0.739877300613497 0.006941431670281995 0.030674846625766874
139 0.258351409978308 0.7619631901840491 0.011713665943600867 0.05276073619631902
16 0.2685466377440347 0.7374233128834357 0.007809110629067245 0.025766871165644172
139 0.279175704989154 0.7619631901840491 0.009978308026030369 0.05276073619631902
137 0.29197396963123645 0.7662576687116565 0.009544468546637744 0.044171779141104296
135 0.30477223427331884 0.7680981595092025 0.010845986984815618 0.04785276073619632
139 0.32212581344902386 0.7616564417177915 0.00911062906724512 0.05337423312883436
137 0.3349240780911063 0.7662576687116565 0.009544468546637744 0.044171779141104296
135 0.34728850325379607 0.7680981595092025 0.010845986984815618 0.046625766871165646
139 0.3702819956616052 0.7613496932515338 0.00911062906724512 0.05276073619631902
137 0.3832971800433839 0.7659509202453988 0.00911062906724512 0.04478527607361964
135 0.3952277657266811 0.7684049079754601 0.011279826464208243 0.047239263803680986
136 0.41127982646420824 0.7671779141104295 0.009544468546637744 0.04601226993865031
138 0.43123644251626897 0.7644171779141105 0.009544468546637744 0.04785276073619632
139 0.4492407809110629 0.7616564417177915 0.009978308026030369 0.05337423312883436
140 0.4674620390455531 0.7592024539877301 0.010845986984815618 0.05828220858895706
141 0.49219088937093275 0.7564417177914111 0.009978308026030369 0.06257668711656442
142 0.5088937093275487 0.7542944785276074 0.013015184381778741 0.06932515337423313
143 0.5279826464208243 0.751840490797546 0.010412147505422993 0.07423312883435583
142 0.5466377440347071 0.7546012269938651 0.010412147505422993 0.0687116564417178
142 0.5646420824295011 0.7546012269938651 0.010845986984815618 0.0687116564417178
141 0.5822125813449024 0.7564417177914111 0.010412147505422993 0.0638036809815951
141 0.6069414316702819 0.7567484662576688 0.010412147505422993 0.06319018404907976
140 0.6242950108459869 0.7592024539877301 0.013015184381778741 0.05828220858895706
140 0.6436008676789587 0.7592024539877301 0.010845986984815618 0.05828220858895706
139 0.6613882863340563 0.7616564417177915 0.009978308026030369 0.05337423312883436
139 0.6793926247288503 0.7619631901840491 0.009544468546637744 0.05276073619631902
138 0.6973969631236442 0.7641104294478528 0.009978308026030369 0.04846625766871166
139 0.7219088937093275 0.7616564417177915 0.009544468546637744 0.052147239263803685
140 0.7390455531453362 0.7595092024539878 0.013449023861171366 0.05766871165644172
141 0.7668112798264641 0.7564417177914111 0.010845986984815618 0.06257668711656442
140 0.7813449023861171 0.7592024539877301 0.010412147505422993 0.05828220858895706
139 0.7952277657266811 0.7616564417177915 0.011279826464208243 0.052147239263803685
107 0.8110629067245119 0.7641104294478528 0.009978308026030369 0.049693251533742336
106 0.8412147505422993 0.7665644171779141 0.009544468546637744 0.04355828220858896
105 0.86529284164859 0.7687116564417178 0.009978308026030369 0.049079754601226995
70 0.8872017353579176 0.7717791411042946 0.012147505422993492 0.053987730061349694
27 0.06268980477223426 0.8653374233128834 0.020390455531453362 0.04478527607361964
100 0.12039045553145336 0.8656441717791411 0.010845986984815618 0.044171779141104296
99 0.161822125813449 0.8677914110429449 0.009544468546637744 0.049693251533742336
20 0.19804772234273318 0.8401840490797546 0.00911062906724512 0.030061349693251537
97 0.24208242950108458 0.8723926380368099 0.011279826464208243 0.0588957055214724
16 0.26898047722342733 0.8671779141104295 0.007809110629067245 0.025153374233128835
102 0.28004338394793926 0.8610429447852761 0.009978308026030369 0.054601226993865035
101 0.3225596529284165 0.8631901840490798 0.009978308026030369 0.049079754601226995
100 0.3707158351409978 0.8659509202453988 0.009978308026030369 0.04355828220858896
130 0.41127982646420824 0.8794478527607362 0.009544468546637744 0.07055214723926381
135 0.43080260303687634 0.8766871165644172 0.008676789587852495 0.06625766871165645
136 0.44902386117136656 0.8748466257668712 0.009544468546637744 0.06257668711656442
137 0.4672451193058568 0.8730061349693252 0.009544468546637744 0.05766871165644172
138 0.4919739696312364 0.8677914110429449 0.009544468546637744 0.057055214723926384
139 0.5082429501084599 0.8634969325153374 0.012581344902386117 0.057055214723926384
140 0.5281995661605206 0.8592024539877301 0.010845986984815618 0.05828220858895706
139 0.5462039045553145 0.8613496932515338 0.009544468546637744 0.053987730061349694
139 0.5639913232104121 0.8613496932515338 0.009544468546637744 0.05276073619631902
138 0.5822125813449024 0.8634969325153374 0.009544468546637744 0.04846625766871166
138 0.6071583514099783 0.8634969325153374 0.009978308026030369 0.04846625766871166
137 0.6236442516268981 0.8653374233128834 0.011713665943600867 0.04355828220858896
137 0.6431670281995662 0.8671779141104295 0.00911062906724512 0.04601226993865031
136 0.66117136659436 0.8665644171779142 0.009544468546637744 0.04601226993865031
136 0.6793926247288503 0.8665644171779142 0.009544468546637744 0.04601226993865031
135 0.6973969631236442 0.8665644171779142 0.00911062906724512 0.04601226993865031
136 0.7219088937093275 0.8665644171779142 0.009544468546637744 0.04601226993865031
137 0.7383947939262473 0.8665644171779142 0.012147505422993492 0.04601226993865031
107 0.7663774403470716 0.8634969325153374 0.009978308026030369 0.04846625766871166
108 0.8110629067245119 0.8610429447852761 0.009978308026030369 0.05337423312883436
101 0.8414316702819956 0.8628834355828221 0.009978308026030369 0.04846625766871166
104 0.8650759219088937 0.8705521472392639 0.009544468546637744 0.053987730061349694
69 0.8874186550976139 0.8730061349693252 0.013449023861171366 0.0588957055214724
