14 0.2555555555555556 0.07238095238095238 0.00404040404040404 0.005714285714285714
14 0.7550505050505051 0.07285714285714286 0.004377104377104377 0.006666666666666666
12 0.048484848484848485 0.09166666666666666 0.006734006734006735 0.032857142857142856
12 0.21414141414141416 0.09166666666666666 0.006734006734006735 0.03190476190476191
12 0.9515151515151515 0.0919047619047619 0.006734006734006735 0.03238095238095238
12 0.33282828282828286 0.09214285714285714 0.006397306397306398 0.03190476190476191
12 0.46060606060606063 0.0919047619047619 0.006060606060606061 0.03142857142857143
12 0.5823232323232324 0.09238095238095238 0.006397306397306398 0.03238095238095238
12 0.7134680134680135 0.09214285714285714 0.006734006734006735 0.03190476190476191
12 0.8321548821548822 0.0919047619047619 0.006397306397306398 0.03142857142857143
14 0.4777777777777778 0.08023809523809523 0.00404040404040404 0.006190476190476191
12 0.04865319865319866 0.18904761904761905 0.005723905723905724 0.03238095238095238
12 0.21414141414141416 0.18880952380952382 0.0053872053872053875 0.030952380952380953
12 0.33232323232323235 0.18857142857142858 0.006060606060606061 0.030476190476190476
12 0.4604377104377105 0.18880952380952382 0.005050505050505051 0.030952380952380953
12 0.5818181818181819 0.18880952380952382 0.006060606060606061 0.030952380952380953
12 0.7132996632996633 0.18880952380952382 0.005723905723905724 0.030952380952380953
12 0.8316498316498316 0.18880952380952382 0.006060606060606061 0.030952380952380953
12 0.9516835016835017 0.18904761904761905 0.006397306397306398 0.03142857142857143
14 0.23114478114478115 0.2664285714285714 0.004377104377104377 0.006190476190476191
14 0.35370370370370374 0.2661904761904762 0.004377104377104377 0.005714285714285714
14 0.47760942760942765 0.2661904761904762 0.004377104377104377 0.005714285714285714
14 0.7304713804713805 0.2664285714285714 0.004377104377104377 0.006190476190476191
12 0.04898989898989899 0.2857142857142857 0.005723905723905724 0.03238095238095238
12 0.21481481481481482 0.2854761904761905 0.006060606060606061 0.03190476190476191
12 0.581986531986532 0.2854761904761905 0.006397306397306398 0.03190476190476191
12 0.7138047138047139 0.28523809523809524 0.006060606060606061 0.03142857142857143
12 0.951851851851852 0.2854761904761905 0.006060606060606061 0.03190476190476191
12 0.33265993265993266 0.2854761904761905 0.006060606060606061 0.030952380952380953
12 0.4607744107744108 0.2857142857142857 0.006397306397306398 0.03142857142857143
12 0.831986531986532 0.2854761904761905 0.006060606060606061 0.030952380952380953
14 0.5993265993265994 0.28214285714285714 0.004713804713804714 0.006190476190476191
14 0.10016835016835017 0.28214285714285714 0.004377104377104377 0.005238095238095238
12 0.9516835016835017 0.3823809523809524 0.006397306397306398 0.03238095238095238
12 0.04882154882154882 0.38285714285714284 0.006060606060606061 0.03238095238095238
12 0.21414141414141416 0.38261904761904764 0.006060606060606061 0.03190476190476191
12 0.33265993265993266 0.38261904761904764 0.006060606060606061 0.03190476190476191
12 0.5821548821548822 0.3823809523809524 0.006060606060606061 0.03142857142857143
12 0.7132996632996633 0.38261904761904764 0.006397306397306398 0.03190476190476191
12 0.831986531986532 0.38261904761904764 0.006060606060606061 0.03190476190476191
12 0.4607744107744108 0.38285714285714284 0.006397306397306398 0.03142857142857143
14 0.47760942760942765 0.370952380952381 0.004377104377104377 0.006666666666666666
14 0.35370370370370374 0.3788095238095238 0.004377104377104377 0.006190476190476191
14 0.853030303030303 0.3788095238095238 0.004377104377104377 0.006190476190476191
14 0.23131313131313133 0.379047619047619 0.004713804713804714 0.005714285714285714
14 0.7306397306397306 0.379047619047619 0.004713804713804714 0.005714285714285714
14 0.1 0.38666666666666666 0.00404040404040404 0.005714285714285714
14 0.5994949494949495 0.38666666666666666 0.004377104377104377 0.005714285714285714
12 0.7131313131313132 0.4795238095238095 0.006734006734006735 0.03238095238095238
12 0.831986531986532 0.47928571428571426 0.006734006734006735 0.03190476190476191
12 0.9513468013468014 0.4795238095238095 0.006397306397306398 0.03238095238095238
12 0.04814814814814815 0.4795238095238095 0.006734006734006735 0.03142857142857143
12 0.2138047138047138 0.4795238095238095 0.006734006734006735 0.03142857142857143
12 0.33265993265993266 0.4795238095238095 0.006734006734006735 0.03142857142857143
12 0.4602693602693603 0.4797619047619048 0.006060606060606061 0.03190476190476191
12 0.581986531986532 0.4797619047619048 0.006397306397306398 0.03190476190476191
13 0.20151515151515154 0.7471428571428571 0.007744107744107744 0.03333333333333333
12 0.04831649831649832 0.7476190476190476 0.006397306397306398 0.03333333333333333
12 0.7595959595959596 0.7473809523809524 0.006060606060606061 0.032857142857142856
12 0.32491582491582494 0.7476190476190476 0.006060606060606061 0.03238095238095238
12 0.48282828282828283 0.7473809523809524 0.0053872053872053875 0.03190476190476191
12 0.6008417508417508 0.7476190476190476 0.006397306397306398 0.03238095238095238
12 0.8543771043771045 0.7473809523809524 0.007070707070707071 0.03190476190476191
12 0.9515151515151515 0.7476190476190476 0.006734006734006735 0.03238095238095238
12 0.04814814814814815 0.8445238095238096 0.0053872053872053875 0.032857142857142856
13 0.2016835016835017 0.8442857142857143 0.00808080808080808 0.03238095238095238
12 0.7592592592592593 0.844047619047619 0.006060606060606061 0.03190476190476191
12 0.3245791245791246 0.8442857142857143 0.006060606060606061 0.03142857142857143
12 0.48282828282828283 0.8442857142857143 0.0053872053872053875 0.03142857142857143
12 0.6008417508417508 0.8442857142857143 0.006397306397306398 0.03142857142857143
12 0.8543771043771045 0.8442857142857143 0.006397306397306398 0.03142857142857143
12 0.9515151515151515 0.8442857142857143 0.006734006734006735 0.03142857142857143
13 0.20202020202020204 0.9407142857142857 0.008754208754208754 0.032857142857142856
12 0.04831649831649832 0.9411904761904762 0.005723905723905724 0.032857142857142856
12 0.3247474747474748 0.940952380952381 0.006397306397306398 0.03238095238095238
12 0.4831649831649832 0.9407142857142857 0.006060606060606061 0.03190476190476191
12 0.601010101010101 0.9411904761904762 0.006734006734006735 0.032857142857142856
12 0.7595959595959596 0.940952380952381 0.006734006734006735 0.03238095238095238
12 0.8542087542087543 0.940952380952381 0.006734006734006735 0.03142857142857143
12 0.9516835016835017 0.9411904761904762 0.007070707070707071 0.03190476190476191
29 0.05875420875420876 0.0880952380952381 0.015151515151515152 0.06380952380952382
16 0.07340067340067341 0.08738095238095238 0.006060606060606061 0.02142857142857143
136 0.0930976430976431 0.09690476190476191 0.008417508417508417 0.04238095238095238
16 0.10252525252525253 0.0761904761904762 0.005723905723905724 0.02
137 0.11077441077441078 0.09690476190476191 0.008754208754208754 0.043333333333333335
138 0.12558922558922558 0.09523809523809523 0.008754208754208754 0.047619047619047616
134 0.13771043771043773 0.09785714285714285 0.010774410774410775 0.04523809523809524
134 0.15404040404040406 0.09666666666666666 0.008417508417508417 0.04285714285714286
138 0.16734006734006734 0.09142857142857143 0.010774410774410775 0.04
110 0.18417508417508419 0.08452380952380953 0.009427609427609429 0.05
109 0.22474747474747475 0.08666666666666667 0.009764309764309765 0.045714285714285714
79 0.24865319865319865 0.09023809523809524 0.008417508417508417 0.03857142857142857
139 0.346969696969697 0.08928571428571429 0.008417508417508417 0.043333333333333335
140 0.3612794612794613 0.08904761904761904 0.010101010101010102 0.05047619047619047
141 0.3757575757575758 0.08880952380952381 0.010774410774410775 0.05857142857142857
134 0.3877104377104377 0.09785714285714285 0.010437710437710438 0.04523809523809524
103 0.4063973063973064 0.09785714285714285 0.008754208754208754 0.04523809523809524
105 0.4345117845117845 0.09476190476190476 0.009090909090909092 0.039047619047619046
105 0.47070707070707074 0.09476190476190476 0.008754208754208754 0.039047619047619046
16 0.5001683501683502 0.07595238095238095 0.005723905723905724 0.02142857142857143
137 0.5084175084175084 0.09214285714285714 0.008754208754208754 0.03380952380952381
76 0.522895622895623 0.09595238095238096 0.008754208754208754 0.041428571428571426
136 0.5924242424242424 0.09666666666666666 0.008417508417508417 0.04285714285714286
16 0.602020202020202 0.07642857142857143 0.006060606060606061 0.02142857142857143
137 0.6101010101010101 0.09690476190476191 0.008754208754208754 0.043333333333333335
138 0.6247474747474748 0.09547619047619048 0.009090909090909092 0.048095238095238094
134 0.6372053872053872 0.09785714285714285 0.010437710437710438 0.04619047619047619
134 0.6535353535353535 0.09690476190476191 0.008754208754208754 0.043333333333333335
138 0.6668350168350169 0.09142857142857143 0.010437710437710438 0.04
110 0.6833333333333333 0.08452380952380953 0.009090909090909092 0.05
109 0.7242424242424242 0.08666666666666667 0.010101010101010102 0.045714285714285714
79 0.7481481481481482 0.09047619047619047 0.008754208754208754 0.0380952380952381
139 0.8462962962962963 0.08952380952380952 0.008417508417508417 0.04285714285714286
140 0.8607744107744109 0.08928571428571429 0.009764309764309765 0.05
141 0.8750841750841751 0.08880952380952381 0.010774410774410775 0.05857142857142857
134 0.8872053872053872 0.09785714285714285 0.010101010101010102 0.04523809523809524
103 0.9026936026936028 0.09761904761904762 0.008754208754208754 0.04476190476190476
104 0.9252525252525253 0.09619047619047619 0.008754208754208754 0.0419047619047619
26 0.05942760942760943 0.19 0.015151515151515152 0.05619047619047619
16 0.07323232323232323 0.18428571428571427 0.005723905723905724 0.021904761904761906
21 0.0930976430976431 0.18833333333333332 0.007070707070707071 0.014761904761904763
103 0.11111111111111112 0.19428571428571428 0.00808080808080808 0.04380952380952381
134 0.13905723905723907 0.19452380952380952 0.00808080808080808 0.04428571428571428
21 0.15387205387205388 0.18833333333333332 0.006734006734006735 0.014761904761904763
134 0.1686868686868687 0.19428571428571428 0.00808080808080808 0.04380952380952381
21 0.18367003367003368 0.18833333333333332 0.007070707070707071 0.014761904761904763
134 0.20185185185185187 0.19476190476190477 0.008417508417508417 0.04476190476190476
21 0.22424242424242424 0.18833333333333332 0.007407407407407408 0.015714285714285715
102 0.2383838383838384 0.185 0.008754208754208754 0.041428571428571426
133 0.2641414141414142 0.185 0.013131313131313133 0.041428571428571426
21 0.27710437710437713 0.1880952380952381 0.007407407407407408 0.015238095238095238
133 0.2932659932659933 0.185 0.012794612794612796 0.041428571428571426
21 0.3058922558922559 0.18833333333333332 0.007070707070707071 0.015714285714285715
133 0.3225589225589226 0.1854761904761905 0.01346801346801347 0.04238095238095238
21 0.3466329966329966 0.18880952380952382 0.007744107744107744 0.015714285714285715
103 0.3607744107744108 0.19452380952380952 0.008417508417508417 0.04428571428571428
134 0.3888888888888889 0.195 0.008754208754208754 0.04523809523809524
21 0.40606060606060607 0.18833333333333332 0.007407407407407408 0.014761904761904763
134 0.4198653198653199 0.19476190476190477 0.008754208754208754 0.04476190476190476
21 0.434006734006734 0.18833333333333332 0.007407407407407408 0.014761904761904763
134 0.4478114478114478 0.195 0.008754208754208754 0.04523809523809524
21 0.47070707070707074 0.18880952380952382 0.007407407407407408 0.015714285714285715
103 0.48434343434343435 0.19452380952380952 0.008417508417508417 0.04523809523809524
134 0.5085858585858586 0.19476190476190477 0.009090909090909092 0.04476190476190476
21 0.5227272727272727 0.18857142857142858 0.007744107744107744 0.01619047619047619
102 0.5412457912457913 0.18523809523809523 0.009090909090909092 0.0419047619047619
133 0.572053872053872 0.1854761904761905 0.01346801346801347 0.041428571428571426
21 0.5922558922558923 0.18880952380952382 0.007407407407407408 0.015714285714285715
103 0.6102693602693603 0.19404761904761905 0.008417508417508417 0.04428571428571428
134 0.6383838383838384 0.19452380952380952 0.008754208754208754 0.04428571428571428
21 0.6531986531986532 0.18833333333333332 0.006734006734006735 0.014761904761904763
134 0.6680134680134681 0.19452380952380952 0.00808080808080808 0.04428571428571428
21 0.6831649831649832 0.18833333333333332 0.007407407407407408 0.014761904761904763
134 0.7010101010101011 0.19476190476190477 0.008754208754208754 0.04476190476190476
21 0.7235690235690236 0.18857142857142858 0.007407407407407408 0.015238095238095238
102 0.7375420875420876 0.185 0.009090909090909092 0.041428571428571426
133 0.7638047138047138 0.185 0.013131313131313133 0.041428571428571426
21 0.7762626262626263 0.1880952380952381 0.007070707070707071 0.015238095238095238
133 0.7925925925925926 0.185 0.01346801346801347 0.041428571428571426
21 0.8052188552188553 0.18833333333333332 0.007070707070707071 0.015714285714285715
133 0.8218855218855219 0.18523809523809523 0.01346801346801347 0.040952380952380955
21 0.8457912457912459 0.18857142857142858 0.00808080808080808 0.01619047619047619
103 0.8602693602693603 0.19404761904761905 0.008754208754208754 0.04428571428571428
134 0.8882154882154882 0.19452380952380952 0.008754208754208754 0.04428571428571428
101 0.9031986531986532 0.18714285714285714 0.008417508417508417 0.0380952380952381
102 0.9255892255892256 0.18523809523809523 0.008754208754208754 0.0419047619047619
26 0.0590909090909091 0.2873809523809524 0.014478114478114479 0.055714285714285716
16 0.07323232323232323 0.2811904761904762 0.006397306397306398 0.02238095238095238
103 0.0936026936026936 0.29095238095238096 0.008754208754208754 0.04476190476190476
135 0.1388888888888889 0.28904761904761905 0.007744107744107744 0.040952380952380955
136 0.1542087542087542 0.29023809523809524 0.00808080808080808 0.043333333333333335
134 0.1686868686868687 0.29 0.008754208754208754 0.04285714285714286
136 0.18383838383838386 0.29023809523809524 0.008754208754208754 0.04238095238095238
16 0.1936026936026936 0.26904761904761904 0.006060606060606061 0.021904761904761906
137 0.2001683501683502 0.29 0.011111111111111112 0.0419047619047619
107 0.22424242424242424 0.28404761904761905 0.00808080808080808 0.03761904761904762
16 0.25387205387205386 0.26976190476190476 0.0053872053872053875 0.02142857142857143
137 0.261952861952862 0.2857142857142857 0.00808080808080808 0.03333333333333333
105 0.27760942760942764 0.2873809523809524 0.008417508417508417 0.03761904761904762
137 0.3060606060606061 0.2857142857142857 0.00808080808080808 0.03333333333333333
138 0.3188552188552189 0.2838095238095238 0.010101010101010102 0.0380952380952381
108 0.346969696969697 0.2819047619047619 0.009090909090909092 0.0419047619047619
138 0.38872053872053874 0.28404761904761905 0.008417508417508417 0.03761904761904762
16 0.39831649831649835 0.2692857142857143 0.006060606060606061 0.02142857142857143
106 0.4065656565656566 0.28595238095238096 0.008417508417508417 0.03380952380952381
108 0.43434343434343436 0.2819047619047619 0.008754208754208754 0.0419047619047619
107 0.4708754208754209 0.28404761904761905 0.008417508417508417 0.03857142857142857
139 0.5085858585858586 0.2823809523809524 0.009090909090909092 0.0419047619047619
138 0.5230639730639731 0.2842857142857143 0.008417508417508417 0.0380952380952381
16 0.5326599326599327 0.26904761904761904 0.006060606060606061 0.021904761904761906
137 0.5405723905723906 0.2857142857142857 0.008417508417508417 0.03428571428571429
136 0.5553872053872054 0.2864285714285714 0.008417508417508417 0.03571428571428571
135 0.5685185185185185 0.2873809523809524 0.010437710437710438 0.03761904761904762
103 0.5925925925925927 0.2914285714285714 0.008754208754208754 0.04476190476190476
135 0.6383838383838384 0.2892857142857143 0.008754208754208754 0.041428571428571426
136 0.6535353535353535 0.29 0.00808080808080808 0.04380952380952381
134 0.6678451178451179 0.29023809523809524 0.009090909090909092 0.043333333333333335
136 0.682996632996633 0.2904761904761905 0.008417508417508417 0.04285714285714286
16 0.692929292929293 0.26904761904761904 0.006060606060606061 0.021904761904761906
137 0.6994949494949495 0.29 0.011111111111111112 0.0419047619047619
107 0.7235690235690236 0.2842857142857143 0.00808080808080808 0.0380952380952381
16 0.7531986531986532 0.26976190476190476 0.0053872053872053875 0.02142857142857143
137 0.7611111111111112 0.2857142857142857 0.008417508417508417 0.03333333333333333
105 0.7769360269360269 0.2873809523809524 0.008417508417508417 0.03761904761904762
137 0.8053872053872054 0.28595238095238096 0.00808080808080808 0.03380952380952381
138 0.8181818181818182 0.2838095238095238 0.010101010101010102 0.0380952380952381
80 0.8461279461279462 0.2819047619047619 0.008754208754208754 0.0419047619047619
16 0.8944444444444445 0.26904761904761904 0.005723905723905724 0.02095238095238095
106 0.9028619528619529 0.28595238095238096 0.008417508417508417 0.03380952380952381
107 0.9250841750841752 0.28404761904761905 0.008417508417508417 0.03857142857142857
35 0.058417508417508424 0.3773809523809524 0.015824915824915825 0.043333333333333335
16 0.07323232323232323 0.38595238095238094 0.005723905723905724 0.02142857142857143
101 0.09377104377104378 0.3807142857142857 0.008417508417508417 0.03857142857142857
132 0.14124579124579126 0.3811904761904762 0.012457912457912458 0.03761904761904762
101 0.1548821548821549 0.3811904761904762 0.00808080808080808 0.03857142857142857
132 0.18535353535353535 0.38261904761904764 0.010437710437710438 0.034761904761904765
133 0.2016835016835017 0.38142857142857145 0.00808080808080808 0.037142857142857144
103 0.22441077441077442 0.3880952380952381 0.008417508417508417 0.04476190476190476
134 0.2617845117845118 0.3883333333333333 0.008417508417508417 0.04428571428571428
103 0.27744107744107743 0.3883333333333333 0.00808080808080808 0.04428571428571428
103 0.30622895622895624 0.3880952380952381 0.008417508417508417 0.04476190476190476
16 0.3388888888888889 0.3738095238095238 0.005723905723905724 0.02095238095238095
104 0.34680134680134683 0.3869047619047619 0.008754208754208754 0.04238095238095238
135 0.38872053872053874 0.38666666666666666 0.009090909090909092 0.0419047619047619
104 0.4063973063973064 0.38666666666666666 0.008754208754208754 0.0419047619047619
104 0.43434343434343436 0.3869047619047619 0.008754208754208754 0.04238095238095238
105 0.47070707070707074 0.385 0.008754208754208754 0.03857142857142857
136 0.5085858585858586 0.38476190476190475 0.009090909090909092 0.0380952380952381
105 0.5232323232323233 0.38452380952380955 0.00808080808080808 0.03857142857142857
105 0.5553872053872054 0.3852380952380952 0.008417508417508417 0.039047619047619046
101 0.592929292929293 0.3807142857142857 0.008754208754208754 0.03857142857142857
132 0.6407407407407407 0.3811904761904762 0.012794612794612796 0.03761904761904762
101 0.6540404040404041 0.3811904761904762 0.008417508417508417 0.03857142857142857
132 0.6846801346801347 0.38261904761904764 0.010437710437710438 0.034761904761904765
133 0.7010101010101011 0.38166666666666665 0.00808080808080808 0.03761904761904762
103 0.7235690235690236 0.3880952380952381 0.008754208754208754 0.04476190476190476
134 0.7611111111111112 0.38857142857142857 0.008417508417508417 0.04476190476190476
103 0.7767676767676768 0.3883333333333333 0.00808080808080808 0.04428571428571428
103 0.8055555555555556 0.3880952380952381 0.008417508417508417 0.04476190476190476
16 0.8382154882154883 0.3738095238095238 0.005723905723905724 0.02095238095238095
104 0.8461279461279462 0.3869047619047619 0.008754208754208754 0.04238095238095238
135 0.8878787878787879 0.38666666666666666 0.008754208754208754 0.0419047619047619
105 0.9025252525252526 0.38476190476190475 0.008417508417508417 0.0380952380952381
105 0.9250841750841752 0.385 0.008417508417508417 0.03857142857142857
27 0.0590909090909091 0.4795238095238095 0.016498316498316498 0.03428571428571429
16 0.07340067340067341 0.4830952380952381 0.006060606060606061 0.02142857142857143
100 0.09343434343434344 0.4797619047619048 0.009090909090909092 0.03380952380952381
135 0.12676767676767678 0.4747619047619048 0.010437710437710438 0.04380952380952381
131 0.1388888888888889 0.47785714285714287 0.008417508417508417 0.03761904761904762
100 0.15454545454545454 0.4797619047619048 0.008754208754208754 0.03380952380952381
135 0.18552188552188553 0.4747619047619048 0.010774410774410775 0.04380952380952381
131 0.2016835016835017 0.4788095238095238 0.008754208754208754 0.03666666666666667
100 0.2245791245791246 0.4797619047619048 0.008754208754208754 0.03380952380952381
135 0.25 0.475 0.010437710437710438 0.043333333333333335
131 0.26212121212121214 0.4780952380952381 0.008417508417508417 0.037142857142857144
100 0.27760942760942764 0.4797619047619048 0.009090909090909092 0.03380952380952381
135 0.30723905723905726 0.475 0.010437710437710438 0.043333333333333335
131 0.32003367003367006 0.47785714285714287 0.008417508417508417 0.03761904761904762
100 0.346969696969697 0.48 0.009090909090909092 0.03428571428571429
135 0.3765993265993266 0.4747619047619048 0.010437710437710438 0.04380952380952381
131 0.38872053872053874 0.4780952380952381 0.008417508417508417 0.0380952380952381
100 0.4065656565656566 0.4797619047619048 0.009090909090909092 0.03380952380952381
135 0.43569023569023574 0.475 0.010774410774410775 0.043333333333333335
131 0.4478114478114478 0.4780952380952381 0.008754208754208754 0.037142857142857144
100 0.4708754208754209 0.48023809523809524 0.009090909090909092 0.03380952380952381
135 0.4964646464646465 0.475 0.010437710437710438 0.043333333333333335
131 0.5085858585858586 0.47785714285714287 0.008417508417508417 0.03761904761904762
100 0.5234006734006734 0.4797619047619048 0.008417508417508417 0.03380952380952381
135 0.5567340067340067 0.475 0.010437710437710438 0.043333333333333335
131 0.5693602693602694 0.4780952380952381 0.008754208754208754 0.037142857142857144
100 0.5925925925925927 0.4797619047619048 0.008754208754208754 0.03380952380952381
135 0.6260942760942761 0.475 0.010437710437710438 0.043333333333333335
131 0.6382154882154882 0.47785714285714287 0.008417508417508417 0.03761904761904762
100 0.6537037037037038 0.4797619047619048 0.009090909090909092 0.03380952380952381
135 0.6845117845117845 0.475 0.010774410774410775 0.043333333333333335
131 0.7010101010101011 0.4788095238095238 0.008754208754208754 0.03571428571428571
100 0.7237373737373738 0.48 0.009090909090909092 0.03333333333333333
135 0.7491582491582492 0.4747619047619048 0.010774410774410775 0.04380952380952381
131 0.7612794612794613 0.4780952380952381 0.008754208754208754 0.037142857142857144
100 0.7769360269360269 0.48 0.009090909090909092 0.03428571428571429
135 0.8065656565656566 0.475 0.010437710437710438 0.043333333333333335
131 0.8193602693602694 0.4780952380952381 0.008417508417508417 0.037142857142857144
100 0.8462962962962963 0.48 0.009090909090909092 0.03428571428571429
135 0.875925925925926 0.475 0.010437710437710438 0.043333333333333335
131 0.8880471380471381 0.47785714285714287 0.008417508417508417 0.03761904761904762
100 0.9030303030303031 0.4797619047619048 0.008754208754208754 0.03380952380952381
135 0.9264309764309765 0.4747619047619048 0.010437710437710438 0.04380952380952381
131 0.9385521885521886 0.47785714285714287 0.008417508417508417 0.03761904761904762
29 0.05858585858585859 0.7454761904761905 0.014814814814814815 0.06142857142857143
16 0.07340067340067341 0.7423809523809524 0.006060606060606061 0.021904761904761906
75 0.09326599326599327 0.7533333333333333 0.008754208754208754 0.04476190476190476
134 0.14545454545454548 0.7528571428571429 0.008754208754208754 0.04476190476190476
21 0.16043771043771043 0.7473809523809524 0.007070707070707071 0.015714285714285715
20 0.17373737373737375 0.7473809523809524 0.006734006734006735 0.025238095238095237
139 0.2176767676767677 0.7447619047619047 0.007744107744107744 0.04285714285714286
140 0.23215488215488217 0.7445238095238095 0.009764309764309765 0.05095238095238095
141 0.24663299663299665 0.7442857142857143 0.009764309764309765 0.058095238095238096
134 0.25892255892255894 0.7535714285714286 0.010101010101010102 0.04523809523809524
103 0.27474747474747474 0.7533333333333333 0.008754208754208754 0.045714285714285714
104 0.29764309764309765 0.7516666666666667 0.008754208754208754 0.04238095238095238
75 0.3346801346801347 0.7528571428571429 0.008754208754208754 0.04476190476190476
134 0.42104377104377105 0.7526190476190476 0.008417508417508417 0.04428571428571428
136 0.43653198653198655 0.7509523809523809 0.008417508417508417 0.040952380952380955
16 0.44663299663299666 0.7309523809523809 0.005723905723905724 0.021904761904761906
137 0.4543771043771044 0.7492857142857143 0.008417508417508417 0.03761904761904762
138 0.4708754208754209 0.7461904761904762 0.011111111111111112 0.039047619047619046
139 0.49393939393939396 0.7445238095238095 0.008754208754208754 0.043333333333333335
140 0.5082491582491583 0.7442857142857143 0.009764309764309765 0.05047619047619047
141 0.522895622895623 0.7442857142857143 0.010101010101010102 0.058095238095238096
134 0.5350168350168351 0.753095238095238 0.010774410774410775 0.04523809523809524
103 0.5510101010101011 0.7533333333333333 0.009090909090909092 0.045714285714285714
104 0.5739057239057239 0.7516666666666667 0.009090909090909092 0.04238095238095238
75 0.610942760942761 0.753095238095238 0.008417508417508417 0.04428571428571428
134 0.6971380471380472 0.7523809523809524 0.008417508417508417 0.04380952380952381
136 0.7126262626262627 0.7507142857142857 0.008417508417508417 0.04047619047619048
16 0.7227272727272728 0.7304761904761905 0.005723905723905724 0.021904761904761906
137 0.7306397306397306 0.7490476190476191 0.00808080808080808 0.037142857142857144
138 0.7468013468013468 0.7459523809523809 0.010774410774410775 0.03857142857142857
80 0.7695286195286196 0.7438095238095238 0.009090909090909092 0.04285714285714286
109 0.8131313131313131 0.7416666666666667 0.010774410774410775 0.04619047619047619
110 0.8356902356902357 0.74 0.010774410774410775 0.05047619047619047
82 0.8683501683501684 0.7404761904761905 0.010101010101010102 0.05047619047619047
81 0.9116161616161617 0.7416666666666667 0.010437710437710438 0.04619047619047619
26 0.058922558922558925 0.8454761904761905 0.014814814814814815 0.055714285714285716
16 0.07323232323232323 0.8392857142857143 0.006397306397306398 0.02238095238095238
72 0.09326599326599327 0.8442857142857143 0.009427609427609429 0.03333333333333333
131 0.14814814814814817 0.8442857142857143 0.01346801346801347 0.03333333333333333
21 0.16043771043771043 0.844047619047619 0.007070707070707071 0.015714285714285715
20 0.17390572390572392 0.8442857142857143 0.007070707070707071 0.025714285714285714
21 0.21734006734006736 0.844047619047619 0.007744107744107744 0.015714285714285715
103 0.23181818181818184 0.85 0.008417508417508417 0.04476190476190476
134 0.2601010101010101 0.85 0.009090909090909092 0.04476190476190476
101 0.27525252525252525 0.8428571428571429 0.008417508417508417 0.0380952380952381
102 0.297979797979798 0.8404761904761905 0.008754208754208754 0.0419047619047619
21 0.3346801346801347 0.844047619047619 0.007407407407407408 0.015714285714285715
100 0.3493265993265993 0.8447619047619047 0.009090909090909092 0.03333333333333333
131 0.40202020202020206 0.8447619047619047 0.014141414141414142 0.03333333333333333
131 0.4208754208754209 0.8523809523809524 0.008754208754208754 0.049523809523809526
134 0.4367003367003367 0.8516666666666667 0.008754208754208754 0.048095238095238094
134 0.4543771043771044 0.8504761904761905 0.009090909090909092 0.045714285714285714
134 0.4705387205387206 0.8495238095238096 0.011784511784511785 0.04380952380952381
21 0.49343434343434345 0.844047619047619 0.007744107744107744 0.015714285714285715
103 0.5080808080808081 0.8497619047619047 0.008754208754208754 0.04428571428571428
134 0.5361952861952862 0.85 0.009090909090909092 0.04476190476190476
101 0.5513468013468014 0.8428571428571429 0.008417508417508417 0.0380952380952381
102 0.5740740740740741 0.840952380952381 0.008754208754208754 0.0419047619047619
21 0.6107744107744109 0.844047619047619 0.007407407407407408 0.015714285714285715
100 0.6255892255892256 0.8445238095238096 0.008754208754208754 0.03380952380952381
131 0.6782828282828283 0.8445238095238096 0.013804713804713806 0.03380952380952381
131 0.6971380471380472 0.8526190476190476 0.008417508417508417 0.05
134 0.7127946127946129 0.8516666666666667 0.008754208754208754 0.048095238095238094
134 0.7306397306397306 0.8504761904761905 0.008754208754208754 0.045714285714285714
134 0.7466329966329966 0.8495238095238096 0.011111111111111112 0.04380952380952381
75 0.7695286195286196 0.8497619047619047 0.008417508417508417 0.04428571428571428
16 0.8047138047138047 0.8280952380952381 0.0053872053872053875 0.021904761904761906
106 0.8126262626262627 0.8442857142857143 0.009090909090909092 0.03333333333333333
106 0.8351851851851853 0.8445238095238096 0.009090909090909092 0.03380952380952381
16 0.8602693602693603 0.8280952380952381 0.0053872053872053875 0.021904761904761906
78 0.868013468013468 0.8445238095238096 0.008754208754208754 0.032857142857142856
76 0.9112794612794614 0.8483333333333334 0.009090909090909092 0.041428571428571426
26 0.05875420875420876 0.9423809523809524 0.014478114478114479 0.05523809523809524
16 0.07323232323232323 0.9364285714285714 0.006397306397306398 0.02238095238095238
77 0.09326599326599327 0.9430952380952381 0.008754208754208754 0.03761904761904762
136 0.14562289562289563 0.9430952380952381 0.009090909090909092 0.03857142857142857
21 0.16043771043771043 0.9407142857142857 0.007070707070707071 0.015714285714285715
20 0.17356902356902357 0.9414285714285714 0.007070707070707071 0.025714285714285714
80 0.2175084175084175 0.9376190476190476 0.008754208754208754 0.04285714285714286
16 0.26666666666666666 0.9247619047619048 0.0053872053872053875 0.02095238095238095
106 0.27474747474747474 0.9411904761904762 0.008754208754208754 0.03380952380952381
107 0.2974747474747475 0.9395238095238095 0.008417508417508417 0.0380952380952381
166 0.33484848484848484 0.9428571428571428 0.008417508417508417 0.037142857142857144
166 0.34915824915824917 0.9423809523809524 0.008754208754208754 0.037142857142857144
16 0.3584175084175084 0.9252380952380952 0.005723905723905724 0.021904761904761906
167 0.3648148148148148 0.9421428571428572 0.011111111111111112 0.03666666666666667
168 0.3772727272727273 0.939047619047619 0.008417508417508417 0.0380952380952381
169 0.38821548821548824 0.9373809523809524 0.008754208754208754 0.04238095238095238
168 0.39915824915824916 0.939047619047619 0.008417508417508417 0.0380952380952381
167 0.40892255892255897 0.940952380952381 0.009764309764309765 0.03428571428571429
136 0.42104377104377105 0.9414285714285714 0.008417508417508417 0.03333333333333333
136 0.43653198653198655 0.9411904761904762 0.008417508417508417 0.03380952380952381
137 0.45420875420875423 0.9411904761904762 0.008754208754208754 0.03380952380952381
138 0.47070707070707074 0.9392857142857143 0.011447811447811448 0.03857142857142857
80 0.49393939393939396 0.9376190476190476 0.008754208754208754 0.0419047619047619
16 0.5427609427609428 0.9245238095238095 0.006060606060606061 0.02142857142857143
106 0.5508417508417509 0.9411904761904762 0.008754208754208754 0.03380952380952381
107 0.5737373737373738 0.9395238095238095 0.008754208754208754 0.0380952380952381
166 0.6111111111111112 0.9430952380952381 0.008754208754208754 0.03761904761904762
166 0.6254208754208754 0.9421428571428572 0.008417508417508417 0.03761904761904762
16 0.6345117845117846 0.9252380952380952 0.005723905723905724 0.021904761904761906
167 0.640909090909091 0.9421428571428572 0.011111111111111112 0.03571428571428571
168 0.6533670033670034 0.939047619047619 0.008417508417508417 0.0380952380952381
169 0.6646464646464647 0.9376190476190476 0.008754208754208754 0.0419047619047619
168 0.6752525252525253 0.939047619047619 0.008417508417508417 0.0380952380952381
167 0.6851851851851852 0.940952380952381 0.010101010101010102 0.03428571428571429
136 0.6973063973063973 0.9411904761904762 0.00808080808080808 0.03380952380952381
136 0.7127946127946129 0.9411904761904762 0.00808080808080808 0.03380952380952381
137 0.7304713804713805 0.9411904761904762 0.008417508417508417 0.03380952380952381
138 0.7468013468013468 0.9395238095238095 0.010774410774410775 0.0380952380952381
80 0.7693602693602694 0.9371428571428572 0.008754208754208754 0.0419047619047619
108 0.8124579124579125 0.9373809523809524 0.008754208754208754 0.04238095238095238
108 0.8350168350168351 0.9371428571428572 0.008754208754208754 0.0419047619047619
80 0.868013468013468 0.9371428571428572 0.008754208754208754 0.0419047619047619
79 0.9114478114478115 0.939047619047619 0.008754208754208754 0.0380952380952381
