6 0.09158163265306123 0.11580086580086581 0.018877551020408164 0.051226551226551224
12 0.048469387755102046 0.13131313131313133 0.0071428571428571435 0.050505050505050504
12 0.4043367346938776 0.13095238095238096 0.008673469387755102 0.048340548340548344
12 0.5306122448979592 0.13095238095238096 0.00816326530612245 0.048340548340548344
12 0.6655612244897959 0.1305916305916306 0.007653061224489797 0.047619047619047616
12 0.8252551020408164 0.13095238095238096 0.008673469387755102 0.048340548340548344
12 0.9515306122448981 0.13095238095238096 0.00816326530612245 0.048340548340548344
6 0.09107142857142858 0.2676767676767677 0.01785714285714286 0.05194805194805195
12 0.04872448979591837 0.2839105339105339 0.007653061224489797 0.049783549783549784
12 0.4043367346938776 0.2839105339105339 0.00969387755102041 0.049783549783549784
12 0.8252551020408164 0.28354978354978355 0.008673469387755102 0.049062049062049064
12 0.5308673469387756 0.2842712842712843 0.008673469387755102 0.049062049062049064
12 0.6658163265306123 0.2839105339105339 0.00816326530612245 0.048340548340548344
12 0.9515306122448981 0.2839105339105339 0.00816326530612245 0.048340548340548344
14 0.13290816326530613 0.4069264069264069 0.00663265306122449 0.0101010101010101
12 0.048469387755102046 0.4365079365079365 0.00816326530612245 0.049062049062049064
12 0.4045918367346939 0.43614718614718617 0.009183673469387756 0.048340548340548344
12 0.5308673469387756 0.43614718614718617 0.008673469387755102 0.048340548340548344
12 0.9512755102040817 0.43614718614718617 0.008673469387755102 0.048340548340548344
12 0.6655612244897959 0.43686868686868685 0.008673469387755102 0.048340548340548344
12 0.8252551020408164 0.4365079365079365 0.008673469387755102 0.047619047619047616
14 0.30714285714285716 0.43073593073593075 0.0071428571428571435 0.0101010101010101
14 0.6941326530612245 0.43073593073593075 0.00663265306122449 0.0101010101010101
14 0.8543367346938776 0.43037518037518036 0.00663265306122449 0.00937950937950938
14 0.5589285714285714 0.4538239538239538 0.00663265306122449 0.0101010101010101
14 0.4329081632653062 0.4541847041847042 0.00663265306122449 0.00937950937950938
12 0.04872448979591837 0.5887445887445888 0.008673469387755102 0.049062049062049064
12 0.9512755102040817 0.5887445887445888 0.008673469387755102 0.049062049062049064
12 0.4043367346938776 0.5891053391053391 0.008673469387755102 0.048340548340548344
12 0.5306122448979592 0.5891053391053391 0.00816326530612245 0.048340548340548344
12 0.6655612244897959 0.5891053391053391 0.008673469387755102 0.048340548340548344
12 0.8252551020408164 0.5883838383838383 0.008673469387755102 0.046897546897546896
12 0.048214285714285716 0.7413419913419913 0.007653061224489797 0.048340548340548344
12 0.4043367346938776 0.7417027417027418 0.008673469387755102 0.049062049062049064
12 0.5308673469387756 0.7417027417027418 0.008673469387755102 0.049062049062049064
12 0.6655612244897959 0.7417027417027418 0.008673469387755102 0.049062049062049064
12 0.9512755102040817 0.7413419913419913 0.008673469387755102 0.048340548340548344
12 0.8252551020408164 0.7420634920634921 0.007653061224489797 0.048340548340548344
14 0.13316326530612246 0.806998556998557 0.006122448979591837 0.00937950937950938
26 0.06505102040816327 0.13275613275613277 0.021938775510204084 0.07503607503607504
143 0.11964285714285715 0.11291486291486291 0.013775510204081635 0.08585858585858586
143 0.14081632653061227 0.11363636363636363 0.0163265306122449 0.08585858585858586
136 0.163265306122449 0.13347763347763347 0.011224489795918368 0.05339105339105339
15 0.1795918367346939 0.11940836940836941 0.010204081632653062 0.03391053391053391
136 0.18903061224489798 0.1331168831168831 0.01479591836734694 0.05411255411255411
137 0.21862244897959185 0.13203463203463203 0.011734693877551022 0.05194805194805195
15 0.23494897959183675 0.113997113997114 0.00969387755102041 0.03463203463203463
137 0.24438775510204083 0.13131313131313133 0.015306122448979593 0.05194805194805195
107 0.2936224489795919 0.12878787878787878 0.012755102040816327 0.05844155844155844
109 0.3295918367346939 0.12301587301587301 0.014285714285714287 0.06998556998556998
21 0.3642857142857143 0.13131313131313133 0.011224489795918368 0.024531024531024532
138 0.38571428571428573 0.12878787878787878 0.011224489795918368 0.05844155844155844
104 0.41938775510204085 0.1370851370851371 0.011224489795918368 0.06349206349206349
106 0.4553571428571429 0.13167388167388167 0.011734693877551022 0.051226551226551224
21 0.49056122448979594 0.13131313131313133 0.011734693877551022 0.024531024531024532
135 0.5117346938775511 0.1370851370851371 0.011224489795918368 0.06349206349206349
103 0.5451530612244898 0.13924963924963926 0.010714285714285714 0.06637806637806638
105 0.5811224489795919 0.1349206349206349 0.011224489795918368 0.05916305916305916
21 0.6255102040816327 0.13131313131313133 0.011224489795918368 0.024531024531024532
136 0.6469387755102042 0.13455988455988455 0.012244897959183675 0.05844155844155844
135 0.6801020408163266 0.13455988455988455 0.011224489795918368 0.05555555555555555
136 0.7005102040816327 0.13275613275613277 0.014285714285714287 0.05483405483405483
15 0.7191326530612245 0.11976911976911978 0.00969387755102041 0.03463203463203463
136 0.7303571428571429 0.1331168831168831 0.010714285714285714 0.05411255411255411
137 0.7500000000000001 0.13167388167388167 0.014285714285714287 0.051226551226551224
17 0.7681122448979593 0.10714285714285714 0.008673469387755102 0.0367965367965368
138 0.7785714285714287 0.12914862914862915 0.011224489795918368 0.05772005772005772
15 0.7954081632653062 0.1075036075036075 0.009183673469387756 0.03463203463203463
138 0.8045918367346939 0.12914862914862915 0.014285714285714287 0.05627705627705628
107 0.840561224489796 0.12914862914862915 0.011734693877551022 0.05772005772005772
109 0.8760204081632654 0.12265512265512266 0.01326530612244898 0.06926406926406926
21 0.9117346938775511 0.13131313131313133 0.011224489795918368 0.024531024531024532
138 0.9329081632653062 0.12914862914862915 0.011734693877551022 0.05772005772005772
26 0.06479591836734694 0.2846320346320346 0.022448979591836737 0.07431457431457432
136 0.11938775510204083 0.2842712842712843 0.011224489795918368 0.05194805194805195
138 0.14005102040816328 0.2813852813852814 0.01479591836734694 0.05627705627705628
136 0.16301020408163266 0.28679653679653677 0.010714285714285714 0.05844155844155844
134 0.188265306122449 0.2904040404040404 0.014285714285714287 0.06421356421356421
15 0.20714285714285716 0.2958152958152958 0.010204081632653062 0.03463203463203463
132 0.2209183673469388 0.28066378066378067 0.014285714285714287 0.05772005772005772
134 0.24668367346938777 0.27813852813852813 0.010714285714285714 0.06421356421356421
100 0.2936224489795919 0.2839105339105339 0.011734693877551022 0.051226551226551224
20 0.3278061224489796 0.2784992784992785 0.011734693877551022 0.03318903318903319
100 0.36403061224489797 0.2839105339105339 0.011734693877551022 0.051226551226551224
97 0.41913265306122455 0.2922077922077922 0.012755102040816327 0.06782106782106782
20 0.4538265306122449 0.27813852813852813 0.010714285714285714 0.03391053391053391
99 0.49030612244897964 0.28679653679653677 0.011224489795918368 0.056998556998557
96 0.5451530612244898 0.2950937950937951 0.011734693877551022 0.07503607503607504
20 0.5798469387755103 0.27813852813852813 0.010714285714285714 0.03391053391053391
98 0.6250000000000001 0.2896825396825397 0.011224489795918368 0.06277056277056277
98 0.6806122448979592 0.2893217893217893 0.011224489795918368 0.06349206349206349
99 0.7306122448979593 0.28643578643578643 0.011224489795918368 0.05772005772005772
15 0.7673469387755103 0.30735930735930733 0.010204081632653062 0.03463203463203463
99 0.7790816326530613 0.28643578643578643 0.011224489795918368 0.05772005772005772
100 0.840561224489796 0.2839105339105339 0.011734693877551022 0.051226551226551224
20 0.8752551020408164 0.27813852813852813 0.010714285714285714 0.03391053391053391
102 0.9117346938775511 0.2774170274170274 0.011224489795918368 0.06132756132756133
26 0.06505102040816327 0.4375901875901876 0.02295918367346939 0.07575757575757576
15 0.08775510204081634 0.41305916305916307 0.011224489795918368 0.03535353535353535
80 0.12040816326530614 0.43073593073593075 0.015306122448979593 0.06349206349206349
75 0.29540816326530617 0.4448051948051948 0.014285714285714287 0.0670995670995671
72 0.4216836734693878 0.43686868686868685 0.01479591836734694 0.051226551226551224
71 0.5471938775510204 0.4393939393939394 0.01479591836734694 0.05772005772005772
76 0.6818877551020409 0.4422799422799423 0.013775510204081635 0.06204906204906205
75 0.8418367346938777 0.4440836940836941 0.01326530612244898 0.06565656565656566
27 0.0653061224489796 0.5887445887445888 0.02448979591836735 0.05194805194805195
133 0.12117346938775511 0.5826118326118326 0.01479591836734694 0.06277056277056277
133 0.1420918367346939 0.5833333333333334 0.010714285714285714 0.06421356421356421
135 0.16275510204081634 0.5952380952380952 0.011224489795918368 0.06493506493506493
135 0.18877551020408165 0.5948773448773449 0.015306122448979593 0.06421356421356421
137 0.21862244897959185 0.5891053391053391 0.010714285714285714 0.051226551226551224
137 0.2441326530612245 0.5891053391053391 0.01479591836734694 0.051226551226551224
20 0.2920918367346939 0.584054834054834 0.011734693877551022 0.03391053391053391
102 0.3295918367346939 0.5826118326118326 0.011224489795918368 0.06132756132756133
102 0.3645408163265306 0.5826118326118326 0.010714285714285714 0.06132756132756133
20 0.41836734693877553 0.584054834054834 0.012244897959183675 0.03391053391053391
101 0.45586734693877556 0.5854978354978355 0.011734693877551022 0.056998556998557
101 0.4908163265306123 0.5854978354978355 0.012244897959183675 0.056998556998557
20 0.5441326530612245 0.5836940836940837 0.011734693877551022 0.03463203463203463
131 0.5823979591836735 0.5891053391053391 0.01479591836734694 0.05266955266955267
131 0.6030612244897959 0.5891053391053391 0.011224489795918368 0.05266955266955267
100 0.6255102040816327 0.5891053391053391 0.012244897959183675 0.051226551226551224
20 0.6790816326530613 0.5836940836940837 0.012244897959183675 0.03463203463203463
133 0.7321428571428572 0.5858585858585859 0.014285714285714287 0.05627705627705628
132 0.7525510204081634 0.5876623376623377 0.011224489795918368 0.05411255411255411
133 0.7806122448979592 0.5862193362193362 0.014285714285714287 0.056998556998557
132 0.8066326530612246 0.5876623376623377 0.011224489795918368 0.05411255411255411
20 0.8392857142857144 0.5836940836940837 0.011224489795918368 0.03463203463203463
104 0.8760204081632654 0.5955988455988456 0.011224489795918368 0.06421356421356421
104 0.9114795918367348 0.5952380952380952 0.010714285714285714 0.06349206349206349
27 0.06454081632653062 0.7413419913419913 0.023979591836734697 0.051226551226551224
64 0.12219387755102042 0.7644300144300145 0.018877551020408164 0.09740259740259741
95 0.2938775510204082 0.7554112554112554 0.01326530612244898 0.07936507936507936
19 0.33086734693877556 0.7395382395382395 0.01785714285714286 0.01443001443001443
94 0.4196428571428572 0.759018759018759 0.013775510204081635 0.08658008658008658
19 0.4571428571428572 0.7391774891774892 0.018367346938775512 0.015151515151515152
93 0.5459183673469388 0.7608225108225108 0.015306122448979593 0.09307359307359307
20 0.5798469387755103 0.7359307359307359 0.010714285714285714 0.03318903318903319
93 0.6255102040816327 0.7611832611832612 0.015306122448979593 0.09379509379509379
94 0.6803571428571429 0.7593795093795094 0.013775510204081635 0.0873015873015873
96 0.7303571428571429 0.7536075036075036 0.012755102040816327 0.0772005772005772
97 0.7788265306122449 0.75 0.012755102040816327 0.06854256854256854
95 0.840561224489796 0.7568542568542569 0.012755102040816327 0.08225108225108226
19 0.8783163265306123 0.73989898989899 0.018877551020408164 0.015151515151515152
