12 0.7490890161374284 0.09646539027982327 0.008328995314940135 0.048600883652430045
12 0.04789172306090578 0.0975699558173785 0.007287870900572618 0.04933726067746686
14 0.1829776158250911 0.0784241531664212 0.008849557522123894 0.011045655375552282
12 0.21603331598125974 0.09720176730486009 0.008328995314940135 0.048600883652430045
12 0.4023945861530453 0.09720176730486009 0.008328995314940135 0.048600883652430045
12 0.5463300364393545 0.09720176730486009 0.008849557522123894 0.048600883652430045
12 0.9513274336283186 0.09683357879234168 0.008849557522123894 0.04786450662739322
14 0.3120770432066632 0.09057437407952872 0.007808433107756377 0.010309278350515464
14 0.14107235814679853 0.10272459499263623 0.007287870900572618 0.011045655375552282
14 0.4320666319625195 0.10272459499263623 0.008328995314940135 0.011045655375552282
12 0.21603331598125974 0.21318114874815905 0.009370119729307652 0.04933726067746686
12 0.5463300364393545 0.21318114874815905 0.008849557522123894 0.04933726067746686
12 0.7493492972410203 0.21318114874815905 0.008849557522123894 0.04933726067746686
12 0.04789172306090578 0.21391752577319587 0.007287870900572618 0.04933726067746686
12 0.402915148360229 0.21354933726067746 0.009370119729307652 0.048600883652430045
12 0.9513274336283186 0.21318114874815905 0.008849557522123894 0.04786450662739322
14 0.1413326392503904 0.2312223858615611 0.007808433107756377 0.010309278350515464
14 0.43180635085892766 0.2555228276877761 0.008849557522123894 0.013254786450662739
14 0.1415929203539823 0.31406480117820323 0.008328995314940135 0.012518409425625921
12 0.4026548672566372 0.3553019145802651 0.00989068193649141 0.04933726067746686
12 0.21629359708485163 0.3556701030927835 0.008849557522123894 0.048600883652430045
12 0.9513274336283186 0.3560382916053019 0.008849557522123894 0.04933726067746686
12 0.048412285268089536 0.35640648011782033 0.008328995314940135 0.048600883652430045
14 0.43154606975533577 0.3383652430044183 0.008328995314940135 0.012518409425625921
12 0.7490890161374284 0.3560382916053019 0.008328995314940135 0.04786450662739322
12 0.5465903175429464 0.3560382916053019 0.008328995314940135 0.04639175257731959
14 0.469807391983342 0.3744477172312224 0.007808433107756377 0.012518409425625921
14 0.5822488287350338 0.3744477172312224 0.008849557522123894 0.012518409425625921
14 0.784487246225924 0.3744477172312224 0.008328995314940135 0.012518409425625921
12 0.04815200416449766 0.5813696612665685 0.00676730869338886 0.04933726067746686
12 0.6007287870900573 0.58100147275405 0.008328995314940135 0.048600883652430045
12 0.9513274336283186 0.58100147275405 0.008849557522123894 0.048600883652430045
12 0.31363872982821445 0.5821060382916053 0.008849557522123894 0.04933726067746686
12 0.4099427381572098 0.5813696612665685 0.007808433107756377 0.04786450662739322
12 0.7660072878709006 0.58100147275405 0.008849557522123894 0.047128129602356406
14 0.3807912545549193 0.6119293078055964 0.007808433107756377 0.011782032400589101
14 0.34096824570536177 0.611561119293078 0.006246746486205101 0.009572901325478646
12 0.04789172306090578 0.706921944035346 0.007287870900572618 0.048600883652430045
12 0.31363872982821445 0.7072901325478645 0.007808433107756377 0.04933726067746686
12 0.41020301926080166 0.706921944035346 0.008328995314940135 0.048600883652430045
12 0.6009890681936492 0.7072901325478645 0.008849557522123894 0.04933726067746686
12 0.7660072878709006 0.706921944035346 0.008849557522123894 0.048600883652430045
12 0.9510671525247267 0.706921944035346 0.009370119729307652 0.048600883652430045
14 0.8040083289953149 0.7124447717231223 0.008849557522123894 0.011045655375552282
14 0.6283185840707964 0.7485272459499264 0.009370119729307652 0.012518409425625921
14 0.3807912545549193 0.7496318114874816 0.008849557522123894 0.013254786450662739
14 0.34174908901613743 0.7496318114874816 0.008849557522123894 0.011782032400589101
14 0.4484643414888079 0.7603092783505154 0.007808433107756377 0.011045655375552282
12 0.41020301926080166 0.8556701030927835 0.007287870900572618 0.050073637702503684
12 0.7657470067673087 0.8549337260677466 0.008328995314940135 0.048600883652430045
12 0.31389901093180633 0.8556701030927835 0.008328995314940135 0.048600883652430045
12 0.6007287870900573 0.8556701030927835 0.008328995314940135 0.048600883652430045
12 0.9513274336283186 0.855301914580265 0.008849557522123894 0.04786450662739322
12 0.04815200416449766 0.8556701030927835 0.007808433107756377 0.047128129602356406
14 0.1415929203539823 0.8733431516936672 0.008328995314940135 0.011782032400589101
14 0.34096824570536177 0.8737113402061856 0.008328995314940135 0.011045655375552282
14 0.6285788651743883 0.8744477172312224 0.008849557522123894 0.012518409425625921
14 0.3810515356585112 0.8869661266568483 0.009370119729307652 0.012518409425625921
26 0.06663196251952108 0.0979381443298969 0.026028110359187923 0.10751104565537555
15 0.09370119729307652 0.07216494845360824 0.011452368558042686 0.050073637702503684
102 0.1277980218636127 0.09167893961708394 0.013014055179593961 0.06406480117820323
106 0.16866215512753774 0.0975699558173785 0.01353461738677772 0.05228276877761414
136 0.23373243102550756 0.08541973490427099 0.01665799062988027 0.0780559646539028
132 0.252212389380531 0.0898379970544919 0.013014055179593961 0.0662739322533137
133 0.2771993753253514 0.09094256259204712 0.019260801665799063 0.06406480117820323
134 0.2980218636127017 0.1053019145802651 0.013014055179593961 0.06774668630338733
165 0.32274856845393024 0.1056701030927835 0.01978136387298282 0.06701030927835051
133 0.34122852680895366 0.10677466863033873 0.016137428422696512 0.06774668630338733
101 0.4185320145757418 0.09499263622974963 0.01353461738677772 0.05891016200294551
20 0.45419052576782926 0.0975699558173785 0.013014055179593961 0.04197349042709867
21 0.48646538261322225 0.09720176730486009 0.014055179593961478 0.026509572901325478
17 0.5562207183758459 0.11561119293078055 0.007808433107756377 0.05743740795287187
131 0.5705361790733993 0.09646539027982327 0.015616866215512754 0.053019145802650956
131 0.5905778240499739 0.0975699558173785 0.014055179593961478 0.05375552282768777
130 0.6215512753774076 0.10051546391752578 0.01665799062988027 0.05817378497790869
131 0.6439354502863092 0.09683357879234168 0.01353461738677772 0.05228276877761414
21 0.6647579385736595 0.0975699558173785 0.01353461738677772 0.02577319587628866
21 0.6887038001041125 0.09720176730486009 0.01353461738677772 0.026509572901325478
133 0.7727745965642894 0.09057437407952872 0.016137428422696512 0.06480117820324005
133 0.793076522644456 0.09094256259204712 0.013014055179593961 0.06406480117820323
15 0.8086933888599688 0.10898379970544919 0.010931806350858927 0.050073637702503684
132 0.8248308172826653 0.09499263622974963 0.016137428422696512 0.054491899852724596
133 0.8464341488807913 0.0938880706921944 0.01353461738677772 0.05670103092783505
21 0.8672566371681416 0.0975699558173785 0.01353461738677772 0.02577319587628866
21 0.8912024986985945 0.09683357879234168 0.01353461738677772 0.02577319587628866
26 0.06663196251952108 0.21354933726067746 0.02706923477355544 0.10751104565537555
15 0.09370119729307652 0.187039764359352 0.012493492972410203 0.053019145802650956
72 0.12805830296720458 0.21428571428571427 0.014575741801145237 0.053019145802650956
98 0.23269130661114001 0.21944035346097202 0.01353461738677772 0.06480117820324005
130 0.27824049973971887 0.21649484536082475 0.02030192608016658 0.05891016200294551
98 0.2982821447162936 0.21980854197349042 0.01353461738677772 0.06553755522827688
128 0.3459135866736075 0.22238586156111928 0.02342529932326913 0.07069219440353461
96 0.4182717334721499 0.22533136966126657 0.015096304008328995 0.0780559646539028
20 0.45471108797501303 0.21391752577319587 0.011972930765226444 0.04197349042709867
21 0.48646538261322225 0.21318114874815905 0.014055179593961478 0.02577319587628866
129 0.5697553357626236 0.21944035346097202 0.01717855283706403 0.06480117820324005
129 0.5905778240499739 0.21980854197349042 0.014055179593961478 0.06553755522827688
15 0.6064549713690786 0.24926362297496318 0.011452368558042686 0.0508100147275405
128 0.6238938053097345 0.22164948453608246 0.021343050494534097 0.06921944035346098
129 0.6478396668401873 0.21944035346097202 0.02030192608016658 0.06480117820324005
125 0.6694429984383133 0.23232695139911635 0.021863612701717855 0.09057437407952872
21 0.6889640812077044 0.21318114874815905 0.013014055179593961 0.02577319587628866
17 0.758719416970328 0.2308541973490427 0.008849557522123894 0.05670103092783505
131 0.7732951587714731 0.21281296023564064 0.016137428422696512 0.053019145802650956
131 0.793076522644456 0.21354933726067746 0.014055179593961478 0.053019145802650956
130 0.8261322228006247 0.21649484536082475 0.020822488287350338 0.05743740795287187
131 0.8505986465382613 0.21354933726067746 0.020822488287350338 0.053019145802650956
125 0.8722019781363873 0.23232695139911635 0.021343050494534097 0.08910162002945508
21 0.8912024986985945 0.21318114874815905 0.01353461738677772 0.02577319587628866
27 0.06949505465903175 0.3582474226804124 0.03279541905257678 0.06111929307805596
15 0.09370119729307652 0.3431516936671576 0.011452368558042686 0.053019145802650956
81 0.12753774076002083 0.3483063328424153 0.015616866215512754 0.07216494845360824
108 0.23165018219677252 0.35051546391752575 0.01353461738677772 0.06480117820324005
140 0.27485684539302446 0.3475699558173785 0.015616866215512754 0.07069219440353461
106 0.29776158250910983 0.3560382916053019 0.01353461738677772 0.05228276877761414
136 0.3430504945340968 0.3589837997054492 0.01353461738677772 0.05817378497790869
106 0.418011452368558 0.3560382916053019 0.01353461738677772 0.05228276877761414
99 0.4562727745965643 0.3593519882179676 0.014055179593961478 0.05891016200294551
99 0.5687142113482561 0.3593519882179676 0.014055179593961478 0.05891016200294551
99 0.644195731389901 0.359720176730486 0.014055179593961478 0.05964653902798232
132 0.6936491410723581 0.3600883652430044 0.02030192608016658 0.05743740795287187
99 0.7709526288391463 0.3593519882179676 0.014575741801145237 0.05891016200294551
99 0.846954711087975 0.359720176730486 0.01353461738677772 0.05964653902798232
132 0.8961478396668402 0.3600883652430044 0.02030192608016658 0.05891016200294551
26 0.06663196251952108 0.5824742268041238 0.026028110359187923 0.10603829160530191
26 0.06689224362311297 0.7065537555228276 0.02654867256637168 0.1053019145802651
15 0.09370119729307652 0.5559646539027983 0.012493492972410203 0.05154639175257732
15 0.09370119729307652 0.6811487481590575 0.012493492972410203 0.053019145802650956
17 0.11452368558042686 0.725699558173785 0.009370119729307652 0.05670103092783505
133 0.1290994273815721 0.5787923416789396 0.01665799062988027 0.05596465390279823
131 0.12961998958875587 0.707658321060383 0.01665799062988027 0.053019145802650956
132 0.14836022904737117 0.5802650957290132 0.012493492972410203 0.054491899852724596
130 0.1491410723581468 0.7106038291605302 0.013014055179593961 0.05743740795287187
17 0.16189484643414886 0.5994108983799705 0.008328995314940135 0.05596465390279823
129 0.17829255596043728 0.7128129602356407 0.021343050494534097 0.06480117820324005
131 0.17881311816762102 0.5821060382916053 0.021343050494534097 0.05228276877761414
15 0.1967725143154607 0.7422680412371134 0.011452368558042686 0.048600883652430045
128 0.21212909942738156 0.7161266568483063 0.018219677251431546 0.06848306332842415
130 0.21238938053097345 0.5850515463917526 0.01665799062988027 0.05964653902798232
132 0.23399271212909942 0.5817378497790869 0.013014055179593961 0.053019145802650956
130 0.23399271212909942 0.7102356406480118 0.014055179593961478 0.05817378497790869
129 0.2548152004164498 0.7142857142857143 0.014055179593961478 0.0662739322533137
131 0.25507548152004167 0.5817378497790869 0.01353461738677772 0.053019145802650956
96 0.32769390942217597 0.7190721649484536 0.015096304008328995 0.07879234167893961
98 0.3279541905257678 0.5872606774668631 0.01353461738677772 0.06553755522827688
15 0.3529411764705882 0.6108247422680412 0.011452368558042686 0.0508100147275405
95 0.36673607496095784 0.7216494845360825 0.01717855283706403 0.08247422680412371
98 0.3672566371681416 0.5876288659793815 0.013014055179593961 0.06480117820324005
15 0.42061426340447683 0.7603092783505154 0.011452368558042686 0.04933726067746686
99 0.4349297241020302 0.5850515463917526 0.014055179593961478 0.05964653902798232
94 0.4349297241020302 0.7242268041237113 0.016137428422696512 0.08762886597938144
127 0.48021863612701715 0.5938880706921944 0.021343050494534097 0.07584683357879234
97 0.4997397188964081 0.5909425625920471 0.014575741801145237 0.07142857142857142
95 0.4997397188964081 0.7216494845360825 0.01665799062988027 0.08247422680412371
21 0.5434669442998439 0.7072901325478645 0.01353461738677772 0.02577319587628866
132 0.5486725663716814 0.5850515463917526 0.01978136387298282 0.05817378497790869
96 0.6150442477876106 0.7190721649484536 0.015096304008328995 0.07879234167893961
132 0.6166059344091619 0.5798969072164948 0.016137428422696512 0.05375552282768777
132 0.6363872982821447 0.5802650957290132 0.013014055179593961 0.054491899852724596
129 0.6590317542946382 0.5872606774668631 0.01978136387298282 0.06406480117820323
97 0.6772514315460697 0.7161266568483063 0.014575741801145237 0.06995581737849779
99 0.6782925559604372 0.585419734904271 0.01353461738677772 0.060382916053019146
21 0.7087454450806872 0.7072901325478645 0.014055179593961478 0.02577319587628866
137 0.7103071317022384 0.58100147275405 0.014055179593961478 0.05154639175257732
15 0.7764185320145758 0.7172312223858616 0.011972930765226444 0.05154639175257732
106 0.7896928682977615 0.5817378497790869 0.01353461738677772 0.053019145802650956
101 0.790994273815721 0.7039764359351988 0.013014055179593961 0.05891016200294551
134 0.8328995314940135 0.5898379970544919 0.014575741801145237 0.06774668630338733
104 0.8532014575741801 0.5876288659793815 0.01353461738677772 0.06480117820324005
102 0.8539823008849557 0.7013991163475699 0.013014055179593961 0.06406480117820323
21 0.8945861530452889 0.707658321060383 0.014055179593961478 0.026509572901325478
137 0.8964081207704321 0.5817378497790869 0.014575741801145237 0.053019145802650956
27 0.06975533576262363 0.8575110456553755 0.031233732431025507 0.06111929307805596
15 0.09344091618948464 0.8427835051546392 0.011972930765226444 0.05228276877761414
71 0.12753774076002083 0.8586156111929307 0.014575741801145237 0.05891016200294551
99 0.3282144716293597 0.8586156111929307 0.014055179593961478 0.05891016200294551
17 0.3547631441957314 0.8854933726067746 0.008849557522123894 0.05670103092783505
98 0.3675169182717335 0.861561119293078 0.01353461738677772 0.06480117820324005
128 0.43545028630921395 0.8645066273932254 0.018219677251431546 0.06921944035346098
128 0.45549193128578863 0.8652430044182622 0.014575741801145237 0.06921944035346098
21 0.47579385736595525 0.8560382916053019 0.01353461738677772 0.02577319587628866
131 0.5033836543466944 0.8564064801178203 0.021863612701717855 0.053019145802650956
131 0.5262883914627798 0.8560382916053019 0.01978136387298282 0.05228276877761414
21 0.5437272254034357 0.8556701030927835 0.013014055179593961 0.026509572901325478
99 0.6155648099947943 0.8586156111929307 0.014055179593961478 0.05891016200294551
102 0.6780322748568454 0.8505154639175257 0.013014055179593961 0.06332842415316642
21 0.7087454450806872 0.855301914580265 0.014055179593961478 0.02577319587628866
135 0.7896928682977615 0.8619293078055964 0.01353461738677772 0.06406480117820323
135 0.8094742321707444 0.861561119293078 0.01665799062988027 0.06332842415316642
21 0.8313378448724622 0.8556701030927835 0.01353461738677772 0.025036818851251842
138 0.8537220197813639 0.853460972017673 0.014575741801145237 0.05891016200294551
138 0.8748047891723061 0.8530927835051546 0.014055179593961478 0.05817378497790869
21 0.8945861530452889 0.855301914580265 0.014055179593961478 0.02577319587628866
