14 0.7188775510204082 0.015512265512265512 0.00816326530612245 0.012265512265512266
2 0.16785714285714287 0.04112554112554113 0.0163265306122449 0.06204906204906205
12 0.11989795918367348 0.056998556998557 0.006122448979591837 0.049062049062049064
12 0.9515306122448981 0.05627705627705628 0.00816326530612245 0.047619047619047616
12 0.3477040816326531 0.056998556998557 0.007653061224489797 0.047619047619047616
12 0.46479591836734696 0.05663780663780664 0.00816326530612245 0.046897546897546896
12 0.6903061224489797 0.05591630591630592 0.00816326530612245 0.045454545454545456
14 0.24362244897959187 0.050865800865800864 0.007653061224489797 0.010822510822510822
14 0.7186224489795919 0.20707070707070707 0.008673469387755102 0.011544011544011544
14 0.24336734693877554 0.20707070707070707 0.00816326530612245 0.0101010101010101
14 0.5479591836734694 0.20743145743145744 0.0071428571428571435 0.010822510822510822
2 0.1681122448979592 0.28643578643578643 0.01683673469387755 0.06060606060606061
12 0.12015306122448981 0.3005050505050505 0.00663265306122449 0.048340548340548344
12 0.46454081632653066 0.3008658008658009 0.008673469387755102 0.047619047619047616
12 0.6903061224489797 0.3008658008658009 0.009183673469387756 0.047619047619047616
12 0.9512755102040817 0.30122655122655123 0.008673469387755102 0.048340548340548344
12 0.3477040816326531 0.30122655122655123 0.008673469387755102 0.046897546897546896
14 0.24387755102040817 0.2950937950937951 0.006122448979591837 0.011544011544011544
2 0.16760204081632654 0.3712121212121212 0.01683673469387755 0.05988455988455989
12 0.3479591836734694 0.3740981240981241 0.00816326530612245 0.046897546897546896
12 0.6900510204081634 0.37373737373737376 0.008673469387755102 0.046176046176046176
12 0.9512755102040817 0.37445887445887444 0.008673469387755102 0.047619047619047616
12 0.11989795918367348 0.3740981240981241 0.006122448979591837 0.045454545454545456
12 0.4642857142857143 0.3722943722943723 0.0071428571428571435 0.04184704184704185
14 0.24387755102040817 0.3686868686868687 0.00816326530612245 0.0101010101010101
14 0.49617346938775514 0.408008658008658 0.007653061224489797 0.012265512265512266
14 0.3793367346938776 0.4090909090909091 0.007653061224489797 0.0101010101010101
14 0.7188775510204082 0.43253968253968256 0.00816326530612245 0.013708513708513708
2 0.16785714285714287 0.45851370851370854 0.017346938775510204 0.05988455988455989
12 0.11938775510204083 0.4743867243867244 0.006122448979591837 0.048340548340548344
12 0.3477040816326531 0.4743867243867244 0.007653061224489797 0.048340548340548344
12 0.46454081632653066 0.4736652236652237 0.007653061224489797 0.046897546897546896
12 0.6903061224489797 0.4736652236652237 0.00816326530612245 0.046897546897546896
12 0.9515306122448981 0.474025974025974 0.009183673469387756 0.047619047619047616
14 0.7938775510204082 0.46825396825396826 0.00816326530612245 0.0101010101010101
14 0.8849489795918368 0.46825396825396826 0.007653061224489797 0.0101010101010101
2 0.1681122448979592 0.551948051948052 0.01683673469387755 0.06060606060606061
14 0.49617346938775514 0.5371572871572872 0.007653061224489797 0.012265512265512266
14 0.37984693877551023 0.5382395382395382 0.00663265306122449 0.0101010101010101
12 0.11964285714285715 0.5674603174603174 0.00663265306122449 0.049783549783549784
12 0.9515306122448981 0.5674603174603174 0.009183673469387756 0.048340548340548344
12 0.3479591836734694 0.5674603174603174 0.00816326530612245 0.046897546897546896
12 0.6903061224489797 0.5670995670995671 0.0071428571428571435 0.046176046176046176
12 0.4642857142857143 0.5678210678210678 0.00816326530612245 0.046176046176046176
14 0.7188775510204082 0.560966810966811 0.0071428571428571435 0.010822510822510822
14 0.7936224489795919 0.560966810966811 0.008673469387755102 0.010822510822510822
14 0.8846938775510205 0.5613275613275613 0.0071428571428571435 0.0101010101010101
2 0.16785714285714287 0.6623376623376623 0.017346938775510204 0.06060606060606061
12 0.1191326530612245 0.6717171717171717 0.00663265306122449 0.047619047619047616
12 0.9515306122448981 0.6724386724386724 0.010204081632653062 0.049062049062049064
12 0.6908163265306123 0.6717171717171717 0.00816326530612245 0.046176046176046176
14 0.7186224489795919 0.6540404040404041 0.007653061224489797 0.010822510822510822
12 0.3479591836734694 0.6724386724386724 0.00816326530612245 0.046176046176046176
12 0.46454081632653066 0.6724386724386724 0.008673469387755102 0.046176046176046176
14 0.49591836734693884 0.6544011544011544 0.00816326530612245 0.0101010101010101
14 0.24362244897959187 0.6663059163059163 0.007653061224489797 0.010822510822510822
14 0.7936224489795919 0.665945165945166 0.008673469387755102 0.0101010101010101
14 0.8846938775510205 0.6666666666666666 0.0071428571428571435 0.0101010101010101
14 0.4956632653061225 0.7449494949494949 0.007653061224489797 0.012265512265512266
14 0.7186224489795919 0.7557720057720058 0.007653061224489797 0.010822510822510822
2 0.16785714285714287 0.7824675324675324 0.017346938775510204 0.05988455988455989
12 0.12015306122448981 0.786075036075036 0.007653061224489797 0.048340548340548344
12 0.9515306122448981 0.786075036075036 0.009183673469387756 0.048340548340548344
12 0.3479591836734694 0.7864357864357865 0.00816326530612245 0.047619047619047616
12 0.4642857142857143 0.786075036075036 0.00816326530612245 0.046897546897546896
12 0.690561224489796 0.7857142857142857 0.007653061224489797 0.046176046176046176
14 0.24362244897959187 0.7803030303030303 0.007653061224489797 0.010822510822510822
14 0.7933673469387755 0.7803030303030303 0.00816326530612245 0.010822510822510822
14 0.8846938775510205 0.7806637806637806 0.0071428571428571435 0.0101010101010101
14 0.7191326530612245 0.7918470418470418 0.007653061224489797 0.010822510822510822
14 0.49617346938775514 0.8163780663780664 0.007653061224489797 0.010822510822510822
2 0.16760204081632654 0.8777056277056277 0.01683673469387755 0.05988455988455989
12 0.9515306122448981 0.8813131313131313 0.009183673469387756 0.048340548340548344
12 0.11989795918367348 0.8816738816738817 0.0071428571428571435 0.047619047619047616
12 0.3477040816326531 0.8813131313131313 0.007653061224489797 0.046897546897546896
12 0.4642857142857143 0.8820346320346321 0.00816326530612245 0.046897546897546896
12 0.6903061224489797 0.8816738816738817 0.0071428571428571435 0.046176046176046176
14 0.24362244897959187 0.8755411255411255 0.007653061224489797 0.010822510822510822
14 0.7936224489795919 0.8755411255411255 0.008673469387755102 0.010822510822510822
14 0.8846938775510205 0.8755411255411255 0.0071428571428571435 0.00937950937950938
14 0.7186224489795919 0.8867243867243867 0.007653061224489797 0.0101010101010101
14 0.4964285714285715 0.911976911976912 0.00816326530612245 0.0101010101010101
26 0.13877551020408163 0.05627705627705628 0.025510204081632654 0.1038961038961039
20 0.2298469387755102 0.056998556998557 0.011734693877551022 0.0404040404040404
18 0.40382653061224494 0.048701298701298704 0.020918367346938777 0.013708513708513708
18 0.5750000000000001 0.048701298701298704 0.02142857142857143 0.013708513708513708
110 0.7053571428571429 0.044733044733044736 0.01479591836734694 0.07647907647907648
21 0.7808673469387756 0.05735930735930736 0.013775510204081635 0.025252525252525252
18 0.8107142857142858 0.048340548340548344 0.02142857142857143 0.01443001443001443
20 0.2298469387755102 0.13528138528138528 0.012755102040816327 0.04112554112554113
18 0.40382653061224494 0.1388888888888889 0.021938775510204084 0.015151515151515152
18 0.5752551020408164 0.13924963924963926 0.021938775510204084 0.015873015873015872
18 0.8183673469387756 0.13924963924963926 0.02142857142857143 0.015873015873015872
20 0.23010204081632654 0.21356421356421357 0.012244897959183675 0.04184704184704185
18 0.40382653061224494 0.21717171717171718 0.021938775510204084 0.01443001443001443
19 0.47882653061224495 0.20995670995670995 0.01785714285714286 0.015873015873015872
103 0.7048469387755103 0.22943722943722944 0.012755102040816327 0.050505050505050504
21 0.7811224489795919 0.2132034632034632 0.01326530612244898 0.026695526695526696
18 0.8112244897959184 0.21753246753246752 0.02142857142857143 0.015151515151515152
26 0.138265306122449 0.30194805194805197 0.02448979591836735 0.10028860028860029
20 0.2298469387755102 0.30194805194805197 0.011734693877551022 0.04112554112554113
18 0.4035714285714286 0.29329004329004327 0.02142857142857143 0.015151515151515152
18 0.5747448979591837 0.29329004329004327 0.021938775510204084 0.015151515151515152
18 0.8186224489795919 0.29365079365079366 0.021938775510204084 0.015873015873015872
27 0.1413265306122449 0.37734487734487737 0.030612244897959186 0.05772005772005772
20 0.2298469387755102 0.37481962481962483 0.011734693877551022 0.04112554112554113
18 0.4035714285714286 0.36544011544011545 0.020408163265306124 0.015151515151515152
18 0.5750000000000001 0.3658008658008658 0.02142857142857143 0.015873015873015872
18 0.8186224489795919 0.3665223665223665 0.021938775510204084 0.015873015873015872
26 0.138265306122449 0.474025974025974 0.025510204081632654 0.10245310245310245
168 0.23112244897959186 0.4715007215007215 0.01326530612244898 0.056998556998557
169 0.251530612244898 0.46825396825396826 0.01326530612244898 0.06493506493506493
170 0.2724489795918368 0.4660894660894661 0.014285714285714287 0.06926406926406926
171 0.2920918367346939 0.46284271284271283 0.01479591836734694 0.07575757575757576
172 0.31275510204081636 0.4595959595959596 0.015306122448979593 0.0808080808080808
173 0.33137755102040817 0.45670995670995673 0.01683673469387755 0.08513708513708514
60 0.3642857142857143 0.45021645021645024 0.020408163265306124 0.09956709956709957
60 0.48086734693877553 0.45021645021645024 0.020918367346938777 0.09956709956709957
110 0.7056122448979593 0.4624819624819625 0.015306122448979593 0.07503607503607504
20 0.7801020408163266 0.47474747474747475 0.012244897959183675 0.04184704184704185
19 0.8701530612244899 0.4722222222222222 0.018877551020408164 0.015151515151515152
26 0.13852040816326533 0.5674603174603174 0.025 0.10606060606060606
161 0.23367346938775513 0.5656565656565656 0.018367346938775512 0.05483405483405483
162 0.25229591836734694 0.5642135642135642 0.013775510204081635 0.05772005772005772
163 0.2721938775510204 0.5624098124098124 0.013775510204081635 0.06132756132756133
164 0.29285714285714287 0.560966810966811 0.01326530612244898 0.06421356421356421
165 0.31301020408163266 0.5588023088023089 0.013775510204081635 0.06854256854256854
166 0.3334183673469388 0.5573593073593074 0.013775510204081635 0.07287157287157287
53 0.36403061224489797 0.564935064935065 0.01683673469387755 0.05916305916305916
53 0.4803571428571429 0.5645743145743146 0.01785714285714286 0.05844155844155844
103 0.7048469387755103 0.5746753246753247 0.012755102040816327 0.06277056277056277
20 0.7798469387755103 0.5678210678210678 0.012755102040816327 0.04184704184704185
19 0.8701530612244899 0.5645743145743146 0.018877551020408164 0.015151515151515152
28 0.138265306122449 0.6717171717171717 0.02755102040816327 0.06637806637806638
20 0.2295918367346939 0.6727994227994228 0.012244897959183675 0.04112554112554113
18 0.4035714285714286 0.6645021645021645 0.02142857142857143 0.01443001443001443
51 0.47984693877551027 0.6727994227994228 0.01683673469387755 0.051226551226551224
106 0.7056122448979593 0.672077922077922 0.01326530612244898 0.051226551226551224
20 0.7798469387755103 0.6727994227994228 0.012755102040816327 0.04112554112554113
19 0.8698979591836735 0.6699134199134199 0.018367346938775512 0.015151515151515152
27 0.1413265306122449 0.7878787878787878 0.031632653061224494 0.05916305916305916
20 0.2295918367346939 0.7867965367965368 0.012244897959183675 0.04112554112554113
18 0.4035714285714286 0.7777777777777778 0.02142857142857143 0.01443001443001443
20 0.7801020408163266 0.7871572871572872 0.012244897959183675 0.04184704184704185
19 0.8698979591836735 0.7835497835497836 0.018367346938775512 0.01443001443001443
37 0.14158163265306123 0.8878066378066378 0.03214285714285715 0.06998556998556998
20 0.2295918367346939 0.8820346320346321 0.012244897959183675 0.04112554112554113
18 0.4035714285714286 0.873015873015873 0.02142857142857143 0.01443001443001443
44 0.48010204081632657 0.8939393939393939 0.015306122448979593 0.05916305916305916
101 0.7056122448979593 0.8816738816738817 0.012244897959183675 0.05194805194805195
20 0.7801020408163266 0.8823953823953824 0.012244897959183675 0.04184704184704185
19 0.8701530612244899 0.8791486291486291 0.018877551020408164 0.015151515151515152
