12 0.04780262143407864 0.13140676117775354 0.005397070161912105 0.03707742639040349
12 0.9510408635312259 0.13113413304253 0.010023130300693909 0.03653217011995638
12 0.9512336160370084 0.2276444929116685 0.010408635312259058 0.0376226826608506
12 0.04799537393986122 0.22791712104689205 0.005782575173477255 0.03707742639040349
12 0.9512336160370084 0.32415485278080697 0.010408635312259058 0.0376226826608506
12 0.04799537393986122 0.3244274809160306 0.005782575173477255 0.03707742639040349
12 0.04818812644564379 0.4206652126499455 0.005397070161912105 0.0376226826608506
12 0.9510408635312259 0.42039258451472195 0.01079414032382421 0.03707742639040349
12 0.04818812644564379 0.517175572519084 0.005397070161912105 0.0376226826608506
12 0.9510408635312259 0.5169029443838604 0.01079414032382421 0.03707742639040349
12 0.04799537393986122 0.6134133042529989 0.005782575173477255 0.03707742639040349
12 0.9510408635312259 0.6134133042529989 0.01079414032382421 0.03707742639040349
12 0.9510408635312259 0.7096510359869139 0.01079414032382421 0.0376226826608506
12 0.04799537393986122 0.7096510359869139 0.0065535851966075555 0.03653217011995638
12 0.9510408635312259 0.8285169029443838 0.01079414032382421 0.0376226826608506
12 0.04799537393986122 0.8287895310796074 0.005782575173477255 0.03707742639040349
12 0.04799537393986122 0.9247546346782989 0.005782575173477255 0.03707742639040349
12 0.9510408635312259 0.9247546346782989 0.01079414032382421 0.03707742639040349
6 0.0853893600616808 0.8148854961832062 0.017347725520431765 0.05179934569247546
29 0.06148804934464148 0.1256815703380589 0.020431765612952967 0.0910577971646674
16 0.08057054741711642 0.126226826608506 0.007710100231303006 0.0321701199563795
107 0.10967617579028527 0.12949836423118866 0.009637625289128758 0.0430752453653217
135 0.2102929838087895 0.13331515812431843 0.009637625289128758 0.0430752453653217
138 0.26040863531225905 0.12895310796074155 0.012721665381649962 0.0430752453653217
141 0.31495759444872784 0.12459105779716467 0.01079414032382421 0.05288985823336969
138 0.3635312259059368 0.12949836423118866 0.009252120277563608 0.0430752453653217
140 0.41634541249036233 0.12459105779716467 0.01079414032382421 0.05179934569247546
142 0.4656900539707016 0.12022900763358779 0.014649190439475712 0.06270447110141766
79 0.552621434078643 0.1292257360959651 0.010408635312259058 0.04471101417666303
114 0.7704317656129529 0.11368593238822247 0.01195065535851966 0.0747001090512541
20 0.8619892058596761 0.13113413304253 0.009252120277563608 0.03107960741548528
26 0.062066306861989204 0.2276444929116685 0.020046260601387818 0.0801526717557252
16 0.08057054741711642 0.22219193020719738 0.008481110254433308 0.03326063249727372
107 0.10967617579028527 0.2257360959651036 0.009637625289128758 0.04362050163576881
135 0.21048573631457207 0.22955288985823338 0.010023130300693909 0.04252998909487459
138 0.26040863531225905 0.22546346782988005 0.012721665381649962 0.04416575790621592
141 0.31495759444872784 0.22110141766630317 0.01079414032382421 0.05288985823336969
138 0.36372397841171933 0.2257360959651036 0.009637625289128758 0.04362050163576881
140 0.41634541249036233 0.22082878953107962 0.01079414032382421 0.05234460196292258
142 0.465497301464919 0.21646673936750274 0.015805705474171164 0.06215921483097056
79 0.5524286815728604 0.2251908396946565 0.01079414032382421 0.04471101417666303
114 0.7704317656129529 0.21046892039258452 0.01195065535851966 0.0752453653217012
20 0.8617964533538935 0.22791712104689205 0.010408635312259058 0.03162486368593239
26 0.062066306861989204 0.3238822246455834 0.020046260601387818 0.0806979280261723
16 0.08057054741711642 0.3181570338058888 0.008481110254433308 0.03326063249727372
107 0.10986892829606784 0.32197382769901856 0.010023130300693909 0.04416575790621592
135 0.21067848882035464 0.3260632497273719 0.009637625289128758 0.04252998909487459
138 0.2606013878180416 0.321701199563795 0.013107170393215111 0.04362050163576881
141 0.31495759444872784 0.31706652126499457 0.01079414032382421 0.05288985823336969
138 0.36372397841171933 0.32197382769901856 0.009637625289128758 0.0430752453653217
140 0.4159599074787972 0.3173391494002181 0.01079414032382421 0.05234460196292258
142 0.4653045489591364 0.31297709923664124 0.016191210485736313 0.06215921483097056
79 0.5524286815728604 0.32197382769901856 0.01079414032382421 0.04416575790621592
114 0.7702390131071704 0.30670665212649945 0.01233616037008481 0.0747001090512541
20 0.8619892058596761 0.3244274809160306 0.010023130300693909 0.03162486368593239
26 0.06187355435620663 0.42039258451472195 0.020431765612952967 0.07960741548527808
15 0.0815343099460293 0.40076335877862596 0.008866615265998457 0.03925845147219193
105 0.11025443330763299 0.42257360959651036 0.01079414032382421 0.04362050163576881
136 0.21067848882035464 0.42148309705561615 0.009637625289128758 0.04143947655398037
139 0.2607941403238242 0.4157579062159215 0.012721665381649962 0.04743729552889858
141 0.31495759444872784 0.4116684841875682 0.01156515034695451 0.05779716466739368
139 0.36372397841171933 0.4163031624863686 0.009637625289128758 0.04743729552889858
141 0.4159599074787972 0.4116684841875682 0.01156515034695451 0.05779716466739368
143 0.46607555898226677 0.4073064340239913 0.013878180416345412 0.06543075245365322
77 0.5531996915959907 0.4228462377317339 0.01156515034695451 0.04416575790621592
112 0.7700462606013878 0.40812431842966196 0.011179645335389359 0.0648854961832061
20 0.8619892058596761 0.4212104689203926 0.010023130300693909 0.0321701199563795
26 0.06187355435620663 0.517175572519084 0.020431765612952967 0.0801526717557252
15 0.08134155744024672 0.4967284623773174 0.009252120277563608 0.03925845147219193
103 0.10986892829606784 0.5226281352235551 0.01079414032382421 0.05179934569247546
136 0.21067848882035464 0.5179934569247546 0.009637625289128758 0.04143947655398037
139 0.2607941403238242 0.5125408942202836 0.012721665381649962 0.04798255179934569
141 0.31495759444872784 0.5081788440567067 0.01156515034695451 0.05779716466739368
139 0.36372397841171933 0.5128135223555071 0.009637625289128758 0.04743729552889858
141 0.4159599074787972 0.5081788440567067 0.01156515034695451 0.05779716466739368
143 0.46607555898226677 0.5035441657579063 0.013878180416345412 0.06597600872410032
75 0.5522359290670779 0.5229007633587787 0.010408635312259058 0.05125408942202835
108 0.7698535080956052 0.5125408942202836 0.010023130300693909 0.04907306434023991
20 0.8619892058596761 0.5174482006543075 0.010023130300693909 0.03162486368593239
26 0.06168080185042405 0.6134133042529989 0.020046260601387818 0.07960741548527808
15 0.08134155744024672 0.5935114503816794 0.009252120277563608 0.03871319520174482
101 0.11044718581341557 0.6117775354416576 0.010408635312259058 0.04471101417666303
20 0.20894371626831149 0.6134133042529989 0.009252120277563608 0.03053435114503817
20 0.3128373168851195 0.613958560523446 0.009637625289128758 0.03162486368593239
15 0.4059367771781033 0.6207742639040349 0.008481110254433308 0.0376226826608506
101 0.41653816499614493 0.6112322791712105 0.009637625289128758 0.04362050163576881
101 0.5528141865844256 0.6109596510359869 0.010023130300693909 0.04416575790621592
15 0.6343484965304549 0.6395856052344602 0.005782575173477255 0.023991275899672846
98 0.6698149575944486 0.6177753544165758 0.010408635312259058 0.04907306434023991
94 0.7704317656129529 0.6256815703380589 0.01195065535851966 0.06597600872410032
20 0.8621819583654587 0.613958560523446 0.009637625289128758 0.03162486368593239
27 0.06380107941403237 0.710196292257361 0.02428681572860447 0.0430752453653217
16 0.08076329992289899 0.7137404580152672 0.008095605242868157 0.03271537622682661
98 0.10986892829606784 0.7140130861504908 0.01079414032382421 0.0485278080697928
20 0.20913646877409406 0.710196292257361 0.009637625289128758 0.03107960741548528
20 0.31303006939090205 0.7104689203925846 0.010023130300693909 0.03162486368593239
15 0.40555127216653813 0.7314612868047983 0.009252120277563608 0.0376226826608506
98 0.41653816499614493 0.7140130861504908 0.009637625289128758 0.0485278080697928
98 0.552621434078643 0.7140130861504908 0.010408635312259058 0.0485278080697928
17 0.6351195065535852 0.7194656488549619 0.0050115651503469544 0.0267175572519084
102 0.6698149575944486 0.7050163576881134 0.009637625289128758 0.04798255179934569
98 0.7706245181187356 0.7142857142857143 0.010023130300693909 0.05016357688113413
20 0.8619892058596761 0.7104689203925846 0.010023130300693909 0.03162486368593239
26 0.062066306861989204 0.8290621592148311 0.020046260601387818 0.07906215921483098
109 0.1094834232845027 0.8222464558342422 0.01079414032382421 0.0534351145038168
140 0.2102929838087895 0.8219738276990186 0.011179645335389359 0.05288985823336969
143 0.2609868928296068 0.8154307524536533 0.013878180416345412 0.06597600872410032
143 0.3633384734001542 0.8157033805888768 0.011179645335389359 0.06652126499454744
112 0.4159599074787972 0.8107960741548528 0.01079414032382421 0.0752453653217012
145 0.46588280647648417 0.806434023991276 0.014263685427910563 0.08287895310796074
81 0.5522359290670779 0.8219738276990186 0.01195065535851966 0.05398037077426391
114 0.7702390131071704 0.8110687022900763 0.01156515034695451 0.0747001090512541
20 0.8617964533538935 0.8293347873500546 0.009637625289128758 0.03162486368593239
26 0.062066306861989204 0.925299890948746 0.020046260601387818 0.0806979280261723
15 0.08134155744024672 0.9051254089422028 0.009252120277563608 0.03925845147219193
103 0.10967617579028527 0.9304798255179935 0.010408635312259058 0.05070883315158124
136 0.21048573631457207 0.9258451472191931 0.010023130300693909 0.04143947655398037
139 0.2606013878180416 0.9201199563794984 0.01233616037008481 0.04743729552889858
141 0.31476484194294524 0.9157579062159216 0.011179645335389359 0.05725190839694657
139 0.3635312259059368 0.920937840785169 0.009252120277563608 0.04798255179934569
141 0.4159599074787972 0.9160305343511451 0.01156515034695451 0.05779716466739368
143 0.46588280647648417 0.9113958560523446 0.014263685427910563 0.06597600872410032
75 0.5522359290670779 0.930752453653217 0.010408635312259058 0.05125408942202835
108 0.7700462606013878 0.920392584514722 0.010408635312259058 0.04907306434023991
20 0.8619892058596761 0.9261177753544166 0.010023130300693909 0.0321701199563795
145 0.31495759444872784 0.8107960741548528 0.013107170393215111 0.07415485278080698
