12 0.5698979591836735 0.21284271284271283 0.009183673469387756 0.049062049062049064
12 0.7658163265306123 0.21284271284271283 0.009183673469387756 0.049062049062049064
12 0.9517857142857143 0.21284271284271283 0.008673469387755102 0.049062049062049064
12 0.04872448979591837 0.21356421356421357 0.007653061224489797 0.049062049062049064
12 0.24005102040816328 0.21284271284271283 0.008673469387755102 0.047619047619047616
12 0.4142857142857143 0.2132034632034632 0.00816326530612245 0.048340548340548344
14 0.11479591836734696 0.2178932178932179 0.0071428571428571435 0.0101010101010101
12 0.9512755102040817 0.46464646464646464 0.00969387755102041 0.049062049062049064
12 0.048469387755102046 0.465007215007215 0.0071428571428571435 0.048340548340548344
12 0.41454081632653067 0.465007215007215 0.008673469387755102 0.048340548340548344
12 0.765561224489796 0.46464646464646464 0.008673469387755102 0.047619047619047616
12 0.24005102040816328 0.4653679653679654 0.008673469387755102 0.047619047619047616
12 0.5698979591836735 0.4653679653679654 0.00816326530612245 0.047619047619047616
14 0.11479591836734696 0.4707792207792208 0.006122448979591837 0.00937950937950938
14 0.2785714285714286 0.4707792207792208 0.0071428571428571435 0.00937950937950938
14 0.7946428571428572 0.47113997113997114 0.00663265306122449 0.008658008658008658
14 0.4428571428571429 0.48268398268398266 0.0071428571428571435 0.0101010101010101
14 0.6081632653061225 0.48268398268398266 0.0071428571428571435 0.0101010101010101
26 0.06709183673469388 0.21031746031746032 0.025 0.09163059163059163
74 0.10382653061224491 0.20743145743145744 0.012755102040816327 0.06421356421356421
15 0.2528061224489796 0.20707070707070707 0.011734693877551022 0.03896103896103896
135 0.26607142857142857 0.21608946608946608 0.012755102040816327 0.05844155844155844
133 0.2900510204081633 0.21861471861471862 0.01785714285714286 0.06349206349206349
71 0.3275510204081633 0.21572871572871574 0.01326530612244898 0.05772005772005772
18 0.4920918367346939 0.2041847041847042 0.015816326530612247 0.012987012987012988
15 0.5826530612244899 0.22438672438672438 0.012244897959183675 0.03896103896103896
132 0.6005102040816327 0.20995670995670995 0.01938775510204082 0.05627705627705628
21 0.626530612244898 0.21356421356421357 0.012244897959183675 0.024531024531024532
134 0.655357142857143 0.22113997113997114 0.012755102040816327 0.0670995670995671
21 0.6841836734693878 0.21392496392496393 0.012244897959183675 0.025252525252525252
134 0.7125 0.22077922077922077 0.012755102040816327 0.06637806637806638
21 0.7415816326530613 0.21356421356421357 0.012755102040816327 0.024531024531024532
129 0.7867346938775511 0.21861471861471862 0.01938775510204082 0.06204906204906205
21 0.8135204081632654 0.21392496392496393 0.012755102040816327 0.025252525252525252
136 0.8415816326530613 0.21536796536796537 0.012755102040816327 0.056998556998557
21 0.8706632653061225 0.21356421356421357 0.012755102040816327 0.024531024531024532
136 0.8989795918367348 0.21536796536796537 0.01326530612244898 0.056998556998557
21 0.9278061224489796 0.2132034632034632 0.012755102040816327 0.025252525252525252
37 0.06581632653061226 0.47186147186147187 0.02653061224489796 0.06637806637806638
74 0.10357142857142858 0.4595959595959596 0.01326530612244898 0.06204906204906205
74 0.26734693877551025 0.4595959595959596 0.01326530612244898 0.06204906204906205
71 0.4316326530612245 0.46825396825396826 0.014285714285714287 0.05772005772005772
71 0.5969387755102041 0.4675324675324675 0.014285714285714287 0.05772005772005772
74 0.7831632653061226 0.4595959595959596 0.01326530612244898 0.06204906204906205
