12 0.7198683669271905 0.1588132635253054 0.007404360345536817 0.03955788248981966
12 0.9516659810777458 0.1588132635253054 0.006993006993006993 0.03955788248981966
12 0.2741670094611271 0.15910413030831877 0.006993006993006993 0.0389761489237929
12 0.4936240230357878 0.1835369400814427 0.004113533525298231 0.05061082024432809
12 0.4337721102426985 0.18208260616637578 0.004524886877828055 0.04304828388598022
12 0.3634306869600987 0.18266433973240256 0.004524886877828055 0.04304828388598022
12 0.7846565199506377 0.27399650959860383 0.00781571369806664 0.03955788248981966
12 0.9510489510489512 0.27370564281559046 0.00904977375565611 0.0389761489237929
12 0.23920197449609215 0.27399650959860383 0.00781571369806664 0.038394415357766144
12 0.5960510078157137 0.2745782431646306 0.005758946935417524 0.04653868528214078
12 0.4286301933360757 0.27603257707969747 0.004113533525298231 0.04246655031995346
11 0.9475524475524476 0.4284467713787085 0.01192924722336487 0.04013961605584642
12 0.3083093377211024 0.4284467713787085 0.008638420403126287 0.0389761489237929
12 0.7684080625257096 0.42902850494473527 0.008227067050596462 0.0389761489237929
14 0.8101604278074866 0.45258871436881903 0.004524886877828055 0.006980802792321116
12 0.5261209378856438 0.4284467713787085 0.005758946935417524 0.04363001745200698
26 0.1332784862196627 0.1559045956951716 0.01974496092143151 0.07562536358347877
71 0.18222953517071164 0.16114019778941244 0.011517893870835048 0.04653868528214078
98 0.23961332784862197 0.16346713205351948 0.010283833813245578 0.051192553810354854
69 0.29041546688605513 0.16579406631762653 0.012340600575894695 0.05584642233856893
97 0.3473879062114356 0.16521233275159977 0.01192924722336487 0.05584642233856893
98 0.3979843685726039 0.16346713205351948 0.011106540518305225 0.051192553810354854
97 0.43459481694775814 0.16521233275159977 0.01192924722336487 0.05584642233856893
98 0.47202797202797203 0.1631762652705061 0.011106540518305225 0.051774287376381616
71 0.5224187577128754 0.16084933100639906 0.011517893870835048 0.04712041884816754
97 0.5779514603044015 0.16550319953461315 0.011517893870835048 0.05642815590459569
71 0.6283422459893049 0.16084933100639906 0.011106540518305225 0.04712041884816754
98 0.6855203619909502 0.1631762652705061 0.011106540518305225 0.051774287376381616
69 0.7359111476758536 0.16579406631762653 0.012340600575894695 0.05584642233856893
97 0.793089263677499 0.16579406631762653 0.012340600575894695 0.05584642233856893
98 0.8432743726861375 0.16375799883653286 0.010695187165775402 0.051774287376381616
99 0.8800904977375567 0.16114019778941244 0.011106540518305225 0.047702152414194295
98 0.9167009461127109 0.16346713205351948 0.011106540518305225 0.051192553810354854
26 0.06190867955573838 0.2713787085514834 0.01933360756890169 0.07388016288539849
69 0.09214315096668038 0.2812681791739383 0.01316330728095434 0.05642815590459569
99 0.18469765528589058 0.2766143106457242 0.010695187165775402 0.04712041884816754
99 0.260592348827643 0.27603257707969747 0.011106540518305225 0.04712041884816754
100 0.31735911147675855 0.2742873763816172 0.011106540518305225 0.04130308318789994
101 0.37412587412587417 0.2716695753344968 0.011106540518305225 0.04653868528214078
70 0.4498148909913616 0.2792321116928447 0.012751953928424518 0.05235602094240838
99 0.5409296585767174 0.27603257707969747 0.010695187165775402 0.04712041884816754
99 0.6170300287947347 0.27603257707969747 0.010695187165775402 0.04712041884816754
100 0.6735911147675854 0.27399650959860383 0.011106540518305225 0.0418848167539267
101 0.730357877416701 0.2716695753344968 0.011106540518305225 0.04653868528214078
70 0.8058412176059235 0.2792321116928447 0.012340600575894695 0.051192553810354854
99 0.8969559851912794 0.2766143106457242 0.011106540518305225 0.04712041884816754
26 0.062114356232003294 0.4264107038976149 0.01974496092143151 0.07446189645142524
99 0.09152612093788565 0.43135543920884234 0.011106540518305225 0.04712041884816754
100 0.16495269436445908 0.4287376381617219 0.011517893870835048 0.0418848167539267
101 0.23796791443850268 0.42670157068062825 0.011106540518305225 0.04712041884816754
70 0.3344302756067462 0.43368237347294936 0.012340600575894695 0.05293775450843514
101 0.45557383792677913 0.42670157068062825 0.011106540518305225 0.04712041884816754
101 0.5518305224187577 0.42670157068062825 0.011106540518305225 0.04712041884816754
100 0.6244343891402715 0.4287376381617219 0.011517893870835048 0.0418848167539267
99 0.69765528589058 0.43106457242582896 0.010695187165775402 0.047702152414194295
70 0.8013163307280955 0.433391506689936 0.012340600575894695 0.051192553810354854
