6 0.09285714285714286 0.06637806637806638 0.020408163265306124 0.05483405483405483
12 0.047959183673469394 0.08116883116883117 0.006122448979591837 0.049783549783549784
12 0.4456632653061225 0.08116883116883117 0.008673469387755102 0.048340548340548344
12 0.9515306122448981 0.08152958152958154 0.00816326530612245 0.047619047619047616
6 0.09311224489795919 0.18614718614718614 0.020918367346938777 0.05916305916305916
12 0.047704081632653064 0.1865079365079365 0.007653061224489797 0.046897546897546896
12 0.4456632653061225 0.18722943722943722 0.007653061224489797 0.048340548340548344
12 0.9515306122448981 0.18686868686868688 0.00816326530612245 0.047619047619047616
6 0.09285714285714286 0.3077200577200577 0.020408163265306124 0.05411255411255411
12 0.047959183673469394 0.32287157287157287 0.006122448979591837 0.049783549783549784
12 0.5318877551020409 0.32287157287157287 0.008673469387755102 0.048340548340548344
12 0.9515306122448981 0.3225108225108225 0.00816326530612245 0.047619047619047616
6 0.09311224489795919 0.4274891774891775 0.020918367346938777 0.05988455988455989
12 0.047704081632653064 0.42784992784992787 0.007653061224489797 0.047619047619047616
12 0.9515306122448981 0.42784992784992787 0.00816326530612245 0.047619047619047616
12 0.5318877551020409 0.42857142857142855 0.008673469387755102 0.047619047619047616
6 0.09311224489795919 0.5497835497835498 0.020918367346938777 0.05483405483405483
12 0.9512755102040817 0.5638528138528138 0.008673469387755102 0.048340548340548344
12 0.047959183673469394 0.5642135642135642 0.006122448979591837 0.047619047619047616
12 0.5354591836734695 0.5642135642135642 0.008673469387755102 0.047619047619047616
6 0.09311224489795919 0.6684704184704184 0.020918367346938777 0.05988455988455989
12 0.047704081632653064 0.6691919191919192 0.007653061224489797 0.046897546897546896
12 0.9512755102040817 0.6695526695526696 0.008673469387755102 0.047619047619047616
12 0.5354591836734695 0.6699134199134199 0.008673469387755102 0.046897546897546896
6 0.09285714285714286 0.7904040404040404 0.020408163265306124 0.05555555555555555
12 0.047959183673469394 0.8055555555555556 0.006122448979591837 0.048340548340548344
12 0.9515306122448981 0.8051948051948052 0.00816326530612245 0.047619047619047616
12 0.5336734693877552 0.8059163059163059 0.00816326530612245 0.047619047619047616
6 0.09311224489795919 0.9094516594516594 0.020918367346938777 0.05988455988455989
12 0.047959183673469394 0.9112554112554112 0.0071428571428571435 0.047619047619047616
12 0.5336734693877552 0.9108946608946609 0.00816326530612245 0.046897546897546896
12 0.9512755102040817 0.9108946608946609 0.008673469387755102 0.046897546897546896
26 0.06454081632653062 0.08044733044733045 0.023979591836734697 0.09018759018759019
15 0.11938775510204083 0.0873015873015873 0.011224489795918368 0.03751803751803752
133 0.1364795918367347 0.07539682539682539 0.018877551020408164 0.06277056277056277
21 0.17219387755102042 0.05844155844155844 0.010714285714285714 0.024531024531024532
134 0.21581632653061225 0.0891053391053391 0.01326530612244898 0.0670995670995671
21 0.2553571428571429 0.05772005772005772 0.010714285714285714 0.024531024531024532
194 0.46913265306122454 0.07611832611832611 0.012755102040816327 0.06421356421356421
194 0.48443877551020414 0.07647907647907648 0.012755102040816327 0.06349206349206349
193 0.5002551020408164 0.07936507936507936 0.012755102040816327 0.05772005772005772
193 0.5142857142857143 0.07864357864357864 0.015306122448979593 0.05772005772005772
192 0.5316326530612245 0.08585858585858586 0.01326530612244898 0.06060606060606061
192 0.5471938775510204 0.08621933621933622 0.012755102040816327 0.06132756132756133
191 0.5630102040816327 0.08694083694083694 0.012755102040816327 0.06277056277056277
191 0.577295918367347 0.08694083694083694 0.015816326530612247 0.06277056277056277
193 0.5964285714285715 0.07864357864357864 0.012244897959183675 0.05772005772005772
193 0.6117346938775511 0.07936507936507936 0.012244897959183675 0.05772005772005772
192 0.6270408163265306 0.08189033189033189 0.01326530612244898 0.051226551226551224
192 0.641326530612245 0.08189033189033189 0.0163265306122449 0.051226551226551224
191 0.6589285714285715 0.0854978354978355 0.012755102040816327 0.05988455988455989
191 0.675 0.08658008658008658 0.01326530612244898 0.06060606060606061
190 0.690561224489796 0.08658008658008658 0.012755102040816327 0.06204906204906205
190 0.7051020408163265 0.08766233766233766 0.015306122448979593 0.06277056277056277
34 0.06505102040816327 0.18037518037518038 0.025 0.06349206349206349
170 0.1326530612244898 0.17857142857142858 0.014285714285714287 0.06854256854256854
169 0.15229591836734696 0.18073593073593072 0.012755102040816327 0.06421356421356421
168 0.17270408163265308 0.18398268398268397 0.012755102040816327 0.05772005772005772
167 0.19158163265306125 0.18722943722943722 0.015816326530612247 0.05266955266955267
169 0.2150510204081633 0.18073593073593072 0.012755102040816327 0.06421356421356421
168 0.23571428571428574 0.18362193362193363 0.01326530612244898 0.056998556998557
167 0.25586734693877555 0.18686868686868688 0.013775510204081635 0.05194805194805195
166 0.275 0.18722943722943722 0.015306122448979593 0.051226551226551224
15 0.4563775510204082 0.14466089466089466 0.010714285714285714 0.0367965367965368
141 0.47015306122448985 0.17532467532467533 0.015816326530612247 0.07647907647907648
21 0.5306122448979592 0.1634199134199134 0.010204081632653062 0.023809523809523808
139 0.5964285714285715 0.1810966810966811 0.01326530612244898 0.06349206349206349
142 0.6566326530612245 0.17243867243867245 0.020408163265306124 0.0808080808080808
26 0.06479591836734694 0.3217893217893218 0.023469387755102045 0.08946608946608947
15 0.11964285714285715 0.2875180375180375 0.010714285714285714 0.03823953823953824
140 0.1334183673469388 0.3142135642135642 0.01479591836734694 0.06854256854256854
21 0.18852040816326532 0.2994227994227994 0.010714285714285714 0.024531024531024532
138 0.2448979591836735 0.31962481962481964 0.01326530612244898 0.05772005772005772
141 0.2977040816326531 0.31096681096681095 0.01785714285714286 0.07647907647907648
194 0.5551020408163265 0.3170995670995671 0.012244897959183675 0.06421356421356421
194 0.5686224489795919 0.31782106782106784 0.012755102040816327 0.06421356421356421
193 0.5818877551020408 0.3203463203463203 0.012755102040816327 0.05772005772005772
193 0.5943877551020409 0.3207070707070707 0.014285714285714287 0.05844155844155844
192 0.6094387755102041 0.32756132756132755 0.012755102040816327 0.06060606060606061
192 0.6227040816326531 0.32792207792207795 0.012755102040816327 0.06132756132756133
191 0.6364795918367347 0.3286435786435786 0.012755102040816327 0.06277056277056277
191 0.6489795918367347 0.329004329004329 0.015306122448979593 0.06204906204906205
193 0.664795918367347 0.3203463203463203 0.012244897959183675 0.05772005772005772
193 0.678061224489796 0.3207070707070707 0.012244897959183675 0.056998556998557
192 0.6913265306122449 0.32287157287157287 0.01326530612244898 0.051226551226551224
192 0.7035714285714286 0.3232323232323232 0.015306122448979593 0.050505050505050504
191 0.7186224489795919 0.3272005772005772 0.012755102040816327 0.06132756132756133
191 0.7323979591836736 0.32792207792207795 0.012755102040816327 0.06132756132756133
190 0.7459183673469388 0.32792207792207795 0.012244897959183675 0.06277056277056277
190 0.7584183673469388 0.3286435786435786 0.01479591836734694 0.06277056277056277
34 0.06505102040816327 0.4227994227994228 0.025 0.06204906204906205
195 0.1326530612244898 0.4202741702741703 0.015306122448979593 0.06998556998556998
195 0.1489795918367347 0.4202741702741703 0.014285714285714287 0.06998556998556998
194 0.1625 0.4227994227994228 0.012755102040816327 0.06349206349206349
194 0.17551020408163268 0.4235209235209235 0.01326530612244898 0.06349206349206349
193 0.18979591836734697 0.42604617604617606 0.012244897959183675 0.05844155844155844
193 0.2028061224489796 0.4264069264069264 0.012755102040816327 0.05772005772005772
192 0.21607142857142858 0.42857142857142855 0.012755102040816327 0.05194805194805195
192 0.22908163265306125 0.4292929292929293 0.014285714285714287 0.050505050505050504
194 0.24464285714285716 0.4231601731601732 0.012755102040816327 0.06421356421356421
194 0.2581632653061225 0.4231601731601732 0.012244897959183675 0.06421356421356421
193 0.26607142857142857 0.4253246753246753 0.01785714285714286 0.06132756132756133
193 0.27168367346938777 0.4264069264069264 0.012755102040816327 0.05772005772005772
193 0.28443877551020413 0.42676767676767674 0.013775510204081635 0.05844155844155844
192 0.29923469387755103 0.43362193362193363 0.012755102040816327 0.06060606060606061
192 0.31250000000000006 0.43398268398268397 0.012755102040816327 0.06132756132756133
191 0.32602040816326533 0.43362193362193363 0.01326530612244898 0.06349206349206349
191 0.33877551020408164 0.4347041847041847 0.014285714285714287 0.06277056277056277
15 0.5418367346938776 0.42857142857142855 0.010204081632653062 0.03751803751803752
134 0.5553571428571429 0.43614718614718617 0.012755102040816327 0.06565656565656566
21 0.6081632653061225 0.40440115440115443 0.010204081632653062 0.023809523809523808
132 0.6681122448979593 0.4253246753246753 0.01785714285714286 0.056998556998557
135 0.7188775510204082 0.4213564213564214 0.01326530612244898 0.06637806637806638
26 0.06454081632653062 0.5634920634920635 0.023979591836734697 0.09090909090909091
15 0.11938775510204083 0.5703463203463204 0.011224489795918368 0.03823953823953824
133 0.1364795918367347 0.5584415584415584 0.018877551020408164 0.06204906204906205
21 0.18852040816326532 0.5407647907647908 0.010714285714285714 0.023809523809523808
131 0.24744897959183676 0.5613275613275613 0.018367346938775512 0.05772005772005772
134 0.2994897959183674 0.5577200577200577 0.01326530612244898 0.06637806637806638
194 0.5487244897959184 0.5588023088023089 0.012755102040816327 0.06277056277056277
194 0.564795918367347 0.5595238095238095 0.01326530612244898 0.06421356421356421
193 0.5783163265306123 0.562049062049062 0.012755102040816327 0.05772005772005772
193 0.5908163265306123 0.5624098124098124 0.014285714285714287 0.05844155844155844
192 0.6058673469387755 0.5689033189033189 0.012755102040816327 0.05988455988455989
192 0.6191326530612246 0.5692640692640693 0.013775510204081635 0.06060606060606061
191 0.6329081632653062 0.56998556998557 0.013775510204081635 0.06349206349206349
191 0.6454081632653061 0.5703463203463204 0.015306122448979593 0.06277056277056277
193 0.6614795918367348 0.562049062049062 0.012755102040816327 0.05772005772005772
193 0.6744897959183674 0.562049062049062 0.012244897959183675 0.05772005772005772
192 0.6880102040816327 0.5642135642135642 0.012755102040816327 0.05194805194805195
192 0.7005102040816327 0.5645743145743146 0.015306122448979593 0.051226551226551224
191 0.715561224489796 0.5689033189033189 0.012755102040816327 0.06132756132756133
191 0.7290816326530613 0.5692640692640693 0.012244897959183675 0.06204906204906205
190 0.7426020408163266 0.5696248196248196 0.011734693877551022 0.06277056277056277
190 0.755357142857143 0.5703463203463204 0.013775510204081635 0.06277056277056277
34 0.06505102040816327 0.6634199134199135 0.025 0.06277056277056277
195 0.1326530612244898 0.6612554112554112 0.015306122448979593 0.06998556998556998
195 0.14923469387755103 0.6616161616161617 0.01479591836734694 0.06926406926406926
194 0.1625 0.6637806637806638 0.013775510204081635 0.06349206349206349
194 0.17551020408163268 0.6645021645021645 0.01326530612244898 0.06493506493506493
193 0.18954081632653064 0.6677489177489178 0.012755102040816327 0.056998556998557
193 0.2028061224489796 0.6677489177489178 0.012755102040816327 0.056998556998557
192 0.21607142857142858 0.6702741702741702 0.012755102040816327 0.05194805194805195
192 0.22882653061224492 0.6702741702741702 0.01479591836734694 0.050505050505050504
194 0.24515306122448982 0.6641414141414141 0.012755102040816327 0.06277056277056277
194 0.2584183673469388 0.6645021645021645 0.012755102040816327 0.06349206349206349
193 0.27168367346938777 0.6677489177489178 0.012755102040816327 0.056998556998557
193 0.28469387755102044 0.6681096681096681 0.014285714285714287 0.05916305916305916
192 0.29336734693877553 0.6717171717171717 0.02142857142857143 0.05916305916305916
192 0.29923469387755103 0.6746031746031746 0.012755102040816327 0.06060606060606061
192 0.31275510204081636 0.674963924963925 0.01326530612244898 0.06132756132756133
191 0.326530612244898 0.6756854256854257 0.012244897959183675 0.06421356421356421
191 0.339030612244898 0.676046176046176 0.013775510204081635 0.06349206349206349
195 0.5489795918367347 0.6605339105339105 0.0163265306122449 0.06854256854256854
195 0.5650510204081634 0.6612554112554112 0.01479591836734694 0.06854256854256854
194 0.5783163265306123 0.6645021645021645 0.013775510204081635 0.06349206349206349
194 0.5913265306122449 0.6641414141414141 0.014285714285714287 0.06421356421356421
193 0.6056122448979593 0.6673881673881674 0.012244897959183675 0.05772005772005772
193 0.6191326530612246 0.6673881673881674 0.012755102040816327 0.05772005772005772
192 0.6321428571428572 0.6699134199134199 0.01326530612244898 0.051226551226551224
192 0.6448979591836735 0.6699134199134199 0.015306122448979593 0.051226551226551224
194 0.6609693877551021 0.6648629148629148 0.012755102040816327 0.06421356421356421
194 0.6742346938775511 0.6645021645021645 0.012755102040816327 0.06349206349206349
193 0.6880102040816327 0.6677489177489178 0.012755102040816327 0.05844155844155844
193 0.7005102040816327 0.6681096681096681 0.014285714285714287 0.05916305916305916
192 0.7153061224489796 0.6742424242424242 0.012244897959183675 0.05988455988455989
192 0.7285714285714286 0.674963924963925 0.01326530612244898 0.05988455988455989
191 0.7423469387755103 0.6753246753246753 0.012244897959183675 0.06349206349206349
191 0.7548469387755102 0.6756854256854257 0.013775510204081635 0.06277056277056277
26 0.06454081632653062 0.8044733044733045 0.02295918367346939 0.08946608946608947
194 0.1285714285714286 0.7997835497835498 0.01326530612244898 0.06421356421356421
194 0.14489795918367349 0.7997835497835498 0.01326530612244898 0.06277056277056277
193 0.15816326530612246 0.8026695526695526 0.012244897959183675 0.056998556998557
193 0.17117346938775513 0.803030303030303 0.013775510204081635 0.05772005772005772
192 0.18571428571428572 0.8102453102453102 0.012244897959183675 0.06060606060606061
192 0.19923469387755105 0.8102453102453102 0.012755102040816327 0.06060606060606061
191 0.21275510204081635 0.8106060606060606 0.01326530612244898 0.06277056277056277
191 0.22551020408163266 0.8113275613275613 0.015306122448979593 0.06421356421356421
193 0.24132653061224493 0.8026695526695526 0.012244897959183675 0.05844155844155844
193 0.2545918367346939 0.8033910533910534 0.012244897959183675 0.056998556998557
192 0.2681122448979592 0.8055555555555556 0.012755102040816327 0.051226551226551224
192 0.2806122448979592 0.8059163059163059 0.015306122448979593 0.05194805194805195
191 0.29566326530612247 0.8102453102453102 0.012755102040816327 0.06060606060606061
191 0.3094387755102041 0.8102453102453102 0.012755102040816327 0.06204906204906205
190 0.3227040816326531 0.8106060606060606 0.012755102040816327 0.06277056277056277
190 0.33571428571428574 0.8116883116883117 0.014285714285714287 0.06204906204906205
194 0.5471938775510204 0.7997835497835498 0.012755102040816327 0.06421356421356421
194 0.5627551020408164 0.7997835497835498 0.01326530612244898 0.06421356421356421
193 0.5762755102040816 0.803030303030303 0.012755102040816327 0.05772005772005772
193 0.5892857142857143 0.8033910533910534 0.014285714285714287 0.05844155844155844
192 0.603826530612245 0.8098845598845599 0.012755102040816327 0.05988455988455989
192 0.6170918367346939 0.8102453102453102 0.012755102040816327 0.06060606060606061
191 0.6308673469387756 0.8106060606060606 0.012755102040816327 0.06277056277056277
191 0.6433673469387756 0.810966810966811 0.015306122448979593 0.06349206349206349
193 0.6596938775510205 0.8026695526695526 0.012244897959183675 0.056998556998557
193 0.6724489795918368 0.8023088023088023 0.012244897959183675 0.05627705627705628
192 0.6862244897959184 0.8055555555555556 0.012244897959183675 0.051226551226551224
192 0.6987244897959184 0.8055555555555556 0.01479591836734694 0.051226551226551224
191 0.7137755102040817 0.8098845598845599 0.01326530612244898 0.05988455988455989
191 0.727295918367347 0.8102453102453102 0.012755102040816327 0.06204906204906205
190 0.7408163265306124 0.810966810966811 0.012244897959183675 0.06204906204906205
190 0.7533163265306123 0.8113275613275613 0.01479591836734694 0.06277056277056277
34 0.06505102040816327 0.9051226551226551 0.025 0.06132756132756133
195 0.12882653061224492 0.9022366522366523 0.01479591836734694 0.06854256854256854
195 0.14464285714285716 0.902958152958153 0.01479591836734694 0.06998556998556998
194 0.15867346938775512 0.9047619047619048 0.01326530612244898 0.06493506493506493
194 0.17142857142857143 0.9058441558441559 0.01326530612244898 0.06421356421356421
193 0.18571428571428572 0.9090909090909091 0.012244897959183675 0.05772005772005772
193 0.19897959183673472 0.9087301587301587 0.012244897959183675 0.056998556998557
192 0.21250000000000002 0.9112554112554112 0.012755102040816327 0.05194805194805195
192 0.22500000000000003 0.9112554112554112 0.015306122448979593 0.05194805194805195
194 0.24132653061224493 0.9054834054834054 0.012244897959183675 0.06349206349206349
194 0.25484693877551023 0.9058441558441559 0.012755102040816327 0.06421356421356421
193 0.2681122448979592 0.9087301587301587 0.012755102040816327 0.056998556998557
193 0.2811224489795919 0.9090909090909091 0.01326530612244898 0.05772005772005772
192 0.29566326530612247 0.915945165945166 0.012755102040816327 0.05988455988455989
192 0.30892857142857144 0.915945165945166 0.012755102040816327 0.05988455988455989
191 0.32244897959183677 0.9170274170274171 0.012244897959183675 0.06349206349206349
191 0.3352040816326531 0.9173881673881674 0.014285714285714287 0.06277056277056277
195 0.5466836734693878 0.9022366522366523 0.015816326530612247 0.06854256854256854
195 0.5632653061224491 0.9025974025974026 0.014285714285714287 0.06782106782106782
194 0.576530612244898 0.9051226551226551 0.01326530612244898 0.06421356421356421
194 0.589795918367347 0.9058441558441559 0.01326530612244898 0.06421356421356421
193 0.6035714285714286 0.9087301587301587 0.012244897959183675 0.05844155844155844
193 0.6170918367346939 0.908008658008658 0.012755102040816327 0.056998556998557
192 0.630357142857143 0.9112554112554112 0.012755102040816327 0.05194805194805195
192 0.6433673469387756 0.9112554112554112 0.015306122448979593 0.05194805194805195
194 0.6594387755102041 0.9051226551226551 0.012755102040816327 0.06421356421356421
194 0.6724489795918368 0.9058441558441559 0.01326530612244898 0.06421356421356421
193 0.6859693877551021 0.9090909090909091 0.012755102040816327 0.05772005772005772
193 0.6992346938775511 0.9090909090909091 0.013775510204081635 0.05772005772005772
192 0.7135204081632653 0.9155844155844156 0.012755102040816327 0.06060606060606061
192 0.7267857142857144 0.915945165945166 0.012755102040816327 0.05988455988455989
191 0.740561224489796 0.9166666666666666 0.012755102040816327 0.06277056277056277
191 0.753061224489796 0.9166666666666666 0.01326530612244898 0.06277056277056277
