12 0.048214285714285716 0.12481962481962482 0.007653061224489797 0.049062049062049064
12 0.6831632653061225 0.12481962481962482 0.00816326530612245 0.049062049062049064
12 0.9517857142857143 0.12518037518037517 0.007653061224489797 0.049783549783549784
12 0.2285714285714286 0.12481962481962482 0.00816326530612245 0.047619047619047616
12 0.37500000000000006 0.12481962481962482 0.00816326530612245 0.047619047619047616
12 0.5443877551020408 0.12481962481962482 0.00816326530612245 0.047619047619047616
12 0.7665816326530613 0.12518037518037517 0.008673469387755102 0.048340548340548344
12 0.047959183673469394 0.3116883116883117 0.0071428571428571435 0.049062049062049064
12 0.2285714285714286 0.31096681096681095 0.00816326530612245 0.047619047619047616
12 0.37500000000000006 0.31096681096681095 0.00816326530612245 0.047619047619047616
12 0.5446428571428572 0.31096681096681095 0.008673469387755102 0.047619047619047616
12 0.6831632653061225 0.31132756132756134 0.00816326530612245 0.048340548340548344
12 0.7668367346938776 0.31096681096681095 0.00816326530612245 0.047619047619047616
12 0.9515306122448981 0.31096681096681095 0.009183673469387756 0.047619047619047616
14 0.839030612244898 0.3170995670995671 0.00663265306122449 0.00937950937950938
12 0.048214285714285716 0.49783549783549785 0.007653061224489797 0.049062049062049064
12 0.9515306122448981 0.49747474747474746 0.009183673469387756 0.048340548340548344
12 0.2285714285714286 0.49783549783549785 0.00816326530612245 0.047619047619047616
12 0.37500000000000006 0.49783549783549785 0.00816326530612245 0.047619047619047616
12 0.5443877551020408 0.49783549783549785 0.00816326530612245 0.047619047619047616
12 0.6831632653061225 0.49783549783549785 0.00816326530612245 0.047619047619047616
12 0.7668367346938776 0.49783549783549785 0.0071428571428571435 0.047619047619047616
14 0.839795918367347 0.5266955266955267 0.006122448979591837 0.0101010101010101
12 0.047959183673469394 0.6836219336219336 0.0071428571428571435 0.048340548340548344
12 0.9515306122448981 0.6836219336219336 0.00816326530612245 0.048340548340548344
12 0.3747448979591837 0.6843434343434344 0.007653061224489797 0.048340548340548344
12 0.5446428571428572 0.683982683982684 0.007653061224489797 0.047619047619047616
12 0.6829081632653062 0.6843434343434344 0.008673469387755102 0.048340548340548344
12 0.7665816326530613 0.6843434343434344 0.007653061224489797 0.048340548340548344
26 0.06505102040816327 0.1259018759018759 0.025 0.07575757575757576
18 0.15204081632653063 0.11471861471861472 0.018367346938775512 0.01443001443001443
18 0.3017857142857143 0.11544011544011544 0.01683673469387755 0.012987012987012988
18 0.4594387755102041 0.11544011544011544 0.01683673469387755 0.012987012987012988
18 0.6137755102040817 0.11544011544011544 0.0163265306122449 0.012987012987012988
50 0.7086734693877552 0.12445887445887446 0.017346938775510204 0.051226551226551224
19 0.7813775510204082 0.12193362193362194 0.01683673469387755 0.012987012987012988
21 0.8704081632653062 0.12481962481962482 0.011224489795918368 0.024531024531024532
130 0.8928571428571429 0.1277056277056277 0.014285714285714287 0.05772005772005772
131 0.9127551020408164 0.12481962481962482 0.011224489795918368 0.05194805194805195
132 0.9344387755102042 0.12445887445887446 0.010714285714285714 0.051226551226551224
26 0.06505102040816327 0.3124098124098124 0.023979591836734697 0.07647907647907648
18 0.15204081632653063 0.30194805194805197 0.017346938775510204 0.013708513708513708
18 0.3017857142857143 0.30194805194805197 0.01683673469387755 0.013708513708513708
18 0.4594387755102041 0.3023088023088023 0.01683673469387755 0.012987012987012988
104 0.5584183673469388 0.31673881673881676 0.010714285714285714 0.06493506493506493
101 0.590561224489796 0.3077200577200577 0.011734693877551022 0.056998556998557
99 0.6211734693877552 0.31385281385281383 0.011734693877551022 0.05772005772005772
97 0.651530612244898 0.31926406926406925 0.01326530612244898 0.06998556998556998
45 0.7089285714285715 0.3134920634920635 0.018877551020408164 0.05988455988455989
98 0.7798469387755103 0.31673881673881676 0.011734693877551022 0.06349206349206349
73 0.828061224489796 0.30808080808080807 0.015306122448979593 0.05627705627705628
26 0.06505102040816327 0.4989177489177489 0.023979591836734697 0.0772005772005772
18 0.1517857142857143 0.4880952380952381 0.01683673469387755 0.013708513708513708
18 0.30153061224489797 0.4884559884559885 0.0163265306122449 0.012987012987012988
18 0.4594387755102041 0.4884559884559885 0.01683673469387755 0.012987012987012988
18 0.6137755102040817 0.4884559884559885 0.0163265306122449 0.012987012987012988
18 0.7247448979591837 0.4888167388167388 0.01683673469387755 0.013708513708513708
96 0.7801020408163266 0.5082972582972582 0.012244897959183675 0.07575757575757576
70 0.8278061224489797 0.5032467532467533 0.01479591836734694 0.06421356421356421
37 0.0653061224489796 0.6908369408369408 0.02448979591836735 0.06565656565656566
100 0.100765306122449 0.683982683982684 0.011734693877551022 0.05194805194805195
99 0.13392857142857145 0.6865079365079365 0.011734693877551022 0.056998556998557
97 0.1642857142857143 0.6919191919191919 0.01326530612244898 0.06782106782106782
98 0.1969387755102041 0.689033189033189 0.011224489795918368 0.06349206349206349
70 0.2441326530612245 0.6897546897546898 0.01479591836734694 0.06204906204906205
19 0.2923469387755102 0.6818181818181818 0.017346938775510204 0.01443001443001443
71 0.3910714285714286 0.6868686868686869 0.01479591836734694 0.05772005772005772
19 0.47346938775510206 0.6814574314574314 0.0163265306122449 0.012265512265512266
74 0.5609693877551021 0.6782106782106783 0.01479591836734694 0.06204906204906205
104 0.6209183673469388 0.6893939393939394 0.011224489795918368 0.06277056277056277
99 0.652295918367347 0.6865079365079365 0.011734693877551022 0.056998556998557
48 0.7089285714285715 0.6836219336219336 0.01785714285714286 0.05266955266955267
71 0.7823979591836735 0.6868686868686869 0.01479591836734694 0.05772005772005772
19 0.8719387755102042 0.6814574314574314 0.017346938775510204 0.013708513708513708
