1 0.10331632653061225 0.1525974025974026 0.03112244897959184 0.07431457431457432
12 0.047704081632653064 0.16053391053391053 0.007653061224489797 0.048340548340548344
12 0.36377551020408166 0.16053391053391053 0.00816326530612245 0.048340548340548344
12 0.9515306122448981 0.1608946608946609 0.009183673469387756 0.049062049062049064
12 0.5979591836734695 0.1608946608946609 0.00816326530612245 0.047619047619047616
12 0.7242346938775511 0.1608946608946609 0.008673469387755102 0.047619047619047616
27 0.07117346938775511 0.16197691197691197 0.03316326530612245 0.05555555555555555
128 0.14668367346938777 0.16955266955266957 0.02295918367346939 0.06782106782106782
21 0.18137755102040817 0.16053391053391053 0.012755102040816327 0.025252525252525252
21 0.21658163265306124 0.1590909090909091 0.012755102040816327 0.025252525252525252
21 0.29617346938775513 0.15981240981240982 0.012755102040816327 0.025252525252525252
21 0.3318877551020408 0.15981240981240982 0.012755102040816327 0.025252525252525252
21 0.4216836734693878 0.16053391053391053 0.012755102040816327 0.025252525252525252
21 0.4563775510204082 0.16197691197691197 0.012755102040816327 0.025252525252525252
21 0.5303571428571429 0.15981240981240982 0.012755102040816327 0.025252525252525252
21 0.5650510204081634 0.16053391053391053 0.012755102040816327 0.025252525252525252
128 0.4966836734693878 0.16883116883116883 0.02295918367346939 0.06782106782106782
135 0.2612244897959184 0.16666666666666666 0.01326530612244898 0.06204906204906205
135 0.38571428571428573 0.16666666666666666 0.01326530612244898 0.06204906204906205
18 0.6586734693877552 0.1525974025974026 0.020408163265306124 0.012265512265512266
18 0.8352040816326531 0.15115440115440115 0.020408163265306124 0.012265512265512266
