14 0.351530612244898 0.09812409812409813 0.0071428571428571435 0.0101010101010101
14 0.4556122448979592 0.09848484848484848 0.0071428571428571435 0.00937950937950938
12 0.047959183673469394 0.12734487734487734 0.00816326530612245 0.046897546897546896
12 0.31760204081632654 0.1277056277056277 0.00969387755102041 0.047619047619047616
12 0.525 0.1277056277056277 0.00816326530612245 0.047619047619047616
12 0.9515306122448981 0.1277056277056277 0.00816326530612245 0.047619047619047616
12 0.7346938775510204 0.1277056277056277 0.009183673469387756 0.046176046176046176
12 0.3181122448979592 0.2532467532467532 0.010714285714285714 0.049062049062049064
12 0.9515306122448981 0.2536075036075036 0.0071428571428571435 0.049783549783549784
12 0.048469387755102046 0.2536075036075036 0.00816326530612245 0.048340548340548344
12 0.5247448979591838 0.2536075036075036 0.008673469387755102 0.048340548340548344
12 0.7341836734693878 0.25396825396825395 0.00816326530612245 0.047619047619047616
14 0.4556122448979592 0.24711399711399712 0.0071428571428571435 0.010822510822510822
12 0.7341836734693878 0.3704906204906205 0.00816326530612245 0.049783549783549784
12 0.31709183673469393 0.3704906204906205 0.00969387755102041 0.048340548340548344
12 0.5244897959183674 0.3704906204906205 0.009183673469387756 0.048340548340548344
12 0.048469387755102046 0.3708513708513709 0.0071428571428571435 0.047619047619047616
12 0.9512755102040817 0.3712121212121212 0.007653061224489797 0.048340548340548344
12 0.9517857142857143 0.6338383838383839 0.008673469387755102 0.049783549783549784
12 0.047959183673469394 0.6331168831168831 0.009183673469387756 0.046897546897546896
12 0.31147959183673474 0.6338383838383839 0.008673469387755102 0.048340548340548344
12 0.5204081632653061 0.6334776334776335 0.009183673469387756 0.047619047619047616
12 0.7331632653061225 0.6338383838383839 0.00816326530612245 0.046897546897546896
12 0.048469387755102046 0.759018759018759 0.00816326530612245 0.049062049062049064
12 0.5204081632653061 0.759018759018759 0.009183673469387756 0.049062049062049064
12 0.9517857142857143 0.759018759018759 0.00969387755102041 0.049062049062049064
12 0.3112244897959184 0.7593795093795094 0.009183673469387756 0.048340548340548344
12 0.7334183673469389 0.759018759018759 0.008673469387755102 0.046176046176046176
12 0.5204081632653061 0.8755411255411255 0.009183673469387756 0.048340548340548344
12 0.04872448979591837 0.8766233766233766 0.007653061224489797 0.049062049062049064
12 0.3109693877551021 0.8759018759018758 0.008673469387755102 0.047619047619047616
12 0.7331632653061225 0.8762626262626263 0.00816326530612245 0.048340548340548344
12 0.9510204081632654 0.8762626262626263 0.009183673469387756 0.048340548340548344
34 0.06479591836734694 0.12229437229437229 0.02448979591836735 0.06132756132756133
15 0.08826530612244898 0.1414141414141414 0.011224489795918368 0.03607503607503607
134 0.1163265306122449 0.13564213564213565 0.011224489795918368 0.06637806637806638
15 0.13596938775510206 0.11616161616161616 0.00969387755102041 0.03463203463203463
136 0.14719387755102042 0.13528138528138528 0.010714285714285714 0.0670995670995671
135 0.17117346938775513 0.13528138528138528 0.010714285714285714 0.06565656565656566
134 0.2 0.13564213564213565 0.014285714285714287 0.06637806637806638
102 0.2267857142857143 0.12265512265512266 0.011734693877551022 0.06204906204906205
109 0.2755102040816327 0.11976911976911978 0.01326530612244898 0.06926406926406926
108 0.34234693877551026 0.12265512265512266 0.012244897959183675 0.06349206349206349
138 0.4158163265306123 0.1259018759018759 0.011224489795918368 0.056998556998557
107 0.4459183673469388 0.12626262626262627 0.011224489795918368 0.05627705627705628
137 0.5035714285714287 0.12842712842712842 0.011224489795918368 0.050505050505050504
106 0.5408163265306123 0.12842712842712842 0.011224489795918368 0.050505050505050504
103 0.5923469387755103 0.13564213564213565 0.011224489795918368 0.06637806637806638
106 0.6438775510204082 0.1277056277056277 0.011224489795918368 0.050505050505050504
108 0.690561224489796 0.12265512265512266 0.010714285714285714 0.06349206349206349
110 0.7502551020408164 0.11652236652236653 0.012755102040816327 0.07575757575757576
108 0.8053571428571429 0.12229437229437229 0.010714285714285714 0.06277056277056277
106 0.8566326530612246 0.12806637806637808 0.011224489795918368 0.049783549783549784
103 0.9076530612244899 0.13564213564213565 0.011224489795918368 0.06637806637806638
26 0.0653061224489796 0.2546897546897547 0.023469387755102045 0.07503607503607504
15 0.08750000000000001 0.22943722943722944 0.010714285714285714 0.03463203463203463
100 0.11734693877551021 0.25396825396825395 0.012244897959183675 0.050505050505050504
79 0.17321428571428574 0.25 0.013775510204081635 0.056998556998557
106 0.275765306122449 0.2532467532467532 0.011734693877551022 0.050505050505050504
106 0.3418367346938776 0.2536075036075036 0.011224489795918368 0.051226551226551224
136 0.3910714285714286 0.2546897546897547 0.010714285714285714 0.05483405483405483
137 0.41377551020408165 0.2536075036075036 0.014285714285714287 0.051226551226551224
15 0.43469387755102046 0.24783549783549783 0.010204081632653062 0.03535353535353535
104 0.44617346938775515 0.2593795093795094 0.010714285714285714 0.06421356421356421
136 0.5035714285714287 0.2564935064935065 0.011224489795918368 0.056998556998557
136 0.5410714285714286 0.2546897546897547 0.011734693877551022 0.05483405483405483
138 0.5676020408163266 0.2518037518037518 0.011734693877551022 0.05916305916305916
137 0.5920918367346939 0.2546897546897547 0.011734693877551022 0.05339105339105339
136 0.6145408163265307 0.2546897546897547 0.01479591836734694 0.05483405483405483
140 0.6436224489795919 0.24494949494949494 0.011734693877551022 0.06854256854256854
138 0.6658163265306123 0.25072150072150073 0.011224489795918368 0.056998556998557
137 0.6903061224489797 0.2536075036075036 0.011224489795918368 0.051226551226551224
136 0.7132653061224491 0.2532467532467532 0.014285714285714287 0.05194805194805195
135 0.7505102040816327 0.2564935064935065 0.011224489795918368 0.056998556998557
16 0.7683673469387756 0.23124098124098125 0.00816326530612245 0.02958152958152958
137 0.7806122448979592 0.25613275613275616 0.011224489795918368 0.05627705627705628
136 0.8051020408163266 0.25613275613275616 0.011224489795918368 0.05772005772005772
135 0.8278061224489797 0.25577200577200576 0.01479591836734694 0.056998556998557
140 0.8566326530612246 0.24458874458874458 0.011224489795918368 0.06782106782106782
138 0.8790816326530613 0.25144300144300147 0.011224489795918368 0.056998556998557
17 0.8971938775510205 0.23556998556998557 0.008673469387755102 0.0367965367965368
137 0.9079081632653062 0.2536075036075036 0.010714285714285714 0.051226551226551224
136 0.9308673469387756 0.2532467532467532 0.013775510204081635 0.05194805194805195
27 0.06454081632653062 0.3708513708513709 0.023979591836734697 0.05194805194805195
15 0.08775510204081634 0.3593073593073593 0.011224489795918368 0.03607503607503607
104 0.1170918367346939 0.37626262626262624 0.010714285714285714 0.06277056277056277
134 0.17423469387755103 0.363997113997114 0.01479591836734694 0.06565656565656566
15 0.19056122448979593 0.376984126984127 0.00969387755102041 0.03391053391053391
133 0.20229591836734695 0.3647186147186147 0.010714285714285714 0.06421356421356421
132 0.22806122448979593 0.3708513708513709 0.014285714285714287 0.05194805194805195
131 0.250765306122449 0.37012987012987014 0.011734693877551022 0.05339105339105339
132 0.2755102040816327 0.3694083694083694 0.011224489795918368 0.05483405483405483
133 0.30025510204081635 0.36832611832611833 0.010714285714285714 0.056998556998557
134 0.3418367346938776 0.37662337662337664 0.011224489795918368 0.06349206349206349
135 0.3663265306122449 0.37481962481962483 0.011224489795918368 0.06132756132756133
136 0.39081632653061227 0.37337662337662336 0.011224489795918368 0.05844155844155844
137 0.413265306122449 0.37193362193362195 0.014285714285714287 0.05411255411255411
107 0.4459183673469388 0.36832611832611833 0.011224489795918368 0.056998556998557
100 0.48265306122448987 0.37157287157287155 0.012244897959183675 0.05194805194805195
75 0.5426020408163266 0.3787878787878788 0.013775510204081635 0.06637806637806638
19 0.6446428571428572 0.36796536796536794 0.015816326530612247 0.011544011544011544
77 0.7520408163265306 0.37373737373737376 0.014285714285714287 0.05627705627705628
19 0.8579081632653062 0.3676046176046176 0.015816326530612247 0.010822510822510822
34 0.06505102040816327 0.6277056277056277 0.023979591836734697 0.06204906204906205
15 0.08801020408163267 0.6461038961038961 0.010714285714285714 0.03535353535353535
101 0.11760204081632654 0.6302308802308803 0.011734693877551022 0.056998556998557
27 0.14719387755102042 0.6334776334776335 0.018877551020408164 0.050505050505050504
107 0.16683673469387755 0.6309523809523809 0.011224489795918368 0.056998556998557
134 0.21658163265306124 0.6403318903318903 0.010714285714285714 0.06421356421356421
135 0.24158163265306123 0.6381673881673882 0.010714285714285714 0.06132756132756133
136 0.26658163265306123 0.6363636363636364 0.010714285714285714 0.05772005772005772
137 0.289030612244898 0.6349206349206349 0.01479591836734694 0.05339105339105339
138 0.3275510204081633 0.6309523809523809 0.011224489795918368 0.056998556998557
139 0.3525510204081633 0.6280663780663781 0.011224489795918368 0.06277056277056277
140 0.3775510204081633 0.6251803751803752 0.012244897959183675 0.06854256854256854
139 0.4005102040816327 0.6280663780663781 0.015306122448979593 0.06277056277056277
138 0.42780612244897964 0.6313131313131313 0.011734693877551022 0.05772005772005772
137 0.4525510204081633 0.6345598845598845 0.011224489795918368 0.05266955266955267
138 0.47729591836734697 0.6327561327561327 0.011734693877551022 0.06060606060606061
136 0.49872448979591844 0.6356421356421357 0.01479591836734694 0.05627705627705628
137 0.5369897959183674 0.6338383838383839 0.011734693877551022 0.051226551226551224
139 0.564030612244898 0.6280663780663781 0.011734693877551022 0.06277056277056277
138 0.589030612244898 0.6309523809523809 0.011734693877551022 0.056998556998557
137 0.6117346938775511 0.6334776334776335 0.014285714285714287 0.050505050505050504
141 0.6410714285714286 0.6219336219336219 0.012755102040816327 0.07647907647907648
139 0.664030612244898 0.6284271284271284 0.010714285714285714 0.06204906204906205
138 0.6887755102040817 0.6313131313131313 0.011224489795918368 0.05627705627705628
137 0.7117346938775511 0.6341991341991342 0.014285714285714287 0.050505050505050504
17 0.7441326530612246 0.6212121212121212 0.008673469387755102 0.03607503607503607
136 0.755357142857143 0.6356421356421357 0.011734693877551022 0.05483405483405483
138 0.7818877551020409 0.6323953823953824 0.011734693877551022 0.05988455988455989
137 0.8068877551020409 0.6349206349206349 0.011734693877551022 0.05339105339105339
136 0.8301020408163267 0.6349206349206349 0.015306122448979593 0.05483405483405483
141 0.8594387755102042 0.6219336219336219 0.012755102040816327 0.07503607503607504
138 0.8818877551020409 0.6309523809523809 0.011734693877551022 0.056998556998557
137 0.9068877551020409 0.6338383838383839 0.011734693877551022 0.051226551226551224
136 0.930357142857143 0.6338383838383839 0.01479591836734694 0.051226551226551224
26 0.06505102040816327 0.7597402597402597 0.02295918367346939 0.07503607503607504
15 0.08775510204081634 0.7352092352092352 0.010204081632653062 0.03463203463203463
142 0.11734693877551021 0.7442279942279942 0.01326530612244898 0.08008658008658008
141 0.14183673469387756 0.7474747474747475 0.012244897959183675 0.07503607503607504
140 0.16683673469387755 0.7503607503607503 0.012244897959183675 0.06926406926406926
139 0.1892857142857143 0.7536075036075036 0.015306122448979593 0.06277056277056277
138 0.2170918367346939 0.7568542568542569 0.011734693877551022 0.05772005772005772
137 0.24158163265306123 0.7593795093795094 0.011734693877551022 0.05266955266955267
136 0.2668367346938776 0.76010101010101 0.011224489795918368 0.05411255411255411
137 0.2892857142857143 0.7597402597402597 0.015306122448979593 0.05339105339105339
138 0.3278061224489796 0.7564935064935064 0.011734693877551022 0.056998556998557
139 0.3525510204081633 0.7532467532467533 0.011224489795918368 0.06204906204906205
140 0.3775510204081633 0.7503607503607503 0.012244897959183675 0.06926406926406926
141 0.40102040816326534 0.7471139971139971 0.015306122448979593 0.07431457431457432
142 0.42806122448979594 0.7438672438672439 0.01326530612244898 0.0808080808080808
141 0.4528061224489796 0.7471139971139971 0.012755102040816327 0.07575757575757576
142 0.478061224489796 0.7445887445887446 0.01326530612244898 0.08225108225108226
140 0.4984693877551021 0.7503607503607503 0.015306122448979593 0.06782106782106782
110 0.536734693877551 0.7474747474747475 0.01326530612244898 0.07503607503607504
98 0.589030612244898 0.7640692640692641 0.011734693877551022 0.06349206349206349
101 0.6415816326530612 0.7561327561327561 0.011734693877551022 0.05772005772005772
103 0.6885204081632653 0.766955266955267 0.011734693877551022 0.06782106782106782
105 0.755357142857143 0.7619047619047619 0.011734693877551022 0.05772005772005772
101 0.8079081632653062 0.7561327561327561 0.011734693877551022 0.05772005772005772
103 0.8589285714285715 0.7673160173160173 0.011734693877551022 0.0670995670995671
105 0.9068877551020409 0.7619047619047619 0.010714285714285714 0.05772005772005772
27 0.06454081632653062 0.8755411255411255 0.023979591836734697 0.051226551226551224
15 0.08775510204081634 0.8650793650793651 0.011224489795918368 0.03607503607503607
79 0.11862244897959184 0.8733766233766234 0.013775510204081635 0.056998556998557
19 0.21836734693877552 0.8733766233766234 0.0163265306122449 0.012265512265512266
20 0.326530612244898 0.8715728715728716 0.012244897959183675 0.03607503607503607
110 0.377295918367347 0.8647186147186147 0.012755102040816327 0.07575757575757576
105 0.4275510204081633 0.8795093795093795 0.011224489795918368 0.05916305916305916
103 0.47755102040816333 0.8838383838383839 0.011224489795918368 0.06782106782106782
78 0.538265306122449 0.8759018759018758 0.014285714285714287 0.050505050505050504
19 0.6428571428571429 0.8737373737373737 0.0163265306122449 0.011544011544011544
71 0.7571428571428572 0.8787878787878788 0.015306122448979593 0.05772005772005772
19 0.8609693877551021 0.8733766233766234 0.01683673469387755 0.012265512265512266
