7 0.09642857142857143 0.047979797979797977 0.02448979591836735 0.056998556998557
12 0.048214285714285716 0.06204906204906205 0.007653061224489797 0.049062049062049064
12 0.7372448979591837 0.06132756132756133 0.00816326530612245 0.047619047619047616
12 0.48877551020408166 0.06168831168831169 0.009183673469387756 0.046897546897546896
12 0.9515306122448981 0.06168831168831169 0.009183673469387756 0.046897546897546896
14 0.6558673469387756 0.06782106782106782 0.007653061224489797 0.011544011544011544
12 0.048469387755102046 0.28643578643578643 0.009183673469387756 0.049062049062049064
12 0.489030612244898 0.28679653679653677 0.010714285714285714 0.048340548340548344
12 0.7372448979591837 0.28643578643578643 0.00816326530612245 0.047619047619047616
12 0.9512755102040817 0.28715728715728717 0.008673469387755102 0.047619047619047616
12 0.7377551020408164 0.44985569985569984 0.00816326530612245 0.051226551226551224
12 0.0489795918367347 0.45021645021645024 0.00816326530612245 0.047619047619047616
12 0.48852040816326536 0.45021645021645024 0.00969387755102041 0.047619047619047616
12 0.6323979591836735 0.4444444444444444 0.00969387755102041 0.03607503607503607
12 0.9515306122448981 0.45021645021645024 0.009183673469387756 0.047619047619047616
14 0.6561224489795919 0.4444444444444444 0.0071428571428571435 0.0101010101010101
12 0.7380102040816328 0.6121933621933622 0.008673469387755102 0.049783549783549784
12 0.0489795918367347 0.6121933621933622 0.00816326530612245 0.046897546897546896
12 0.48852040816326536 0.6125541125541125 0.00969387755102041 0.047619047619047616
12 0.6326530612244898 0.6067821067821068 0.010204081632653062 0.03607503607503607
12 0.9515306122448981 0.612914862914863 0.009183673469387756 0.046897546897546896
14 0.6561224489795919 0.6075036075036075 0.0071428571428571435 0.0101010101010101
26 0.06658163265306123 0.05916305916305916 0.025 0.09235209235209235
127 0.1375 0.07323232323232323 0.021938775510204084 0.07431457431457432
21 0.16709183673469388 0.06204906204906205 0.012755102040816327 0.024531024531024532
21 0.23214285714285715 0.06240981240981241 0.012244897959183675 0.023809523809523808
20 0.29566326530612247 0.05988455988455989 0.010714285714285714 0.03896103896103896
21 0.42780612244897964 0.06204906204906205 0.012755102040816327 0.024531024531024532
20 0.5066326530612245 0.05988455988455989 0.011224489795918368 0.03896103896103896
21 0.6117346938775511 0.06240981240981241 0.012244897959183675 0.025252525252525252
101 0.6446428571428572 0.0588023088023088 0.012755102040816327 0.056998556998557
17 0.7461734693877552 0.08513708513708514 0.008673469387755102 0.03751803751803752
130 0.7604591836734694 0.06457431457431458 0.01683673469387755 0.056998556998557
131 0.7918367346938776 0.06204906204906205 0.01326530612244898 0.05194805194805195
21 0.8239795918367347 0.06240981240981241 0.012244897959183675 0.025252525252525252
126 0.8604591836734695 0.07647907647907648 0.020918367346938777 0.07936507936507936
21 0.8908163265306124 0.06168831168831169 0.012244897959183675 0.022366522366522368
21 0.9227040816326532 0.06132756132756133 0.011734693877551022 0.023088023088023088
28 0.06709183673469388 0.2878787878787879 0.028061224489795922 0.05339105339105339
134 0.13367346938775512 0.2958152958152958 0.01326530612244898 0.06782106782106782
21 0.16709183673469388 0.26334776334776333 0.012755102040816327 0.024531024531024532
21 0.23239795918367348 0.26334776334776333 0.012755102040816327 0.024531024531024532
20 0.29566326530612247 0.26046176046176045 0.010714285714285714 0.03751803751803752
21 0.42806122448979594 0.26334776334776333 0.01326530612244898 0.024531024531024532
20 0.5066326530612245 0.26046176046176045 0.011224489795918368 0.03896103896103896
21 0.6114795918367347 0.262987012987013 0.012755102040816327 0.023809523809523808
100 0.6446428571428572 0.2878787878787879 0.013775510204081635 0.05194805194805195
134 0.7089285714285715 0.29473304473304474 0.012755102040816327 0.0670995670995671
134 0.7573979591836736 0.294011544011544 0.013775510204081635 0.0670995670995671
21 0.7910714285714286 0.26406926406926406 0.011734693877551022 0.024531024531024532
21 0.8237244897959184 0.2644300144300144 0.011734693877551022 0.023809523809523808
130 0.8614795918367347 0.2904040404040404 0.020918367346938777 0.056998556998557
21 0.890561224489796 0.2644300144300144 0.011734693877551022 0.023809523809523808
21 0.9227040816326532 0.2644300144300144 0.011734693877551022 0.023809523809523808
27 0.0663265306122449 0.45021645021645024 0.02653061224489796 0.05194805194805195
137 0.1334183673469388 0.44985569985569984 0.012755102040816327 0.051226551226551224
21 0.16683673469387755 0.45021645021645024 0.011224489795918368 0.024531024531024532
21 0.2326530612244898 0.4512987012987013 0.012244897959183675 0.025252525252525252
20 0.29566326530612247 0.44877344877344877 0.010714285714285714 0.03896103896103896
21 0.42806122448979594 0.4505772005772006 0.012244897959183675 0.025252525252525252
20 0.5066326530612245 0.44805194805194803 0.011224489795918368 0.03896103896103896
21 0.6117346938775511 0.4509379509379509 0.012244897959183675 0.025974025974025976
17 0.6329081632653062 0.44372294372294374 0.008673469387755102 0.03896103896103896
104 0.6441326530612246 0.455988455988456 0.012755102040816327 0.06349206349206349
136 0.7576530612244898 0.4531024531024531 0.01326530612244898 0.05627705627705628
21 0.7908163265306123 0.4509379509379509 0.011224489795918368 0.024531024531024532
21 0.8242346938775511 0.4505772005772006 0.011734693877551022 0.023809523809523808
134 0.8571428571428572 0.45851370851370854 0.012244897959183675 0.0670995670995671
21 0.8903061224489797 0.4505772005772006 0.011224489795918368 0.023809523809523808
21 0.9227040816326532 0.44985569985569984 0.011734693877551022 0.023809523809523808
37 0.06658163265306123 0.6201298701298701 0.025 0.06565656565656566
137 0.1334183673469388 0.6132756132756133 0.012755102040816327 0.050505050505050504
21 0.16709183673469388 0.6136363636363636 0.011734693877551022 0.023809523809523808
21 0.23239795918367348 0.6143578643578643 0.012755102040816327 0.025252525252525252
20 0.29566326530612247 0.6114718614718615 0.010714285714285714 0.03968253968253968
21 0.42780612244897964 0.6143578643578643 0.012755102040816327 0.025252525252525252
20 0.5068877551020409 0.6118326118326118 0.011734693877551022 0.0404040404040404
21 0.6117346938775511 0.6143578643578643 0.012244897959183675 0.026695526695526696
17 0.6329081632653062 0.6067821067821068 0.008673469387755102 0.03896103896103896
104 0.6443877551020408 0.6194083694083694 0.012244897959183675 0.06277056277056277
136 0.7576530612244898 0.6158008658008658 0.01326530612244898 0.05555555555555555
21 0.7908163265306123 0.613997113997114 0.012244897959183675 0.024531024531024532
21 0.8242346938775511 0.613997113997114 0.011734693877551022 0.024531024531024532
134 0.8568877551020408 0.6212121212121212 0.012755102040816327 0.06637806637806638
21 0.8903061224489797 0.613997113997114 0.011224489795918368 0.024531024531024532
21 0.9224489795918368 0.6132756132756133 0.012244897959183675 0.024531024531024532
