2 0.09642857142857143 0.09992784992784992 0.017346938775510204 0.05988455988455989
12 0.047959183673469394 0.11580086580086581 0.0071428571428571435 0.048340548340548344
12 0.550765306122449 0.11544011544011544 0.008673469387755102 0.047619047619047616
12 0.9512755102040817 0.11580086580086581 0.008673469387755102 0.046897546897546896
2 0.09642857142857143 0.21031746031746032 0.017346938775510204 0.06132756132756133
12 0.047959183673469394 0.2297979797979798 0.0071428571428571435 0.05555555555555555
12 0.550765306122449 0.22546897546897546 0.008673469387755102 0.046897546897546896
12 0.9512755102040817 0.22546897546897546 0.008673469387755102 0.046897546897546896
2 0.09642857142857143 0.338023088023088 0.017346938775510204 0.05988455988455989
12 0.04872448979591837 0.354978354978355 0.00663265306122449 0.049062049062049064
12 0.9515306122448981 0.3538961038961039 0.00816326530612245 0.046897546897546896
14 0.1573979591836735 0.3481240981240981 0.008673469387755102 0.010822510822510822
14 0.8275510204081633 0.3834776334776335 0.00816326530612245 0.010822510822510822
2 0.09591836734693879 0.45707070707070707 0.0163265306122449 0.06132756132756133
12 0.5512755102040817 0.47186147186147187 0.008673469387755102 0.047619047619047616
12 0.048214285714285716 0.47294372294372294 0.00663265306122449 0.048340548340548344
12 0.9515306122448981 0.4725829725829726 0.00816326530612245 0.046176046176046176
14 0.6349489795918368 0.5753968253968254 0.008673469387755102 0.012265512265512266
2 0.09642857142857143 0.601010101010101 0.0163265306122449 0.05916305916305916
12 0.048214285714285716 0.6161616161616161 0.007653061224489797 0.049062049062049064
12 0.5505102040816326 0.6172438672438673 0.00816326530612245 0.048340548340548344
12 0.9515306122448981 0.6168831168831169 0.00816326530612245 0.047619047619047616
2 0.09642857142857143 0.7153679653679653 0.017346938775510204 0.06132756132756133
12 0.550765306122449 0.7258297258297258 0.00969387755102041 0.049062049062049064
12 0.9512755102040817 0.7258297258297258 0.008673469387755102 0.047619047619047616
12 0.047704081632653064 0.7261904761904762 0.007653061224489797 0.046897546897546896
2 0.09642857142857143 0.8311688311688312 0.017346938775510204 0.06060606060606061
12 0.550765306122449 0.8344155844155844 0.008673469387755102 0.048340548340548344
12 0.9512755102040817 0.8351370851370852 0.008673469387755102 0.048340548340548344
12 0.047959183673469394 0.8347763347763347 0.0071428571428571435 0.046176046176046176
2 0.09617346938775512 0.9397546897546898 0.01683673469387755 0.05988455988455989
12 0.5505102040816326 0.9433621933621934 0.00816326530612245 0.046897546897546896
12 0.9512755102040817 0.9437229437229437 0.008673469387755102 0.047619047619047616
12 0.048214285714285716 0.9437229437229437 0.007653061224489797 0.046176046176046176
26 0.06683673469387756 0.11652236652236653 0.025510204081632654 0.10461760461760462
18 0.325 0.1075036075036075 0.02142857142857143 0.01443001443001443
18 0.7489795918367348 0.1075036075036075 0.02142857142857143 0.01443001443001443
26 0.06683673469387756 0.22655122655122656 0.02653061224489796 0.10533910533910534
18 0.3247448979591837 0.21825396825396826 0.021938775510204084 0.015151515151515152
18 0.7489795918367348 0.2178932178932179 0.02142857142857143 0.01443001443001443
26 0.0663265306122449 0.35425685425685427 0.02653061224489796 0.10533910533910534
103 0.1441326530612245 0.3621933621933622 0.012755102040816327 0.06637806637806638
165 0.28571428571428575 0.3611111111111111 0.01326530612244898 0.06421356421356421
164 0.3150510204081633 0.36147186147186144 0.01683673469387755 0.06637806637806638
133 0.350765306122449 0.35425685425685427 0.01683673469387755 0.05194805194805195
131 0.4 0.35425685425685427 0.014285714285714287 0.05194805194805195
129 0.4512755102040817 0.36038961038961037 0.01479591836734694 0.06421356421356421
131 0.5038265306122449 0.35425685425685427 0.013775510204081635 0.05194805194805195
131 0.5732142857142858 0.3546176046176046 0.020918367346938777 0.051226551226551224
101 0.6214285714285714 0.35173160173160173 0.01326530612244898 0.056998556998557
132 0.714030612244898 0.35173160173160173 0.018877551020408164 0.05555555555555555
131 0.7658163265306123 0.3546176046176046 0.02142857142857143 0.051226551226551224
98 0.814030612244898 0.36002886002886003 0.013775510204081635 0.06349206349206349
31 0.06658163265306123 0.4801587301587302 0.02602040816326531 0.1176046176046176
27 0.11887755102040817 0.4715007215007215 0.02653061224489796 0.051226551226551224
130 0.14642857142857144 0.4754689754689755 0.017346938775510204 0.05916305916305916
134 0.1979591836734694 0.4660894660894661 0.01326530612244898 0.06493506493506493
106 0.25051020408163266 0.47294372294372294 0.01326530612244898 0.051226551226551224
129 0.35025510204081634 0.4790764790764791 0.01683673469387755 0.06349206349206349
133 0.4 0.4704184704184704 0.01326530612244898 0.05627705627705628
105 0.450765306122449 0.4758297258297258 0.012755102040816327 0.056998556998557
128 0.5704081632653062 0.481962481962482 0.018367346938775512 0.06926406926406926
132 0.6214285714285714 0.4715007215007215 0.01326530612244898 0.05411255411255411
106 0.675 0.47294372294372294 0.014285714285714287 0.051226551226551224
129 0.7635204081632654 0.4790764790764791 0.01683673469387755 0.06349206349206349
132 0.8142857142857144 0.4715007215007215 0.01326530612244898 0.05411255411255411
103 0.866326530612245 0.48088023088023085 0.01326530612244898 0.0670995670995671
26 0.06658163265306123 0.6172438672438673 0.02602040816326531 0.10461760461760462
112 0.14438775510204083 0.6002886002886003 0.015306122448979593 0.08658008658008658
143 0.34821428571428575 0.59992784992785 0.01479591836734694 0.08585858585858586
143 0.39948979591836736 0.5995670995670995 0.015306122448979593 0.08658008658008658
142 0.45102040816326533 0.6028138528138528 0.015306122448979593 0.08297258297258298
141 0.5007653061224491 0.6053391053391053 0.018877551020408164 0.07647907647907648
140 0.5698979591836735 0.6085858585858586 0.015306122448979593 0.06854256854256854
82 0.6209183673469388 0.6056998556998557 0.014285714285714287 0.07575757575757576
169 0.9010204081632653 0.6114718614718615 0.012244897959183675 0.06421356421356421
170 0.9308673469387756 0.6089466089466089 0.01683673469387755 0.06926406926406926
28 0.06683673469387756 0.7251082251082251 0.028571428571428574 0.06782106782106782
18 0.325 0.7178932178932179 0.022448979591836737 0.015873015873015872
18 0.7489795918367348 0.7175324675324676 0.02142857142857143 0.015151515151515152
27 0.06964285714285715 0.8358585858585859 0.03214285714285715 0.05844155844155844
18 0.3247448979591837 0.8268398268398268 0.021938775510204084 0.015873015873015872
18 0.7487244897959184 0.8264790764790765 0.021938775510204084 0.015151515151515152
37 0.06938775510204082 0.9494949494949495 0.031632653061224494 0.06926406926406926
18 0.3247448979591837 0.9357864357864358 0.021938775510204084 0.015873015873015872
18 0.7487244897959184 0.9354256854256854 0.021938775510204084 0.016594516594516596
