12 0.048214285714285716 0.11507936507936507 0.00663265306122449 0.048340548340548344
12 0.9515306122448981 0.11544011544011544 0.00816326530612245 0.049062049062049064
12 0.3377551020408164 0.11507936507936507 0.009183673469387756 0.046897546897546896
12 0.6441326530612246 0.11580086580086581 0.007653061224489797 0.048340548340548344
12 0.6438775510204082 0.2344877344877345 0.00816326530612245 0.049062049062049064
12 0.3375 0.23484848484848486 0.007653061224489797 0.048340548340548344
12 0.9515306122448981 0.23484848484848486 0.00816326530612245 0.048340548340548344
12 0.04872448979591837 0.2352092352092352 0.00663265306122449 0.047619047619047616
12 0.40382653061224494 0.5252525252525253 0.008673469387755102 0.049062049062049064
12 0.6122448979591837 0.5252525252525253 0.009183673469387756 0.049062049062049064
12 0.7127551020408164 0.5256132756132756 0.009183673469387756 0.049783549783549784
12 0.9515306122448981 0.5252525252525253 0.00816326530612245 0.049062049062049064
12 0.048469387755102046 0.5256132756132756 0.0071428571428571435 0.048340548340548344
12 0.2836734693877551 0.5252525252525253 0.009183673469387756 0.047619047619047616
12 0.4923469387755102 0.5252525252525253 0.00816326530612245 0.047619047619047616
12 0.8316326530612246 0.5256132756132756 0.00816326530612245 0.048340548340548344
14 0.11250000000000002 0.5072150072150072 0.005612244897959184 0.007215007215007215
14 0.7369897959183674 0.5310245310245311 0.00663265306122449 0.0101010101010101
14 0.11224489795918369 0.5425685425685426 0.006122448979591837 0.008658008658008658
14 0.1326530612244898 0.5425685425685426 0.006122448979591837 0.008658008658008658
12 0.7130102040816327 0.6443001443001443 0.00969387755102041 0.049062049062049064
12 0.8321428571428572 0.6439393939393939 0.009183673469387756 0.048340548340548344
12 0.2839285714285715 0.645021645021645 0.007653061224489797 0.049062049062049064
12 0.4035714285714286 0.6446608946608947 0.00816326530612245 0.048340548340548344
12 0.4923469387755102 0.645021645021645 0.00816326530612245 0.049062049062049064
12 0.6122448979591837 0.6446608946608947 0.009183673469387756 0.048340548340548344
12 0.9510204081632654 0.6446608946608947 0.009183673469387756 0.048340548340548344
12 0.048469387755102046 0.6446608946608947 0.006122448979591837 0.046897546897546896
14 0.2219387755102041 0.6266233766233766 0.006122448979591837 0.00937950937950938
14 0.2459183673469388 0.6266233766233766 0.006122448979591837 0.00937950937950938
14 0.42882653061224496 0.6623376623376623 0.005612244897959184 0.008658008658008658
14 0.4285714285714286 0.6987734487734488 0.006122448979591837 0.007936507936507936
12 0.9517857142857143 0.935064935064935 0.007653061224489797 0.050505050505050504
12 0.048469387755102046 0.9347041847041847 0.0071428571428571435 0.048340548340548344
12 0.18035714285714288 0.9347041847041847 0.008673469387755102 0.048340548340548344
12 0.3150510204081633 0.935064935064935 0.008673469387755102 0.049062049062049064
12 0.4002551020408164 0.9347041847041847 0.008673469387755102 0.048340548340548344
12 0.7637755102040817 0.9347041847041847 0.00816326530612245 0.048340548340548344
12 0.8385204081632653 0.935064935064935 0.008673469387755102 0.049062049062049064
12 0.5352040816326531 0.9354256854256854 0.00816326530612245 0.048340548340548344
12 0.6482142857142857 0.9354256854256854 0.008673469387755102 0.048340548340548344
14 0.338265306122449 0.9642857142857143 0.006122448979591837 0.00937950937950938
26 0.06479591836734694 0.11688311688311688 0.023469387755102045 0.08513708513708514
163 0.10357142857142858 0.10822510822510822 0.017346938775510204 0.06349206349206349
164 0.12040816326530614 0.1075036075036075 0.012244897959183675 0.06493506493506493
104 0.138265306122449 0.12121212121212122 0.01326530612244898 0.06349206349206349
134 0.19540816326530613 0.12373737373737374 0.01326530612244898 0.0670995670995671
162 0.22321428571428573 0.10894660894660894 0.015816326530612247 0.06349206349206349
163 0.23979591836734696 0.10822510822510822 0.012244897959183675 0.06493506493506493
103 0.2584183673469388 0.12337662337662338 0.012755102040816327 0.06637806637806638
131 0.31836734693877555 0.11544011544011544 0.020408163265306124 0.050505050505050504
160 0.3545918367346939 0.11868686868686869 0.0163265306122449 0.05844155844155844
159 0.3716836734693878 0.12121212121212122 0.013775510204081635 0.06349206349206349
158 0.38979591836734695 0.12481962481962482 0.015306122448979593 0.06926406926406926
22 0.4086734693877551 0.09704184704184704 0.01326530612244898 0.03391053391053391
161 0.42882653061224496 0.11507936507936507 0.01683673469387755 0.051226551226551224
160 0.4459183673469388 0.11832611832611832 0.014285714285714287 0.05772005772005772
159 0.464030612244898 0.12085137085137085 0.013775510204081635 0.06421356421356421
22 0.48265306122448987 0.09740259740259741 0.01326530612244898 0.03463203463203463
162 0.5028061224489796 0.11507936507936507 0.015816326530612247 0.051226551226551224
161 0.5196428571428572 0.11544011544011544 0.013775510204081635 0.05194805194805195
160 0.5377551020408163 0.11868686868686869 0.014285714285714287 0.05844155844155844
22 0.5566326530612246 0.09704184704184704 0.01326530612244898 0.03391053391053391
163 0.5767857142857143 0.10858585858585859 0.01683673469387755 0.06421356421356421
162 0.5938775510204082 0.11075036075036075 0.01326530612244898 0.05988455988455989
161 0.6114795918367347 0.11291486291486291 0.013775510204081635 0.056998556998557
22 0.6306122448979592 0.09668109668109669 0.01326530612244898 0.03463203463203463
164 0.6617346938775511 0.10533910533910534 0.017346938775510204 0.07215007215007214
163 0.6785714285714286 0.10678210678210678 0.01326530612244898 0.06782106782106782
162 0.6964285714285715 0.10822510822510822 0.01326530612244898 0.06493506493506493
22 0.7153061224489796 0.09740259740259741 0.01326530612244898 0.03463203463203463
165 0.7331632653061225 0.12265512265512266 0.01326530612244898 0.06637806637806638
164 0.7517857142857144 0.1240981240981241 0.012755102040816327 0.06926406926406926
163 0.7686224489795919 0.12554112554112554 0.015816326530612247 0.0735930735930736
22 0.7892857142857144 0.09740259740259741 0.01326530612244898 0.03463203463203463
166 0.8073979591836735 0.12193362193362194 0.012755102040816327 0.06637806637806638
165 0.8255102040816328 0.12373737373737374 0.01326530612244898 0.06998556998556998
164 0.8423469387755103 0.12554112554112554 0.0163265306122449 0.07215007215007214
22 0.8630102040816328 0.09704184704184704 0.012755102040816327 0.03391053391053391
192 0.8808673469387756 0.12121212121212122 0.012755102040816327 0.06493506493506493
193 0.8956632653061225 0.11904761904761904 0.015816326530612247 0.06926406926406926
166 0.9122448979591837 0.12157287157287157 0.015306122448979593 0.06277056277056277
137 0.9298469387755103 0.12157287157287157 0.01683673469387755 0.06421356421356421
26 0.06479591836734694 0.2362914862914863 0.023469387755102045 0.08585858585858586
158 0.1028061224489796 0.24386724386724387 0.01785714285714286 0.06926406926406926
159 0.12040816326530614 0.240981240981241 0.01326530612244898 0.06349206349206349
160 0.13903061224489796 0.23737373737373738 0.013775510204081635 0.05772005772005772
161 0.1566326530612245 0.23484848484848486 0.01326530612244898 0.05266955266955267
101 0.17551020408163268 0.23196248196248195 0.01326530612244898 0.056998556998557
162 0.2229591836734694 0.23376623376623376 0.0163265306122449 0.05483405483405483
161 0.24005102040816328 0.2352092352092352 0.013775510204081635 0.05194805194805195
160 0.2584183673469388 0.23809523809523808 0.013775510204081635 0.05772005772005772
158 0.2752551020408163 0.24422799422799424 0.013775510204081635 0.06998556998556998
98 0.29464285714285715 0.24134199134199133 0.013775510204081635 0.06277056277056277
158 0.35408163265306125 0.24494949494949494 0.017346938775510204 0.06998556998556998
157 0.37219387755102046 0.2474747474747475 0.01479591836734694 0.07503607503607504
156 0.3900510204081633 0.24927849927849927 0.015816326530612247 0.08297258297258298
22 0.4086734693877551 0.21645021645021645 0.01326530612244898 0.03463203463203463
159 0.42908163265306126 0.24134199134199133 0.0163265306122449 0.06421356421356421
158 0.4456632653061225 0.24422799422799424 0.01479591836734694 0.06854256854256854
157 0.464030612244898 0.24675324675324675 0.01479591836734694 0.07503607503607504
22 0.48265306122448987 0.21645021645021645 0.01326530612244898 0.03463203463203463
160 0.5028061224489796 0.23773448773448774 0.01683673469387755 0.056998556998557
159 0.5198979591836735 0.24062049062049062 0.014285714285714287 0.06277056277056277
158 0.5377551020408163 0.24386724386724387 0.015306122448979593 0.06926406926406926
22 0.5566326530612246 0.21645021645021645 0.01326530612244898 0.03463203463203463
161 0.576530612244898 0.23484848484848486 0.0163265306122449 0.051226551226551224
160 0.5936224489795919 0.23809523809523808 0.013775510204081635 0.05772005772005772
159 0.6114795918367347 0.240981240981241 0.013775510204081635 0.06349206349206349
22 0.6301020408163266 0.21681096681096682 0.01326530612244898 0.03391053391053391
162 0.6612244897959184 0.23484848484848486 0.0163265306122449 0.051226551226551224
161 0.6783163265306124 0.2352092352092352 0.013775510204081635 0.05194805194805195
160 0.6966836734693879 0.23773448773448774 0.013775510204081635 0.05844155844155844
22 0.7153061224489796 0.21645021645021645 0.01326530612244898 0.03463203463203463
160 0.7352040816326532 0.23809523809523808 0.0163265306122449 0.05772005772005772
159 0.752295918367347 0.24062049062049062 0.013775510204081635 0.06565656565656566
158 0.7701530612244899 0.2435064935064935 0.01479591836734694 0.06854256854256854
22 0.789030612244898 0.21645021645021645 0.012755102040816327 0.03463203463203463
159 0.8094387755102042 0.240981240981241 0.01683673469387755 0.06349206349206349
158 0.8262755102040817 0.24422799422799424 0.01479591836734694 0.06998556998556998
157 0.8443877551020409 0.24675324675324675 0.015306122448979593 0.07503607503607504
22 0.8630102040816328 0.21645021645021645 0.012755102040816327 0.03463203463203463
97 0.8816326530612246 0.24314574314574314 0.015306122448979593 0.06926406926406926
27 0.9354591836734695 0.2352092352092352 0.019897959183673472 0.05194805194805195
26 0.06479591836734694 0.525974025974026 0.023469387755102045 0.08513708513708514
22 0.1795918367346939 0.5075757575757576 0.012244897959183675 0.03391053391053391
21 0.19387755102040818 0.5003607503607503 0.010204081632653062 0.022366522366522368
19 0.2122448979591837 0.4981962481962482 0.0163265306122449 0.013708513708513708
102 0.6885204081632653 0.5194805194805194 0.012755102040816327 0.06204906204906205
73 0.727295918367347 0.5227272727272727 0.013775510204081635 0.056998556998557
101 0.8091836734693878 0.5223665223665224 0.01326530612244898 0.05772005772005772
101 0.8464285714285715 0.522005772005772 0.01326530612244898 0.056998556998557
100 0.8734693877551021 0.5252525252525253 0.014285714285714287 0.05194805194805195
99 0.9010204081632653 0.5284992784992785 0.01326530612244898 0.05844155844155844
101 0.9295918367346939 0.522005772005772 0.01326530612244898 0.056998556998557
27 0.06454081632653062 0.6435786435786436 0.02602040816326531 0.049062049062049064
19 0.10204081632653061 0.6179653679653679 0.017346938775510204 0.015151515151515152
137 0.2114795918367347 0.6482683982683982 0.012755102040816327 0.05844155844155844
136 0.23494897959183675 0.6497113997113997 0.012755102040816327 0.06132756132756133
165 0.25867346938775515 0.6504329004329005 0.012244897959183675 0.06421356421356421
164 0.2727040816326531 0.6522366522366523 0.01479591836734694 0.06493506493506493
106 0.726530612244898 0.645021645021645 0.01326530612244898 0.05194805194805195
105 0.7540816326530613 0.6479076479076479 0.01326530612244898 0.05772005772005772
104 0.7813775510204082 0.6507936507936508 0.012755102040816327 0.06349206349206349
16 0.8609693877551021 0.613997113997114 0.008673469387755102 0.03318903318903319
17 0.8892857142857143 0.6204906204906205 0.00816326530612245 0.03607503607503607
26 0.06479591836734694 0.9357864357864358 0.023469387755102045 0.08513708513708514
72 0.10229591836734694 0.935064935064935 0.013775510204081635 0.05194805194805195
71 0.1420918367346939 0.937950937950938 0.013775510204081635 0.05916305916305916
130 0.19566326530612246 0.9375901875901876 0.015816326530612247 0.05844155844155844
131 0.21198979591836736 0.9347041847041847 0.012755102040816327 0.05266955266955267
132 0.2298469387755102 0.933982683982684 0.012755102040816327 0.05266955266955267
131 0.24795918367346942 0.9336219336219336 0.01326530612244898 0.05483405483405483
100 0.26607142857142857 0.9354256854256854 0.013775510204081635 0.05266955266955267
99 0.2923469387755102 0.937950937950938 0.01326530612244898 0.05772005772005772
70 0.32806122448979597 0.9404761904761905 0.01326530612244898 0.06277056277056277
101 0.37806122448979596 0.9321789321789322 0.01326530612244898 0.05772005772005772
