12 0.22806122448979593 0.30303030303030304 0.0071428571428571435 0.047619047619047616
12 0.7283163265306123 0.3033910533910534 0.007653061224489797 0.046897546897546896
12 0.9515306122448981 0.3037518037518038 0.00816326530612245 0.047619047619047616
12 0.43928571428571433 0.3037518037518038 0.00816326530612245 0.046176046176046176
12 0.9520408163265307 0.5176767676767676 0.00816326530612245 0.048340548340548344
12 0.30280612244897964 0.5176767676767676 0.007653061224489797 0.046897546897546896
12 0.5130102040816327 0.5176767676767676 0.007653061224489797 0.046897546897546896
12 0.7533163265306123 0.5176767676767676 0.007653061224489797 0.046897546897546896
12 0.9520408163265307 0.7186147186147186 0.00816326530612245 0.049062049062049064
12 0.6630102040816327 0.7189754689754689 0.007653061224489797 0.045454545454545456
12 0.38954081632653065 0.8935786435786436 0.008673469387755102 0.048340548340548344
12 0.9515306122448981 0.8935786435786436 0.00816326530612245 0.048340548340548344
12 0.6790816326530613 0.8935786435786436 0.00816326530612245 0.046897546897546896
14 0.7979591836734694 0.8997113997113997 0.0071428571428571435 0.0101010101010101
14 0.7040816326530613 0.9108946608946609 0.0071428571428571435 0.00937950937950938
31 0.13698979591836735 0.306998556998557 0.025 0.10461760461760462
16 0.15867346938775512 0.2972582972582973 0.010204081632653062 0.03463203463203463
133 0.21198979591836736 0.2990620490620491 0.019897959183673472 0.06277056277056277
166 0.26581632653061227 0.2904040404040404 0.015306122448979593 0.07864357864357864
167 0.2823979591836735 0.288961038961039 0.011734693877551022 0.08152958152958154
139 0.32397959183673475 0.28535353535353536 0.01326530612244898 0.08585858585858586
100 0.3479591836734694 0.31782106782106784 0.012244897959183675 0.0772005772005772
136 0.3704081632653062 0.27994227994227994 0.01326530612244898 0.09956709956709957
136 0.4188775510204082 0.281024531024531 0.01326530612244898 0.10317460317460317
15 0.44897959183673475 0.29797979797979796 0.011224489795918368 0.03896103896103896
135 0.4642857142857143 0.29545454545454547 0.0163265306122449 0.06998556998556998
165 0.48775510204081635 0.294011544011544 0.015306122448979593 0.06998556998556998
166 0.5043367346938776 0.29329004329004327 0.012755102040816327 0.07142857142857142
17 0.5099489795918368 0.34704184704184704 0.008673469387755102 0.0404040404040404
167 0.5227040816326531 0.2904040404040404 0.01479591836734694 0.0772005772005772
166 0.5392857142857144 0.29148629148629146 0.01326530612244898 0.07503607503607504
165 0.5561224489795918 0.29365079365079366 0.012244897959183675 0.0707070707070707
17 0.5681122448979592 0.3037518037518038 0.008673469387755102 0.0404040404040404
164 0.5790816326530612 0.2950937950937951 0.012244897959183675 0.06349206349206349
15 0.5834183673469389 0.33910533910533913 0.011734693877551022 0.03751803751803752
133 0.5982142857142858 0.29473304473304474 0.01683673469387755 0.06854256854256854
163 0.6204081632653062 0.2958152958152958 0.01326530612244898 0.06926406926406926
16 0.6331632653061225 0.2968975468975469 0.009183673469387756 0.03391053391053391
164 0.6459183673469389 0.294011544011544 0.01326530612244898 0.07287157287157287
162 0.6785714285714286 0.29834054834054835 0.01326530612244898 0.06277056277056277
161 0.6956632653061225 0.3005050505050505 0.013775510204081635 0.05844155844155844
160 0.7132653061224491 0.3055555555555556 0.01326530612244898 0.05988455988455989
133 0.7630102040816327 0.2904040404040404 0.013775510204081635 0.08152958152958154
15 0.7762755102040817 0.33946608946608947 0.011734693877551022 0.03823953823953824
139 0.8158163265306123 0.284992784992785 0.01326530612244898 0.08946608946608947
168 0.8579081632653062 0.28643578643578643 0.012755102040816327 0.08513708513708514
167 0.8750000000000001 0.28715728715728717 0.012244897959183675 0.08513708513708514
168 0.8926020408163267 0.2875180375180375 0.012755102040816327 0.08297258297258298
20 0.9058673469387756 0.32575757575757575 0.00969387755102041 0.03823953823953824
137 0.9316326530612246 0.2893217893217893 0.012244897959183675 0.0808080808080808
31 0.0653061224489796 0.5212842712842712 0.02448979591836735 0.10606060606060606
16 0.08698979591836735 0.5111832611832612 0.010714285714285714 0.03391053391053391
135 0.13698979591836735 0.49747474747474746 0.012755102040816327 0.09307359307359307
170 0.21836734693877552 0.49134199134199136 0.01326530612244898 0.10245310245310245
169 0.23392857142857146 0.49206349206349204 0.012755102040816327 0.10533910533910534
170 0.24923469387755104 0.49314574314574317 0.013775510204081635 0.10028860028860029
20 0.2614795918367347 0.54004329004329 0.010714285714285714 0.03823953823953824
140 0.2862244897959184 0.49314574314574317 0.014285714285714287 0.10028860028860029
15 0.32831632653061227 0.5115440115440115 0.010714285714285714 0.03751803751803752
165 0.34158163265306124 0.5003607503607503 0.013775510204081635 0.08585858585858586
17 0.35280612244897963 0.5173160173160173 0.008673469387755102 0.03896103896103896
164 0.3642857142857143 0.49963924963924966 0.01326530612244898 0.09018759018759019
140 0.40229591836734696 0.49567099567099565 0.01479591836734694 0.09523809523809523
166 0.4428571428571429 0.49855699855699853 0.014285714285714287 0.09379509379509379
165 0.45790816326530615 0.49747474747474746 0.012755102040816327 0.09595959595959595
140 0.4966836734693878 0.4945887445887446 0.01479591836734694 0.10028860028860029
15 0.5229591836734694 0.5537518037518038 0.011224489795918368 0.03823953823953824
167 0.5581632653061225 0.4963924963924964 0.014285714285714287 0.09668109668109669
166 0.5729591836734694 0.4971139971139971 0.01326530612244898 0.09668109668109669
15 0.5859693877551021 0.5126262626262627 0.010714285714285714 0.03823953823953824
170 0.6221938775510205 0.49567099567099565 0.01479591836734694 0.09523809523809523
169 0.6372448979591837 0.4953102453102453 0.012244897959183675 0.09740259740259741
168 0.6691326530612246 0.49783549783549785 0.012755102040816327 0.09090909090909091
167 0.6849489795918368 0.4981962481962482 0.012755102040816327 0.09018759018759019
168 0.7005102040816327 0.49963924963924966 0.012244897959183675 0.09018759018759019
138 0.7372448979591837 0.5003607503607503 0.01326530612244898 0.08874458874458875
171 0.7892857142857144 0.49278499278499277 0.015306122448979593 0.10245310245310245
170 0.8048469387755103 0.49314574314574317 0.013775510204081635 0.09884559884559885
138 0.8415816326530613 0.4945887445887446 0.013775510204081635 0.10028860028860029
166 0.8844387755102041 0.5007215007215007 0.01479591836734694 0.08802308802308802
167 0.8989795918367348 0.5 0.012244897959183675 0.08658008658008658
135 0.9127551020408164 0.5003607503607503 0.012244897959183675 0.09018759018759019
138 0.9354591836734695 0.49963924963924966 0.012755102040816327 0.08874458874458875
31 0.0653061224489796 0.7215007215007215 0.02448979591836735 0.1038961038961039
16 0.08750000000000001 0.7113997113997114 0.010714285714285714 0.03463203463203463
139 0.14387755102040817 0.6994949494949495 0.01326530612244898 0.0873015873015873
167 0.1854591836734694 0.6994949494949495 0.012755102040816327 0.08874458874458875
166 0.20306122448979594 0.6998556998556998 0.01326530612244898 0.08802308802308802
135 0.2594387755102041 0.6998556998556998 0.012755102040816327 0.08802308802308802
138 0.28852040816326535 0.7012987012987013 0.018877551020408164 0.08658008658008658
135 0.43750000000000006 0.7088744588744589 0.019897959183673472 0.07142857142857142
170 0.48443877551020414 0.6908369408369408 0.015816326530612247 0.1075036075036075
171 0.5010204081632653 0.6901154401154401 0.01326530612244898 0.10894660894660894
16 0.505357142857143 0.7362914862914863 0.008673469387755102 0.03391053391053391
99 0.5178571428571429 0.7344877344877345 0.012244897959183675 0.08513708513708514
172 0.5183673469387755 0.6919191919191919 0.01326530612244898 0.113997113997114
139 0.5403061224489797 0.6915584415584416 0.01326530612244898 0.1075036075036075
15 0.5775510204081633 0.6944444444444444 0.011224489795918368 0.03968253968253968
168 0.5915816326530613 0.7005772005772006 0.01479591836734694 0.08658008658008658
167 0.6076530612244898 0.700937950937951 0.012244897959183675 0.08441558441558442
15 0.6122448979591837 0.737012987012987 0.011224489795918368 0.03823953823953824
16 0.6375000000000001 0.6937229437229437 0.008673469387755102 0.03391053391053391
167 0.6502551020408164 0.7002164502164502 0.012755102040816327 0.0873015873015873
166 0.6762755102040817 0.7012987012987013 0.013775510204081635 0.08513708513708514
165 0.692857142857143 0.7016594516594516 0.01326530612244898 0.08441558441558442
166 0.7298469387755103 0.7081529581529582 0.012755102040816327 0.07142857142857142
165 0.7469387755102042 0.7081529581529582 0.01326530612244898 0.07142857142857142
164 0.7647959183673471 0.7074314574314574 0.01326530612244898 0.07287157287157287
15 0.7775510204081634 0.7362914862914863 0.011224489795918368 0.03823953823953824
165 0.8099489795918368 0.7106782106782107 0.012755102040816327 0.06493506493506493
164 0.8275510204081633 0.711038961038961 0.01326530612244898 0.06565656565656566
163 0.8441326530612245 0.711038961038961 0.012755102040816327 0.06565656565656566
162 0.863265306122449 0.7113997113997114 0.0163265306122449 0.06493506493506493
161 0.878826530612245 0.7106782106782107 0.012755102040816327 0.06782106782106782
162 0.8966836734693878 0.7085137085137085 0.012755102040816327 0.0707070707070707
163 0.9137755102040818 0.7070707070707071 0.01326530612244898 0.07503607503607504
31 0.0653061224489796 0.8971861471861472 0.02448979591836735 0.10461760461760462
16 0.08698979591836735 0.887085137085137 0.010714285714285714 0.03391053391053391
169 0.14668367346938777 0.8704906204906205 0.013775510204081635 0.10028860028860029
170 0.16505102040816327 0.8701298701298701 0.01479591836734694 0.10101010101010101
100 0.18392857142857144 0.9069264069264069 0.012755102040816327 0.07792207792207792
16 0.19948979591836735 0.8751803751803752 0.00816326530612245 0.03463203463203463
136 0.21301020408163268 0.8701298701298701 0.012755102040816327 0.10101010101010101
165 0.2691326530612245 0.8827561327561327 0.01479591836734694 0.07431457431457432
17 0.28010204081632656 0.8935786435786436 0.00816326530612245 0.03968253968253968
164 0.29158163265306125 0.8834776334776335 0.012755102040816327 0.07142857142857142
167 0.3321428571428572 0.8759018759018758 0.012244897959183675 0.08946608946608947
169 0.3533163265306123 0.8726551226551227 0.012755102040816327 0.09595959595959595
171 0.3747448979591837 0.8686868686868687 0.01479591836734694 0.10245310245310245
100 0.4025510204081633 0.9069264069264069 0.012244897959183675 0.07936507936507936
170 0.42219387755102045 0.8697691197691197 0.01479591836734694 0.09884559884559885
169 0.4415816326530613 0.8719336219336219 0.012755102040816327 0.09740259740259741
168 0.46071428571428574 0.8726551226551227 0.01326530612244898 0.09307359307359307
104 0.48188775510204085 0.8993506493506493 0.011734693877551022 0.06421356421356421
169 0.501530612244898 0.8726551226551227 0.01326530612244898 0.09307359307359307
168 0.5209183673469389 0.8751803751803752 0.01326530612244898 0.08946608946608947
167 0.5403061224489797 0.876984126984127 0.012244897959183675 0.0873015873015873
135 0.5854591836734694 0.8726551226551227 0.012755102040816327 0.09740259740259741
138 0.6153061224489796 0.8715728715728716 0.012244897959183675 0.09668109668109669
106 0.6262755102040817 0.8939393939393939 0.011734693877551022 0.050505050505050504
170 0.6456632653061225 0.8715728715728716 0.015816326530612247 0.09379509379509379
169 0.6645408163265307 0.8712121212121212 0.012755102040816327 0.09740259740259741
167 0.7214285714285715 0.8643578643578643 0.014285714285714287 0.11255411255411256
168 0.7403061224489796 0.863997113997114 0.012244897959183675 0.10894660894660894
166 0.7571428571428572 0.8650793650793651 0.01326530612244898 0.11976911976911978
102 0.7867346938775511 0.902958152958153 0.012244897959183675 0.07142857142857142
172 0.806122448979592 0.8632756132756133 0.014285714285714287 0.11038961038961038
171 0.8262755102040817 0.8686868686868687 0.01683673469387755 0.10101010101010101
170 0.8543367346938776 0.8697691197691197 0.015816326530612247 0.09884559884559885
171 0.8721938775510205 0.8690476190476191 0.013775510204081635 0.09740259740259741
15 0.9043367346938777 0.8885281385281385 0.010714285714285714 0.03823953823953824
168 0.9367346938775512 0.8708513708513709 0.012244897959183675 0.09956709956709957
