12 0.9515306122448981 0.13997113997113997 0.00816326530612245 0.047619047619047616
12 0.048469387755102046 0.1406926406926407 0.00816326530612245 0.047619047619047616
12 0.5186224489795919 0.1406926406926407 0.008673469387755102 0.047619047619047616
12 0.048214285714285716 0.26226551226551226 0.007653061224489797 0.048340548340548344
12 0.5186224489795919 0.26262626262626265 0.008673469387755102 0.049062049062049064
12 0.9515306122448981 0.26262626262626265 0.00816326530612245 0.047619047619047616
12 0.048214285714285716 0.38455988455988455 0.007653061224489797 0.047619047619047616
12 0.5183673469387755 0.3841991341991342 0.00816326530612245 0.046897546897546896
12 0.9512755102040817 0.38455988455988455 0.008673469387755102 0.047619047619047616
12 0.5186224489795919 0.5057720057720058 0.00969387755102041 0.049062049062049064
12 0.9515306122448981 0.5068542568542569 0.009183673469387756 0.048340548340548344
12 0.048214285714285716 0.509018759018759 0.008673469387755102 0.051226551226551224
12 0.048469387755102046 0.658008658008658 0.00816326530612245 0.050505050505050504
12 0.5186224489795919 0.6587301587301587 0.008673469387755102 0.047619047619047616
12 0.9515306122448981 0.6583694083694084 0.00816326530612245 0.046897546897546896
12 0.5186224489795919 0.7810245310245311 0.008673469387755102 0.048340548340548344
12 0.047959183673469394 0.7810245310245311 0.0071428571428571435 0.046897546897546896
12 0.9512755102040817 0.7810245310245311 0.008673469387755102 0.046897546897546896
12 0.048214285714285716 0.9354256854256854 0.007653061224489797 0.05411255411255411
12 0.5183673469387755 0.9321789321789322 0.00816326530612245 0.047619047619047616
12 0.9512755102040817 0.9325396825396826 0.008673469387755102 0.046897546897546896
26 0.06683673469387756 0.14105339105339104 0.025510204081632654 0.10461760461760462
74 0.10306122448979593 0.13455988455988455 0.01326530612244898 0.06277056277056277
104 0.31250000000000006 0.14682539682539683 0.012755102040816327 0.06421356421356421
106 0.41785714285714287 0.1406926406926407 0.01326530612244898 0.050505050505050504
77 0.5352040816326531 0.14321789321789322 0.01326530612244898 0.056998556998557
103 0.7448979591836735 0.14826839826839827 0.01326530612244898 0.0670995670995671
105 0.8502551020408164 0.14357864357864358 0.012755102040816327 0.05772005772005772
26 0.06709183673469388 0.262987012987013 0.02602040816326531 0.10461760461760462
163 0.10204081632653061 0.2702020202020202 0.01326530612244898 0.06565656565656566
165 0.12908163265306125 0.26587301587301587 0.01326530612244898 0.056998556998557
167 0.15612244897959185 0.26334776334776333 0.01326530612244898 0.05339105339105339
170 0.18137755102040817 0.2546897546897547 0.01785714285714286 0.06926406926406926
163 0.20714285714285716 0.2702020202020202 0.01326530612244898 0.06565656565656566
165 0.2341836734693878 0.26551226551226553 0.01326530612244898 0.05772005772005772
167 0.2612244897959184 0.2637085137085137 0.01326530612244898 0.05266955266955267
170 0.2869897959183674 0.25432900432900435 0.01785714285714286 0.06854256854256854
163 0.31250000000000006 0.2698412698412698 0.012755102040816327 0.06493506493506493
165 0.3392857142857143 0.26551226551226553 0.01326530612244898 0.05772005772005772
167 0.3658163265306123 0.26334776334776333 0.01326530612244898 0.05339105339105339
170 0.3913265306122449 0.25432900432900435 0.018367346938775512 0.06854256854256854
163 0.4170918367346939 0.2698412698412698 0.012755102040816327 0.06493506493506493
165 0.4441326530612245 0.26587301587301587 0.013775510204081635 0.05844155844155844
167 0.4709183673469388 0.26406926406926406 0.01326530612244898 0.05339105339105339
170 0.4964285714285715 0.2546897546897547 0.017346938775510204 0.06926406926406926
162 0.5346938775510205 0.2741702741702742 0.01326530612244898 0.07503607503607504
164 0.5614795918367348 0.27056277056277056 0.013775510204081635 0.06782106782106782
167 0.5885204081632653 0.26695526695526695 0.013775510204081635 0.06060606060606061
169 0.6135204081632654 0.25757575757575757 0.01683673469387755 0.06493506493506493
162 0.639795918367347 0.27380952380952384 0.01326530612244898 0.07575757575757576
164 0.6665816326530613 0.2702020202020202 0.013775510204081635 0.0670995670995671
167 0.6936224489795919 0.26695526695526695 0.013775510204081635 0.06060606060606061
169 0.7186224489795919 0.25793650793650796 0.01683673469387755 0.06421356421356421
162 0.7446428571428572 0.27344877344877344 0.013775510204081635 0.07503607503607504
164 0.7716836734693878 0.2702020202020202 0.013775510204081635 0.0670995670995671
167 0.7987244897959185 0.26695526695526695 0.013775510204081635 0.06060606060606061
169 0.8237244897959184 0.25793650793650796 0.01785714285714286 0.06421356421356421
162 0.8497448979591837 0.2741702741702742 0.013775510204081635 0.07503607503607504
164 0.876530612244898 0.2698412698412698 0.014285714285714287 0.06782106782106782
167 0.9035714285714287 0.2665945165945166 0.014285714285714287 0.05988455988455989
169 0.928061224489796 0.25685425685425683 0.0163265306122449 0.06349206349206349
26 0.06709183673469388 0.3852813852813853 0.02602040816326531 0.10533910533910534
18 0.300765306122449 0.37662337662337664 0.021938775510204084 0.01443001443001443
18 0.7326530612244898 0.376984126984127 0.02142857142857143 0.015151515151515152
27 0.0701530612244898 0.5086580086580087 0.03214285714285715 0.05916305916305916
161 0.10255102040816327 0.5194805194805194 0.01326530612244898 0.07792207792207792
163 0.12908163265306125 0.5158730158730159 0.01326530612244898 0.06926406926406926
165 0.15586734693877552 0.5119047619047619 0.013775510204081635 0.06277056277056277
168 0.18035714285714288 0.5064935064935064 0.01683673469387755 0.06060606060606061
161 0.20765306122448982 0.5191197691197691 0.01326530612244898 0.0772005772005772
163 0.2341836734693878 0.5158730158730159 0.01326530612244898 0.0707070707070707
165 0.2612244897959184 0.5115440115440115 0.01326530612244898 0.06204906204906205
168 0.28571428571428575 0.5061327561327561 0.017346938775510204 0.05988455988455989
161 0.31250000000000006 0.5198412698412699 0.012755102040816327 0.0772005772005772
163 0.3392857142857143 0.5155122655122655 0.01326530612244898 0.06998556998556998
165 0.3663265306122449 0.5119047619047619 0.01326530612244898 0.06277056277056277
168 0.39056122448979597 0.5061327561327561 0.01785714285714286 0.05988455988455989
161 0.41760204081632657 0.5194805194805194 0.012755102040816327 0.07792207792207792
163 0.4441326530612245 0.5155122655122655 0.013775510204081635 0.06998556998556998
165 0.4709183673469388 0.5115440115440115 0.01326530612244898 0.06204906204906205
168 0.4954081632653062 0.5057720057720058 0.017346938775510204 0.06060606060606061
160 0.536734693877551 0.5079365079365079 0.018367346938775512 0.06204906204906205
162 0.5619897959183674 0.5021645021645021 0.01479591836734694 0.06204906204906205
165 0.5892857142857143 0.49747474747474746 0.014285714285714287 0.06998556998556998
167 0.6160714285714286 0.49386724386724384 0.013775510204081635 0.08008658008658008
160 0.6420918367346939 0.5079365079365079 0.019897959183673472 0.06349206349206349
162 0.6668367346938776 0.5021645021645021 0.014285714285714287 0.06204906204906205
165 0.6941326530612245 0.4981962481962482 0.013775510204081635 0.06998556998556998
167 0.7209183673469388 0.49422799422799424 0.014285714285714287 0.07936507936507936
160 0.7471938775510205 0.5075757575757576 0.018877551020408164 0.06277056277056277
162 0.7721938775510204 0.5018037518037518 0.01479591836734694 0.06132756132756133
165 0.7992346938775511 0.49747474747474746 0.013775510204081635 0.06998556998556998
167 0.8260204081632654 0.49422799422799424 0.014285714285714287 0.07936507936507936
160 0.8520408163265307 0.5075757575757576 0.01938775510204082 0.06277056277056277
162 0.8770408163265306 0.5025252525252525 0.015306122448979593 0.06132756132756133
165 0.904591836734694 0.49783549783549785 0.014285714285714287 0.06926406926406926
167 0.9316326530612246 0.4945887445887446 0.014285714285714287 0.07864357864357864
26 0.06683673469387756 0.6598124098124099 0.025510204081632654 0.10461760461760462
75 0.1028061224489796 0.6666666666666666 0.012755102040816327 0.06637806637806638
106 0.31275510204081636 0.6583694083694084 0.014285714285714287 0.051226551226551224
108 0.41760204081632657 0.6525974025974026 0.012755102040816327 0.06421356421356421
75 0.5346938775510205 0.6655844155844156 0.01326530612244898 0.06565656565656566
105 0.7448979591836735 0.6616161616161617 0.01326530612244898 0.05772005772005772
15 0.8367346938775511 0.6323953823953824 0.012244897959183675 0.051226551226551224
107 0.8497448979591837 0.6551226551226551 0.012755102040816327 0.05772005772005772
26 0.06683673469387756 0.7810245310245311 0.02653061224489796 0.10606060606060606
68 0.1028061224489796 0.7922077922077922 0.015816326530612247 0.07503607503607504
99 0.313265306122449 0.7842712842712842 0.01326530612244898 0.05916305916305916
101 0.4186224489795919 0.7777777777777778 0.013775510204081635 0.05772005772005772
68 0.5354591836734695 0.7918470418470418 0.01683673469387755 0.0772005772005772
98 0.7456632653061225 0.7867965367965368 0.013775510204081635 0.06277056277056277
15 0.8367346938775511 0.7968975468975469 0.011224489795918368 0.049783549783549784
100 0.850765306122449 0.7810245310245311 0.012755102040816327 0.051226551226551224
26 0.06658163265306123 0.9332611832611832 0.027040816326530614 0.10606060606060606
18 0.300765306122449 0.9246031746031746 0.021938775510204084 0.015151515151515152
18 0.7326530612244898 0.9242424242424242 0.022448979591836737 0.01443001443001443
