0 0.09923469387755103 0.05808080808080808 0.03112244897959184 0.05555555555555555
12 0.047959183673469394 0.06096681096681097 0.0071428571428571435 0.048340548340548344
12 0.32806122448979597 0.06060606060606061 0.00816326530612245 0.047619047619047616
12 0.9517857142857143 0.06132756132756133 0.00663265306122449 0.049062049062049064
12 0.5293367346938777 0.06060606060606061 0.007653061224489797 0.046176046176046176
0 0.09846938775510206 0.18867243867243869 0.030612244897959186 0.05411255411255411
12 0.5295918367346939 0.19011544011544013 0.010204081632653062 0.049783549783549784
12 0.32806122448979597 0.19011544011544013 0.009183673469387756 0.048340548340548344
12 0.9517857142857143 0.1911976911976912 0.007653061224489797 0.049062049062049064
7 0.0951530612244898 0.47005772005772006 0.025 0.05555555555555555
12 0.047959183673469394 0.4834054834054834 0.0071428571428571435 0.050505050505050504
13 0.47602040816326535 0.48304473304473305 0.011224489795918368 0.049783549783549784
12 0.7461734693877552 0.48268398268398266 0.008673469387755102 0.049062049062049064
12 0.9520408163265307 0.4834054834054834 0.00816326530612245 0.050505050505050504
12 0.30867346938775514 0.48304473304473305 0.00816326530612245 0.048340548340548344
13 0.5573979591836735 0.4834054834054834 0.00969387755102041 0.047619047619047616
14 0.15076530612244898 0.5833333333333334 0.00663265306122449 0.00937950937950938
0 0.09948979591836736 0.6118326118326118 0.031632653061224494 0.05627705627705628
13 0.47602040816326535 0.612914862914863 0.011224489795918368 0.049783549783549784
13 0.5573979591836735 0.6125541125541125 0.011734693877551022 0.049062049062049064
12 0.7459183673469388 0.6125541125541125 0.00816326530612245 0.049062049062049064
12 0.048214285714285716 0.6132756132756133 0.007653061224489797 0.049062049062049064
12 0.3084183673469388 0.612914862914863 0.008673469387755102 0.048340548340548344
12 0.9515306122448981 0.6132756132756133 0.00816326530612245 0.049062049062049064
0 0.0989795918367347 0.740981240981241 0.030612244897959186 0.05483405483405483
13 0.47602040816326535 0.7424242424242424 0.011224489795918368 0.050505050505050504
12 0.9517857142857143 0.7427849927849928 0.007653061224489797 0.051226551226551224
12 0.047959183673469394 0.7427849927849928 0.0071428571428571435 0.049783549783549784
13 0.5573979591836735 0.7427849927849928 0.011734693877551022 0.049783549783549784
12 0.7466836734693878 0.7431457431457431 0.007653061224489797 0.049062049062049064
12 0.3084183673469388 0.7435064935064936 0.007653061224489797 0.046897546897546896
0 0.09872448979591837 0.8704906204906205 0.03112244897959184 0.05555555555555555
13 0.476530612244898 0.8722943722943723 0.012244897959183675 0.050505050505050504
13 0.5571428571428572 0.8722943722943723 0.01326530612244898 0.050505050505050504
12 0.7466836734693878 0.8722943722943723 0.00969387755102041 0.049062049062049064
12 0.3084183673469388 0.873015873015873 0.007653061224489797 0.049062049062049064
12 0.9512755102040817 0.8726551226551227 0.00969387755102041 0.048340548340548344
27 0.06454081632653062 0.06060606060606061 0.025 0.05194805194805195
137 0.13903061224489796 0.05988455988455989 0.012755102040816327 0.050505050505050504
141 0.16173469387755104 0.049062049062049064 0.017346938775510204 0.07503607503607504
21 0.18622448979591838 0.06096681096681097 0.010204081632653062 0.023809523809523808
133 0.21250000000000002 0.05519480519480519 0.018877551020408164 0.06132756132756133
134 0.23520408163265308 0.06746031746031746 0.01326530612244898 0.06277056277056277
135 0.2596938775510204 0.06493506493506493 0.01326530612244898 0.06060606060606061
136 0.2841836734693878 0.06385281385281386 0.01326530612244898 0.056998556998557
137 0.30688775510204086 0.06204906204906205 0.01683673469387755 0.05339105339105339
107 0.3438775510204082 0.05844155844155844 0.01326530612244898 0.05772005772005772
140 0.3913265306122449 0.05266955266955267 0.014285714285714287 0.06926406926406926
106 0.41479591836734697 0.06096681096681097 0.01326530612244898 0.051226551226551224
140 0.46147959183673476 0.05303030303030303 0.012755102040816327 0.06998556998556998
136 0.5091836734693878 0.06313131313131314 0.01326530612244898 0.056998556998557
136 0.5446428571428572 0.06204906204906205 0.012755102040816327 0.05339105339105339
140 0.5668367346938776 0.05194805194805195 0.017346938775510204 0.06926406926406926
21 0.5918367346938777 0.06132756132756133 0.010204081632653062 0.024531024531024532
21 0.614030612244898 0.06096681096681097 0.010714285714285714 0.023809523809523808
21 0.6367346938775511 0.06132756132756133 0.010204081632653062 0.024531024531024532
137 0.6599489795918368 0.06096681096681097 0.012755102040816327 0.051226551226551224
138 0.6841836734693878 0.05844155844155844 0.01326530612244898 0.05772005772005772
17 0.701530612244898 0.0367965367965368 0.00816326530612245 0.03896103896103896
138 0.7112244897959185 0.05844155844155844 0.015306122448979593 0.05772005772005772
136 0.7619897959183675 0.06240981240981241 0.012755102040816327 0.05411255411255411
141 0.7844387755102041 0.049062049062049064 0.018877551020408164 0.07647907647907648
21 0.8094387755102042 0.06132756132756133 0.010714285714285714 0.024531024531024532
133 0.8354591836734695 0.05555555555555555 0.018877551020408164 0.06204906204906205
134 0.8581632653061225 0.06782106782106782 0.01326530612244898 0.06204906204906205
135 0.8826530612244898 0.06493506493506493 0.01326530612244898 0.06060606060606061
136 0.9071428571428573 0.06385281385281386 0.01326530612244898 0.05844155844155844
137 0.9298469387755103 0.06240981240981241 0.01683673469387755 0.05411255411255411
27 0.06454081632653062 0.19011544011544013 0.023979591836734697 0.051226551226551224
101 0.14005102040816328 0.18831168831168832 0.013775510204081635 0.05627705627705628
20 0.18571428571428572 0.18903318903318903 0.011224489795918368 0.03751803751803752
97 0.23520408163265308 0.1994949494949495 0.014285714285714287 0.06854256854256854
97 0.28443877551020413 0.1994949494949495 0.013775510204081635 0.06854256854256854
100 0.34438775510204084 0.19155844155844157 0.01326530612244898 0.051226551226551224
20 0.38928571428571435 0.18975468975468976 0.011224489795918368 0.03751803751803752
20 0.43673469387755104 0.18975468975468976 0.011224489795918368 0.03751803751803752
128 0.48596938775510207 0.1994949494949495 0.018877551020408164 0.06854256854256854
128 0.5089285714285715 0.1994949494949495 0.015816326530612247 0.06854256854256854
100 0.5454081632653062 0.19155844155844157 0.01326530612244898 0.051226551226551224
20 0.5913265306122449 0.18975468975468976 0.011224489795918368 0.03751803751803752
100 0.638265306122449 0.1911976911976912 0.01326530612244898 0.050505050505050504
17 0.6734693877551021 0.20887445887445888 0.00816326530612245 0.03823953823953824
100 0.6854591836734695 0.1911976911976912 0.012755102040816327 0.050505050505050504
101 0.7630102040816327 0.18867243867243869 0.013775510204081635 0.056998556998557
20 0.8084183673469388 0.1893939393939394 0.011734693877551022 0.0367965367965368
20 0.8566326530612246 0.1893939393939394 0.011224489795918368 0.0367965367965368
128 0.9086734693877552 0.1994949494949495 0.018367346938775512 0.06854256854256854
128 0.9318877551020409 0.19985569985569984 0.015816326530612247 0.06926406926406926
26 0.06454081632653062 0.481962481962482 0.02295918367346939 0.08946608946608947
19 0.1403061224489796 0.4805194805194805 0.018367346938775512 0.01443001443001443
135 0.20433673469387756 0.48953823953823955 0.012755102040816327 0.06277056277056277
136 0.2227040816326531 0.4880952380952381 0.012755102040816327 0.05988455988455989
137 0.23979591836734696 0.4855699855699856 0.015306122448979593 0.05627705627705628
135 0.2581632653061225 0.48953823953823955 0.01326530612244898 0.06277056277056277
136 0.2767857142857143 0.48773448773448774 0.012755102040816327 0.05916305916305916
137 0.2938775510204082 0.4855699855699856 0.015306122448979593 0.05483405483405483
138 0.32397959183673475 0.48124098124098125 0.01326530612244898 0.05772005772005772
21 0.34566326530612246 0.48412698412698413 0.010714285714285714 0.024531024531024532
20 0.364795918367347 0.481962481962482 0.011224489795918368 0.03751803751803752
19 0.3997448979591837 0.4805194805194805 0.018877551020408164 0.01443001443001443
18 0.5165816326530612 0.47474747474747475 0.018877551020408164 0.01443001443001443
18 0.653061224489796 0.4743867243867244 0.018367346938775512 0.013708513708513708
20 0.7589285714285715 0.48268398268398266 0.010714285714285714 0.03751803751803752
130 0.7943877551020408 0.48665223665223667 0.0163265306122449 0.05844155844155844
131 0.811734693877551 0.4837662337662338 0.01326530612244898 0.051226551226551224
132 0.8298469387755103 0.4834054834054834 0.012755102040816327 0.050505050505050504
130 0.8482142857142858 0.4862914862914863 0.01683673469387755 0.05772005772005772
131 0.8653061224489796 0.4837662337662338 0.01326530612244898 0.051226551226551224
132 0.8839285714285715 0.4837662337662338 0.012755102040816327 0.051226551226551224
130 0.9020408163265307 0.487012987012987 0.017346938775510204 0.05916305916305916
131 0.9196428571428572 0.48412698412698413 0.013775510204081635 0.05194805194805195
132 0.9385204081632654 0.4837662337662338 0.012755102040816327 0.051226551226551224
27 0.06479591836734694 0.612914862914863 0.02448979591836735 0.051226551226551224
79 0.1392857142857143 0.61002886002886 0.012244897959183675 0.056998556998557
20 0.2566326530612245 0.6118326118326118 0.011224489795918368 0.03751803751803752
19 0.3247448979591837 0.6103896103896104 0.018877551020408164 0.01443001443001443
111 0.3987244897959184 0.5988455988455988 0.015816326530612247 0.0808080808080808
20 0.4295918367346939 0.6118326118326118 0.011224489795918368 0.03751803751803752
18 0.5165816326530612 0.6046176046176046 0.01785714285714286 0.01443001443001443
136 0.5742346938775511 0.6158008658008658 0.013775510204081635 0.05555555555555555
21 0.5964285714285715 0.6136363636363636 0.010204081632653062 0.023809523809523808
21 0.6178571428571429 0.6132756132756133 0.010204081632653062 0.024531024531024532
135 0.6385204081632654 0.6186868686868687 0.013775510204081635 0.06277056277056277
141 0.6630102040816327 0.6002886002886003 0.01479591836734694 0.07503607503607504
141 0.6849489795918368 0.601010101010101 0.01479591836734694 0.07503607503607504
141 0.7073979591836735 0.6006493506493507 0.01479591836734694 0.0772005772005772
140 0.7285714285714286 0.6038961038961039 0.017346938775510204 0.06926406926406926
57 0.7630102040816327 0.5977633477633477 0.020918367346938777 0.08152958152958154
27 0.06479591836734694 0.7427849927849928 0.02448979591836735 0.051226551226551224
77 0.1392857142857143 0.7456709956709957 0.012244897959183675 0.05555555555555555
141 0.20484693877551022 0.7297979797979798 0.013775510204081635 0.07575757575757576
142 0.22346938775510206 0.727994227994228 0.014285714285714287 0.08225108225108226
143 0.24056122448979594 0.7251082251082251 0.01683673469387755 0.08658008658008658
141 0.25892857142857145 0.7301587301587301 0.013775510204081635 0.07647907647907648
142 0.27755102040816326 0.727994227994228 0.014285714285714287 0.08225108225108226
143 0.29464285714285715 0.7247474747474747 0.01683673469387755 0.08441558441558442
144 0.32448979591836735 0.7225829725829725 0.0163265306122449 0.09307359307359307
21 0.34566326530612246 0.7438672438672439 0.010714285714285714 0.024531024531024532
20 0.364795918367347 0.7417027417027418 0.011224489795918368 0.03751803751803752
20 0.39668367346938777 0.7417027417027418 0.010714285714285714 0.03751803751803752
135 0.43086734693877554 0.7492784992784993 0.013775510204081635 0.06421356421356421
17 0.4456632653061225 0.7366522366522367 0.007653061224489797 0.03751803751803752
135 0.45510204081632655 0.7492784992784993 0.017346938775510204 0.06421356421356421
18 0.5165816326530612 0.7348484848484849 0.01785714285714286 0.013708513708513708
136 0.5734693877551021 0.7442279942279942 0.01326530612244898 0.05411255411255411
141 0.5948979591836735 0.7305194805194806 0.018367346938775512 0.0772005772005772
21 0.6178571428571429 0.7431457431457431 0.010204081632653062 0.024531024531024532
133 0.6420918367346939 0.7373737373737373 0.018877551020408164 0.06204906204906205
134 0.6622448979591837 0.7496392496392497 0.01326530612244898 0.06349206349206349
135 0.6846938775510205 0.7471139971139971 0.01326530612244898 0.05988455988455989
136 0.7071428571428572 0.746031746031746 0.01326530612244898 0.05772005772005772
137 0.7280612244897959 0.7445887445887446 0.0163265306122449 0.05339105339105339
20 0.7586734693877552 0.7420634920634921 0.011224489795918368 0.0367965367965368
138 0.7923469387755103 0.740981240981241 0.01326530612244898 0.05772005772005772
139 0.8109693877551021 0.7388167388167388 0.012755102040816327 0.06637806637806638
140 0.8290816326530613 0.7341269841269841 0.015306122448979593 0.06854256854256854
138 0.8464285714285715 0.7406204906204906 0.012244897959183675 0.056998556998557
139 0.8653061224489796 0.7384559884559885 0.012244897959183675 0.06565656565656566
140 0.8831632653061225 0.7341269841269841 0.0163265306122449 0.06854256854256854
138 0.9005102040816327 0.7406204906204906 0.012244897959183675 0.056998556998557
139 0.9193877551020408 0.7388167388167388 0.012244897959183675 0.06637806637806638
140 0.9375000000000001 0.7341269841269841 0.015816326530612247 0.06854256854256854
27 0.06479591836734694 0.8719336219336219 0.02448979591836735 0.051226551226551224
100 0.1392857142857143 0.873015873015873 0.014285714285714287 0.050505050505050504
20 0.17142857142857143 0.8715728715728716 0.011224489795918368 0.03751803751803752
96 0.20433673469387756 0.8838383838383839 0.015816326530612247 0.07647907647907648
17 0.2469387755102041 0.9145021645021645 0.00816326530612245 0.03823953823953824
96 0.25867346938775515 0.8849206349206349 0.014285714285714287 0.0772005772005772
97 0.32397959183673475 0.8813131313131313 0.014285714285714287 0.06854256854256854
104 0.36683673469387756 0.8780663780663781 0.01326530612244898 0.06349206349206349
19 0.3997448979591837 0.8697691197691197 0.018877551020408164 0.015151515151515152
18 0.5165816326530612 0.8643578643578643 0.01785714285714286 0.01443001443001443
18 0.6528061224489796 0.8636363636363636 0.01785714285714286 0.012987012987012988
100 0.7609693877551021 0.8733766233766234 0.013775510204081635 0.051226551226551224
20 0.7908163265306123 0.8715728715728716 0.011224489795918368 0.03751803751803752
100 0.8466836734693878 0.8737373737373737 0.013775510204081635 0.05194805194805195
100 0.9007653061224491 0.8733766233766234 0.013775510204081635 0.051226551226551224
