7 0.16683673469387755 0.13600288600288601 0.02653061224489796 0.056998556998557
12 0.3446428571428572 0.14862914862914864 0.007653061224489797 0.047619047619047616
12 0.5525510204081633 0.1471861471861472 0.0071428571428571435 0.044733044733044736
12 0.7691326530612246 0.1479076479076479 0.008673469387755102 0.046176046176046176
12 0.9522959183673471 0.1497113997113997 0.007653061224489797 0.048340548340548344
7 0.16683673469387755 0.19552669552669552 0.02755102040816327 0.05483405483405483
12 0.9520408163265307 0.2085137085137085 0.00816326530612245 0.050505050505050504
7 0.16658163265306125 0.25432900432900435 0.028061224489795922 0.056998556998557
12 0.950765306122449 0.2647907647907648 0.00969387755102041 0.046176046176046176
7 0.16709183673469388 0.31277056277056275 0.027040816326530614 0.056998556998557
12 0.9502551020408164 0.32142857142857145 0.011734693877551022 0.05844155844155844
7 0.16658163265306125 0.3791486291486291 0.027040816326530614 0.05844155844155844
12 0.9500000000000001 0.3906926406926407 0.010204081632653062 0.048340548340548344
7 0.16709183673469388 0.4444444444444444 0.027040816326530614 0.05627705627705628
12 0.9515306122448981 0.45670995670995673 0.00816326530612245 0.05194805194805195
12 0.9520408163265307 0.5162337662337663 0.0071428571428571435 0.051226551226551224
12 0.34413265306122454 0.516955266955267 0.007653061224489797 0.051226551226551224
12 0.5528061224489796 0.5165945165945166 0.007653061224489797 0.049062049062049064
12 0.7688775510204082 0.516955266955267 0.0071428571428571435 0.049783549783549784
12 0.34413265306122454 0.5757575757575758 0.007653061224489797 0.05194805194805195
12 0.5525510204081633 0.5753968253968254 0.00816326530612245 0.051226551226551224
12 0.7686224489795919 0.5753968253968254 0.007653061224489797 0.051226551226551224
12 0.9520408163265307 0.575036075036075 0.0071428571428571435 0.050505050505050504
12 0.7686224489795919 0.6334776334776335 0.00663265306122449 0.049062049062049064
12 0.9520408163265307 0.6341991341991342 0.0071428571428571435 0.050505050505050504
12 0.3438775510204082 0.6345598845598845 0.0071428571428571435 0.049783549783549784
12 0.5525510204081633 0.6341991341991342 0.0071428571428571435 0.049062049062049064
12 0.9520408163265307 0.6922799422799423 0.00816326530612245 0.049783549783549784
12 0.34413265306122454 0.693001443001443 0.00663265306122449 0.049783549783549784
12 0.553061224489796 0.693001443001443 0.0071428571428571435 0.049783549783549784
12 0.7691326530612246 0.693001443001443 0.00663265306122449 0.048340548340548344
7 0.16658163265306125 0.7543290043290043 0.027040816326530614 0.05555555555555555
12 0.9520408163265307 0.7550505050505051 0.00816326530612245 0.049783549783549784
7 0.16658163265306125 0.8106060606060606 0.027040816326530614 0.05555555555555555
12 0.9520408163265307 0.812049062049062 0.009183673469387756 0.049783549783549784
12 0.9520408163265307 0.8661616161616161 0.011224489795918368 0.049783549783549784
14 0.7948979591836736 0.8813131313131313 0.005102040816326531 0.00937950937950938
14 0.2362244897959184 0.8820346320346321 0.005102040816326531 0.007936507936507936
12 0.9520408163265307 0.9224386724386724 0.009183673469387756 0.049783549783549784
12 0.34438775510204084 0.9231601731601732 0.006122448979591837 0.048340548340548344
12 0.5528061224489796 0.9227994227994228 0.00663265306122449 0.047619047619047616
12 0.7693877551020409 0.9231601731601732 0.006122448979591837 0.048340548340548344
12 0.9522959183673471 0.9776334776334776 0.00969387755102041 0.04329004329004329
12 0.5528061224489796 0.9787157287157288 0.007653061224489797 0.04256854256854257
12 0.7696428571428572 0.9787157287157288 0.007653061224489797 0.04256854256854257
12 0.34413265306122454 0.9787157287157288 0.007653061224489797 0.04112554112554113
79 0.35867346938775513 0.14574314574314573 0.014285714285714287 0.05627705627705628
136 0.5255102040816327 0.14898989898989898 0.01326530612244898 0.051226551226551224
138 0.5413265306122449 0.1471861471861472 0.018367346938775512 0.05916305916305916
79 0.35816326530612247 0.2031024531024531 0.01326530612244898 0.056998556998557
138 0.5410714285714286 0.20526695526695526 0.01785714285714286 0.06132756132756133
79 0.3584183673469388 0.26046176046176045 0.012755102040816327 0.05483405483405483
79 0.35816326530612247 0.32142857142857145 0.012244897959183675 0.06132756132756133
19 0.22627551020408165 0.3888888888888889 0.018877551020408164 0.015873015873015872
20 0.2696428571428572 0.38924963924963923 0.010714285714285714 0.0367965367965368
17 0.578061224489796 0.39754689754689754 0.00816326530612245 0.03896103896103896
138 0.6262755102040817 0.38997113997113997 0.013775510204081635 0.05988455988455989
132 0.8750000000000001 0.38924963924963923 0.018367346938775512 0.056998556998557
21 0.8908163265306124 0.3924963924963925 0.009183673469387756 0.025974025974025976
20 0.9058673469387756 0.3888888888888889 0.00969387755102041 0.03607503607503607
19 0.22551020408163266 0.4541847041847042 0.018367346938775512 0.015151515151515152
20 0.2696428571428572 0.455988455988456 0.011734693877551022 0.03751803751803752
136 0.539795918367347 0.46176046176046176 0.020408163265306124 0.06493506493506493
17 0.5783163265306123 0.46356421356421357 0.007653061224489797 0.03968253968253968
132 0.8750000000000001 0.45454545454545453 0.018367346938775512 0.05627705627705628
21 0.8908163265306124 0.4577922077922078 0.010204081632653062 0.025252525252525252
20 0.9061224489795919 0.4549062049062049 0.010204081632653062 0.0367965367965368
18 0.2729591836734694 0.5086580086580087 0.018367346938775512 0.01443001443001443
18 0.44821428571428573 0.5082972582972582 0.01785714285714286 0.015151515151515152
18 0.6607142857142858 0.5079365079365079 0.017346938775510204 0.015873015873015872
18 0.8607142857142858 0.5079365079365079 0.017346938775510204 0.01443001443001443
18 0.2729591836734694 0.5663780663780664 0.018367346938775512 0.017316017316017316
18 0.44821428571428573 0.5663780663780664 0.018877551020408164 0.017316017316017316
18 0.6607142857142858 0.5663780663780664 0.018367346938775512 0.017316017316017316
18 0.8602040816326532 0.5663780663780664 0.018367346938775512 0.015873015873015872
18 0.27321428571428574 0.6251803751803752 0.018877551020408164 0.016594516594516596
18 0.44821428571428573 0.6244588744588745 0.018877551020408164 0.016594516594516596
18 0.6609693877551021 0.6237373737373737 0.01785714285714286 0.016594516594516596
18 0.8607142857142858 0.6233766233766234 0.018367346938775512 0.015873015873015872
16 0.1584183673469388 0.685064935064935 0.008673469387755102 0.032467532467532464
18 0.2727040816326531 0.6836219336219336 0.018877551020408164 0.016594516594516596
20 0.3563775510204082 0.6901154401154401 0.010714285714285714 0.0367965367965368
20 0.564795918367347 0.6901154401154401 0.011224489795918368 0.0367965367965368
20 0.7813775510204082 0.6901154401154401 0.010714285714285714 0.0367965367965368
18 0.2729591836734694 0.7467532467532467 0.018367346938775512 0.015873015873015872
20 0.3563775510204082 0.7536075036075036 0.010714285714285714 0.0367965367965368
20 0.564795918367347 0.7536075036075036 0.011224489795918368 0.0367965367965368
20 0.7816326530612245 0.7536075036075036 0.011224489795918368 0.0367965367965368
18 0.2729591836734694 0.8033910533910534 0.018367346938775512 0.015151515151515152
20 0.3563775510204082 0.810966810966811 0.011734693877551022 0.03751803751803752
20 0.5650510204081634 0.8106060606060606 0.011734693877551022 0.0367965367965368
20 0.7813775510204082 0.8106060606060606 0.011734693877551022 0.0367965367965368
18 0.2729591836734694 0.8578643578643579 0.018367346938775512 0.01443001443001443
18 0.4484693877551021 0.8593073593073594 0.018367346938775512 0.01443001443001443
18 0.6612244897959184 0.8585858585858586 0.018367346938775512 0.01443001443001443
18 0.8602040816326532 0.8585858585858586 0.01938775510204082 0.01443001443001443
19 0.225765306122449 0.9772727272727273 0.018877551020408164 0.015151515151515152
19 0.2727040816326531 0.9776334776334776 0.019897959183673472 0.015873015873015872
77 0.35790816326530617 0.9722222222222222 0.013775510204081635 0.05555555555555555
