12 0.04838087895142636 0.02044711014176663 0.0065535851966075555 0.03980370774263904
12 0.9512336160370084 0.02099236641221374 0.010408635312259058 0.0376226826608506
12 0.9510408635312259 0.11750272628135223 0.01079414032382421 0.0376226826608506
12 0.04818812644564379 0.1177753544165758 0.005397070161912105 0.03707742639040349
12 0.04818812644564379 0.21401308615049075 0.006168080185042405 0.03653217011995638
12 0.9512336160370084 0.2142857142857143 0.010408635312259058 0.03707742639040349
12 0.9510408635312259 0.3105234460196292 0.01079414032382421 0.0376226826608506
12 0.04818812644564379 0.3105234460196292 0.006939090208172706 0.03653217011995638
12 0.9510408635312259 0.40703380588876775 0.010023130300693909 0.0376226826608506
12 0.04799537393986122 0.4067611777535442 0.007324595219737856 0.03598691384950927
12 0.9510408635312259 0.5035441657579063 0.010023130300693909 0.0376226826608506
12 0.04780262143407864 0.5035441657579063 0.006939090208172706 0.03653217011995638
12 0.9510408635312259 0.5997818974918212 0.010023130300693909 0.03707742639040349
12 0.04780262143407864 0.5997818974918212 0.006939090208172706 0.03598691384950927
26 0.06168080185042405 0.030806979280261725 0.019275250578257516 0.06052344601962923
105 0.10967617579028527 0.02371864776444929 0.009637625289128758 0.0430752453653217
20 0.20894371626831149 0.02153762268266085 0.008481110254433308 0.02998909487459106
20 0.31303006939090205 0.02153762268266085 0.009252120277563608 0.03107960741548528
15 0.40574402467232074 0.01499454743729553 0.008866615265998457 0.02889858233369684
105 0.4161526599845798 0.02262813522355507 0.009637625289128758 0.0430752453653217
105 0.5520431765612953 0.023446019629225736 0.009252120277563608 0.04252998909487459
98 0.7708172706245181 0.02480916030534351 0.010408635312259058 0.0485278080697928
20 0.8617964533538935 0.021264994547437296 0.009637625289128758 0.03053435114503817
26 0.06187355435620663 0.11804798255179935 0.01966075558982267 0.0801526717557252
15 0.0815343099460293 0.09814612868047982 0.010408635312259058 0.03925845147219193
101 0.11025443330763299 0.11586695747001091 0.010023130300693909 0.04416575790621592
129 0.21202775636083268 0.12131952017448201 0.013107170393215111 0.0485278080697928
132 0.2631071703932151 0.11668484187568158 0.010408635312259058 0.04143947655398037
134 0.3141865844255975 0.12540894220283533 0.010023130300693909 0.05561613958560524
132 0.3635312259059368 0.12459105779716467 0.010023130300693909 0.05398037077426391
134 0.41557440246723204 0.12431842966194112 0.010023130300693909 0.05234460196292258
136 0.4656900539707016 0.12295528898582335 0.013878180416345412 0.05070883315158124
73 0.5528141865844256 0.11559432933478736 0.01079414032382421 0.04362050163576881
108 0.7698535080956052 0.11314067611777535 0.010023130300693909 0.0485278080697928
20 0.8619892058596761 0.11804798255179935 0.010023130300693909 0.0321701199563795
26 0.06168080185042405 0.21401308615049075 0.020046260601387818 0.07906215921483098
99 0.10986892829606784 0.2167393675027263 0.01079414032382421 0.04416575790621592
132 0.2126060138781804 0.2118320610687023 0.013492675404780262 0.0430752453653217
135 0.2627216653816499 0.20856052344601964 0.010408635312259058 0.05070883315158124
137 0.3145720894371627 0.2161941112322792 0.01079414032382421 0.0430752453653217
135 0.36391673091750193 0.21564885496183206 0.01079414032382421 0.0430752453653217
137 0.41576715497301464 0.21510359869138496 0.011179645335389359 0.04089422028353326
139 0.465497301464919 0.20965103598691387 0.013492675404780262 0.04743729552889858
71 0.5528141865844256 0.21646673936750274 0.01156515034695451 0.04471101417666303
104 0.7700462606013878 0.21837513631406763 0.010408635312259058 0.04961832061068702
20 0.8619892058596761 0.21401308615049075 0.010023130300693909 0.03107960741548528
27 0.06399383191981496 0.3107960741548528 0.02467232074016962 0.04362050163576881
16 0.08057054741711642 0.31406761177753545 0.007710100231303006 0.03271537622682661
105 0.10986892829606784 0.31297709923664124 0.010023130300693909 0.04362050163576881
20 0.20913646877409406 0.3105234460196292 0.009637625289128758 0.03107960741548528
20 0.31322282189668466 0.3110687022900763 0.009637625289128758 0.0321701199563795
15 0.40555127216653813 0.3004362050163577 0.009252120277563608 0.03816793893129771
105 0.4159599074787972 0.31188658669574704 0.010023130300693909 0.04362050163576881
105 0.5520431765612953 0.3127044711014177 0.010023130300693909 0.0430752453653217
17 0.6351195065535852 0.3197928026172301 0.0050115651503469544 0.02780806979280262
102 0.6698149575944486 0.3058887677208288 0.010408635312259058 0.04798255179934569
98 0.7708172706245181 0.31406761177753545 0.010408635312259058 0.04798255179934569
20 0.8619892058596761 0.3105234460196292 0.010023130300693909 0.0321701199563795
16 0.06437933693138011 0.40703380588876775 0.02467232074016962 0.0430752453653217
16 0.08057054741711642 0.4103053435114504 0.007710100231303006 0.03326063249727372
105 0.10986892829606784 0.4089422028353326 0.010023130300693909 0.04362050163576881
20 0.20913646877409406 0.40648854961832065 0.010408635312259058 0.02998909487459106
20 0.31303006939090205 0.4067611777535442 0.010023130300693909 0.03162486368593239
15 0.40574402467232074 0.3966739367502726 0.008866615265998457 0.03871319520174482
105 0.4159599074787972 0.4083969465648855 0.009252120277563608 0.04252998909487459
105 0.5522359290670779 0.4089422028353326 0.009637625289128758 0.04252998909487459
17 0.6351195065535852 0.41603053435114506 0.0050115651503469544 0.02726281352235551
102 0.6698149575944486 0.4023991275899673 0.010408635312259058 0.04798255179934569
98 0.7706245181187356 0.41085059978189753 0.010023130300693909 0.04743729552889858
20 0.8619892058596761 0.40648854961832065 0.010023130300693909 0.03107960741548528
16 0.06457208943716268 0.5038167938931298 0.02428681572860447 0.04362050163576881
16 0.08057054741711642 0.5065430752453653 0.007710100231303006 0.03271537622682661
98 0.11025443330763299 0.5070883315158125 0.01079414032382421 0.04798255179934569
20 0.20894371626831149 0.5029989094874592 0.010023130300693909 0.02998909487459106
20 0.31303006939090205 0.5040894220283534 0.010023130300693909 0.0321701199563795
15 0.40574402467232074 0.5253544165757906 0.008095605242868157 0.03653217011995638
98 0.41653816499614493 0.507360959651036 0.010408635312259058 0.0485278080697928
98 0.5524286815728604 0.5076335877862596 0.010023130300693909 0.04798255179934569
17 0.6351195065535852 0.5125408942202836 0.0050115651503469544 0.02726281352235551
102 0.6700077101002313 0.4989094874591058 0.010023130300693909 0.04798255179934569
98 0.7706245181187356 0.5070883315158125 0.010023130300693909 0.04798255179934569
20 0.8617964533538935 0.502453653217012 0.009637625289128758 0.02998909487459106
16 0.06418658442559753 0.6000545256270448 0.02351580570547417 0.0430752453653217
16 0.08057054741711642 0.6030534351145038 0.007710100231303006 0.03271537622682661
98 0.11044718581341557 0.6033260632497274 0.010408635312259058 0.0485278080697928
20 0.20894371626831149 0.5997818974918212 0.010023130300693909 0.03162486368593239
19 0.315343099460293 0.5973282442748092 0.013878180416345412 0.010359869138495093
98 0.552621434078643 0.604143947655398 0.010408635312259058 0.04798255179934569
102 0.6698149575944486 0.5954198473282443 0.010408635312259058 0.04798255179934569
98 0.7708172706245181 0.6035986913849509 0.010408635312259058 0.04798255179934569
20 0.8617964533538935 0.598691384950927 0.009637625289128758 0.03053435114503817
134 0.10986892829606784 0.7085605234460196 0.010023130300693909 0.0376226826608506
21 0.15959907478797222 0.6962922573609597 0.010023130300693909 0.020719738276990186
134 0.2102929838087895 0.7082878953107961 0.009637625289128758 0.03707742639040349
134 0.26117964533538934 0.7082878953107961 0.01195065535851966 0.03598691384950927
21 0.3136083269082498 0.6960196292257361 0.009637625289128758 0.020174482006543076
134 0.3635312259059368 0.7082878953107961 0.009252120277563608 0.03707742639040349
134 0.41557440246723204 0.7082878953107961 0.009252120277563608 0.03707742639040349
134 0.4662683114880493 0.7080152671755725 0.01195065535851966 0.03653217011995638
134 0.5522359290670779 0.7085605234460196 0.009637625289128758 0.0376226826608506
21 0.6019660755589823 0.6960196292257361 0.009637625289128758 0.020174482006543076
134 0.6700077101002313 0.7085605234460196 0.010023130300693909 0.0376226826608506
21 0.7193523515805705 0.6962922573609597 0.010023130300693909 0.019629225736095966
103 0.7706245181187356 0.7085605234460196 0.01079414032382421 0.03544165757906216
20 0.8619892058596761 0.6957470010905126 0.009252120277563608 0.03162486368593239
20 0.10851966075558982 0.7930752453653217 0.008866615265998457 0.02998909487459106
20 0.31303006939090205 0.7930752453653217 0.008481110254433308 0.02998909487459106
20 0.5508866615265998 0.7936205016357688 0.009252120277563608 0.02998909487459106
103 0.7708172706245181 0.8042529989094875 0.010408635312259058 0.03380588876772083
20 0.8617964533538935 0.7917121046892039 0.008866615265998457 0.03162486368593239
103 0.10986892829606784 0.9013086150490731 0.009252120277563608 0.03816793893129771
20 0.20932922127987663 0.8895856052344603 0.008481110254433308 0.02998909487459106
103 0.3145720894371627 0.9010359869138496 0.010023130300693909 0.0376226826608506
20 0.4146106399383192 0.8895856052344603 0.009637625289128758 0.03107960741548528
103 0.5522359290670779 0.9004907306434025 0.009637625289128758 0.0376226826608506
20 0.6684656900539707 0.8893129770992367 0.009252120277563608 0.03162486368593239
103 0.7717810331534309 0.9018538713195202 0.01233616037008481 0.03598691384950927
20 0.8619892058596761 0.8893129770992367 0.01233616037008481 0.03598691384950927
103 0.20932922127987663 0.8047982551799346 0.009252120277563608 0.03816793893129771
103 0.41557440246723204 0.8047982551799346 0.009252120277563608 0.03816793893129771
103 0.669236700077101 0.8053435114503817 0.009252120277563608 0.03816793893129771
