12 0.04872448979591837 0.11616161616161616 0.008673469387755102 0.049062049062049064
12 0.3198979591836735 0.11580086580086581 0.010204081632653062 0.048340548340548344
12 0.5392857142857144 0.11580086580086581 0.011224489795918368 0.048340548340548344
12 0.7556122448979593 0.11471861471861472 0.00816326530612245 0.046176046176046176
12 0.9515306122448981 0.11616161616161616 0.009183673469387756 0.049062049062049064
14 0.34438775510204084 0.13347763347763347 0.006122448979591837 0.0101010101010101
12 0.3196428571428572 0.2528860028860029 0.00969387755102041 0.049783549783549784
12 0.539030612244898 0.2532467532467532 0.011734693877551022 0.049062049062049064
12 0.7556122448979593 0.2532467532467532 0.009183673469387756 0.049062049062049064
12 0.04872448979591837 0.2536075036075036 0.007653061224489797 0.048340548340548344
12 0.9510204081632654 0.25432900432900435 0.00816326530612245 0.049783549783549784
12 0.04872448979591837 0.4134199134199134 0.008673469387755102 0.049062049062049064
12 0.3198979591836735 0.4134199134199134 0.009183673469387756 0.049062049062049064
12 0.5387755102040817 0.4137806637806638 0.010204081632653062 0.048340548340548344
12 0.7558673469387756 0.4137806637806638 0.008673469387755102 0.048340548340548344
12 0.9515306122448981 0.4137806637806638 0.00816326530612245 0.048340548340548344
12 0.5387755102040817 0.5429292929292929 0.009183673469387756 0.049783549783549784
12 0.048469387755102046 0.5432900432900433 0.0071428571428571435 0.049062049062049064
12 0.32015306122448983 0.5425685425685426 0.008673469387755102 0.047619047619047616
12 0.7558673469387756 0.5432900432900433 0.008673469387755102 0.047619047619047616
12 0.950765306122449 0.5436507936507936 0.008673469387755102 0.048340548340548344
14 0.19566326530612246 0.6875901875901876 0.005612244897959184 0.0101010101010101
12 0.37117346938775514 0.7413419913419913 0.008673469387755102 0.046897546897546896
12 0.6561224489795919 0.7417027417027418 0.009183673469387756 0.047619047619047616
12 0.9515306122448981 0.7417027417027418 0.00816326530612245 0.047619047619047616
12 0.048469387755102046 0.7424242424242424 0.00816326530612245 0.047619047619047616
14 0.19617346938775512 0.7236652236652237 0.00663265306122449 0.0101010101010101
12 0.37117346938775514 0.8528138528138528 0.007653061224489797 0.047619047619047616
12 0.6561224489795919 0.8528138528138528 0.00816326530612245 0.047619047619047616
12 0.048469387755102046 0.8535353535353535 0.0071428571428571435 0.047619047619047616
12 0.9510204081632654 0.8538961038961039 0.009183673469387756 0.048340548340548344
26 0.06479591836734694 0.11688311688311688 0.023469387755102045 0.07503607503607504
16 0.08724489795918368 0.11147186147186147 0.010204081632653062 0.02958152958152958
100 0.11734693877551021 0.11544011544011544 0.011224489795918368 0.050505050505050504
105 0.16785714285714287 0.11904761904761904 0.011224489795918368 0.05772005772005772
106 0.21862244897959185 0.11616161616161616 0.011734693877551022 0.050505050505050504
107 0.26887755102040817 0.11327561327561328 0.011224489795918368 0.05772005772005772
100 0.3349489795918368 0.11616161616161616 0.010714285714285714 0.050505050505050504
21 0.413265306122449 0.11580086580086581 0.011224489795918368 0.023809523809523808
100 0.4369897959183674 0.11616161616161616 0.011734693877551022 0.050505050505050504
101 0.4880102040816327 0.11291486291486291 0.011734693877551022 0.056998556998557
100 0.5561224489795918 0.11616161616161616 0.011224489795918368 0.050505050505050504
20 0.6053571428571429 0.11075036075036075 0.010714285714285714 0.03391053391053391
100 0.6571428571428573 0.11616161616161616 0.011224489795918368 0.050505050505050504
132 0.7104591836734695 0.11255411255411256 0.015816326530612247 0.05627705627705628
133 0.7364795918367347 0.10966810966810966 0.015816326530612247 0.06204906204906205
133 0.7806122448979592 0.11002886002886003 0.0163265306122449 0.06277056277056277
134 0.803061224489796 0.12445887445887446 0.011224489795918368 0.0670995670995671
20 0.8272959183673471 0.11038961038961038 0.010714285714285714 0.03463203463203463
102 0.8704081632653062 0.11002886002886003 0.011224489795918368 0.06277056277056277
15 0.902295918367347 0.11002886002886003 0.00969387755102041 0.03535353535353535
104 0.9135204081632654 0.12121212121212122 0.010714285714285714 0.06349206349206349
15 0.9020408163265307 0.20562770562770563 0.010204081632653062 0.03463203463203463
26 0.06454081632653062 0.2546897546897547 0.023979591836734697 0.07503607503607504
16 0.08724489795918368 0.24855699855699856 0.010204081632653062 0.02958152958152958
15 0.902295918367347 0.24783549783549783 0.011734693877551022 0.03535353535353535
15 0.902295918367347 0.288961038961039 0.010714285714285714 0.03391053391053391
27 0.06454081632653062 0.4137806637806638 0.02295918367346939 0.051226551226551224
16 0.08750000000000001 0.42063492063492064 0.00969387755102041 0.030303030303030304
127 0.11989795918367348 0.41774891774891776 0.018367346938775512 0.08946608946608947
134 0.14489795918367349 0.4062049062049062 0.012244897959183675 0.06637806637806638
127 0.1681122448979592 0.41774891774891776 0.013775510204081635 0.08946608946608947
134 0.1951530612244898 0.4062049062049062 0.011734693877551022 0.06637806637806638
126 0.22015306122448983 0.424963924963925 0.01683673469387755 0.08513708513708514
133 0.2461734693877551 0.4116161616161616 0.011734693877551022 0.056998556998557
126 0.2691326530612245 0.42568542568542567 0.013775510204081635 0.08513708513708514
133 0.29642857142857143 0.41053391053391053 0.010204081632653062 0.05627705627705628
125 0.33698979591836736 0.42893217893217894 0.01785714285714286 0.0873015873015873
132 0.36250000000000004 0.41233766233766234 0.011734693877551022 0.05411255411255411
125 0.3859693877551021 0.4292929292929293 0.01479591836734694 0.08946608946608947
132 0.413265306122449 0.411976911976912 0.012244897959183675 0.05483405483405483
125 0.439030612244898 0.4292929292929293 0.018877551020408164 0.08946608946608947
132 0.4650510204081633 0.4126984126984127 0.011734693877551022 0.05483405483405483
125 0.488265306122449 0.4296536796536797 0.014285714285714287 0.08874458874458875
132 0.5153061224489797 0.41305916305916307 0.012244897959183675 0.05555555555555555
131 0.5576530612244899 0.39754689754689754 0.017346938775510204 0.08513708513708514
138 0.5836734693877551 0.39826839826839827 0.012244897959183675 0.08513708513708514
131 0.6066326530612245 0.39754689754689754 0.01326530612244898 0.08513708513708514
138 0.6339285714285715 0.39826839826839827 0.011734693877551022 0.08513708513708514
131 0.6602040816326531 0.39754689754689754 0.020408163265306124 0.08513708513708514
138 0.6846938775510205 0.3986291486291486 0.012244897959183675 0.08441558441558442
131 0.7079081632653061 0.39790764790764793 0.013775510204081635 0.08441558441558442
138 0.7336734693877551 0.39826839826839827 0.011224489795918368 0.0836940836940837
15 0.8586734693877551 0.41919191919191917 0.011224489795918368 0.03463203463203463
15 0.8586734693877551 0.461038961038961 0.010204081632653062 0.03463203463203463
26 0.06454081632653062 0.5440115440115441 0.02295918367346939 0.07503607503607504
16 0.08750000000000001 0.5386002886002886 0.010714285714285714 0.02958152958152958
17 0.7673469387755103 0.5844155844155844 0.00816326530612245 0.03607503607503607
15 0.8586734693877551 0.5786435786435786 0.010204081632653062 0.03463203463203463
26 0.06505102040816327 0.7420634920634921 0.02295918367346939 0.07431457431457432
16 0.08698979591836735 0.7373737373737373 0.00969387755102041 0.030303030303030304
18 0.5137755102040816 0.7326839826839827 0.017346938775510204 0.013708513708513708
18 0.8040816326530613 0.7326839826839827 0.0163265306122449 0.013708513708513708
26 0.06454081632653062 0.854978354978355 0.02295918367346939 0.07503607503607504
16 0.08698979591836735 0.8492063492063492 0.00969387755102041 0.030303030303030304
16 0.3852040816326531 0.8798701298701299 0.009183673469387756 0.02958152958152958
16 0.38545918367346943 0.8376623376623377 0.00969387755102041 0.030303030303030304
17 0.6181122448979592 0.8838383838383839 0.008673469387755102 0.03751803751803752
17 0.6183673469387756 0.8409090909090909 0.009183673469387756 0.03535353535353535
16 0.7017857142857143 0.8437950937950938 0.00969387755102041 0.02958152958152958
16 0.7020408163265307 0.886002886002886 0.009183673469387756 0.030303030303030304
