12 0.5303571428571429 0.1388888888888889 0.00969387755102041 0.048340548340548344
12 0.04872448979591837 0.13924963924963926 0.007653061224489797 0.047619047619047616
12 0.3178571428571429 0.13924963924963926 0.00816326530612245 0.047619047619047616
12 0.7446428571428572 0.13924963924963926 0.00969387755102041 0.047619047619047616
12 0.9515306122448981 0.13924963924963926 0.00816326530612245 0.047619047619047616
12 0.048469387755102046 0.2644300144300144 0.00816326530612245 0.048340548340548344
12 0.31836734693877555 0.2644300144300144 0.009183673469387756 0.048340548340548344
12 0.5311224489795919 0.2647907647907648 0.010204081632653062 0.049062049062049064
12 0.9515306122448981 0.2644300144300144 0.0071428571428571435 0.048340548340548344
12 0.7446428571428572 0.26515151515151514 0.00969387755102041 0.048340548340548344
14 0.7742346938775511 0.25901875901875904 0.007653061224489797 0.012987012987012988
12 0.5303571428571429 0.3813131313131313 0.00969387755102041 0.048340548340548344
12 0.04872448979591837 0.38203463203463206 0.008673469387755102 0.048340548340548344
12 0.3178571428571429 0.38167388167388167 0.009183673469387756 0.047619047619047616
12 0.7443877551020409 0.38167388167388167 0.009183673469387756 0.047619047619047616
12 0.9515306122448981 0.38167388167388167 0.00816326530612245 0.047619047619047616
14 0.3408163265306123 0.6038961038961039 0.006122448979591837 0.0101010101010101
12 0.048469387755102046 0.6432178932178932 0.00816326530612245 0.046897546897546896
12 0.3107142857142857 0.6446608946608947 0.010204081632653062 0.048340548340548344
12 0.5237244897959185 0.6446608946608947 0.00969387755102041 0.048340548340548344
12 0.9515306122448981 0.6446608946608947 0.009183673469387756 0.048340548340548344
12 0.7275510204081633 0.645021645021645 0.009183673469387756 0.047619047619047616
12 0.048469387755102046 0.7702020202020202 0.00816326530612245 0.048340548340548344
12 0.3112244897959184 0.7702020202020202 0.010204081632653062 0.048340548340548344
12 0.5237244897959185 0.7702020202020202 0.008673469387755102 0.048340548340548344
12 0.7270408163265307 0.7702020202020202 0.009183673469387756 0.048340548340548344
14 0.7622448979591837 0.7521645021645021 0.0071428571428571435 0.012265512265512266
12 0.9515306122448981 0.7702020202020202 0.00816326530612245 0.048340548340548344
12 0.7270408163265307 0.8867243867243867 0.00816326530612245 0.049062049062049064
12 0.04872448979591837 0.887085137085137 0.007653061224489797 0.048340548340548344
12 0.3102040816326531 0.8874458874458875 0.009183673469387756 0.049062049062049064
12 0.5234693877551021 0.8874458874458875 0.009183673469387756 0.049062049062049064
12 0.9515306122448981 0.8881673881673882 0.00816326530612245 0.049062049062049064
27 0.06377551020408163 0.13852813852813853 0.025510204081632654 0.05194805194805195
15 0.08775510204081634 0.12806637806637808 0.012244897959183675 0.03535353535353535
135 0.1191326530612245 0.14177489177489178 0.011734693877551022 0.05844155844155844
15 0.13801020408163267 0.12193362193362194 0.010714285714285714 0.03607503607503607
137 0.14923469387755103 0.14177489177489178 0.011734693877551022 0.056998556998557
136 0.1739795918367347 0.14213564213564214 0.011224489795918368 0.05772005772005772
135 0.19668367346938778 0.14213564213564214 0.01479591836734694 0.05772005772005772
141 0.225765306122449 0.1277056277056277 0.012755102040816327 0.07647907647907648
140 0.2497448979591837 0.13095238095238096 0.011734693877551022 0.06854256854256854
139 0.27448979591836736 0.13383838383838384 0.011224489795918368 0.06277056277056277
138 0.29642857142857143 0.13672438672438672 0.015306122448979593 0.056998556998557
15 0.32984693877551025 0.12157287157287157 0.010714285714285714 0.03535353535353535
137 0.3410714285714286 0.1396103896103896 0.010714285714285714 0.051226551226551224
138 0.3658163265306123 0.13672438672438672 0.011224489795918368 0.056998556998557
139 0.3900510204081633 0.13383838383838384 0.010714285714285714 0.06277056277056277
140 0.413265306122449 0.13095238095238096 0.014285714285714287 0.06854256854256854
141 0.439795918367347 0.1277056277056277 0.012244897959183675 0.07503607503607504
140 0.464030612244898 0.1305916305916306 0.011734693877551022 0.06782106782106782
141 0.48852040816326536 0.1277056277056277 0.011734693877551022 0.07647907647907648
139 0.5091836734693878 0.1341991341991342 0.014285714285714287 0.06204906204906205
109 0.5469387755102041 0.1305916305916306 0.01326530612244898 0.06926406926406926
34 0.5806122448979593 0.13528138528138528 0.01938775510204082 0.05844155844155844
84 0.6020408163265306 0.12157287157287157 0.017346938775510204 0.08874458874458875
111 0.7010204081632654 0.12554112554112554 0.012244897959183675 0.07936507936507936
111 0.7607142857142858 0.12518037518037517 0.01326530612244898 0.08008658008658008
141 0.8099489795918368 0.12698412698412698 0.011734693877551022 0.07503607503607504
140 0.8313775510204082 0.1305916305916306 0.01479591836734694 0.06782106782106782
108 0.8576530612244899 0.13383838383838384 0.011224489795918368 0.06277056277056277
106 0.9073979591836735 0.13924963924963926 0.011734693877551022 0.050505050505050504
26 0.06505102040816327 0.26551226551226553 0.02295918367346939 0.0735930735930736
15 0.08775510204081634 0.24134199134199133 0.010204081632653062 0.03391053391053391
105 0.11964285714285715 0.2676767676767677 0.011734693877551022 0.05772005772005772
15 0.16275510204081634 0.2763347763347763 0.010204081632653062 0.03463203463203463
101 0.17448979591836736 0.2615440115440115 0.011224489795918368 0.05844155844155844
99 0.225765306122449 0.2676767676767677 0.011734693877551022 0.05772005772005772
101 0.2747448979591837 0.2619047619047619 0.011734693877551022 0.05772005772005772
103 0.34132653061224494 0.27236652236652237 0.011224489795918368 0.0670995670995671
105 0.3903061224489796 0.268037518037518 0.011224489795918368 0.05844155844155844
103 0.43928571428571433 0.27236652236652237 0.011224489795918368 0.0670995670995671
15 0.47755102040816333 0.2766955266955267 0.010204081632653062 0.03535353535353535
101 0.489030612244898 0.2615440115440115 0.010714285714285714 0.056998556998557
78 0.5482142857142858 0.2644300144300144 0.013775510204081635 0.051226551226551224
77 0.650765306122449 0.2676767676767677 0.013775510204081635 0.05627705627705628
76 0.7619897959183675 0.27056277056277056 0.013775510204081635 0.06204906204906205
134 0.9094387755102041 0.25757575757575757 0.01479591836734694 0.06637806637806638
133 0.930357142857143 0.2582972582972583 0.010714285714285714 0.06493506493506493
27 0.06454081632653062 0.3813131313131313 0.023979591836734697 0.051226551226551224
15 0.08775510204081634 0.3704906204906205 0.011224489795918368 0.03535353535353535
15 0.10790816326530613 0.40584415584415584 0.00969387755102041 0.03391053391053391
71 0.12142857142857144 0.3841991341991342 0.015306122448979593 0.056998556998557
19 0.22704081632653064 0.3791486291486291 0.0163265306122449 0.012265512265512266
20 0.33954081632653066 0.37734487734487737 0.011734693877551022 0.03607503607503607
104 0.3900510204081633 0.3885281385281385 0.010714285714285714 0.06421356421356421
15 0.42806122448979594 0.4054834054834055 0.010204081632653062 0.03463203463203463
99 0.439795918367347 0.38492063492063494 0.011224489795918368 0.056998556998557
97 0.48852040816326536 0.3903318903318903 0.012755102040816327 0.06926406926406926
131 0.5466836734693878 0.395021645021645 0.010714285714285714 0.07575757575757576
135 0.5732142857142858 0.38997113997113997 0.010714285714285714 0.06854256854256854
138 0.5997448979591837 0.3841991341991342 0.010714285714285714 0.0670995670995671
137 0.6227040816326531 0.3834776334776335 0.013775510204081635 0.05411255411255411
136 0.6494897959183674 0.3838383838383838 0.011224489795918368 0.05483405483405483
138 0.6760204081632654 0.38095238095238093 0.011224489795918368 0.05916305916305916
137 0.7002551020408164 0.3834776334776335 0.010714285714285714 0.05411255411255411
136 0.7232142857142858 0.3834776334776335 0.01479591836734694 0.05411255411255411
135 0.7604591836734694 0.38816738816738816 0.010714285714285714 0.06493506493506493
134 0.7849489795918368 0.38961038961038963 0.010714285714285714 0.06637806637806638
135 0.8091836734693878 0.38997113997113997 0.011224489795918368 0.06854256854256854
133 0.8316326530612246 0.3906926406926407 0.014285714285714287 0.06854256854256854
134 0.8579081632653062 0.38961038961038963 0.010714285714285714 0.06637806637806638
135 0.8818877551020409 0.38924963924963923 0.010714285714285714 0.0670995670995671
136 0.9063775510204083 0.38961038961038963 0.010714285714285714 0.06637806637806638
134 0.928826530612245 0.38924963924963923 0.013775510204081635 0.06565656565656566
28 0.06479591836734694 0.6381673881673882 0.02448979591836735 0.06277056277056277
15 0.08801020408163267 0.6576479076479076 0.010714285714285714 0.03535353535353535
83 0.11887755102040817 0.6305916305916306 0.018367346938775512 0.0836940836940837
82 0.21556122448979595 0.6334776334776335 0.015816326530612247 0.07647907647907648
81 0.3285714285714286 0.6363636363636364 0.015306122448979593 0.0707070707070707
139 0.48188775510204085 0.6396103896103896 0.010714285714285714 0.06277056277056277
138 0.5025510204081634 0.6424963924963925 0.015306122448979593 0.056998556998557
106 0.539795918367347 0.645021645021645 0.011224489795918368 0.050505050505050504
85 0.5903061224489796 0.6240981240981242 0.017346938775510204 0.09235209235209235
112 0.6844387755102042 0.6287878787878788 0.011734693877551022 0.0873015873015873
112 0.7487244897959184 0.6280663780663781 0.012755102040816327 0.0873015873015873
142 0.7971938775510204 0.6298701298701299 0.012755102040816327 0.0808080808080808
141 0.817857142857143 0.6334776334776335 0.015306122448979593 0.07503607503607504
15 0.8385204081632653 0.6096681096681097 0.00969387755102041 0.03463203463203463
109 0.8500000000000001 0.6363636363636364 0.012244897959183675 0.06926406926406926
107 0.9091836734693879 0.6424963924963925 0.011224489795918368 0.056998556998557
26 0.0653061224489796 0.7716450216450217 0.023469387755102045 0.07431457431457432
15 0.08801020408163267 0.7463924963924964 0.010714285714285714 0.03535353535353535
101 0.11760204081632654 0.7676767676767676 0.011734693877551022 0.05772005772005772
80 0.16658163265306125 0.7647907647907648 0.01479591836734694 0.06493506493506493
107 0.26173469387755105 0.7676767676767676 0.011224489795918368 0.05772005772005772
107 0.32704081632653065 0.7680375180375181 0.011224489795918368 0.056998556998557
137 0.37525510204081636 0.7709235209235209 0.010714285714285714 0.051226551226551224
136 0.39668367346938777 0.7716450216450217 0.013775510204081635 0.05411255411255411
15 0.4168367346938776 0.7647907647907648 0.010204081632653062 0.03607503607503607
104 0.42780612244897964 0.7766955266955267 0.010714285714285714 0.06277056277056277
102 0.4821428571428572 0.7647907647907648 0.011224489795918368 0.06060606060606061
79 0.5410714285714286 0.7673160173160173 0.013775510204081635 0.056998556998557
78 0.6377551020408164 0.7702020202020202 0.014285714285714287 0.051226551226551224
77 0.7502551020408164 0.7727272727272727 0.013775510204081635 0.05627705627705628
135 0.9091836734693879 0.7766955266955267 0.010204081632653062 0.06565656565656566
134 0.9306122448979592 0.7777777777777778 0.01326530612244898 0.06637806637806638
27 0.0642857142857143 0.886002886002886 0.025510204081632654 0.05339105339105339
15 0.08801020408163267 0.8755411255411255 0.011734693877551022 0.03535353535353535
137 0.11658163265306123 0.8874458874458875 0.011734693877551022 0.05194805194805195
138 0.14081632653061227 0.8852813852813853 0.011224489795918368 0.05627705627705628
139 0.16479591836734694 0.8823953823953824 0.011224489795918368 0.06204906204906205
140 0.18775510204081636 0.8787878787878788 0.015306122448979593 0.06782106782106782
141 0.2135204081632653 0.8755411255411255 0.012755102040816327 0.07575757575757576
142 0.23775510204081635 0.8733766233766234 0.01326530612244898 0.08152958152958154
141 0.2614795918367347 0.8762626262626263 0.012755102040816327 0.07575757575757576
15 0.28035714285714286 0.8520923520923521 0.00969387755102041 0.03463203463203463
140 0.28979591836734697 0.8787878787878788 0.015306122448979593 0.06926406926406926
139 0.326530612244898 0.8823953823953824 0.011224489795918368 0.06204906204906205
138 0.35102040816326535 0.8852813852813853 0.011224489795918368 0.05772005772005772
139 0.37525510204081636 0.8823953823953824 0.010714285714285714 0.06204906204906205
137 0.39617346938775516 0.8874458874458875 0.013775510204081635 0.050505050505050504
138 0.42806122448979594 0.8856421356421357 0.011224489795918368 0.056998556998557
139 0.45204081632653065 0.8823953823953824 0.011224489795918368 0.06204906204906205
15 0.47040816326530616 0.8520923520923521 0.010204081632653062 0.03463203463203463
140 0.4821428571428572 0.8791486291486291 0.012244897959183675 0.06854256854256854
138 0.5028061224489796 0.8849206349206349 0.01479591836734694 0.056998556998557
134 0.539795918367347 0.8939393939393939 0.011224489795918368 0.06349206349206349
135 0.5635204081632653 0.8917748917748918 0.010714285714285714 0.06060606060606061
136 0.5880102040816327 0.8906926406926406 0.010714285714285714 0.05844155844155844
137 0.6094387755102041 0.8892496392496393 0.01479591836734694 0.05411255411255411
138 0.6362244897959184 0.8849206349206349 0.011224489795918368 0.056998556998557
139 0.6604591836734695 0.8820346320346321 0.010714285714285714 0.06277056277056277
138 0.6844387755102042 0.8852813852813853 0.010714285714285714 0.05627705627705628
137 0.7063775510204082 0.8874458874458875 0.013775510204081635 0.050505050505050504
17 0.7377551020408164 0.8751803751803752 0.00816326530612245 0.03607503607503607
136 0.7487244897959184 0.8943001443001443 0.010714285714285714 0.06421356421356421
135 0.7724489795918368 0.8943001443001443 0.011224489795918368 0.06565656565656566
136 0.7964285714285715 0.8953823953823954 0.011224489795918368 0.06782106782106782
134 0.8181122448979593 0.8964646464646464 0.01479591836734694 0.06854256854256854
135 0.8494897959183674 0.8903318903318903 0.011224489795918368 0.05772005772005772
15 0.8683673469387756 0.8759018759018758 0.010204081632653062 0.03463203463203463
136 0.879591836734694 0.88997113997114 0.011224489795918368 0.056998556998557
15 0.8979591836734695 0.8701298701298701 0.010204081632653062 0.03463203463203463
137 0.9086734693877552 0.88997113997114 0.011224489795918368 0.056998556998557
135 0.9306122448979592 0.88997113997114 0.014285714285714287 0.056998556998557
