12 0.401530612244898 0.1525974025974026 0.00816326530612245 0.048340548340548344
12 0.6762755102040817 0.1518759018759019 0.008673469387755102 0.046897546897546896
12 0.8114795918367348 0.1518759018759019 0.008673469387755102 0.046897546897546896
12 0.9515306122448981 0.15295815295815296 0.009183673469387756 0.049062049062049064
12 0.24795918367346942 0.15295815295815296 0.009183673469387756 0.047619047619047616
12 0.5308673469387756 0.15223665223665223 0.008673469387755102 0.046176046176046176
12 0.789030612244898 0.3676046176046176 0.007653061224489797 0.049783549783549784
12 0.4344387755102041 0.3676046176046176 0.00969387755102041 0.048340548340548344
12 0.9517857142857143 0.36796536796536794 0.008673469387755102 0.049062049062049064
12 0.6063775510204082 0.3676046176046176 0.007653061224489797 0.046897546897546896
12 0.2767857142857143 0.36796536796536794 0.008673469387755102 0.046176046176046176
12 0.2747448979591837 0.5811688311688312 0.008673469387755102 0.046897546897546896
12 0.4428571428571429 0.5818903318903319 0.00816326530612245 0.046897546897546896
12 0.9515306122448981 0.5826118326118326 0.009183673469387756 0.048340548340548344
12 0.7956632653061225 0.5826118326118326 0.008673469387755102 0.046897546897546896
12 0.614795918367347 0.5836940836940837 0.00816326530612245 0.046176046176046176
12 0.4091836734693878 0.7968975468975469 0.00816326530612245 0.048340548340548344
12 0.2568877551020408 0.7976190476190477 0.007653061224489797 0.048340548340548344
12 0.5614795918367348 0.7972582972582972 0.008673469387755102 0.047619047619047616
12 0.9520408163265307 0.797979797979798 0.00816326530612245 0.049062049062049064
12 0.8119897959183674 0.797979797979798 0.007653061224489797 0.046176046176046176
26 0.06454081632653062 0.15367965367965367 0.02295918367346939 0.08513708513708514
127 0.12040816326530614 0.16414141414141414 0.018367346938775512 0.07431457431457432
130 0.14081632653061227 0.15584415584415584 0.01326530612244898 0.05772005772005772
130 0.16020408163265307 0.1562049062049062 0.01326530612244898 0.05844155844155844
130 0.1795918367346939 0.1562049062049062 0.01326530612244898 0.05844155844155844
99 0.19897959183673472 0.15656565656565657 0.01326530612244898 0.05916305916305916
20 0.22551020408163266 0.15367965367965367 0.011224489795918368 0.0404040404040404
132 0.26301020408163267 0.14754689754689754 0.01683673469387755 0.06421356421356421
133 0.2813775510204082 0.14754689754689754 0.013775510204081635 0.06565656565656566
132 0.300765306122449 0.1461038961038961 0.013775510204081635 0.0670995670995671
134 0.3221938775510204 0.1453823953823954 0.012755102040816327 0.06854256854256854
134 0.3436224489795919 0.14646464646464646 0.015816326530612247 0.06637806637806638
133 0.3612244897959184 0.14754689754689754 0.012244897959183675 0.06421356421356421
20 0.3793367346938776 0.15295815295815296 0.010714285714285714 0.03896103896103896
103 0.41530612244897963 0.16125541125541126 0.012244897959183675 0.06565656565656566
20 0.44234693877551023 0.15331890331890333 0.010204081632653062 0.03823953823953824
20 0.46760204081632656 0.15295815295815296 0.010714285714285714 0.03751803751803752
132 0.49591836734693884 0.1518759018759019 0.015306122448979593 0.05411255411255411
133 0.5142857142857143 0.15115440115440115 0.012244897959183675 0.056998556998557
102 0.5443877551020408 0.1471861471861472 0.012244897959183675 0.06204906204906205
132 0.5734693877551021 0.15151515151515152 0.015306122448979593 0.05339105339105339
133 0.5918367346938777 0.15115440115440115 0.012244897959183675 0.05555555555555555
102 0.6119897959183674 0.1471861471861472 0.012755102040816327 0.06204906204906205
132 0.6408163265306123 0.1518759018759019 0.015306122448979593 0.05411255411255411
133 0.6594387755102041 0.15115440115440115 0.011734693877551022 0.056998556998557
102 0.6895408163265306 0.14682539682539683 0.012755102040816327 0.06277056277056277
103 0.7176020408163266 0.1608946608946609 0.012755102040816327 0.06637806637806638
99 0.7448979591836735 0.1562049062049062 0.01326530612244898 0.05844155844155844
132 0.7760204081632653 0.1518759018759019 0.015306122448979593 0.05411255411255411
133 0.7946428571428572 0.15115440115440115 0.011734693877551022 0.056998556998557
102 0.8247448979591837 0.1471861471861472 0.012755102040816327 0.06204906204906205
132 0.853826530612245 0.1518759018759019 0.01479591836734694 0.05411255411255411
133 0.8719387755102042 0.15115440115440115 0.012244897959183675 0.05555555555555555
133 0.8936224489795919 0.15079365079365079 0.01479591836734694 0.05627705627705628
132 0.9117346938775511 0.15223665223665223 0.012244897959183675 0.05483405483405483
20 0.9293367346938777 0.15295815295815296 0.010714285714285714 0.03896103896103896
26 0.06454081632653062 0.3694083694083694 0.02295918367346939 0.08658008658008658
103 0.1181122448979592 0.37554112554112556 0.012755102040816327 0.0670995670995671
135 0.15076530612244898 0.37445887445887444 0.012755102040816327 0.06493506493506493
134 0.1709183673469388 0.37518037518037517 0.015306122448979593 0.06637806637806638
133 0.1959183673469388 0.3564213564213564 0.017346938775510204 0.07647907647907648
130 0.21377551020408164 0.36002886002886003 0.014285714285714287 0.0836940836940837
137 0.2372448979591837 0.3556998556998557 0.01326530612244898 0.07503607503607504
136 0.25918367346938775 0.3560606060606061 0.01326530612244898 0.07575757575757576
105 0.29183673469387755 0.3708513708513709 0.012244897959183675 0.05772005772005772
134 0.32244897959183677 0.3740981240981241 0.01326530612244898 0.06421356421356421
136 0.3446428571428572 0.3704906204906205 0.01683673469387755 0.05844155844155844
136 0.3678571428571429 0.37157287157287155 0.01326530612244898 0.05916305916305916
134 0.3859693877551021 0.37445887445887444 0.01479591836734694 0.06349206349206349
20 0.40816326530612246 0.3686868686868687 0.011224489795918368 0.03896103896103896
105 0.4497448979591837 0.3708513708513709 0.012755102040816327 0.05772005772005772
134 0.4803571428571429 0.37445887445887444 0.012755102040816327 0.06349206349206349
136 0.5025510204081634 0.3704906204906205 0.0163265306122449 0.056998556998557
136 0.525765306122449 0.36904761904761907 0.013775510204081635 0.05411255411255411
137 0.5454081632653062 0.3686868686868687 0.0163265306122449 0.05194805194805195
21 0.5686224489795919 0.3676046176046176 0.010714285714285714 0.023809523809523808
138 0.589030612244898 0.36544011544011545 0.013775510204081635 0.056998556998557
138 0.6219387755102042 0.36507936507936506 0.01326530612244898 0.05772005772005772
137 0.6436224489795919 0.36796536796536794 0.012755102040816327 0.050505050505050504
137 0.6650510204081633 0.36832611832611833 0.012755102040816327 0.051226551226551224
136 0.6854591836734695 0.36796536796536794 0.015816326530612247 0.05194805194805195
136 0.7081632653061225 0.3694083694083694 0.01326530612244898 0.05483405483405483
135 0.7283163265306123 0.37012987012987014 0.01683673469387755 0.05627705627705628
21 0.751530612244898 0.36724386724386726 0.011224489795918368 0.023088023088023088
134 0.7716836734693878 0.37626262626262624 0.013775510204081635 0.0670995670995671
133 0.8045918367346939 0.3658008658008658 0.0163265306122449 0.05627705627705628
132 0.8250000000000001 0.3665223665223665 0.012244897959183675 0.05483405483405483
101 0.8469387755102041 0.36544011544011545 0.01326530612244898 0.056998556998557
21 0.8783163265306123 0.36724386724386726 0.011734693877551022 0.023088023088023088
132 0.9028061224489796 0.36507936507936506 0.019897959183673472 0.05627705627705628
101 0.9227040816326532 0.36544011544011545 0.013775510204081635 0.056998556998557
26 0.06454081632653062 0.584054834054834 0.02295918367346939 0.08585858585858586
102 0.11862244897959184 0.5768398268398268 0.012755102040816327 0.06277056277056277
132 0.15127551020408164 0.5811688311688312 0.015816326530612247 0.05411255411255411
133 0.17142857142857143 0.5800865800865801 0.012244897959183675 0.05627705627705628
133 0.19464285714285717 0.5797258297258298 0.015816326530612247 0.05555555555555555
133 0.21454081632653063 0.5800865800865801 0.012755102040816327 0.05627705627705628
132 0.2354591836734694 0.5797258297258298 0.012755102040816327 0.05555555555555555
133 0.2566326530612245 0.5804473304473304 0.012244897959183675 0.056998556998557
133 0.2908163265306123 0.5761183261183261 0.0163265306122449 0.06277056277056277
133 0.3102040816326531 0.5764790764790765 0.01326530612244898 0.06349206349206349
134 0.33137755102040817 0.5764790764790765 0.012755102040816327 0.06349206349206349
132 0.35000000000000003 0.5768398268398268 0.012244897959183675 0.06421356421356421
101 0.3719387755102041 0.5800865800865801 0.01326530612244898 0.05772005772005772
132 0.4043367346938776 0.5808080808080808 0.015816326530612247 0.05483405483405483
133 0.4247448979591837 0.5800865800865801 0.011734693877551022 0.05627705627705628
102 0.4568877551020409 0.5768398268398268 0.011734693877551022 0.06277056277056277
132 0.489795918367347 0.5811688311688312 0.015306122448979593 0.05411255411255411
133 0.5094387755102041 0.5800865800865801 0.012755102040816327 0.05627705627705628
133 0.5326530612244899 0.5764790764790765 0.0163265306122449 0.06349206349206349
132 0.5525510204081633 0.5768398268398268 0.01326530612244898 0.06421356421356421
132 0.5737244897959184 0.5764790764790765 0.013775510204081635 0.06493506493506493
134 0.5969387755102041 0.5757575757575758 0.01326530612244898 0.06637806637806638
134 0.6290816326530613 0.5891053391053391 0.01326530612244898 0.06421356421356421
135 0.6502551020408164 0.5894660894660895 0.012755102040816327 0.06493506493506493
134 0.6714285714285715 0.5905483405483406 0.01326530612244898 0.0670995670995671
133 0.6913265306122449 0.5909090909090909 0.0163265306122449 0.06926406926406926
133 0.7170918367346939 0.5707070707070707 0.01683673469387755 0.07647907647907648
130 0.7341836734693878 0.573953823953824 0.014285714285714287 0.08297258297258298
137 0.7571428571428572 0.5707070707070707 0.01326530612244898 0.07647907647907648
136 0.778061224489796 0.5707070707070707 0.01326530612244898 0.07647907647907648
105 0.8102040816326531 0.5858585858585859 0.012244897959183675 0.05772005772005772
134 0.8400510204081634 0.5891053391053391 0.012755102040816327 0.06421356421356421
136 0.8622448979591838 0.5851370851370852 0.0163265306122449 0.05772005772005772
136 0.8844387755102041 0.584054834054834 0.013775510204081635 0.05555555555555555
137 0.9040816326530613 0.5833333333333334 0.0163265306122449 0.05266955266955267
20 0.9257653061224491 0.5826118326118326 0.010714285714285714 0.03968253968253968
26 0.06479591836734694 0.7983405483405484 0.023469387755102045 0.08585858585858586
105 0.1181122448979592 0.8001443001443002 0.012755102040816327 0.05772005772005772
134 0.1441326530612245 0.8033910533910534 0.012755102040816327 0.06421356421356421
136 0.16454081632653061 0.7997835497835498 0.015816326530612247 0.056998556998557
136 0.1854591836734694 0.7976190476190477 0.012755102040816327 0.051226551226551224
137 0.20510204081632655 0.7976190476190477 0.01326530612244898 0.051226551226551224
137 0.22423469387755104 0.7976190476190477 0.012755102040816327 0.051226551226551224
138 0.24234693877551022 0.7947330447330447 0.0163265306122449 0.056998556998557
138 0.27168367346938777 0.7947330447330447 0.012755102040816327 0.056998556998557
137 0.2910714285714286 0.7976190476190477 0.012755102040816327 0.051226551226551224
136 0.30994897959183676 0.7987012987012987 0.012755102040816327 0.05339105339105339
135 0.32831632653061227 0.7997835497835498 0.01479591836734694 0.05555555555555555
135 0.3489795918367347 0.8041125541125541 0.012244897959183675 0.06421356421356421
134 0.36683673469387756 0.8048340548340548 0.015306122448979593 0.06565656565656566
20 0.3869897959183674 0.7976190476190477 0.00969387755102041 0.03823953823953824
21 0.4214285714285715 0.7965367965367965 0.011224489795918368 0.023088023088023088
134 0.43954081632653064 0.8051948051948052 0.012755102040816327 0.06637806637806638
134 0.45892857142857146 0.8048340548340548 0.012755102040816327 0.06565656565656566
134 0.4767857142857143 0.8044733044733045 0.015816326530612247 0.06637806637806638
134 0.4979591836734694 0.8048340548340548 0.012244897959183675 0.0670995670995671
134 0.514795918367347 0.8044733044733045 0.017346938775510204 0.06637806637806638
105 0.5387755102040817 0.8001443001443002 0.01326530612244898 0.05772005772005772
77 0.5752551020408164 0.7994227994227994 0.012755102040816327 0.05627705627705628
136 0.6125 0.8005050505050505 0.012755102040816327 0.056998556998557
135 0.6316326530612245 0.8012265512265512 0.012244897959183675 0.05988455988455989
134 0.6512755102040817 0.8033910533910534 0.012755102040816327 0.06421356421356421
133 0.6691326530612246 0.8051948051948052 0.01683673469387755 0.06637806637806638
74 0.6982142857142858 0.7911255411255411 0.013775510204081635 0.06421356421356421
133 0.7375 0.7911255411255411 0.01683673469387755 0.06421356421356421
132 0.7556122448979593 0.7918470418470418 0.01326530612244898 0.06421356421356421
135 0.7767857142857143 0.7914862914862915 0.012755102040816327 0.06349206349206349
134 0.7961734693877551 0.7914862914862915 0.012755102040816327 0.06349206349206349
103 0.8260204081632654 0.8048340548340548 0.012244897959183675 0.0670995670995671
20 0.8528061224489797 0.797979797979798 0.010714285714285714 0.03896103896103896
21 0.878826530612245 0.7968975468975469 0.011734693877551022 0.023809523809523808
132 0.8964285714285715 0.8077200577200577 0.01326530612244898 0.07287157287157287
135 0.9173469387755103 0.8048340548340548 0.01326530612244898 0.0670995670995671
134 0.9364795918367348 0.803030303030303 0.01479591836734694 0.06493506493506493
