12 0.9512755102040817 0.0992063492063492 0.008673469387755102 0.048340548340548344
12 0.048469387755102046 0.09956709956709957 0.0071428571428571435 0.047619047619047616
12 0.047704081632653064 0.29617604617604615 0.008673469387755102 0.048340548340548344
12 0.9512755102040817 0.29617604617604615 0.008673469387755102 0.048340548340548344
12 0.048469387755102046 0.49278499278499277 0.00816326530612245 0.047619047619047616
12 0.9515306122448981 0.49278499278499277 0.00816326530612245 0.047619047619047616
12 0.048469387755102046 0.65007215007215 0.0071428571428571435 0.047619047619047616
12 0.9512755102040817 0.6497113997113997 0.008673469387755102 0.046897546897546896
38 0.06377551020408163 0.10822510822510822 0.025510204081632654 0.06926406926406926
15 0.08750000000000001 0.08694083694083694 0.012755102040816327 0.03535353535353535
18 0.5211734693877551 0.09054834054834054 0.01683673469387755 0.013708513708513708
33 0.0653061224489796 0.30735930735930733 0.02448979591836735 0.07647907647907648
15 0.08775510204081634 0.3023088023088023 0.011224489795918368 0.03607503607503607
220 0.1191326530612245 0.2943722943722944 0.010714285714285714 0.06637806637806638
24 0.1538265306122449 0.3008658008658009 0.011734693877551022 0.05483405483405483
218 0.188265306122449 0.3185425685425685 0.011224489795918368 0.09595959595959595
213 0.22015306122448983 0.31782106782106784 0.013775510204081635 0.10028860028860029
222 0.24872448979591838 0.306998556998557 0.01785714285714286 0.12193362193362194
24 0.2854591836734694 0.3008658008658009 0.011734693877551022 0.05483405483405483
23 0.31301020408163266 0.29617604617604615 0.011734693877551022 0.04401154401154401
21 0.3410714285714286 0.29653679653679654 0.011734693877551022 0.024531024531024532
214 0.3834183673469388 0.2821067821067821 0.018877551020408164 0.07936507936507936
24 0.41479591836734697 0.30122655122655123 0.012244897959183675 0.05555555555555555
217 0.44617346938775515 0.306998556998557 0.010714285714285714 0.07142857142857142
219 0.4709183673469388 0.3005050505050505 0.015306122448979593 0.07142857142857142
22 0.49591836734693884 0.30158730158730157 0.011224489795918368 0.03318903318903319
192 0.5923469387755103 0.30952380952380953 0.011224489795918368 0.07792207792207792
215 0.6107142857142858 0.31132756132756134 0.015306122448979593 0.08585858585858586
23 0.6336734693877552 0.29545454545454547 0.011224489795918368 0.04401154401154401
22 0.677295918367347 0.30158730158730157 0.011734693877551022 0.03318903318903319
18 0.7122448979591838 0.2875180375180375 0.017346938775510204 0.013708513708513708
38 0.06403061224489796 0.5014430014430015 0.023979591836734697 0.06926406926406926
15 0.08750000000000001 0.4805194805194805 0.012755102040816327 0.03607503607503607
18 0.5211734693877551 0.4837662337662338 0.01683673469387755 0.013708513708513708
27 0.06454081632653062 0.6435786435786436 0.025 0.03751803751803752
15 0.08750000000000001 0.6378066378066378 0.011734693877551022 0.03607503607503607
18 0.5211734693877551 0.6406926406926406 0.01683673469387755 0.015873015873015872
