12 0.2867346938775511 0.13600288600288601 0.009183673469387756 0.048340548340548344
13 0.5 0.13636363636363635 0.011224489795918368 0.049062049062049064
13 0.5395408163265306 0.13636363636363635 0.011734693877551022 0.049062049062049064
12 0.7408163265306124 0.13636363636363635 0.009183673469387756 0.049062049062049064
12 0.9515306122448981 0.13636363636363635 0.00816326530612245 0.049062049062049064
12 0.048214285714285716 0.13672438672438672 0.00663265306122449 0.048340548340548344
13 0.4997448979591837 0.255050505050505 0.012755102040816327 0.049783549783549784
13 0.5400510204081633 0.255050505050505 0.012755102040816327 0.049783549783549784
12 0.2869897959183674 0.255050505050505 0.008673469387755102 0.048340548340548344
12 0.7408163265306124 0.2554112554112554 0.009183673469387756 0.049062049062049064
12 0.9512755102040817 0.2554112554112554 0.008673469387755102 0.049062049062049064
12 0.048469387755102046 0.2554112554112554 0.0071428571428571435 0.047619047619047616
13 0.49897959183673474 0.5375180375180375 0.011224489795918368 0.049062049062049064
12 0.2864795918367347 0.5382395382395382 0.008673469387755102 0.049062049062049064
13 0.5392857142857144 0.5382395382395382 0.011224489795918368 0.049062049062049064
12 0.7410714285714286 0.5378787878787878 0.008673469387755102 0.048340548340548344
12 0.9515306122448981 0.5382395382395382 0.009183673469387756 0.049062049062049064
12 0.048469387755102046 0.5386002886002886 0.0071428571428571435 0.048340548340548344
13 0.49897959183673474 0.6565656565656566 0.01326530612244898 0.050505050505050504
12 0.2864795918367347 0.6565656565656566 0.008673469387755102 0.049062049062049064
12 0.048469387755102046 0.6565656565656566 0.0071428571428571435 0.047619047619047616
13 0.5392857142857144 0.6569264069264069 0.01326530612244898 0.048340548340548344
12 0.7410714285714286 0.6565656565656566 0.00969387755102041 0.047619047619047616
12 0.9510204081632654 0.6572871572871573 0.009183673469387756 0.049062049062049064
13 0.49872448979591844 0.9393939393939394 0.011734693877551022 0.049062049062049064
13 0.9494897959183675 0.9393939393939394 0.011224489795918368 0.049062049062049064
12 0.048214285714285716 0.9397546897546898 0.00663265306122449 0.048340548340548344
12 0.2862244897959184 0.9401154401154401 0.009183673469387756 0.049062049062049064
13 0.5385204081632654 0.9397546897546898 0.011734693877551022 0.048340548340548344
12 0.739795918367347 0.9401154401154401 0.009183673469387756 0.047619047619047616
26 0.06658163265306123 0.13383838383838384 0.025 0.09307359307359307
16 0.08392857142857144 0.14357864357864358 0.00663265306122449 0.021645021645021644
17 0.11403061224489797 0.14898989898989898 0.008673469387755102 0.03968253968253968
16 0.1823979591836735 0.14393939393939395 0.00663265306122449 0.022366522366522368
17 0.21301020408163268 0.14898989898989898 0.008673469387755102 0.03968253968253968
16 0.2948979591836735 0.14357864357864358 0.0071428571428571435 0.021645021645021644
17 0.32525510204081637 0.14898989898989898 0.008673469387755102 0.03968253968253968
16 0.39362244897959187 0.1443001443001443 0.00663265306122449 0.021645021645021644
17 0.4242346938775511 0.14898989898989898 0.008673469387755102 0.03968253968253968
16 0.5096938775510205 0.14393939393939395 0.0071428571428571435 0.022366522366522368
17 0.5535714285714286 0.14862914862914864 0.009183673469387756 0.03896103896103896
16 0.6364795918367347 0.14393939393939395 0.00663265306122449 0.022366522366522368
17 0.6668367346938776 0.14898989898989898 0.009183673469387756 0.03968253968253968
16 0.7487244897959184 0.14321789321789322 0.00663265306122449 0.022366522366522368
17 0.7790816326530613 0.14898989898989898 0.009183673469387756 0.03968253968253968
16 0.8477040816326531 0.14393939393939395 0.00663265306122449 0.022366522366522368
17 0.878061224489796 0.14862914862914864 0.009183673469387756 0.0404040404040404
27 0.0663265306122449 0.25577200577200576 0.02653061224489796 0.05266955266955267
26 0.06658163265306123 0.5357142857142857 0.025 0.09307359307359307
16 0.08392857142857144 0.5454545454545454 0.00663265306122449 0.021645021645021644
17 0.11403061224489797 0.5508658008658008 0.008673469387755102 0.03968253968253968
16 0.1823979591836735 0.5458152958152959 0.00663265306122449 0.022366522366522368
17 0.21301020408163268 0.5505050505050505 0.008673469387755102 0.0404040404040404
16 0.29464285714285715 0.5454545454545454 0.00663265306122449 0.021645021645021644
17 0.325 0.5505050505050505 0.00816326530612245 0.0404040404040404
16 0.39336734693877556 0.5461760461760462 0.0071428571428571435 0.023088023088023088
17 0.4237244897959184 0.5501443001443002 0.008673469387755102 0.03968253968253968
16 0.5094387755102041 0.5458152958152959 0.00663265306122449 0.022366522366522368
17 0.553061224489796 0.5501443001443002 0.009183673469387756 0.03968253968253968
16 0.6369897959183674 0.5461760461760462 0.00663265306122449 0.023088023088023088
17 0.667091836734694 0.5501443001443002 0.008673469387755102 0.03968253968253968
16 0.749234693877551 0.5458152958152959 0.00663265306122449 0.022366522366522368
17 0.7793367346938777 0.5501443001443002 0.008673469387755102 0.03968253968253968
16 0.8477040816326531 0.5461760461760462 0.00663265306122449 0.021645021645021644
17 0.8783163265306123 0.5501443001443002 0.008673469387755102 0.03968253968253968
27 0.06607142857142857 0.6576479076479076 0.027040816326530614 0.05266955266955267
26 0.06658163265306123 0.9368686868686869 0.025 0.09307359307359307
16 0.08392857142857144 0.946969696969697 0.00663265306122449 0.022366522366522368
17 0.11403061224489797 0.952020202020202 0.008673469387755102 0.03968253968253968
16 0.18214285714285716 0.9473304473304474 0.0071428571428571435 0.023088023088023088
17 0.21275510204081635 0.9516594516594516 0.00816326530612245 0.03896103896103896
16 0.2941326530612245 0.946969696969697 0.00663265306122449 0.022366522366522368
17 0.32448979591836735 0.9516594516594516 0.00816326530612245 0.03896103896103896
16 0.39260204081632655 0.9476911976911977 0.00663265306122449 0.022366522366522368
17 0.4229591836734694 0.9516594516594516 0.00816326530612245 0.03896103896103896
16 0.5089285714285715 0.9058441558441559 0.00663265306122449 0.022366522366522368
17 0.5520408163265307 0.9101731601731602 0.00816326530612245 0.03968253968253968
16 0.6369897959183674 0.9054834054834054 0.00663265306122449 0.023088023088023088
17 0.667091836734694 0.9108946608946609 0.008673469387755102 0.03968253968253968
16 0.7477040816326531 0.9058441558441559 0.00663265306122449 0.022366522366522368
17 0.7778061224489796 0.9105339105339105 0.008673469387755102 0.03896103896103896
16 0.8461734693877552 0.9054834054834054 0.00663265306122449 0.023088023088023088
17 0.8762755102040817 0.9101731601731602 0.008673469387755102 0.03968253968253968
