14 0.34413265306122454 0.09199134199134198 0.007653061224489797 0.010822510822510822
12 0.048214285714285716 0.13347763347763347 0.007653061224489797 0.049062049062049064
12 0.9512755102040817 0.13347763347763347 0.007653061224489797 0.047619047619047616
14 0.34438775510204084 0.11580086580086581 0.00816326530612245 0.010822510822510822
12 0.3938775510204082 0.13347763347763347 0.00816326530612245 0.046176046176046176
12 0.6943877551020409 0.13383838383838384 0.00816326530612245 0.046897546897546896
14 0.34413265306122454 0.1396103896103896 0.007653061224489797 0.010822510822510822
12 0.048469387755102046 0.25396825396825395 0.0071428571428571435 0.047619047619047616
12 0.3943877551020408 0.25396825396825395 0.00816326530612245 0.047619047619047616
12 0.6943877551020409 0.25396825396825395 0.00816326530612245 0.047619047619047616
12 0.9510204081632654 0.25396825396825395 0.00816326530612245 0.047619047619047616
14 0.6086734693877551 0.3939393939393939 0.00816326530612245 0.0101010101010101
14 0.6089285714285715 0.4051226551226551 0.007653061224489797 0.00937950937950938
14 0.5336734693877552 0.4184704184704185 0.00816326530612245 0.011544011544011544
12 0.048469387755102046 0.45995670995670995 0.0071428571428571435 0.048340548340548344
13 0.931122448979592 0.4595959595959596 0.012244897959183675 0.047619047619047616
12 0.3318877551020408 0.45995670995670995 0.008673469387755102 0.046897546897546896
14 0.5341836734693878 0.4422799422799423 0.00816326530612245 0.011544011544011544
12 0.5670918367346939 0.4595959595959596 0.007653061224489797 0.046176046176046176
14 0.6627551020408163 0.44191919191919193 0.0071428571428571435 0.010822510822510822
12 0.8135204081632654 0.4603174603174603 0.008673469387755102 0.047619047619047616
14 0.5339285714285715 0.4660894660894661 0.00663265306122449 0.0101010101010101
12 0.3318877551020408 0.5800865800865801 0.008673469387755102 0.049062049062049064
13 0.931122448979592 0.5800865800865801 0.012244897959183675 0.049062049062049064
12 0.048469387755102046 0.5800865800865801 0.0071428571428571435 0.047619047619047616
12 0.5668367346938776 0.5800865800865801 0.00816326530612245 0.047619047619047616
12 0.8135204081632654 0.5800865800865801 0.007653061224489797 0.047619047619047616
14 0.6627551020408163 0.5858585858585859 0.0071428571428571435 0.008658008658008658
14 0.6084183673469389 0.5977633477633477 0.00663265306122449 0.00937950937950938
14 0.6186224489795918 0.7211399711399712 0.007653061224489797 0.010822510822510822
14 0.6716836734693878 0.733044733044733 0.00663265306122449 0.0101010101010101
14 0.18265306122448982 0.7564935064935064 0.0071428571428571435 0.00937950937950938
14 0.3112244897959184 0.7564935064935064 0.0071428571428571435 0.00937950937950938
12 0.048214285714285716 0.786075036075036 0.00663265306122449 0.048340548340548344
12 0.7811224489795919 0.786075036075036 0.009183673469387756 0.048340548340548344
12 0.9510204081632654 0.786075036075036 0.009183673469387756 0.048340548340548344
12 0.34438775510204084 0.7867965367965368 0.00816326530612245 0.048340548340548344
12 0.5433673469387755 0.7864357864357865 0.00816326530612245 0.047619047619047616
14 0.11377551020408164 0.7683982683982684 0.0071428571428571435 0.0101010101010101
14 0.18290816326530615 0.7680375180375181 0.007653061224489797 0.00937950937950938
14 0.3112244897959184 0.7683982683982684 0.0071428571428571435 0.0101010101010101
14 0.2344387755102041 0.7687590187590188 0.00663265306122449 0.00937950937950938
14 0.11403061224489797 0.7803030303030303 0.007653061224489797 0.00937950937950938
14 0.2341836734693878 0.7803030303030303 0.0071428571428571435 0.00937950937950938
12 0.7811224489795919 0.898989898989899 0.00816326530612245 0.049062049062049064
12 0.950765306122449 0.898989898989899 0.008673469387755102 0.049062049062049064
12 0.04872448979591837 0.8986291486291487 0.00663265306122449 0.046897546897546896
12 0.34413265306122454 0.898989898989899 0.008673469387755102 0.047619047619047616
12 0.5436224489795919 0.8993506493506493 0.008673469387755102 0.048340548340548344
26 0.06658163265306123 0.13095238095238096 0.025 0.09307359307359307
16 0.08852040816326531 0.12698412698412698 0.010714285714285714 0.03463203463203463
137 0.15153061224489797 0.11868686868686869 0.01326530612244898 0.08152958152958154
16 0.17040816326530614 0.10858585858585859 0.009183673469387756 0.03391053391053391
137 0.18341836734693878 0.11904761904761904 0.012755102040816327 0.0808080808080808
136 0.2163265306122449 0.11868686868686869 0.018367346938775512 0.08441558441558442
17 0.24005102040816328 0.11580086580086581 0.008673469387755102 0.03968253968253968
137 0.45051020408163267 0.11868686868686869 0.01326530612244898 0.08152958152958154
16 0.46938775510204084 0.10858585858585859 0.009183673469387756 0.03391053391053391
137 0.4823979591836735 0.11904761904761904 0.012755102040816327 0.0808080808080808
105 0.5127551020408164 0.12157287157287157 0.01326530612244898 0.07575757575757576
17 0.5540816326530613 0.1341991341991342 0.009183673469387756 0.0404040404040404
17 0.5841836734693878 0.11580086580086581 0.009183673469387756 0.03968253968253968
137 0.5961734693877552 0.11904761904761904 0.012755102040816327 0.08513708513708514
16 0.614795918367347 0.10858585858585859 0.009183673469387756 0.03391053391053391
137 0.6278061224489796 0.11904761904761904 0.012755102040816327 0.0808080808080808
105 0.6579081632653062 0.12229437229437229 0.012755102040816327 0.07575757575757576
137 0.7510204081632654 0.11868686868686869 0.01326530612244898 0.08152958152958154
16 0.7696428571428572 0.10858585858585859 0.00969387755102041 0.03391053391053391
137 0.7829081632653062 0.11904761904761904 0.012755102040816327 0.0808080808080808
105 0.8130102040816327 0.12193362193362194 0.012755102040816327 0.07647907647907648
27 0.0663265306122449 0.255050505050505 0.02653061224489796 0.05266955266955267
16 0.08877551020408164 0.25901875901875904 0.010204081632653062 0.03318903318903319
99 0.12168367346938777 0.25793650793650796 0.011734693877551022 0.05844155844155844
100 0.4201530612244898 0.2546897546897547 0.012755102040816327 0.05194805194805195
17 0.5426020408163266 0.22438672438672438 0.00663265306122449 0.025974025974025976
15 0.5525510204081633 0.2774170274170274 0.011224489795918368 0.03823953823953824
99 0.5660714285714287 0.25757575757575757 0.011734693877551022 0.05916305916305916
15 0.6448979591836735 0.2362914862914863 0.011224489795918368 0.03968253968253968
99 0.7209183673469388 0.25721500721500723 0.012244897959183675 0.05844155844155844
109 0.8653061224489796 0.24567099567099568 0.015306122448979593 0.06998556998556998
102 0.9137755102040818 0.2481962481962482 0.01326530612244898 0.06349206349206349
27 0.06607142857142857 0.5811688311688312 0.02602040816326531 0.05266955266955267
26 0.06658163265306123 0.4574314574314574 0.025 0.09379509379509379
16 0.08852040816326531 0.45346320346320346 0.010714285714285714 0.03535353535353535
16 0.08852040816326531 0.5862193362193362 0.00969387755102041 0.03391053391053391
100 0.1153061224489796 0.5815295815295816 0.01326530612244898 0.05194805194805195
137 0.13903061224489796 0.44552669552669555 0.012755102040816327 0.08008658008658008
16 0.15204081632653063 0.43506493506493504 0.009183673469387756 0.03463203463203463
137 0.16505102040816327 0.44552669552669555 0.012755102040816327 0.08008658008658008
105 0.18877551020408165 0.44877344877344877 0.01326530612244898 0.07647907647907648
17 0.20892857142857144 0.5508658008658008 0.00663265306122449 0.025252525252525252
15 0.21862244897959185 0.6042568542568543 0.011734693877551022 0.03968253968253968
17 0.22015306122448983 0.4603174603174603 0.008673469387755102 0.0404040404040404
99 0.23239795918367348 0.584054834054834 0.011734693877551022 0.05844155844155844
17 0.24464285714285716 0.44264069264069267 0.008673469387755102 0.03968253968253968
137 0.25586734693877555 0.44516594516594515 0.011734693877551022 0.0808080808080808
16 0.2683673469387755 0.43506493506493504 0.009183673469387756 0.03463203463203463
137 0.28188775510204084 0.44552669552669555 0.012755102040816327 0.08008658008658008
15 0.2923469387755102 0.5631313131313131 0.011224489795918368 0.03823953823953824
105 0.3053571428571429 0.44877344877344877 0.012755102040816327 0.07647907647907648
99 0.3563775510204082 0.584054834054834 0.012755102040816327 0.05844155844155844
137 0.37984693877551023 0.4448051948051948 0.012755102040816327 0.08152958152958154
16 0.3928571428571429 0.43506493506493504 0.009183673469387756 0.03463203463203463
137 0.4058673469387755 0.44552669552669555 0.012755102040816327 0.08008658008658008
136 0.4316326530612245 0.44372294372294374 0.017346938775510204 0.08658008658008658
17 0.44744897959183677 0.4422799422799423 0.009183673469387756 0.0404040404040404
15 0.5670918367346939 0.41233766233766234 0.007653061224489797 0.025252525252525252
130 0.5994897959183674 0.5833333333333334 0.017346938775510204 0.05844155844155844
161 0.6323979591836735 0.5793650793650794 0.013775510204081635 0.05483405483405483
136 0.6510204081632653 0.46284271284271283 0.012244897959183675 0.056998556998557
132 0.6535714285714286 0.579004329004329 0.0163265306122449 0.05411255411255411
17 0.6762755102040817 0.5927128427128427 0.008673469387755102 0.03968253968253968
168 0.6839285714285714 0.45815295815295815 0.01785714285714286 0.05772005772005772
162 0.6880102040816327 0.5793650793650794 0.012755102040816327 0.05339105339105339
15 0.6992346938775511 0.43037518037518036 0.007653061224489797 0.025252525252525252
102 0.729591836734694 0.5746753246753247 0.012244897959183675 0.06132756132756133
95 0.7793367346938777 0.5945165945165946 0.01479591836734694 0.0808080808080808
17 0.8596938775510204 0.5018037518037518 0.009183673469387756 0.03968253968253968
15 0.8691326530612246 0.4906204906204906 0.010714285714285714 0.0404040404040404
17 0.9448979591836736 0.591991341991342 0.010204081632653062 0.04112554112554113
17 0.9451530612244898 0.4603174603174603 0.00969387755102041 0.0404040404040404
26 0.06658163265306123 0.7835497835497836 0.025 0.09235209235209235
15 0.1479591836734694 0.7752525252525253 0.011224489795918368 0.03968253968253968
15 0.15892857142857145 0.7633477633477633 0.010714285714285714 0.03896103896103896
17 0.24336734693877554 0.7748917748917749 0.00816326530612245 0.0404040404040404
17 0.251530612244898 0.7637085137085137 0.00816326530612245 0.04112554112554113
15 0.27602040816326534 0.7748917748917749 0.011224489795918368 0.04184704184704185
15 0.2869897959183674 0.762987012987013 0.010714285714285714 0.03968253968253968
15 0.3545918367346939 0.7633477633477633 0.011224489795918368 0.03896103896103896
17 0.4168367346938776 0.7626262626262627 0.00816326530612245 0.03896103896103896
16 0.42500000000000004 0.7427849927849928 0.009183673469387756 0.03391053391053391
21 0.5563775510204082 0.7633477633477633 0.011734693877551022 0.024531024531024532
15 0.5750000000000001 0.7326839826839827 0.011224489795918368 0.03823953823953824
173 0.5877551020408164 0.7687590187590188 0.014285714285714287 0.08874458874458875
144 0.6073979591836736 0.7662337662337663 0.015816326530612247 0.09235209235209235
171 0.6344387755102041 0.7748917748917749 0.018877551020408164 0.07503607503607504
17 0.6487244897959185 0.733044733044733 0.007653061224489797 0.03896103896103896
143 0.6604591836734695 0.7687590187590188 0.015816326530612247 0.0873015873015873
172 0.689795918367347 0.7716450216450217 0.01938775510204082 0.08152958152958154
171 0.7112244897959185 0.7752525252525253 0.014285714285714287 0.07575757575757576
172 0.7301020408163266 0.772005772005772 0.014285714285714287 0.0808080808080808
171 0.7489795918367348 0.7748917748917749 0.014285714285714287 0.07647907647907648
170 0.7673469387755103 0.7777777777777778 0.0163265306122449 0.06926406926406926
112 0.7951530612244899 0.7694805194805194 0.015816326530612247 0.0873015873015873
141 0.8308673469387756 0.7745310245310245 0.013775510204081635 0.07575757575757576
139 0.853826530612245 0.7810245310245311 0.015816326530612247 0.06277056277056277
80 0.8834183673469389 0.7806637806637806 0.013775510204081635 0.06349206349206349
27 0.06658163265306123 0.898989898989899 0.027040816326530614 0.05194805194805195
102 0.10255102040816327 0.8935786435786436 0.01326530612244898 0.06277056277056277
16 0.20969387755102042 0.9044011544011544 0.009183673469387756 0.03391053391053391
101 0.22346938775510206 0.8961038961038961 0.01326530612244898 0.05772005772005772
100 0.3676020408163266 0.8997113997113997 0.013775510204081635 0.05194805194805195
15 0.3920918367346939 0.8881673881673882 0.011734693877551022 0.03896103896103896
16 0.46173469387755106 0.9108946608946609 0.009183673469387756 0.03535353535353535
100 0.4752551020408164 0.8997113997113997 0.012755102040816327 0.05194805194805195
17 0.4964285714285715 0.8885281385281385 0.009183673469387756 0.03968253968253968
99 0.5566326530612246 0.9018759018759018 0.01326530612244898 0.05772005772005772
100 0.6602040816326531 0.8997113997113997 0.01326530612244898 0.05194805194805195
96 0.7954081632653062 0.9108946608946609 0.014285714285714287 0.07575757575757576
99 0.8834183673469389 0.9025974025974026 0.012755102040816327 0.05916305916305916
