11 0.948204060385216 0.09330143540669857 0.009370119729307652 0.02686786897313213
12 0.04802186361270172 0.09330143540669857 0.004945340968245705 0.025395656974604344
12 0.42946382092660074 0.09330143540669857 0.005726184279021343 0.025395656974604344
12 0.24466423737636647 0.0936694884063305 0.005726184279021343 0.025395656974604344
12 0.597084851639771 0.09348546190651454 0.005726184279021343 0.025027603974972397
12 0.7337324310255076 0.09348546190651454 0.005726184279021343 0.025027603974972397
12 0.8593180635085893 0.09348546190651454 0.005465903175429464 0.025027603974972397
14 0.1310515356585112 0.09017298490982702 0.0039042165538781884 0.005152741994847258
14 0.20913586673607495 0.09017298490982702 0.0039042165538781884 0.005152741994847258
14 0.3906819364914107 0.09035701140964299 0.003643935450286309 0.005520794994479205
14 0.48373243102550756 0.09017298490982702 0.0039042165538781884 0.005152741994847258
14 0.5616866215512754 0.09035701140964299 0.003643935450286309 0.004784688995215311
11 0.9475533576262363 0.16856827383143172 0.009109838625715773 0.026499815973500183
12 0.04789172306090578 0.16893632683106366 0.004685059864653826 0.025027603974972397
12 0.4293336803748048 0.16912035333087963 0.005465903175429464 0.025395656974604344
12 0.8593180635085893 0.16912035333087963 0.005986465382613222 0.025395656974604344
12 0.24453409682457053 0.1694884063305116 0.005465903175429464 0.025395656974604344
12 0.5972149921915669 0.16930437983069563 0.005465903175429464 0.025027603974972397
12 0.7337324310255076 0.16930437983069563 0.005726184279021343 0.025027603974972397
14 0.13131181676210307 0.1722488038277512 0.00338365434669443 0.005152741994847258
14 0.48373243102550756 0.1722488038277512 0.00338365434669443 0.005152741994847258
14 0.566892243623113 0.17243283032756718 0.003643935450286309 0.005520794994479205
14 0.21447162935970848 0.17261685682738315 0.003643935450286309 0.005152741994847258
14 0.21447162935970848 0.17813765182186234 0.004164497657470068 0.005152741994847258
14 0.39055179593961475 0.17813765182186234 0.00338365434669443 0.005152741994847258
14 0.4838625715773035 0.1785057048214943 0.003643935450286309 0.005152741994847258
14 0.566892243623113 0.1783216783216783 0.003643935450286309 0.004784688995215311
14 0.13131181676210307 0.17868973132131027 0.00338365434669443 0.004784688995215311
11 0.9476834981780322 0.2443871917556128 0.009370119729307652 0.026499815973500183
12 0.42920353982300885 0.24493927125506074 0.005726184279021343 0.025395656974604344
12 0.8594482040603852 0.24493927125506074 0.005726184279021343 0.025395656974604344
12 0.047761582509109834 0.24493927125506074 0.004424778761061947 0.02465955097534045
12 0.24453409682457053 0.24493927125506074 0.005986465382613222 0.02465955097534045
12 0.597084851639771 0.24493927125506074 0.005726184279021343 0.02465955097534045
12 0.7337324310255076 0.2451232977548767 0.005726184279021343 0.025027603974972397
11 0.9478136387298282 0.3202061096797939 0.009109838625715773 0.026499815973500183
12 0.4290733992712129 0.3203901361796099 0.005465903175429464 0.02465955097534045
12 0.8593180635085893 0.3203901361796099 0.005465903175429464 0.02465955097534045
12 0.0476314419573139 0.3209422156790578 0.004164497657470068 0.025027603974972397
12 0.24466423737636647 0.32057416267942584 0.0052056220718375845 0.024291497975708502
12 0.597084851639771 0.3207581891792418 0.0052056220718375845 0.02465955097534045
12 0.7336022904737116 0.3207581891792418 0.004945340968245705 0.02465955097534045
2 0.07027589796980739 0.42031652557968346 0.008849557522123894 0.025763709974236288
11 0.94807391983342 0.4217887375782113 0.009109838625715773 0.026499815973500183
12 0.0476314419573139 0.4217887375782113 0.004685059864653826 0.025027603974972397
12 0.24466423737636647 0.4221567905778432 0.005726184279021343 0.025027603974972397
12 0.4290733992712129 0.42197276407802725 0.005465903175429464 0.02465955097534045
12 0.7337324310255076 0.4223408170776592 0.005726184279021343 0.025395656974604344
12 0.8594482040603852 0.4221567905778432 0.005726184279021343 0.025027603974972397
12 0.597084851639771 0.4223408170776592 0.005726184279021343 0.02465955097534045
2 0.07001561686621552 0.49631947000368054 0.008849557522123894 0.025395656974604344
11 0.9478136387298282 0.49760765550239233 0.009109838625715773 0.026499815973500183
12 0.047761582509109834 0.49815973500184024 0.004424778761061947 0.025395656974604344
12 0.2444039562727746 0.4979757085020243 0.005726184279021343 0.025027603974972397
12 0.42946382092660074 0.4979757085020243 0.005726184279021343 0.025027603974972397
12 0.5972149921915669 0.49815973500184024 0.006507027589796981 0.025395656974604344
12 0.7336022904737116 0.4983437615016562 0.005465903175429464 0.025027603974972397
12 0.8594482040603852 0.49815973500184024 0.005726184279021343 0.02465955097534045
14 0.7011972930765227 0.48895841001104157 0.004164497657470068 0.005520794994479205
2 0.07014575741801145 0.5712182554287817 0.008589276418532014 0.025027603974972397
11 0.9476834981780322 0.5730585204269415 0.008849557522123894 0.025763709974236288
12 0.24453409682457053 0.5732425469267575 0.005465903175429464 0.025395656974604344
12 0.047761582509109834 0.5730585204269415 0.004424778761061947 0.024291497975708502
12 0.42946382092660074 0.5734265734265734 0.0052056220718375845 0.025027603974972397
12 0.5972149921915669 0.5734265734265734 0.005986465382613222 0.025027603974972397
12 0.7336022904737116 0.5734265734265734 0.005465903175429464 0.025027603974972397
12 0.8593180635085893 0.5734265734265734 0.005465903175429464 0.025027603974972397
14 0.7011972930765227 0.5647773279352226 0.004164497657470068 0.006256900993743099
2 0.07001561686621552 0.6474052263525948 0.008849557522123894 0.025763709974236288
11 0.9474232170744403 0.6492454913507545 0.008849557522123894 0.026499815973500183
12 0.0476314419573139 0.6494295178505705 0.004164497657470068 0.025395656974604344
12 0.4293336803748048 0.6494295178505705 0.004424778761061947 0.025395656974604344
12 0.24453409682457053 0.6494295178505705 0.005465903175429464 0.02465955097534045
12 0.596954711087975 0.6494295178505705 0.004945340968245705 0.02465955097534045
12 0.7334721499219157 0.6496135443503864 0.004685059864653826 0.025027603974972397
12 0.8593180635085893 0.6494295178505705 0.005465903175429464 0.02465955097534045
14 0.7013274336283186 0.6400441663599559 0.00338365434669443 0.005152741994847258
14 0.7014575741801146 0.6643356643356644 0.003643935450286309 0.005152741994847258
11 0.9476834981780322 0.7486198012513802 0.008849557522123894 0.008833271991166729
14 0.7013274336283186 0.7484357747515642 0.004424778761061947 0.006256900993743099
11 0.9476834981780322 0.8297754876702245 0.008849557522123894 0.008465218991534781
26 0.056350858927641856 0.09256532940743467 0.012753774076002082 0.04600662495399337
106 0.08862571577303488 0.09330143540669857 0.007027589796980739 0.026131762973868235
135 0.12571577303487766 0.09661391240338608 0.00676730869338886 0.03349282296650718
165 0.150832899531494 0.09679793890320205 0.01015096304008329 0.03312476996687523
105 0.16644976574700676 0.09477364740522636 0.006507027589796981 0.029076186970923814
134 0.20366996356064548 0.09735001840264998 0.006507027589796981 0.03422892896577107
164 0.22891723060905778 0.09716599190283401 0.009630400832899531 0.03459698196540302
104 0.25377407600208224 0.09661391240338608 0.00676730869338886 0.032756716967243284
20 0.2971108797501301 0.09256532940743467 0.005986465382613222 0.020242914979757085
20 0.34122852680895366 0.09256532940743467 0.005726184279021343 0.020242914979757085
135 0.3850858927641853 0.09771807140228193 0.006507027589796981 0.035701140964298855
166 0.4161894846434149 0.09661391240338608 0.00989068193649141 0.03349282296650718
106 0.4409161894846434 0.09348546190651454 0.00676730869338886 0.026499815973500183
135 0.47826652785007806 0.09661391240338608 0.006507027589796981 0.03349282296650718
165 0.5033836543466944 0.09679793890320205 0.00989068193649141 0.03312476996687523
105 0.5188703800104112 0.09495767390504233 0.006507027589796981 0.029444239970555758
134 0.5563508589276418 0.09735001840264998 0.006507027589796981 0.03422892896577107
164 0.5812077043206663 0.09698196540301804 0.00989068193649141 0.03422892896577107
104 0.6063248308172826 0.09642988590357011 0.006507027589796981 0.032388663967611336
20 0.6358667360749609 0.09256532940743467 0.005726184279021343 0.020242914979757085
104 0.6655387818844352 0.09642988590357011 0.00676730869338886 0.032388663967611336
104 0.6957313899010932 0.09642988590357011 0.007287870900572618 0.032388663967611336
104 0.7429724102030193 0.09642988590357011 0.007027589796980739 0.032388663967611336
20 0.7725143154606975 0.09256532940743467 0.006246746486205101 0.020242914979757085
106 0.8021863612701717 0.09330143540669857 0.007287870900572618 0.02686786897313213
20 0.83172826652785 0.09256532940743467 0.006507027589796981 0.020242914979757085
76 0.8688183237896928 0.09661391240338608 0.00676730869338886 0.03202061096797939
19 0.9085111920874545 0.09219727640780272 0.009630400832899531 0.007729112992270887
26 0.05661114003123373 0.16838424733161575 0.012753774076002082 0.04527051895472948
20 0.2971108797501301 0.1562384983437615 0.005986465382613222 0.020242914979757085
20 0.34122852680895366 0.1562384983437615 0.006246746486205101 0.01950680898049319
130 0.38625715773034874 0.17077659182922342 0.008328995314940135 0.029444239970555758
162 0.4185320145757418 0.16893632683106366 0.00676730869338886 0.027235921972764077
20 0.6359968766267569 0.15605447184394552 0.005986465382613222 0.019874861980125138
99 0.665929203539823 0.17077659182922342 0.0075481520041644976 0.030180345969819652
99 0.6959916710046851 0.17059256532940742 0.007287870900572618 0.029812292970187705
99 0.7433628318584071 0.17059256532940742 0.007287870900572618 0.0305483989694516
20 0.7725143154606975 0.15605447184394552 0.006246746486205101 0.019874861980125138
101 0.8025767829255596 0.16783216783216784 0.007027589796980739 0.030180345969819652
20 0.8315981259760541 0.15605447184394552 0.006246746486205101 0.019874861980125138
71 0.8693388859968766 0.16967243283032757 0.007287870900572618 0.029444239970555758
19 0.9082509109838626 0.15495031284504968 0.009109838625715773 0.008097165991902834
26 0.05661114003123373 0.24401913875598086 0.012233211868818324 0.045638571954361426
15 0.06845393024466423 0.23224144276775854 0.005726184279021343 0.019874861980125138
20 0.2971108797501301 0.24457121825542877 0.005986465382613222 0.020242914979757085
19 0.342660072878709 0.24346705925653295 0.009630400832899531 0.006993006993006993
20 0.6358667360749609 0.24420316525579683 0.005726184279021343 0.020242914979757085
20 0.7723841749089017 0.24420316525579683 0.005986465382613222 0.020242914979757085
20 0.8315981259760541 0.2438351122561649 0.005726184279021343 0.01950680898049319
19 0.9083810515356585 0.24346705925653295 0.009370119729307652 0.007729112992270887
26 0.05661114003123373 0.31965403018034594 0.012753774076002082 0.04527051895472948
15 0.0683237896928683 0.30806036069193965 0.005986465382613222 0.019874861980125138
20 0.08758459135866736 0.31947000368052997 0.005986465382613222 0.020610967979389033
20 0.16566892243623113 0.32002208317997793 0.005986465382613222 0.020242914979757085
20 0.2971108797501301 0.3202061096797939 0.005986465382613222 0.020610967979389033
19 0.3425299323269131 0.31891792418108206 0.00989068193649141 0.006993006993006993
20 0.44000520562207185 0.31983805668016196 0.006507027589796981 0.020610967979389033
20 0.5180895366996356 0.31983805668016196 0.005986465382613222 0.020610967979389033
20 0.6359968766267569 0.31983805668016196 0.005986465382613222 0.019874861980125138
20 0.7723841749089017 0.31983805668016196 0.005986465382613222 0.019874861980125138
20 0.8315981259760541 0.31965403018034594 0.005726184279021343 0.020242914979757085
19 0.9083810515356585 0.31891792418108206 0.008849557522123894 0.006993006993006993
27 0.056350858927641856 0.4221567905778432 0.012753774076002082 0.026499815973500183
20 0.08758459135866736 0.4217887375782113 0.005986465382613222 0.019874861980125138
20 0.16566892243623113 0.4223408170776592 0.005986465382613222 0.020242914979757085
20 0.2969807391983342 0.4221567905778432 0.006246746486205101 0.020610967979389033
19 0.3427902134305049 0.4206845785793154 0.00989068193649141 0.0073610599926389395
20 0.44000520562207185 0.4217887375782113 0.005986465382613222 0.020610967979389033
20 0.5180895366996356 0.4217887375782113 0.005986465382613222 0.020610967979389033
20 0.6358667360749609 0.42197276407802725 0.006246746486205101 0.020242914979757085
20 0.7725143154606975 0.42197276407802725 0.006246746486205101 0.020242914979757085
20 0.8315981259760541 0.4217887375782113 0.006246746486205101 0.019874861980125138
19 0.9083810515356585 0.4206845785793154 0.009370119729307652 0.0073610599926389395
27 0.05648099947943779 0.49815973500184024 0.012493492972410203 0.02686786897313213
84 0.08875585632483082 0.4887743835112256 0.007808433107756377 0.04490246595509753
77 0.1668401874023946 0.49963194700036806 0.00676730869338886 0.029076186970923814
139 0.2539042165538782 0.4957673905042326 0.006507027589796981 0.032388663967611336
139 0.27576782925559606 0.4955833640044166 0.006507027589796981 0.032756716967243284
140 0.2978917230609058 0.4942951785057048 0.0075481520041644976 0.0360691939639308
141 0.31845393024466423 0.49245491350754506 0.009109838625715773 0.039749723960250276
142 0.34213951067152526 0.49135075450864923 0.0075481520041644976 0.041221935958778065
140 0.3633524206142634 0.4942951785057048 0.007287870900572618 0.0360691939639308
141 0.3853461738677772 0.49282296650717705 0.0075481520041644976 0.03901361796098638
142 0.4062988027069235 0.49135075450864923 0.00989068193649141 0.04195804195804196
84 0.4413066111400312 0.4895104895104895 0.008068714211348256 0.045638571954361426
77 0.519260801665799 0.49963194700036806 0.00676730869338886 0.029076186970923814
108 0.6063248308172826 0.4948472580051527 0.006507027589796981 0.03349282296650718
20 0.6358667360749609 0.49742362900257636 0.006246746486205101 0.02097902097902098
108 0.6654086413326392 0.49521531100478466 0.006507027589796981 0.03349282296650718
136 0.6957313899010932 0.49963194700036806 0.006246746486205101 0.029812292970187705
164 0.7203279541905258 0.5012881854987118 0.009109838625715773 0.03312476996687523
101 0.7433628318584071 0.4970555760029444 0.00676730869338886 0.0305483989694516
20 0.7723841749089017 0.49742362900257636 0.006507027589796981 0.020242914979757085
110 0.8023165018219677 0.4920868605079131 0.0075481520041644976 0.039749723960250276
20 0.8315981259760541 0.49742362900257636 0.006246746486205101 0.020242914979757085
73 0.8692087454450806 0.4965034965034965 0.007027589796980739 0.028708133971291867
19 0.9082509109838626 0.4965034965034965 0.009109838625715773 0.0073610599926389395
27 0.056350858927641856 0.5736105999263894 0.012753774076002082 0.026131762973868235
84 0.08862571577303488 0.5644092749355907 0.008068714211348256 0.04527051895472948
77 0.1668401874023946 0.5752668384247331 0.00676730869338886 0.030180345969819652
139 0.2539042165538782 0.5710342289289657 0.006507027589796981 0.03202061096797939
139 0.27576782925559606 0.5710342289289657 0.006507027589796981 0.03202061096797939
140 0.2978917230609058 0.5697460434302539 0.0075481520041644976 0.035333087964666915
141 0.3185840707964602 0.5682738314317262 0.009370119729307652 0.03827751196172249
142 0.3422696512233212 0.5664335664335665 0.007808433107756377 0.041221935958778065
140 0.3633524206142634 0.569562016930438 0.007287870900572618 0.035701140964298855
141 0.38521603331598125 0.5684578579315421 0.007287870900572618 0.038645564961354434
142 0.4060385216033316 0.5666175929333824 0.00989068193649141 0.04158998895841001
84 0.4413066111400312 0.5645933014354066 0.008068714211348256 0.04490246595509753
77 0.519260801665799 0.5754508649245491 0.00676730869338886 0.029812292970187705
108 0.6064549713690786 0.5704821494295178 0.00676730869338886 0.03312476996687523
20 0.6359968766267569 0.5605447184394553 0.006507027589796981 0.020610967979389033
108 0.6655387818844352 0.5704821494295178 0.00676730869338886 0.03312476996687523
136 0.6957313899010932 0.5750828119249172 0.006246746486205101 0.029812292970187705
164 0.7200676730869339 0.5765550239234449 0.009630400832899531 0.03349282296650718
101 0.7433628318584071 0.5723224144276776 0.00676730869338886 0.029444239970555758
20 0.7725143154606975 0.5605447184394553 0.006246746486205101 0.019874861980125138
108 0.8024466423737636 0.5706661759293338 0.007287870900572618 0.03349282296650718
20 0.83172826652785 0.5605447184394553 0.006507027589796981 0.019874861980125138
73 0.8693388859968766 0.5715863084284137 0.007287870900572618 0.028708133971291867
19 0.9082509109838626 0.5592565329407435 0.009109838625715773 0.008465218991534781
27 0.05609057782404997 0.6496135443503864 0.012753774076002082 0.027235921972764077
20 0.12493492972410203 0.6488774383511225 0.006246746486205101 0.019874861980125138
98 0.1665799062988027 0.6523739418476261 0.00676730869338886 0.032756716967243284
20 0.20288912024986985 0.6488774383511225 0.006507027589796981 0.019874861980125138
20 0.4773555439875065 0.6488774383511225 0.006246746486205101 0.019874861980125138
98 0.5190005205622071 0.6523739418476261 0.007287870900572618 0.032756716967243284
20 0.5554398750650703 0.6488774383511225 0.006246746486205101 0.019874861980125138
20 0.6359968766267569 0.6486934118513066 0.005986465382613222 0.020242914979757085
20 0.7723841749089017 0.6488774383511225 0.005986465382613222 0.020610967979389033
20 0.8315981259760541 0.6485093853514906 0.005726184279021343 0.019874861980125138
19 0.9083810515356585 0.6483253588516746 0.009370119729307652 0.007729112992270887
20 0.08758459135866736 0.7500920132499079 0.005986465382613222 0.019874861980125138
134 0.11179073399271212 0.7442031652557968 0.005986465382613222 0.021347073978652927
134 0.1179073399271213 0.7438351122561648 0.0052056220718375845 0.019874861980125138
103 0.12558563248308172 0.7594773647405226 0.006507027589796981 0.025395656974604344
20 0.16579906298802707 0.7502760397497239 0.005726184279021343 0.020242914979757085
103 0.20353982300884954 0.7592933382407067 0.006246746486205101 0.025763709974236288
103 0.2539042165538782 0.7591093117408907 0.006507027589796981 0.026131762973868235
20 0.2971108797501301 0.7502760397497239 0.005986465382613222 0.020242914979757085
19 0.342660072878709 0.7489878542510121 0.010671525247267048 0.008833271991166729
20 0.44026548672566373 0.7502760397497239 0.005986465382613222 0.01950680898049319
134 0.46408120770432065 0.7449392712550608 0.005726184279021343 0.022819285977180713
134 0.47032795419052575 0.7451232977548767 0.004685059864653826 0.02318733897681266
103 0.4781363872982821 0.7594773647405226 0.006246746486205101 0.025395656974604344
20 0.5182196772514316 0.7500920132499079 0.005726184279021343 0.019874861980125138
103 0.5562207183758459 0.7592933382407067 0.006246746486205101 0.025763709974236288
103 0.6063248308172826 0.7592933382407067 0.006507027589796981 0.026499815973500183
20 0.6358667360749609 0.749907986750092 0.005726184279021343 0.02097902097902098
103 0.6655387818844352 0.7596613912403386 0.006246746486205101 0.025763709974236288
134 0.6957313899010932 0.7596613912403386 0.006246746486205101 0.025763709974236288
164 0.7200676730869339 0.7598454177401546 0.009630400832899531 0.026131762973868235
19 0.9083810515356585 0.749355907250644 0.00989068193649141 0.008097165991902834
75 0.08875585632483082 0.8349282296650717 0.007287870900572618 0.02465955097534045
75 0.1665799062988027 0.8349282296650717 0.007287870900572618 0.025395656974604344
103 0.2536439354502863 0.8351122561648877 0.006507027589796981 0.025763709974236288
20 0.2971108797501301 0.8255428781744572 0.005986465382613222 0.020610967979389033
19 0.3425299323269131 0.8248067721751932 0.010411244143675169 0.008097165991902834
103 0.4406559083810515 0.8351122561648877 0.00676730869338886 0.025763709974236288
20 0.4773555439875065 0.8253588516746412 0.005726184279021343 0.01950680898049319
103 0.5188703800104112 0.8352962826647037 0.006507027589796981 0.026131762973868235
20 0.5554398750650703 0.8255428781744572 0.005726184279021343 0.019874861980125138
103 0.6063248308172826 0.8351122561648877 0.006507027589796981 0.025763709974236288
20 0.6358667360749609 0.8253588516746412 0.005726184279021343 0.020242914979757085
103 0.6655387818844352 0.8352962826647037 0.006246746486205101 0.026131762973868235
103 0.6956012493492972 0.8352962826647037 0.006507027589796981 0.026131762973868235
103 0.7429724102030193 0.8351122561648877 0.006507027589796981 0.025763709974236288
20 0.7725143154606975 0.8253588516746412 0.005726184279021343 0.020242914979757085
103 0.8020562207183758 0.8351122561648877 0.006507027589796981 0.026499815973500183
20 0.83172826652785 0.8255428781744572 0.005986465382613222 0.019874861980125138
19 0.9082509109838626 0.8248067721751932 0.009630400832899531 0.008833271991166729
