11 0.9471938775510205 0.0955988455988456 0.01479591836734694 0.049783549783549784
12 0.048469387755102046 0.09595959595959595 0.0071428571428571435 0.049062049062049064
12 0.45586734693877556 0.0955988455988456 0.00969387755102041 0.048340548340548344
12 0.7811224489795919 0.09595959595959595 0.011224489795918368 0.049062049062049064
12 0.04872448979591837 0.2031024531024531 0.00663265306122449 0.048340548340548344
12 0.4563775510204082 0.20274170274170275 0.00969387755102041 0.047619047619047616
12 0.7818877551020409 0.20274170274170275 0.010714285714285714 0.047619047619047616
11 0.9469387755102041 0.20346320346320346 0.014285714285714287 0.049062049062049064
12 0.048214285714285716 0.3282828282828283 0.007653061224489797 0.049062049062049064
12 0.7811224489795919 0.3282828282828283 0.010204081632653062 0.049062049062049064
11 0.9471938775510205 0.32792207792207795 0.01479591836734694 0.048340548340548344
12 0.45612244897959187 0.3282828282828283 0.010204081632653062 0.047619047619047616
12 0.4566326530612245 0.43542568542568544 0.009183673469387756 0.048340548340548344
11 0.9466836734693879 0.43542568542568544 0.013775510204081635 0.048340548340548344
12 0.048469387755102046 0.43614718614718617 0.0071428571428571435 0.048340548340548344
12 0.7813775510204082 0.43542568542568544 0.008673469387755102 0.046897546897546896
20 0.7994897959183674 0.04220779220779221 0.011224489795918368 0.0367965367965368
26 0.06556122448979593 0.09487734487734488 0.025 0.09018759018759019
16 0.08750000000000001 0.0891053391053391 0.010714285714285714 0.03535353535353535
20 0.1163265306122449 0.09415584415584416 0.011224489795918368 0.0367965367965368
20 0.15204081632653063 0.09415584415584416 0.011224489795918368 0.0367965367965368
27 0.0653061224489796 0.2031024531024531 0.025510204081632654 0.051226551226551224
16 0.08750000000000001 0.20743145743145744 0.00969387755102041 0.032467532467532464
20 0.1163265306122449 0.20202020202020202 0.011224489795918368 0.03751803751803752
106 0.15357142857142858 0.2031024531024531 0.014285714285714287 0.051226551226551224
106 0.1910714285714286 0.20346320346320346 0.013775510204081635 0.05194805194805195
107 0.2298469387755102 0.2002164502164502 0.013775510204081635 0.05844155844155844
108 0.2683673469387755 0.19733044733044733 0.01326530612244898 0.06277056277056277
107 0.30688775510204086 0.20057720057720058 0.013775510204081635 0.05772005772005772
78 0.34540816326530616 0.2031024531024531 0.01326530612244898 0.051226551226551224
15 0.39081632653061227 0.1919191919191919 0.011224489795918368 0.03896103896103896
77 0.40408163265306124 0.2067099567099567 0.01326530612244898 0.056998556998557
78 0.4742346938775511 0.20346320346320346 0.013775510204081635 0.05194805194805195
109 0.5346938775510205 0.19408369408369408 0.014285714285714287 0.06926406926406926
108 0.5737244897959184 0.1976911976911977 0.013775510204081635 0.06349206349206349
79 0.6130102040816328 0.20093795093795094 0.01479591836734694 0.05844155844155844
78 0.6709183673469389 0.2031024531024531 0.01326530612244898 0.051226551226551224
79 0.729591836734694 0.20057720057720058 0.01326530612244898 0.05772005772005772
79 0.8 0.20093795093795094 0.014285714285714287 0.05844155844155844
26 0.0653061224489796 0.3272005772005772 0.02448979591836735 0.09018759018759019
16 0.08750000000000001 0.32106782106782106 0.00969387755102041 0.03318903318903319
27 0.06505102040816327 0.43614718614718617 0.025 0.051226551226551224
16 0.08750000000000001 0.44083694083694086 0.00969387755102041 0.03318903318903319
20 0.1163265306122449 0.43506493506493504 0.012244897959183675 0.03896103896103896
106 0.15357142857142858 0.43614718614718617 0.014285714285714287 0.051226551226551224
106 0.1910714285714286 0.4357864357864358 0.013775510204081635 0.050505050505050504
107 0.2298469387755102 0.4329004329004329 0.013775510204081635 0.05772005772005772
108 0.2683673469387755 0.4296536796536797 0.01326530612244898 0.06421356421356421
107 0.30688775510204086 0.4329004329004329 0.013775510204081635 0.05772005772005772
78 0.34540816326530616 0.4357864357864358 0.01326530612244898 0.050505050505050504
15 0.3903061224489796 0.424963924963925 0.011224489795918368 0.03896103896103896
77 0.40408163265306124 0.4393939393939394 0.01326530612244898 0.05772005772005772
78 0.4744897959183674 0.4357864357864358 0.01326530612244898 0.050505050505050504
109 0.5346938775510205 0.42676767676767674 0.014285714285714287 0.06854256854256854
108 0.5734693877551021 0.43073593073593075 0.014285714285714287 0.06349206349206349
79 0.6127551020408164 0.43326118326118324 0.015306122448979593 0.05844155844155844
78 0.6711734693877551 0.4357864357864358 0.013775510204081635 0.05194805194805195
79 0.7298469387755103 0.43326118326118324 0.013775510204081635 0.056998556998557
79 0.7997448979591838 0.4329004329004329 0.013775510204081635 0.05772005772005772
