14 0.13071008593396652 0.0818937939859245 0.007236544549977386 0.011516314779270634
12 0.7944369063772049 0.1295585412667946 0.008593396653098146 0.042866282789507354
13 0.9493441881501583 0.1295585412667946 0.011759384893713252 0.042866282789507354
12 0.04816824966078698 0.12987843889955214 0.007688828584350972 0.04222648752399232
12 0.2937584803256445 0.1295585412667946 0.008593396653098146 0.04158669225847728
12 0.473767526006332 0.1295585412667946 0.008593396653098146 0.04158669225847728
12 0.7948891904115785 0.2309660908509277 0.008593396653098146 0.04350607805502239
12 0.04816824966078698 0.2312859884836852 0.007688828584350972 0.042866282789507354
12 0.2939846223428313 0.2309660908509277 0.009045680687471733 0.04222648752399232
12 0.4739936680235188 0.2312859884836852 0.009045680687471733 0.042866282789507354
13 0.9493441881501583 0.23160588611644273 0.010854816824966078 0.04350607805502239
14 0.13048394391677973 0.21561100447856685 0.0067842605156037995 0.008957133717210491
12 0.04794210764360018 0.33557261676263594 0.007236544549977386 0.042866282789507354
12 0.7948891904115785 0.33557261676263594 0.007688828584350972 0.042866282789507354
12 0.2939846223428313 0.33557261676263594 0.007236544549977386 0.04158669225847728
13 0.9491180461329715 0.336212412028151 0.011307100859339666 0.042866282789507354
14 0.13003165988240614 0.4315419065898912 0.0067842605156037995 0.010876519513755598
12 0.2942107643600181 0.4785668586052463 0.007688828584350972 0.04222648752399232
12 0.7946630483943917 0.4788867562380038 0.008141112618724558 0.042866282789507354
13 0.9491180461329715 0.47952655150351886 0.011307100859339666 0.042866282789507354
12 0.04862053369516056 0.47952655150351886 0.007688828584350972 0.04158669225847728
14 0.13048394391677973 0.47440818937939855 0.0067842605156037995 0.009596928982725527
12 0.4739936680235188 0.5806142034548945 0.009045680687471733 0.042866282789507354
12 0.04862053369516056 0.582853486884197 0.008593396653098146 0.046065259117082535
12 0.2937584803256445 0.580934101087652 0.007688828584350972 0.04222648752399232
12 0.7944369063772049 0.5812539987204094 0.008593396653098146 0.042866282789507354
13 0.9491180461329715 0.5815738963531669 0.011307100859339666 0.04350607805502239
12 0.048846675712347354 0.7149712092130518 0.008141112618724558 0.044145873320537425
12 0.4739936680235188 0.7152911068458093 0.009045680687471733 0.04350607805502239
12 0.7946630483943917 0.7146513115802943 0.008141112618724558 0.04222648752399232
11 0.9493441881501583 0.7149712092130518 0.010854816824966078 0.042866282789507354
12 0.2937584803256445 0.7152911068458093 0.007688828584350972 0.04222648752399232
12 0.7948891904115785 0.846769033909149 0.009497964721845319 0.042866282789507354
12 0.04862053369516056 0.8474088291746641 0.007688828584350972 0.042866282789507354
12 0.2937584803256445 0.8464491362763915 0.007688828584350972 0.04094689699296225
13 0.9491180461329715 0.8470889315419066 0.010402532790592492 0.04222648752399232
12 0.47467209407507915 0.8480486244401791 0.008593396653098146 0.04158669225847728
14 0.13003165988240614 0.8413307741522712 0.0067842605156037995 0.008957133717210491
14 0.7449118046132972 0.8525271912987844 0.007236544549977386 0.009596928982725527
14 0.8984622342831298 0.8518873960332694 0.0067842605156037995 0.008317338451695458
14 0.7449118046132972 0.8947536788227767 0.007236544549977386 0.009596928982725527
14 0.8986883763003166 0.8944337811900192 0.007236544549977386 0.008957133717210491
12 0.7951153324287653 0.9606525911708254 0.009950248756218905 0.044145873320537425
13 0.9491180461329715 0.9600127959053103 0.011307100859339666 0.042866282789507354
12 0.04862053369516056 0.9603326935380678 0.007688828584350972 0.04222648752399232
12 0.2939846223428313 0.9603326935380678 0.008141112618724558 0.04222648752399232
12 0.473767526006332 0.9606525911708254 0.008593396653098146 0.042866282789507354
14 0.13048394391677973 0.9552143314139475 0.007688828584350972 0.010236724248240563
14 0.7449118046132972 0.965451055662188 0.006331976481230212 0.008957133717210491
14 0.13048394391677973 0.9955214331413947 0.0067842605156037995 0.007677543186180422
26 0.0642243328810493 0.13051823416506717 0.023518769787426504 0.09341010876519514
16 0.08661239258254183 0.1238003838771593 0.009497964721845319 0.03902751119641715
84 0.11781999095431932 0.1145233525271913 0.014020805065581185 0.07933461292386436
81 0.2026232473993668 0.1218809980806142 0.013568521031207599 0.06333973128598848
20 0.26797829036635007 0.10940499040307101 0.011307100859339666 0.035828534868841966
18 0.3817277250113071 0.11228406909788867 0.018995929443690638 0.013435700575815739
18 0.5461329715061058 0.11228406909788867 0.019448213478064226 0.013435700575815739
20 0.6521935775667119 0.10940499040307101 0.010854816824966078 0.035828534868841966
18 0.8690637720488467 0.11228406909788867 0.019448213478064226 0.013435700575815739
26 0.06467661691542288 0.23192578374920025 0.023518769787426504 0.09404990403071017
16 0.08683853459972862 0.22520793346129236 0.009950248756218905 0.03838771593090211
77 0.11804613297150611 0.2348048624440179 0.011759384893713252 0.04990403071017274
74 0.20307553143374038 0.2271273192578375 0.012663952962460425 0.05758157389635316
20 0.26843057440072365 0.21113243761996162 0.011307100859339666 0.035828534868841966
18 0.3819538670284939 0.2146513115802943 0.019448213478064226 0.014715291106845808
18 0.5461329715061058 0.21497120921305182 0.019448213478064226 0.014075495841330773
20 0.6521935775667119 0.21113243761996162 0.011759384893713252 0.03710812539987204
20 0.8059701492537313 0.21113243761996162 0.011759384893713252 0.03710812539987204
26 0.06467661691542288 0.3365323096609085 0.023518769787426504 0.09341010876519514
15 0.0877431026684758 0.31349968010236723 0.009950248756218905 0.046065259117082535
16 0.10606060606060606 0.3304542546385157 0.007688828584350972 0.03902751119641715
17 0.1546811397557666 0.33589251439539347 0.008141112618724558 0.05118362124120281
17 0.23089099954771597 0.31573896353166986 0.007688828584350972 0.051823416506717845
17 0.2591587516960651 0.35188739603326935 0.008141112618724558 0.04990403071017274
20 0.30506558118498417 0.31573896353166986 0.011307100859339666 0.036468330134357005
16 0.4122568973315242 0.3144593730006398 0.008593396653098146 0.03902751119641715
16 0.508819538670285 0.3150991682661548 0.009045680687471733 0.04030710172744722
20 0.6521935775667119 0.31541906589891233 0.011759384893713252 0.03710812539987204
20 0.8061962912709182 0.31541906589891233 0.011307100859339666 0.03710812539987204
27 0.0673903211216644 0.4808061420345489 0.027137042062415198 0.05310300703774792
16 0.08751696065128901 0.48496481126039664 0.009497964721845319 0.03966730646193218
16 0.2299864314789688 0.4315419065898912 0.007688828584350972 0.04030710172744722
16 0.25802804161013115 0.46865003198976324 0.008593396653098146 0.04030710172744722
20 0.3048394391677974 0.45937300063979525 0.010854816824966078 0.03710812539987204
34 0.3952962460425147 0.4747280870121561 0.018995929443690638 0.058861164427383234
16 0.4122568973315242 0.4580934101087652 0.008593396653098146 0.03838771593090211
16 0.508819538670285 0.4590531030070377 0.009045680687471733 0.04158669225847728
27 0.6325192220714608 0.4801663467690339 0.02397105382180009 0.04670505438259757
20 0.6519674355495251 0.4596928982725528 0.011307100859339666 0.037747920665387076
20 0.8059701492537313 0.45937300063979525 0.011759384893713252 0.03710812539987204
37 0.0673903211216644 0.5873320537428023 0.02804161013116237 0.06269993602047344
16 0.08729081863410222 0.5857325655790147 0.009045680687471733 0.03902751119641715
17 0.10719131614654002 0.5921305182341651 0.008141112618724558 0.04926423544465771
73 0.11804613297150611 0.5790147152911068 0.011759384893713252 0.05118362124120281
74 0.1657620985979195 0.5764555342290467 0.012211668928086838 0.05630198336532309
77 0.24151967435549526 0.5844529750479847 0.011759384893713252 0.05054382597568778
20 0.3048394391677974 0.5818937939859244 0.010854816824966078 0.036468330134357005
66 0.32926277702397105 0.5962891874600128 0.014473089099954772 0.07549584133077415
94 0.3760741745816373 0.5969289827255279 0.014925373134328358 0.07677543186180422
73 0.42446856625961105 0.5783749200255918 0.012211668928086838 0.05118362124120281
101 0.4941203075531434 0.5790147152911068 0.012211668928086838 0.05118362124120281
80 0.5199004975124378 0.5770953294945618 0.013116236996834011 0.05630198336532309
108 0.5673903211216644 0.5767754318618042 0.012211668928086838 0.05694177863083813
73 0.5900045228403438 0.5793346129238643 0.012211668928086838 0.051823416506717845
72 0.654228855721393 0.582213691618682 0.013116236996834011 0.0473448496481126
132 0.6994572591587517 0.5802943058221369 0.014020805065581185 0.04862444017914267
133 0.7152872003618272 0.5796545105566219 0.010402532790592492 0.05118362124120281
74 0.7329262777023972 0.5764555342290467 0.012211668928086838 0.05630198336532309
20 0.7616463138851198 0.5818937939859244 0.012663952962460425 0.037747920665387076
18 0.8688376300316599 0.5745361484325016 0.018995929443690638 0.012795905310300703
26 0.06490275893260967 0.7156110044785668 0.023066485753052916 0.0927703134996801
18 0.19041157847127996 0.6976967370441458 0.018995929443690638 0.013435700575815739
20 0.30506558118498417 0.6941778630838131 0.010402532790592492 0.035828534868841966
16 0.317277250113071 0.746641074856046 0.007688828584350972 0.03710812539987204
67 0.32971506105834464 0.7322456813819578 0.012663952962460425 0.0799744081893794
96 0.3758480325644505 0.7354446577095329 0.013568521031207599 0.08893154190658989
16 0.4118046132971506 0.736084452975048 0.008593396653098146 0.03902751119641715
70 0.42379014020805067 0.7303262955854126 0.012663952962460425 0.07741522712731926
129 0.4936680235187698 0.7309660908509277 0.011307100859339666 0.07869481765834932
16 0.5040705563093623 0.736084452975048 0.007688828584350972 0.04030710172744722
16 0.5083672546359114 0.708253358925144 0.008141112618724558 0.035828534868841966
20 0.6752600633197648 0.6944977607165707 0.011759384893713252 0.036468330134357005
20 0.696969696969697 0.6944977607165707 0.011759384893713252 0.036468330134357005
16 0.7514699231117141 0.746001279590531 0.008593396653098146 0.03838771593090211
20 0.8288104929895975 0.6944977607165707 0.012211668928086838 0.036468330134357005
20 0.8509724106739032 0.6941778630838131 0.011307100859339666 0.03710812539987204
16 0.9052464947987336 0.7463211772232885 0.007688828584350972 0.03902751119641715
26 0.06512890094979647 0.8480486244401791 0.022614201718679332 0.09404990403071017
26 0.06512890094979647 0.9571337172104926 0.023518769787426504 0.08573256557901471
16 0.10628674807779286 0.8259756877799104 0.008141112618724558 0.03966730646193218
17 0.1546811397557666 0.8320537428023033 0.008141112618724558 0.051823416506717845
106 0.1655359565807327 0.8342930262316058 0.011759384893713252 0.0690978886756238
20 0.26820443238353686 0.8694817658349328 0.011759384893713252 0.03710812539987204
20 0.26820443238353686 0.9401791426743442 0.010854816824966078 0.035188739603326934
20 0.26843057440072365 0.8259756877799104 0.011307100859339666 0.035828534868841966
20 0.26843057440072365 0.982085732565579 0.011307100859339666 0.035828534868841966
20 0.3048394391677974 0.826935380678183 0.010854816824966078 0.036468330134357005
76 0.32926277702397105 0.8515674984005118 0.011759384893713252 0.053742802303262956
104 0.3756218905472637 0.8522072936660269 0.011307100859339666 0.05630198336532309
18 0.3819538670284939 0.9433781190019194 0.019448213478064226 0.013435700575815739
16 0.4120307553143374 0.8310940499040307 0.008141112618724558 0.03838771593090211
77 0.42401628222523746 0.8499680102367242 0.012211668928086838 0.05054382597568778
105 0.49344188150158297 0.8499680102367242 0.011759384893713252 0.05054382597568778
19 0.494572591587517 0.936980166346769 0.015829941203075532 0.014715291106845808
17 0.5092718227046585 0.8371721049264235 0.007236544549977386 0.04926423544465771
77 0.5203527815468114 0.8493282149712091 0.011307100859339666 0.04926423544465771
19 0.5361827227498869 0.9366602687140115 0.016734509271822705 0.014075495841330773
105 0.5676164631388512 0.8496481126039667 0.011759384893713252 0.05118362124120281
20 0.6526458616010855 0.8272552783109405 0.010854816824966078 0.03710812539987204
20 0.6752600633197648 0.9408189379398592 0.011759384893713252 0.036468330134357005
20 0.696969696969697 0.9408189379398592 0.011759384893713252 0.036468330134357005
20 0.8066485753052918 0.8272552783109405 0.011307100859339666 0.03710812539987204
20 0.8288104929895975 0.9404990403071017 0.011307100859339666 0.03710812539987204
18 0.8532338308457712 0.9430582213691618 0.01854364540931705 0.012795905310300703
