2 0.09183673469387756 0.13528138528138528 0.017346938775510204 0.051226551226551224
12 0.048214285714285716 0.1525974025974026 0.007653061224489797 0.049783549783549784
12 0.44923469387755105 0.15223665223665223 0.008673469387755102 0.049062049062049064
12 0.9341836734693878 0.15223665223665223 0.0071428571428571435 0.049062049062049064
12 0.22933673469387758 0.15223665223665223 0.008673469387755102 0.047619047619047616
12 0.3293367346938776 0.1525974025974026 0.007653061224489797 0.048340548340548344
12 0.5308673469387756 0.15295815295815296 0.008673469387755102 0.049062049062049064
12 0.6798469387755103 0.1525974025974026 0.008673469387755102 0.048340548340548344
12 0.8073979591836735 0.1525974025974026 0.008673469387755102 0.048340548340548344
12 0.6089285714285715 0.15404040404040403 0.008673469387755102 0.048340548340548344
14 0.263265306122449 0.14682539682539683 0.0071428571428571435 0.00937950937950938
2 0.09158163265306123 0.31385281385281383 0.01683673469387755 0.050505050505050504
12 0.22908163265306125 0.31637806637806637 0.00816326530612245 0.048340548340548344
12 0.3295918367346939 0.31673881673881676 0.00816326530612245 0.049062049062049064
12 0.5308673469387756 0.31601731601731603 0.008673469387755102 0.047619047619047616
12 0.6089285714285715 0.31637806637806637 0.007653061224489797 0.048340548340548344
12 0.6801020408163266 0.31782106782106784 0.009183673469387756 0.051226551226551224
12 0.8081632653061225 0.3152958152958153 0.0071428571428571435 0.046176046176046176
12 0.45051020408163267 0.31673881673881676 0.00816326530612245 0.047619047619047616
12 0.9336734693877552 0.3170995670995671 0.00816326530612245 0.048340548340548344
12 0.048469387755102046 0.31746031746031744 0.0071428571428571435 0.047619047619047616
14 0.13698979591836735 0.3232323232323232 0.00663265306122449 0.0101010101010101
2 0.09158163265306123 0.5414862914862915 0.01683673469387755 0.051226551226551224
12 0.5303571428571429 0.5461760461760462 0.008673469387755102 0.049062049062049064
12 0.6086734693877551 0.5458152958152959 0.009183673469387756 0.048340548340548344
12 0.048214285714285716 0.5461760461760462 0.007653061224489797 0.047619047619047616
12 0.2295918367346939 0.5461760461760462 0.00816326530612245 0.047619047619047616
12 0.32908163265306123 0.5461760461760462 0.00816326530612245 0.047619047619047616
12 0.4494897959183674 0.5461760461760462 0.00816326530612245 0.047619047619047616
12 0.6795918367346939 0.5461760461760462 0.00816326530612245 0.047619047619047616
12 0.8073979591836735 0.5468975468975469 0.008673469387755102 0.049062049062049064
12 0.9341836734693878 0.5468975468975469 0.00816326530612245 0.049062049062049064
14 0.264030612244898 0.551948051948052 0.00663265306122449 0.0101010101010101
2 0.09158163265306123 0.7521645021645021 0.01683673469387755 0.049783549783549784
12 0.047959183673469394 0.7572150072150072 0.0071428571428571435 0.048340548340548344
12 0.2295918367346939 0.7568542568542569 0.00816326530612245 0.047619047619047616
12 0.32908163265306123 0.7572150072150072 0.00816326530612245 0.048340548340548344
12 0.4497448979591837 0.7568542568542569 0.007653061224489797 0.047619047619047616
12 0.6089285714285715 0.7568542568542569 0.008673469387755102 0.047619047619047616
12 0.8073979591836735 0.7575757575757576 0.008673469387755102 0.049062049062049064
12 0.9339285714285716 0.7582972582972582 0.008673469387755102 0.050505050505050504
12 0.5306122448979592 0.7575757575757576 0.00816326530612245 0.047619047619047616
12 0.6795918367346939 0.7572150072150072 0.00816326530612245 0.046897546897546896
14 0.264030612244898 0.7633477633477633 0.00663265306122449 0.0101010101010101
2 0.09158163265306123 0.9563492063492064 0.01683673469387755 0.049783549783549784
12 0.047959183673469394 0.9689754689754689 0.00816326530612245 0.050505050505050504
12 0.22933673469387758 0.9682539682539683 0.008673469387755102 0.047619047619047616
12 0.3293367346938776 0.9682539682539683 0.008673469387755102 0.047619047619047616
12 0.4494897959183674 0.9682539682539683 0.00816326530612245 0.047619047619047616
12 0.5306122448979592 0.9686147186147186 0.00816326530612245 0.048340548340548344
12 0.6089285714285715 0.9686147186147186 0.008673469387755102 0.048340548340548344
12 0.6795918367346939 0.9682539682539683 0.009183673469387756 0.047619047619047616
12 0.8076530612244899 0.9686147186147186 0.009183673469387756 0.048340548340548344
12 0.9341836734693878 0.9689754689754689 0.00816326530612245 0.049062049062049064
14 0.26352040816326533 0.9743867243867244 0.00663265306122449 0.00937950937950938
26 0.06454081632653062 0.15079365079365079 0.023979591836734697 0.08946608946608947
133 0.1278061224489796 0.1461038961038961 0.01683673469387755 0.06421356421356421
133 0.14285714285714288 0.14646464646464646 0.01326530612244898 0.06637806637806638
134 0.15918367346938778 0.14502164502164502 0.01326530612244898 0.06637806637806638
134 0.175765306122449 0.14393939393939395 0.012755102040816327 0.06854256854256854
105 0.20612244897959187 0.1562049062049062 0.012244897959183675 0.05844155844155844
104 0.2198979591836735 0.1590909090909091 0.012244897959183675 0.06421356421356421
103 0.25229591836734694 0.1608946608946609 0.012755102040816327 0.06637806637806638
135 0.29260204081632657 0.15873015873015872 0.013775510204081635 0.06204906204906205
76 0.3137755102040817 0.15836940836940838 0.01326530612244898 0.06132756132756133
15 0.33954081632653066 0.16486291486291485 0.011734693877551022 0.03823953823953824
132 0.3545918367346939 0.15043290043290045 0.015306122448979593 0.05411255411255411
132 0.36964285714285716 0.15115440115440115 0.012755102040816327 0.05411255411255411
132 0.3859693877551021 0.15043290043290045 0.012755102040816327 0.05555555555555555
133 0.4089285714285715 0.15007215007215008 0.012755102040816327 0.05627705627705628
74 0.42627551020408166 0.14646464646464646 0.013775510204081635 0.06349206349206349
103 0.4594387755102041 0.16017316017316016 0.012755102040816327 0.06637806637806638
104 0.48086734693877553 0.15800865800865802 0.012755102040816327 0.06349206349206349
108 0.5005102040816327 0.1461038961038961 0.012244897959183675 0.06277056277056277
107 0.5145408163265307 0.14935064935064934 0.012755102040816327 0.05627705627705628
104 0.5400510204081633 0.15836940836940838 0.012755102040816327 0.06277056277056277
108 0.553061224489796 0.14646464646464646 0.012244897959183675 0.06204906204906205
15 0.5670918367346939 0.12842712842712842 0.010714285714285714 0.03896103896103896
107 0.5801020408163265 0.15043290043290045 0.012244897959183675 0.05844155844155844
105 0.5936224489795919 0.15548340548340547 0.012755102040816327 0.056998556998557
105 0.6178571428571429 0.15512265512265513 0.012244897959183675 0.05627705627705628
107 0.6311224489795919 0.1497113997113997 0.012244897959183675 0.056998556998557
106 0.6443877551020408 0.15295815295815296 0.012244897959183675 0.050505050505050504
103 0.6576530612244899 0.1608946608946609 0.012244897959183675 0.06782106782106782
53 0.6910714285714287 0.15043290043290045 0.01683673469387755 0.05844155844155844
138 0.8163265306122449 0.15115440115440115 0.012244897959183675 0.05844155844155844
138 0.8298469387755103 0.1518759018759019 0.012755102040816327 0.05988455988455989
138 0.8426020408163266 0.15007215007215008 0.013775510204081635 0.05772005772005772
138 0.8568877551020408 0.15007215007215008 0.012755102040816327 0.05772005772005772
138 0.8698979591836735 0.1497113997113997 0.01326530612244898 0.05844155844155844
138 0.8839285714285715 0.15043290043290045 0.011734693877551022 0.056998556998557
138 0.8974489795918368 0.15043290043290045 0.012244897959183675 0.056998556998557
139 0.9109693877551022 0.1471861471861472 0.011734693877551022 0.06204906204906205
140 0.9247448979591838 0.1443001443001443 0.015816326530612247 0.06782106782106782
138 0.9423469387755102 0.15007215007215008 0.012244897959183675 0.05627705627705628
138 0.9556122448979593 0.15007215007215008 0.012244897959183675 0.05772005772005772
138 0.9688775510204083 0.1497113997113997 0.01326530612244898 0.056998556998557
138 0.9831632653061225 0.15007215007215008 0.012244897959183675 0.05772005772005772
138 0.9943877551020409 0.14935064935064934 0.011224489795918368 0.05772005772005772
27 0.06505102040816327 0.31673881673881676 0.025 0.050505050505050504
101 0.12653061224489798 0.3142135642135642 0.01326530612244898 0.056998556998557
133 0.17831632653061227 0.31132756132756134 0.018877551020408164 0.06277056277056277
15 0.19362244897959185 0.3409090909090909 0.010714285714285714 0.03823953823953824
15 0.2392857142857143 0.3412698412698413 0.011224489795918368 0.03751803751803752
130 0.2528061224489796 0.31926406926406925 0.012755102040816327 0.06277056277056277
130 0.2663265306122449 0.3189033189033189 0.012244897959183675 0.06060606060606061
131 0.2795918367346939 0.3170995670995671 0.012244897959183675 0.05266955266955267
72 0.2938775510204082 0.3170995670995671 0.01326530612244898 0.051226551226551224
101 0.3206632653061225 0.3142135642135642 0.013775510204081635 0.056998556998557
102 0.3698979591836735 0.31132756132756134 0.012244897959183675 0.06132756132756133
106 0.4089285714285715 0.31673881673881676 0.012755102040816327 0.050505050505050504
105 0.42780612244897964 0.32106782106782106 0.012755102040816327 0.05772005772005772
102 0.4410714285714286 0.3116883116883117 0.012755102040816327 0.06204906204906205
106 0.46734693877551026 0.31673881673881676 0.01326530612244898 0.050505050505050504
15 0.4813775510204082 0.3051948051948052 0.010714285714285714 0.03751803751803752
105 0.49413265306122456 0.3207070707070707 0.012755102040816327 0.056998556998557
103 0.5076530612244898 0.3253968253968254 0.012244897959183675 0.06637806637806638
103 0.5211734693877551 0.3253968253968254 0.012755102040816327 0.06637806637806638
105 0.5469387755102041 0.3203463203463203 0.01326530612244898 0.05772005772005772
104 0.5668367346938776 0.32287157287157287 0.01326530612244898 0.06421356421356421
136 0.6571428571428573 0.3189033189033189 0.01326530612244898 0.05483405483405483
136 0.6711734693877551 0.3185425685425685 0.012755102040816327 0.05411255411255411
136 0.6892857142857144 0.3185425685425685 0.015306122448979593 0.05411255411255411
136 0.703826530612245 0.3181818181818182 0.011734693877551022 0.05339105339105339
136 0.7165816326530613 0.3181818181818182 0.013775510204081635 0.05339105339105339
136 0.7308673469387755 0.31746031746031744 0.011734693877551022 0.05194805194805195
136 0.7446428571428572 0.3170995670995671 0.011734693877551022 0.051226551226551224
137 0.7581632653061225 0.3170995670995671 0.012244897959183675 0.051226551226551224
138 0.7704081632653061 0.31457431457431456 0.014285714285714287 0.05772005772005772
136 0.7852040816326531 0.3185425685425685 0.012244897959183675 0.05411255411255411
136 0.7979591836734694 0.3181818181818182 0.012244897959183675 0.05339105339105339
136 0.8209183673469389 0.3181818181818182 0.0163265306122449 0.05339105339105339
136 0.8367346938775511 0.3185425685425685 0.012244897959183675 0.05411255411255411
136 0.8548469387755103 0.3185425685425685 0.015816326530612247 0.05411255411255411
136 0.8724489795918368 0.30916305916305914 0.0163265306122449 0.07287157287157287
129 0.8844387755102041 0.31673881673881676 0.013775510204081635 0.07792207792207792
129 0.8982142857142857 0.3181818181818182 0.012755102040816327 0.0735930735930736
129 0.9112244897959184 0.3207070707070707 0.012244897959183675 0.0670995670995671
104 0.9242346938775511 0.3235930735930736 0.012755102040816327 0.06565656565656566
103 0.9627551020408164 0.3246753246753247 0.01326530612244898 0.06637806637806638
27 0.06505102040816327 0.5461760461760462 0.025 0.05194805194805195
131 0.12729591836734694 0.5458152958152959 0.01683673469387755 0.05266955266955267
131 0.14285714285714288 0.5454545454545454 0.01326530612244898 0.05339105339105339
132 0.15892857142857145 0.5447330447330447 0.012755102040816327 0.05483405483405483
132 0.175765306122449 0.5440115440115441 0.012755102040816327 0.05627705627705628
103 0.20612244897959187 0.5541125541125541 0.012244897959183675 0.06637806637806638
102 0.22066326530612246 0.54004329004329 0.012755102040816327 0.06132756132756133
101 0.25306122448979596 0.5432900432900433 0.01326530612244898 0.05772005772005772
133 0.29617346938775513 0.5404040404040404 0.018877551020408164 0.06204906204906205
74 0.31454081632653064 0.54004329004329 0.013775510204081635 0.06132756132756133
15 0.33979591836734696 0.56998556998557 0.011224489795918368 0.03751803751803752
130 0.35510204081632657 0.5494227994227994 0.015306122448979593 0.05844155844155844
130 0.3701530612244898 0.5494227994227994 0.012755102040816327 0.05844155844155844
130 0.38647959183673475 0.5494227994227994 0.012755102040816327 0.05844155844155844
131 0.4091836734693878 0.5461760461760462 0.01326530612244898 0.05194805194805195
72 0.426530612244898 0.5461760461760462 0.014285714285714287 0.05194805194805195
101 0.4596938775510204 0.5429292929292929 0.01326530612244898 0.056998556998557
102 0.48163265306122455 0.5404040404040404 0.01326530612244898 0.06060606060606061
106 0.5010204081632653 0.5461760461760462 0.01326530612244898 0.05194805194805195
105 0.5150510204081633 0.5487012987012987 0.012755102040816327 0.05555555555555555
102 0.5403061224489797 0.5414862914862915 0.012244897959183675 0.06132756132756133
106 0.5540816326530613 0.5447330447330447 0.01326530612244898 0.050505050505050504
15 0.5673469387755102 0.5335497835497836 0.010204081632653062 0.03535353535353535
105 0.5806122448979593 0.5494227994227994 0.012244897959183675 0.056998556998557
103 0.5941326530612245 0.5537518037518038 0.011734693877551022 0.06565656565656566
105 0.6316326530612245 0.5505050505050505 0.011224489795918368 0.06060606060606061
104 0.6448979591836735 0.5515873015873016 0.012244897959183675 0.06277056277056277
101 0.6581632653061225 0.5429292929292929 0.01326530612244898 0.056998556998557
51 0.6913265306122449 0.5468975468975469 0.018367346938775512 0.05194805194805195
136 0.8165816326530613 0.5476190476190477 0.011734693877551022 0.05339105339105339
136 0.8295918367346939 0.5472582972582972 0.011224489795918368 0.05411255411255411
136 0.8426020408163266 0.5468975468975469 0.013775510204081635 0.05339105339105339
136 0.8568877551020408 0.5476190476190477 0.011734693877551022 0.05339105339105339
136 0.8696428571428573 0.5468975468975469 0.013775510204081635 0.05339105339105339
136 0.8839285714285715 0.5458152958152959 0.011734693877551022 0.05266955266955267
136 0.8977040816326531 0.5465367965367965 0.011734693877551022 0.051226551226551224
137 0.9109693877551022 0.5461760461760462 0.011734693877551022 0.050505050505050504
138 0.9242346938775511 0.5436507936507936 0.01479591836734694 0.056998556998557
136 0.942091836734694 0.5476190476190477 0.011734693877551022 0.05339105339105339
136 0.9556122448979593 0.5476190476190477 0.011224489795918368 0.05339105339105339
136 0.9683673469387756 0.5468975468975469 0.01326530612244898 0.05339105339105339
136 0.9831632653061225 0.5472582972582972 0.012244897959183675 0.05411255411255411
136 0.9943877551020409 0.5465367965367965 0.011224489795918368 0.05411255411255411
37 0.06454081632653062 0.7633477633477633 0.025 0.06493506493506493
131 0.12729591836734694 0.7572150072150072 0.015816326530612247 0.05266955266955267
131 0.14260204081632655 0.7568542568542569 0.012755102040816327 0.05339105339105339
132 0.15892857142857145 0.7561327561327561 0.012755102040816327 0.05483405483405483
132 0.175765306122449 0.7550505050505051 0.012755102040816327 0.05555555555555555
103 0.20612244897959187 0.7651515151515151 0.012244897959183675 0.06565656565656566
102 0.22066326530612246 0.7507215007215007 0.012755102040816327 0.06132756132756133
101 0.25306122448979596 0.7546897546897547 0.01326530612244898 0.05772005772005772
133 0.29642857142857143 0.7518037518037518 0.018367346938775512 0.06204906204906205
74 0.3150510204081633 0.7518037518037518 0.013775510204081635 0.06204906204906205
16 0.3400510204081633 0.7673160173160173 0.00969387755102041 0.032467532467532464
131 0.3543367346938776 0.7572150072150072 0.015816326530612247 0.051226551226551224
131 0.36964285714285716 0.7572150072150072 0.012755102040816327 0.05266955266955267
131 0.3859693877551021 0.7572150072150072 0.012755102040816327 0.05266955266955267
17 0.39795918367346944 0.7756132756132756 0.00816326530612245 0.03751803751803752
131 0.40943877551020413 0.7575757575757576 0.012755102040816327 0.05194805194805195
72 0.426530612244898 0.7575757575757576 0.014285714285714287 0.05194805194805195
101 0.4596938775510204 0.7546897546897547 0.01326530612244898 0.05627705627705628
102 0.48163265306122455 0.7514430014430015 0.01326530612244898 0.06132756132756133
106 0.5010204081632653 0.7572150072150072 0.01326530612244898 0.05266955266955267
105 0.5150510204081633 0.7597402597402597 0.012755102040816327 0.05627705627705628
102 0.5405612244897959 0.7510822510822511 0.012755102040816327 0.06060606060606061
106 0.5543367346938776 0.7568542568542569 0.013775510204081635 0.050505050505050504
16 0.5676020408163266 0.733044733044733 0.007653061224489797 0.030303030303030304
106 0.5803571428571429 0.7568542568542569 0.012755102040816327 0.050505050505050504
103 0.5938775510204082 0.7651515151515151 0.012244897959183675 0.06565656565656566
103 0.6181122448979592 0.7651515151515151 0.011734693877551022 0.06421356421356421
105 0.6313775510204083 0.7619047619047619 0.011734693877551022 0.05916305916305916
104 0.6448979591836735 0.762987012987013 0.012244897959183675 0.06277056277056277
101 0.6581632653061225 0.7543290043290043 0.01326530612244898 0.056998556998557
51 0.6913265306122449 0.7579365079365079 0.018367346938775512 0.05266955266955267
136 0.8165816326530613 0.7586580086580087 0.011734693877551022 0.05411255411255411
136 0.8298469387755103 0.7586580086580087 0.011734693877551022 0.05411255411255411
136 0.8426020408163266 0.7582972582972582 0.013775510204081635 0.05339105339105339
136 0.8568877551020408 0.7586580086580087 0.011734693877551022 0.05411255411255411
136 0.8693877551020409 0.7582972582972582 0.014285714285714287 0.05339105339105339
136 0.8839285714285715 0.7572150072150072 0.011734693877551022 0.05266955266955267
136 0.8977040816326531 0.7572150072150072 0.011734693877551022 0.051226551226551224
137 0.9109693877551022 0.7575757575757576 0.011734693877551022 0.050505050505050504
138 0.9242346938775511 0.7550505050505051 0.01479591836734694 0.056998556998557
136 0.9423469387755102 0.759018759018759 0.011224489795918368 0.05339105339105339
136 0.9556122448979593 0.7586580086580087 0.011224489795918368 0.05411255411255411
136 0.9686224489795919 0.7582972582972582 0.013775510204081635 0.05339105339105339
136 0.9829081632653062 0.7586580086580087 0.011734693877551022 0.05411255411255411
136 0.9943877551020409 0.7582972582972582 0.011224489795918368 0.05339105339105339
28 0.06556122448979593 0.9682539682539683 0.02602040816326531 0.050505050505050504
132 0.12755102040816327 0.9675324675324676 0.0163265306122449 0.050505050505050504
132 0.14285714285714288 0.9671717171717171 0.012244897959183675 0.05266955266955267
133 0.15892857142857145 0.9668109668109668 0.012755102040816327 0.05483405483405483
133 0.175765306122449 0.9660894660894661 0.012755102040816327 0.05627705627705628
104 0.20612244897959187 0.9707792207792207 0.012244897959183675 0.056998556998557
102 0.2528061224489796 0.9628427128427128 0.012755102040816327 0.06277056277056277
134 0.29285714285714287 0.9715007215007215 0.01326530612244898 0.056998556998557
15 0.33954081632653066 0.9837662337662337 0.011734693877551022 0.032467532467532464
131 0.3543367346938776 0.9682539682539683 0.015816326530612247 0.05194805194805195
131 0.36964285714285716 0.9678932178932179 0.012755102040816327 0.05266955266955267
131 0.3862244897959184 0.9671717171717171 0.01326530612244898 0.05266955266955267
132 0.4089285714285715 0.9668109668109668 0.012755102040816327 0.05339105339105339
73 0.4267857142857143 0.965007215007215 0.012755102040816327 0.05555555555555555
102 0.4596938775510204 0.9624819624819625 0.01326530612244898 0.06204906204906205
107 0.5010204081632653 0.965007215007215 0.01326530612244898 0.056998556998557
106 0.5150510204081633 0.9678932178932179 0.012755102040816327 0.049783549783549784
107 0.5543367346938776 0.9646464646464646 0.012755102040816327 0.05627705627705628
15 0.5673469387755102 0.9505772005772006 0.010204081632653062 0.03823953823953824
106 0.5803571428571429 0.9678932178932179 0.012755102040816327 0.049783549783549784
104 0.5938775510204082 0.9711399711399712 0.012244897959183675 0.05627705627705628
106 0.6313775510204083 0.9686147186147186 0.012755102040816327 0.05266955266955267
105 0.6451530612244899 0.9704184704184704 0.012755102040816327 0.05483405483405483
102 0.6581632653061225 0.9628427128427128 0.012244897959183675 0.06277056277056277
52 0.6915816326530613 0.9686147186147186 0.01785714285714286 0.051226551226551224
137 0.8165816326530613 0.9686147186147186 0.011734693877551022 0.051226551226551224
137 0.8295918367346939 0.9686147186147186 0.012244897959183675 0.051226551226551224
137 0.8426020408163266 0.9682539682539683 0.013775510204081635 0.050505050505050504
137 0.8566326530612246 0.9682539682539683 0.012244897959183675 0.050505050505050504
137 0.8696428571428573 0.9686147186147186 0.013775510204081635 0.051226551226551224
137 0.8841836734693879 0.9682539682539683 0.012244897959183675 0.050505050505050504
137 0.8974489795918368 0.9686147186147186 0.012244897959183675 0.049783549783549784
138 0.9109693877551022 0.9653679653679653 0.011734693877551022 0.05627705627705628
139 0.9237244897959185 0.9624819624819625 0.013775510204081635 0.06204906204906205
137 0.9423469387755102 0.9686147186147186 0.012244897959183675 0.049783549783549784
137 0.9556122448979593 0.9686147186147186 0.012244897959183675 0.049783549783549784
137 0.9683673469387756 0.9682539682539683 0.014285714285714287 0.050505050505050504
137 0.9831632653061225 0.9686147186147186 0.012244897959183675 0.051226551226551224
137 0.9941326530612246 0.9686147186147186 0.011734693877551022 0.049783549783549784
103 0.6173469387755103 0.5544733044733045 0.011224489795918368 0.06565656565656566
75 0.314030612244898 0.9718614718614719 0.012755102040816327 0.05627705627705628
103 0.22066326530612246 0.9718614718614719 0.012755102040816327 0.05627705627705628
103 0.48086734693877553 0.9718614718614719 0.012755102040816327 0.05627705627705628
103 0.5400510204081633 0.9704184704184704 0.012755102040816327 0.05627705627705628
