12 0.04872448979591837 0.05916305916305916 0.007653061224489797 0.049062049062049064
12 0.375765306122449 0.05808080808080808 0.007653061224489797 0.045454545454545456
12 0.9515306122448981 0.05844155844155844 0.00816326530612245 0.046176046176046176
12 0.9510204081632654 0.18795093795093795 0.009183673469387756 0.049783549783549784
12 0.048469387755102046 0.18903318903318903 0.0071428571428571435 0.049062049062049064
12 0.37525510204081636 0.18831168831168832 0.008673469387755102 0.047619047619047616
12 0.6612244897959184 0.481962481962482 0.009183673469387756 0.050505050505050504
12 0.048214285714285716 0.48268398268398266 0.007653061224489797 0.049062049062049064
12 0.3704081632653062 0.48268398268398266 0.00816326530612245 0.047619047619047616
12 0.0489795918367347 0.6125541125541125 0.00816326530612245 0.049062049062049064
12 0.6609693877551021 0.6118326118326118 0.00663265306122449 0.047619047619047616
12 0.3704081632653062 0.6125541125541125 0.00816326530612245 0.047619047619047616
12 0.04923469387755103 0.7420634920634921 0.007653061224489797 0.049783549783549784
12 0.3701530612244898 0.7424242424242424 0.00969387755102041 0.047619047619047616
12 0.6612244897959184 0.7413419913419913 0.009183673469387756 0.045454545454545456
14 0.6946428571428572 0.724025974025974 0.007653061224489797 0.00937950937950938
14 0.11301020408163266 0.7362914862914863 0.007653061224489797 0.010822510822510822
14 0.24362244897959187 0.7362914862914863 0.008673469387755102 0.010822510822510822
14 0.4696428571428572 0.7362914862914863 0.007653061224489797 0.010822510822510822
12 0.04872448979591837 0.8722943722943723 0.007653061224489797 0.049062049062049064
12 0.3704081632653062 0.8719336219336219 0.009183673469387756 0.048340548340548344
12 0.6599489795918368 0.8722943722943723 0.008673469387755102 0.049062049062049064
14 0.825765306122449 0.7359307359307359 0.00969387755102041 0.011544011544011544
12 0.664030612244898 0.05916305916305916 0.008673469387755102 0.050505050505050504
12 0.664795918367347 0.18867243867243869 0.009183673469387756 0.048340548340548344
12 0.9515306122448981 0.48268398268398266 0.00816326530612245 0.047619047619047616
12 0.9522959183673471 0.6121933621933622 0.008673469387755102 0.048340548340548344
12 0.9520408163265307 0.7420634920634921 0.009183673469387756 0.048340548340548344
12 0.9517857142857143 0.8722943722943723 0.00969387755102041 0.047619047619047616
26 0.06556122448979593 0.05663780663780664 0.025 0.09307359307359307
18 0.22602040816326532 0.049422799422799424 0.015306122448979593 0.012265512265512266
18 0.5196428571428572 0.049783549783549784 0.015816326530612247 0.012987012987012988
18 0.8076530612244899 0.049783549783549784 0.0163265306122449 0.012987012987012988
26 0.06556122448979593 0.1865079365079365 0.025 0.09307359307359307
21 0.10153061224489797 0.1893939393939394 0.01326530612244898 0.025252525252525252
132 0.1392857142857143 0.18578643578643578 0.01938775510204082 0.05411255411255411
21 0.1688775510204082 0.1893939393939394 0.012244897959183675 0.025252525252525252
132 0.20510204081632655 0.18542568542568544 0.01938775510204082 0.05483405483405483
21 0.23520408163265308 0.1893939393939394 0.012244897959183675 0.025252525252525252
132 0.2724489795918368 0.18578643578643578 0.01938775510204082 0.05555555555555555
21 0.30153061224489797 0.1893939393939394 0.012244897959183675 0.025252525252525252
132 0.35025510204081634 0.18578643578643578 0.019897959183673472 0.05555555555555555
21 0.38954081632653065 0.1893939393939394 0.012755102040816327 0.025252525252525252
131 0.427295918367347 0.1893939393939394 0.021938775510204084 0.051226551226551224
21 0.4568877551020409 0.18975468975468976 0.012755102040816327 0.025974025974025976
131 0.49413265306122456 0.18903318903318903 0.021938775510204084 0.05194805194805195
21 0.5234693877551021 0.1893939393939394 0.012244897959183675 0.025252525252525252
131 0.5614795918367348 0.1893939393939394 0.021938775510204084 0.051226551226551224
21 0.589795918367347 0.1893939393939394 0.012244897959183675 0.025252525252525252
131 0.6385204081632654 0.1893939393939394 0.020918367346938777 0.051226551226551224
21 0.6775510204081633 0.18975468975468976 0.012244897959183675 0.025974025974025976
131 0.715561224489796 0.1893939393939394 0.021938775510204084 0.051226551226551224
21 0.7448979591836735 0.1893939393939394 0.012244897959183675 0.025252525252525252
131 0.7818877551020409 0.1893939393939394 0.021938775510204084 0.051226551226551224
21 0.8112244897959184 0.1893939393939394 0.012244897959183675 0.025252525252525252
131 0.8492346938775511 0.1893939393939394 0.021938775510204084 0.051226551226551224
21 0.878061224489796 0.1893939393939394 0.012244897959183675 0.025252525252525252
131 0.9262755102040817 0.1893939393939394 0.020918367346938777 0.051226551226551224
26 0.06556122448979593 0.4805194805194805 0.025 0.09235209235209235
128 0.10433673469387757 0.49206349206349204 0.018877551020408164 0.0707070707070707
129 0.13494897959183674 0.4888167388167388 0.013775510204081635 0.06421356421356421
16 0.1545918367346939 0.5 0.009183673469387756 0.03318903318903319
130 0.1681122448979592 0.4855699855699856 0.012755102040816327 0.05772005772005772
128 0.19974489795918368 0.49134199134199136 0.015816326530612247 0.06926406926406926
129 0.23392857142857146 0.4888167388167388 0.01683673469387755 0.06421356421356421
130 0.26556122448979597 0.4855699855699856 0.013775510204081635 0.05772005772005772
158 0.29872448979591837 0.4917027417027417 0.01785714285714286 0.06998556998556998
159 0.31938775510204087 0.4888167388167388 0.01326530612244898 0.06421356421356421
130 0.34132653061224494 0.48593073593073594 0.01326530612244898 0.056998556998557
128 0.3941326530612245 0.4917027417027417 0.018877551020408164 0.06998556998556998
129 0.4255102040816327 0.4888167388167388 0.01326530612244898 0.06421356421356421
16 0.4456632653061225 0.49963924963924966 0.00969387755102041 0.03391053391053391
130 0.45892857142857146 0.4855699855699856 0.012755102040816327 0.05772005772005772
128 0.4908163265306123 0.49134199134199136 0.015306122448979593 0.06926406926406926
129 0.5247448979591838 0.4888167388167388 0.01683673469387755 0.06421356421356421
130 0.5563775510204082 0.4852092352092352 0.013775510204081635 0.05844155844155844
158 0.589795918367347 0.4917027417027417 0.018367346938775512 0.06998556998556998
159 0.6104591836734694 0.4888167388167388 0.012755102040816327 0.06421356421356421
130 0.6329081632653062 0.4852092352092352 0.013775510204081635 0.05844155844155844
127 0.6844387755102042 0.4945887445887446 0.01785714285714286 0.07575757575757576
128 0.7160714285714286 0.4917027417027417 0.015816326530612247 0.06998556998556998
129 0.7489795918367348 0.4884559884559885 0.014285714285714287 0.06493506493506493
127 0.7808673469387756 0.49386724386724384 0.015816326530612247 0.07575757575757576
128 0.8158163265306123 0.4917027417027417 0.01938775510204082 0.06998556998556998
129 0.8469387755102041 0.4880952380952381 0.01326530612244898 0.06421356421356421
157 0.8806122448979593 0.49422799422799424 0.018367346938775512 0.07647907647907648
158 0.9002551020408164 0.4917027417027417 0.01479591836734694 0.07142857142857142
129 0.9232142857142858 0.4884559884559885 0.013775510204081635 0.06349206349206349
26 0.06556122448979593 0.6107503607503607 0.025 0.09451659451659451
18 0.22346938775510206 0.6035353535353535 0.0163265306122449 0.013708513708513708
18 0.5155612244897959 0.6038961038961039 0.015816326530612247 0.012987012987012988
18 0.8063775510204082 0.6038961038961039 0.015816326530612247 0.012987012987012988
26 0.06581632653061226 0.7402597402597403 0.025510204081632654 0.09379509379509379
104 0.10153061224489797 0.7481962481962482 0.01326530612244898 0.06493506493506493
134 0.19974489795918368 0.7496392496392497 0.013775510204081635 0.06637806637806638
16 0.21938775510204084 0.7355699855699855 0.009183673469387756 0.03535353535353535
103 0.23239795918367348 0.7496392496392497 0.013775510204081635 0.06782106782106782
133 0.34515306122448985 0.7366522366522367 0.019897959183673472 0.06204906204906205
16 0.3801020408163266 0.7362914862914863 0.009183673469387756 0.03391053391053391
103 0.39260204081632655 0.7496392496392497 0.012755102040816327 0.06637806637806638
104 0.4581632653061225 0.7485569985569985 0.01326530612244898 0.06421356421356421
21 0.5563775510204082 0.7431457431457431 0.011734693877551022 0.024531024531024532
136 0.5880102040816327 0.7442279942279942 0.012755102040816327 0.05555555555555555
135 0.629591836734694 0.7449494949494949 0.018367346938775512 0.056998556998557
16 0.6701530612244898 0.7175324675324676 0.00969387755102041 0.03391053391053391
106 0.6834183673469388 0.7431457431457431 0.012755102040816327 0.05194805194805195
136 0.7806122448979592 0.7435064935064936 0.012244897959183675 0.05555555555555555
104 0.8137755102040817 0.7481962481962482 0.01326530612244898 0.06349206349206349
137 0.9232142857142858 0.7424242424242424 0.01479591836734694 0.05194805194805195
26 0.06581632653061226 0.8708513708513709 0.025510204081632654 0.09379509379509379
21 0.1017857142857143 0.8722943722943723 0.012755102040816327 0.024531024531024532
132 0.13852040816326533 0.8690476190476191 0.020918367346938777 0.056998556998557
21 0.1673469387755102 0.8722943722943723 0.012244897959183675 0.024531024531024532
132 0.20408163265306123 0.8697691197691197 0.02142857142857143 0.056998556998557
21 0.23239795918367348 0.8722943722943723 0.012755102040816327 0.024531024531024532
132 0.2696428571428572 0.8690476190476191 0.020918367346938777 0.056998556998557
21 0.2969387755102041 0.8722943722943723 0.012244897959183675 0.024531024531024532
132 0.34540816326530616 0.8697691197691197 0.02142857142857143 0.056998556998557
21 0.3920918367346939 0.8726551226551227 0.012755102040816327 0.025252525252525252
132 0.4298469387755102 0.8697691197691197 0.020918367346938777 0.056998556998557
21 0.4584183673469388 0.873015873015873 0.011734693877551022 0.024531024531024532
132 0.49464285714285716 0.8694083694083694 0.020918367346938777 0.05627705627705628
21 0.5232142857142857 0.8726551226551227 0.011734693877551022 0.023809523809523808
132 0.5604591836734695 0.8694083694083694 0.020918367346938777 0.05627705627705628
21 0.588265306122449 0.873015873015873 0.012244897959183675 0.024531024531024532
132 0.6362244897959184 0.8701298701298701 0.020408163265306124 0.05627705627705628
21 0.6829081632653062 0.873015873015873 0.012755102040816327 0.024531024531024532
131 0.7201530612244899 0.8726551226551227 0.021938775510204084 0.051226551226551224
21 0.7489795918367348 0.873015873015873 0.012244897959183675 0.024531024531024532
131 0.7852040816326531 0.8726551226551227 0.023469387755102045 0.051226551226551224
21 0.814030612244898 0.8726551226551227 0.012755102040816327 0.025252525252525252
131 0.850765306122449 0.8722943722943723 0.021938775510204084 0.050505050505050504
21 0.8785714285714287 0.8726551226551227 0.01326530612244898 0.025252525252525252
131 0.9265306122448981 0.8726551226551227 0.02142857142857143 0.051226551226551224
