12 0.5408163265306123 0.11904761904761904 0.00816326530612245 0.047619047619047616
12 0.3474489795918368 0.11976911976911978 0.00816326530612245 0.047619047619047616
12 0.7466836734693878 0.11976911976911978 0.008673469387755102 0.047619047619047616
12 0.9515306122448981 0.11940836940836941 0.00816326530612245 0.046897546897546896
12 0.048214285714285716 0.1204906204906205 0.00663265306122449 0.047619047619047616
8 0.10357142857142858 0.12987012987012986 0.03877551020408164 0.06204906204906205
12 0.048469387755102046 0.2398989898989899 0.0071428571428571435 0.049783549783549784
12 0.7469387755102042 0.23881673881673882 0.009183673469387756 0.047619047619047616
12 0.34693877551020413 0.2398989898989899 0.00816326530612245 0.048340548340548344
12 0.5408163265306123 0.2398989898989899 0.00816326530612245 0.048340548340548344
12 0.9515306122448981 0.2398989898989899 0.0071428571428571435 0.048340548340548344
8 0.10331632653061225 0.25072150072150073 0.03928571428571429 0.06277056277056277
8 0.10357142857142858 0.3838383838383838 0.04081632653061225 0.06637806637806638
12 0.0489795918367347 0.3878066378066378 0.0071428571428571435 0.049783549783549784
12 0.9515306122448981 0.3874458874458874 0.0071428571428571435 0.049062049062049064
12 0.34693877551020413 0.3878066378066378 0.00816326530612245 0.048340548340548344
12 0.5408163265306123 0.3878066378066378 0.00816326530612245 0.048340548340548344
12 0.7464285714285714 0.3878066378066378 0.00816326530612245 0.048340548340548344
14 0.6706632653061225 0.39321789321789324 0.00663265306122449 0.0101010101010101
14 0.3734693877551021 0.4051226551226551 0.0071428571428571435 0.010822510822510822
14 0.25867346938775515 0.4166666666666667 0.006122448979591837 0.00937950937950938
12 0.0489795918367347 0.5068542568542569 0.0071428571428571435 0.048340548340548344
12 0.3474489795918368 0.5072150072150072 0.009183673469387756 0.047619047619047616
12 0.5410714285714286 0.5072150072150072 0.008673469387755102 0.047619047619047616
14 0.5683673469387756 0.48953823953823955 0.0071428571428571435 0.012265512265512266
12 0.7464285714285714 0.5075757575757576 0.0071428571428571435 0.046897546897546896
12 0.9515306122448981 0.5075757575757576 0.00816326530612245 0.046897546897546896
14 0.46479591836734696 0.5018037518037518 0.0071428571428571435 0.00937950937950938
14 0.6706632653061225 0.5018037518037518 0.007653061224489797 0.00937950937950938
14 0.7742346938775511 0.512987012987013 0.00663265306122449 0.0101010101010101
12 0.9517857142857143 0.8015873015873016 0.007653061224489797 0.049062049062049064
12 0.048214285714285716 0.801948051948052 0.00663265306122449 0.048340548340548344
12 0.3275510204081633 0.801948051948052 0.00816326530612245 0.048340548340548344
12 0.536734693877551 0.801948051948052 0.00816326530612245 0.048340548340548344
12 0.7364795918367347 0.8015873015873016 0.007653061224489797 0.047619047619047616
8 0.10357142857142858 0.8131313131313131 0.03877551020408164 0.06204906204906205
12 0.04872448979591837 0.9217171717171717 0.00663265306122449 0.049783549783549784
12 0.7364795918367347 0.920995670995671 0.007653061224489797 0.048340548340548344
12 0.32704081632653065 0.9213564213564214 0.00816326530612245 0.047619047619047616
14 0.564030612244898 0.9036796536796536 0.00663265306122449 0.010822510822510822
12 0.9515306122448981 0.9224386724386724 0.00816326530612245 0.046897546897546896
12 0.536734693877551 0.9224386724386724 0.00816326530612245 0.045454545454545456
8 0.10382653061224491 0.9321789321789322 0.03928571428571429 0.06204906204906205
14 0.250765306122449 0.9155844155844156 0.007653061224489797 0.0101010101010101
14 0.663265306122449 0.9152236652236653 0.0071428571428571435 0.00937950937950938
33 0.06658163265306123 0.13095238095238096 0.023979591836734697 0.07431457431457432
107 0.1517857142857143 0.11652236652236653 0.011734693877551022 0.056998556998557
103 0.19948979591836735 0.12698412698412698 0.012244897959183675 0.06493506493506493
104 0.24719387755102043 0.1259018759018759 0.012755102040816327 0.06277056277056277
101 0.29566326530612247 0.11652236652236653 0.012755102040816327 0.056998556998557
20 0.35994897959183675 0.11796536796536797 0.011734693877551022 0.03968253968253968
106 0.40943877551020413 0.11940836940836941 0.012755102040816327 0.049783549783549784
105 0.4535714285714286 0.12229437229437229 0.012244897959183675 0.056998556998557
108 0.5007653061224491 0.113997113997114 0.011734693877551022 0.06349206349206349
135 0.5566326530612246 0.12193362193362194 0.012244897959183675 0.05627705627705628
136 0.5808673469387755 0.12012987012987013 0.012755102040816327 0.05266955266955267
137 0.6043367346938776 0.11940836940836941 0.012755102040816327 0.051226551226551224
138 0.6326530612244898 0.11652236652236653 0.0163265306122449 0.056998556998557
139 0.6591836734693878 0.113997113997114 0.012244897959183675 0.06204906204906205
140 0.6811224489795918 0.11075036075036075 0.0163265306122449 0.06854256854256854
110 0.7068877551020408 0.1075036075036075 0.013775510204081635 0.07647907647907648
141 0.7635204081632654 0.10714285714285714 0.013775510204081635 0.07575757575757576
140 0.7869897959183674 0.11038961038961038 0.012755102040816327 0.06926406926406926
139 0.8104591836734695 0.113997113997114 0.011734693877551022 0.06204906204906205
138 0.8318877551020409 0.11652236652236653 0.015816326530612247 0.056998556998557
78 0.8589285714285715 0.11940836940836941 0.012755102040816327 0.051226551226551224
33 0.06683673469387756 0.2510822510822511 0.025510204081632654 0.0735930735930736
133 0.15433673469387757 0.23376623376623376 0.01683673469387755 0.06349206349206349
133 0.17602040816326534 0.2352092352092352 0.01326530612244898 0.06204906204906205
132 0.19974489795918368 0.2362914862914863 0.012755102040816327 0.05844155844155844
131 0.22372448979591839 0.23737373737373738 0.013775510204081635 0.05772005772005772
132 0.2489795918367347 0.23953823953823955 0.0163265306122449 0.05194805194805195
131 0.2711734693877551 0.23953823953823955 0.013775510204081635 0.05194805194805195
130 0.2951530612244898 0.24242424242424243 0.013775510204081635 0.05772005772005772
15 0.31301020408163266 0.2694805194805195 0.010714285714285714 0.03823953823953824
129 0.32704081632653065 0.24603174603174602 0.01326530612244898 0.06349206349206349
130 0.36377551020408166 0.24314574314574314 0.0163265306122449 0.05772005772005772
131 0.3859693877551021 0.2398989898989899 0.013775510204081635 0.05266955266955267
101 0.40969387755102044 0.237012987012987 0.01326530612244898 0.056998556998557
132 0.4553571428571429 0.23809523809523808 0.015816326530612247 0.05483405483405483
131 0.47755102040816333 0.2398989898989899 0.01326530612244898 0.05266955266955267
99 0.501530612244898 0.24314574314574314 0.01326530612244898 0.05772005772005772
99 0.5576530612244899 0.2427849927849928 0.01326530612244898 0.05844155844155844
137 0.6043367346938776 0.24025974025974026 0.012755102040816327 0.05194805194805195
15 0.6224489795918368 0.227994227994228 0.011224489795918368 0.03896103896103896
136 0.6336734693877552 0.24134199134199133 0.0163265306122449 0.05411255411255411
137 0.6591836734693878 0.23917748917748918 0.012244897959183675 0.051226551226551224
138 0.6806122448979592 0.237012987012987 0.0163265306122449 0.056998556998557
108 0.7066326530612246 0.23376623376623376 0.012244897959183675 0.06349206349206349
108 0.7625000000000001 0.2334054834054834 0.011734693877551022 0.06421356421356421
103 0.8104591836734695 0.2474747474747475 0.012755102040816327 0.06637806637806638
104 0.8589285714285715 0.24603174603174602 0.012755102040816327 0.06349206349206349
130 0.9086734693877552 0.2435064935064935 0.0163265306122449 0.05844155844155844
131 0.9306122448979592 0.24025974025974026 0.01326530612244898 0.05194805194805195
34 0.06683673469387756 0.38095238095238093 0.025510204081632654 0.06060606060606061
73 0.1528061224489796 0.38167388167388167 0.012755102040816327 0.05916305916305916
129 0.24719387755102043 0.3935786435786436 0.013775510204081635 0.06421356421356421
130 0.33010204081632655 0.39105339105339104 0.01938775510204082 0.05772005772005772
100 0.3619897959183674 0.3878066378066378 0.012755102040816327 0.051226551226551224
132 0.4316326530612245 0.38492063492063494 0.01938775510204082 0.05555555555555555
73 0.4543367346938776 0.38167388167388167 0.013775510204081635 0.05916305916305916
75 0.5573979591836735 0.39285714285714285 0.012755102040816327 0.06421356421356421
102 0.6594387755102041 0.38203463203463206 0.012755102040816327 0.06132756132756133
132 0.7293367346938776 0.38492063492063494 0.019897959183673472 0.05555555555555555
72 0.7637755102040817 0.3874458874458874 0.014285714285714287 0.05194805194805195
131 0.8612244897959185 0.3874458874458874 0.017346938775510204 0.05194805194805195
130 0.8829081632653062 0.38997113997113997 0.013775510204081635 0.05988455988455989
131 0.9066326530612245 0.386002886002886 0.014285714285714287 0.05483405483405483
132 0.9306122448979592 0.3852813852813853 0.01326530612244898 0.05627705627705628
27 0.06556122448979593 0.5068542568542569 0.025 0.051226551226551224
15 0.13877551020408163 0.5194805194805194 0.010204081632653062 0.03751803751803752
73 0.1525510204081633 0.503968253968254 0.01326530612244898 0.05411255411255411
74 0.24821428571428575 0.5010822510822511 0.013775510204081635 0.06132756132756133
102 0.3622448979591837 0.5018037518037518 0.012244897959183675 0.06132756132756133
100 0.40969387755102044 0.5079365079365079 0.01326530612244898 0.050505050505050504
104 0.45331632653061227 0.5133477633477633 0.012755102040816327 0.06421356421356421
133 0.5237244897959185 0.5014430014430015 0.019897959183673472 0.06204906204906205
105 0.5571428571428572 0.5086580086580087 0.012244897959183675 0.05483405483405483
136 0.6352040816326531 0.5093795093795094 0.01326530612244898 0.05627705627705628
104 0.6594387755102041 0.512987012987013 0.012755102040816327 0.06349206349206349
134 0.7250000000000001 0.5155122655122655 0.01326530612244898 0.0670995670995671
102 0.7630102040816327 0.5021645021645021 0.012755102040816327 0.06204906204906205
132 0.8385204081632653 0.5043290043290043 0.019897959183673472 0.05483405483405483
72 0.8594387755102042 0.5072150072150072 0.013775510204081635 0.050505050505050504
33 0.06658163265306123 0.8127705627705628 0.023979591836734697 0.07431457431457432
77 0.14821428571428572 0.8041125541125541 0.011734693877551022 0.05555555555555555
136 0.23979591836734696 0.8015873015873016 0.012244897959183675 0.05194805194805195
136 0.26198979591836735 0.8012265512265512 0.012755102040816327 0.051226551226551224
137 0.2839285714285715 0.8015873015873016 0.012755102040816327 0.050505050505050504
138 0.3045918367346939 0.7983405483405484 0.0163265306122449 0.056998556998557
80 0.34234693877551026 0.7958152958152959 0.012244897959183675 0.06349206349206349
139 0.43469387755102046 0.7958152958152959 0.012244897959183675 0.06349206349206349
15 0.4512755102040817 0.772005772005772 0.010714285714285714 0.03896103896103896
139 0.4642857142857143 0.7958152958152959 0.012244897959183675 0.06349206349206349
140 0.4869897959183674 0.7929292929292929 0.012755102040816327 0.06926406926406926
141 0.514795918367347 0.7893217893217893 0.0163265306122449 0.07647907647907648
83 0.5533163265306122 0.7867965367965368 0.01683673469387755 0.08297258297258298
21 0.6517857142857143 0.8023088023088023 0.011734693877551022 0.024531024531024532
137 0.6734693877551021 0.801948051948052 0.012244897959183675 0.051226551226551224
138 0.6961734693877552 0.7994227994227994 0.012755102040816327 0.05772005772005772
139 0.7168367346938777 0.7961760461760462 0.015306122448979593 0.06277056277056277
81 0.7525510204081634 0.7914862914862915 0.014285714285714287 0.06926406926406926
140 0.8492346938775511 0.7925685425685426 0.012755102040816327 0.06854256854256854
17 0.8642857142857143 0.7608225108225108 0.00816326530612245 0.03823953823953824
141 0.8760204081632654 0.7886002886002886 0.01326530612244898 0.07792207792207792
15 0.8920918367346939 0.7604617604617605 0.010714285714285714 0.03751803751803752
141 0.9056122448979592 0.7893217893217893 0.01326530612244898 0.07647907647907648
15 0.9219387755102042 0.7543290043290043 0.011224489795918368 0.03823953823953824
142 0.9334183673469388 0.7853535353535354 0.01683673469387755 0.08297258297258298
33 0.06683673469387756 0.9329004329004329 0.02448979591836735 0.07503607503607504
132 0.15025510204081635 0.9213564213564214 0.015816326530612247 0.050505050505050504
131 0.17168367346938776 0.9213564213564214 0.013775510204081635 0.05339105339105339
132 0.1941326530612245 0.9202741702741702 0.012755102040816327 0.05411255411255411
133 0.21683673469387757 0.9191919191919192 0.012244897959183675 0.05627705627705628
103 0.2392857142857143 0.9296536796536796 0.012244897959183675 0.06565656565656566
133 0.3109693877551021 0.9166666666666666 0.019897959183673472 0.06277056277056277
132 0.34260204081632656 0.9321789321789322 0.012755102040816327 0.07215007215007214
134 0.3673469387755102 0.9292929292929293 0.012244897959183675 0.06493506493506493
135 0.38954081632653065 0.926046176046176 0.012755102040816327 0.05988455988455989
136 0.41045918367346945 0.9246031746031746 0.01683673469387755 0.056998556998557
78 0.43469387755102046 0.9217171717171717 0.01326530612244898 0.051226551226551224
106 0.5525510204081633 0.9213564213564214 0.01326530612244898 0.050505050505050504
136 0.6293367346938776 0.9242424242424242 0.012755102040816327 0.05627705627705628
104 0.6517857142857143 0.9271284271284271 0.012755102040816327 0.06204906204906205
134 0.7188775510204082 0.9296536796536796 0.01326530612244898 0.0670995670995671
133 0.7520408163265306 0.9285714285714286 0.01326530612244898 0.06637806637806638
15 0.7686224489795919 0.915945165945166 0.011734693877551022 0.03968253968253968
135 0.7813775510204082 0.926046176046176 0.012755102040816327 0.05988455988455989
136 0.8040816326530613 0.9242424242424242 0.012244897959183675 0.05627705627705628
137 0.8244897959183675 0.9213564213564214 0.015306122448979593 0.05194805194805195
78 0.8492346938775511 0.9181096681096681 0.012755102040816327 0.056998556998557
