0 0.09744897959183674 0.07936507936507936 0.028571428571428574 0.05627705627705628
12 0.048214285714285716 0.09307359307359307 0.00663265306122449 0.049062049062049064
12 0.5923469387755103 0.09271284271284272 0.009183673469387756 0.048340548340548344
12 0.41556122448979593 0.09307359307359307 0.008673469387755102 0.047619047619047616
12 0.9515306122448981 0.09307359307359307 0.00816326530612245 0.047619047619047616
14 0.22831632653061226 0.07503607503607504 0.00663265306122449 0.0101010101010101
14 0.8227040816326532 0.12229437229437229 0.005612244897959184 0.00937950937950938
0 0.09719387755102042 0.19336219336219337 0.029081632653061226 0.05627705627705628
12 0.04872448979591837 0.20707070707070707 0.00663265306122449 0.050505050505050504
12 0.5926020408163266 0.205988455988456 0.008673469387755102 0.048340548340548344
12 0.41556122448979593 0.20634920634920634 0.008673469387755102 0.047619047619047616
12 0.9515306122448981 0.20634920634920634 0.00816326530612245 0.047619047619047616
14 0.22831632653061226 0.18831168831168832 0.00663265306122449 0.0101010101010101
14 0.8227040816326532 0.23593073593073594 0.005612244897959184 0.008658008658008658
0 0.09693877551020409 0.3055555555555556 0.028571428571428574 0.05555555555555555
12 0.04872448979591837 0.3203463203463203 0.00663265306122449 0.049062049062049064
12 0.4158163265306123 0.31962481962481964 0.00816326530612245 0.047619047619047616
12 0.5923469387755103 0.31998556998557 0.00816326530612245 0.048340548340548344
14 0.22831632653061226 0.30158730158730157 0.00663265306122449 0.0101010101010101
12 0.9515306122448981 0.31998556998557 0.00816326530612245 0.046897546897546896
14 0.8227040816326532 0.33766233766233766 0.00663265306122449 0.0101010101010101
0 0.09719387755102042 0.41955266955266957 0.029081632653061226 0.05555555555555555
12 0.048469387755102046 0.43362193362193363 0.0071428571428571435 0.049062049062049064
12 0.5923469387755103 0.43326118326118324 0.00816326530612245 0.048340548340548344
12 0.9512755102040817 0.43326118326118324 0.008673469387755102 0.048340548340548344
12 0.41530612244897963 0.43362193362193363 0.00816326530612245 0.047619047619047616
0 0.09719387755102042 0.5454545454545454 0.029081632653061226 0.05627705627705628
12 0.5926020408163266 0.5465367965367965 0.008673469387755102 0.048340548340548344
12 0.9512755102040817 0.5465367965367965 0.008673469387755102 0.048340548340548344
12 0.047959183673469394 0.5472582972582972 0.0071428571428571435 0.048340548340548344
12 0.41530612244897963 0.5468975468975469 0.00816326530612245 0.047619047619047616
0 0.09744897959183674 0.6464646464646464 0.02959183673469388 0.05627705627705628
12 0.048469387755102046 0.6605339105339105 0.006122448979591837 0.049783549783549784
12 0.5920918367346939 0.6598124098124099 0.008673469387755102 0.048340548340548344
12 0.41556122448979593 0.6598124098124099 0.007653061224489797 0.046897546897546896
12 0.9510204081632654 0.6601731601731602 0.009183673469387756 0.047619047619047616
14 0.33265306122448984 0.6540404040404041 0.0071428571428571435 0.00937950937950938
0 0.09744897959183674 0.7597402597402597 0.028571428571428574 0.05483405483405483
12 0.048469387755102046 0.7734487734487735 0.006122448979591837 0.049062049062049064
12 0.5928571428571429 0.773088023088023 0.009183673469387756 0.048340548340548344
12 0.9510204081632654 0.7734487734487735 0.009183673469387756 0.049062049062049064
12 0.41556122448979593 0.7734487734487735 0.007653061224489797 0.046176046176046176
14 0.33265306122448984 0.7911255411255411 0.005102040816326531 0.00937950937950938
0 0.09719387755102042 0.8856421356421357 0.029081632653061226 0.056998556998557
12 0.04872448979591837 0.8867243867243867 0.007653061224489797 0.049062049062049064
12 0.5926020408163266 0.8867243867243867 0.008673469387755102 0.047619047619047616
12 0.9512755102040817 0.8867243867243867 0.008673469387755102 0.047619047619047616
12 0.41556122448979593 0.887085137085137 0.008673469387755102 0.046897546897546896
14 0.33265306122448984 0.8694083694083694 0.006122448979591837 0.008658008658008658
26 0.06479591836734694 0.09523809523809523 0.023469387755102045 0.08513708513708514
100 0.13724489795918368 0.09307359307359307 0.01326530612244898 0.050505050505050504
77 0.2181122448979592 0.09632034632034632 0.012755102040816327 0.056998556998557
52 0.44923469387755105 0.09307359307359307 0.01683673469387755 0.050505050505050504
94 0.6216836734693878 0.11075036075036075 0.015816326530612247 0.08585858585858586
94 0.6994897959183675 0.11075036075036075 0.0163265306122449 0.08585858585858586
17 0.7645408163265307 0.1349206349206349 0.008673469387755102 0.03463203463203463
157 0.7788265306122449 0.10497835497835498 0.018877551020408164 0.07431457431457432
17 0.8005102040816328 0.12301587301587301 0.00816326530612245 0.03391053391053391
129 0.8130102040816327 0.09956709956709957 0.012755102040816327 0.06349206349206349
98 0.876530612244898 0.09884559884559885 0.01326530612244898 0.06349206349206349
26 0.06479591836734694 0.20815295815295815 0.023469387755102045 0.08585858585858586
100 0.13724489795918368 0.2067099567099567 0.01326530612244898 0.051226551226551224
77 0.21836734693877552 0.20959595959595959 0.01326530612244898 0.056998556998557
16 0.43392857142857144 0.2106782106782107 0.008673469387755102 0.031746031746031744
47 0.4494897959183674 0.205988455988456 0.017346938775510204 0.05266955266955267
94 0.6216836734693878 0.22438672438672438 0.015816326530612247 0.08658008658008658
94 0.6992346938775511 0.22438672438672438 0.01683673469387755 0.08658008658008658
17 0.7645408163265307 0.2481962481962482 0.008673469387755102 0.03463203463203463
157 0.7793367346938777 0.21861471861471862 0.019897959183673472 0.07503607503607504
17 0.8005102040816328 0.2362914862914863 0.00816326530612245 0.03391053391053391
129 0.8132653061224491 0.2124819624819625 0.01326530612244898 0.06277056277056277
98 0.8762755102040817 0.21284271284271283 0.013775510204081635 0.06349206349206349
26 0.06454081632653062 0.3217893217893218 0.023979591836734697 0.08658008658008658
101 0.1375 0.31673881673881676 0.012755102040816327 0.05627705627705628
78 0.21760204081632656 0.31998556998557 0.012755102040816327 0.051226551226551224
17 0.4352040816326531 0.31998556998557 0.00816326530612245 0.03391053391053391
49 0.4487244897959184 0.31962481962481964 0.015816326530612247 0.05194805194805195
17 0.6096938775510204 0.3676046176046176 0.00816326530612245 0.03535353535353535
95 0.6216836734693878 0.3333333333333333 0.015816326530612247 0.0808080808080808
95 0.6992346938775511 0.33405483405483405 0.01683673469387755 0.0808080808080808
158 0.7790816326530613 0.32936507936507936 0.020408163265306124 0.06998556998556998
17 0.8005102040816328 0.3437950937950938 0.00816326530612245 0.03535353535353535
130 0.8132653061224491 0.3225108225108225 0.01326530612244898 0.05627705627705628
99 0.876530612244898 0.32287157287157287 0.01326530612244898 0.05844155844155844
26 0.0642857142857143 0.4347041847041847 0.023469387755102045 0.08585858585858586
54 0.13979591836734695 0.42676767676767674 0.017346938775510204 0.06277056277056277
18 0.5040816326530613 0.42424242424242425 0.0163265306122449 0.012987012987012988
18 0.7719387755102042 0.42424242424242425 0.0163265306122449 0.012987012987012988
27 0.06505102040816327 0.5468975468975469 0.025 0.05194805194805195
49 0.13979591836734695 0.5461760461760462 0.0163265306122449 0.050505050505050504
18 0.5040816326530613 0.5378787878787878 0.0163265306122449 0.013708513708513708
18 0.7719387755102042 0.5378787878787878 0.0163265306122449 0.013708513708513708
26 0.06479591836734694 0.661976911976912 0.022448979591836737 0.08585858585858586
78 0.13724489795918368 0.6601731601731602 0.01326530612244898 0.050505050505050504
135 0.2737244897959184 0.665945165945166 0.012755102040816327 0.06204906204906205
103 0.32244897959183677 0.6681096681096681 0.01326530612244898 0.06637806637806638
49 0.44897959183673475 0.6590909090909091 0.017346938775510204 0.051226551226551224
18 0.7719387755102042 0.6511544011544012 0.0163265306122449 0.013708513708513708
26 0.06479591836734694 0.7748917748917749 0.022448979591836737 0.0836940836940837
27 0.0653061224489796 0.8874458874458875 0.02448979591836735 0.05194805194805195
79 0.13698979591836735 0.8834776334776335 0.012755102040816327 0.056998556998557
75 0.1375 0.7806637806637806 0.012755102040816327 0.06493506493506493
136 0.2737244897959184 0.88997113997114 0.012755102040816327 0.056998556998557
132 0.2778061224489796 0.7709235209235209 0.019897959183673472 0.05555555555555555
16 0.3102040816326531 0.8625541125541125 0.00816326530612245 0.03391053391053391
106 0.3227040816326531 0.8867243867243867 0.012755102040816327 0.050505050505050504
100 0.32295918367346943 0.7738095238095238 0.01326530612244898 0.051226551226551224
16 0.43392857142857144 0.8618326118326118 0.007653061224489797 0.032467532467532464
17 0.43494897959183676 0.8033910533910534 0.008673469387755102 0.03535353535353535
52 0.44821428571428573 0.887085137085137 0.01683673469387755 0.05266955266955267
44 0.4494897959183674 0.7792207792207793 0.0163265306122449 0.06493506493506493
108 0.6206632653061225 0.8813131313131313 0.012755102040816327 0.06421356421356421
97 0.6211734693877552 0.7821067821067821 0.01479591836734694 0.06926406926406926
20 0.6977040816326531 0.8874458874458875 0.011734693877551022 0.03896103896103896
20 0.6979591836734694 0.7738095238095238 0.011224489795918368 0.03823953823953824
19 0.7757653061224491 0.7716450216450217 0.01683673469387755 0.013708513708513708
19 0.7757653061224491 0.8845598845598845 0.01683673469387755 0.012987012987012988
