7 0.09362244897959185 0.26406926406926406 0.020918367346938777 0.05483405483405483
12 0.047959183673469394 0.27813852813852813 0.0071428571428571435 0.051226551226551224
12 0.9517857142857143 0.2777777777777778 0.007653061224489797 0.049062049062049064
12 0.27066326530612245 0.2777777777777778 0.008673469387755102 0.047619047619047616
12 0.42627551020408166 0.2774170274170274 0.008673469387755102 0.046897546897546896
12 0.7354591836734694 0.2774170274170274 0.008673469387755102 0.046897546897546896
0 0.09642857142857143 0.5003607503607503 0.028571428571428574 0.056998556998557
12 0.048214285714285716 0.5147907647907648 0.007653061224489797 0.049783549783549784
12 0.42627551020408166 0.5144300144300145 0.008673469387755102 0.049062049062049064
12 0.7346938775510204 0.5144300144300145 0.010204081632653062 0.049062049062049064
12 0.27066326530612245 0.5147907647907648 0.008673469387755102 0.048340548340548344
12 0.9515306122448981 0.5151515151515151 0.00816326530612245 0.049062049062049064
134 0.13137755102040818 0.024531024531024532 0.012755102040816327 0.047619047619047616
134 0.17321428571428574 0.024531024531024532 0.015816326530612247 0.047619047619047616
134 0.1969387755102041 0.024531024531024532 0.012244897959183675 0.047619047619047616
75 0.2209183673469388 0.023809523809523808 0.012244897959183675 0.046176046176046176
18 0.34846938775510206 0.01948051948051948 0.0163265306122449 0.012987012987012988
18 0.5806122448979593 0.01984126984126984 0.0163265306122449 0.013708513708513708
134 0.7533163265306123 0.024170274170274172 0.015816326530612247 0.046897546897546896
134 0.776530612244898 0.024531024531024532 0.012244897959183675 0.047619047619047616
134 0.8010204081632654 0.024531024531024532 0.012244897959183675 0.047619047619047616
134 0.8260204081632654 0.024531024531024532 0.01326530612244898 0.047619047619047616
18 0.8436224489795919 0.01911976911976912 0.01479591836734694 0.012265512265512266
134 0.8821428571428572 0.024531024531024532 0.020408163265306124 0.047619047619047616
103 0.9051020408163266 0.024531024531024532 0.012244897959183675 0.047619047619047616
26 0.06479591836734694 0.27886002886002886 0.023469387755102045 0.08441558441558442
18 0.19744897959183674 0.25685425685425683 0.0163265306122449 0.012987012987012988
18 0.34846938775510206 0.25685425685425683 0.0163265306122449 0.012987012987012988
137 0.702295918367347 0.26334776334776333 0.012755102040816327 0.0808080808080808
134 0.7505102040816327 0.2860750360750361 0.01326530612244898 0.06854256854256854
21 0.775 0.25252525252525254 0.011224489795918368 0.023088023088023088
133 0.8025510204081633 0.2756132756132756 0.0163265306122449 0.05627705627705628
132 0.8262755102040817 0.2766955266955267 0.012755102040816327 0.05555555555555555
131 0.8533163265306123 0.2745310245310245 0.01785714285714286 0.056998556998557
133 0.8785714285714287 0.27344877344877344 0.01326530612244898 0.05916305916305916
135 0.905357142857143 0.27164502164502163 0.012755102040816327 0.06277056277056277
134 0.930357142857143 0.2702020202020202 0.012755102040816327 0.06565656565656566
26 0.06479591836734694 0.5158730158730159 0.023469387755102045 0.08513708513708514
103 0.1306122448979592 0.5068542568542569 0.01326530612244898 0.0670995670995671
143 0.17244897959183675 0.4805194805194805 0.01938775510204082 0.11976911976911978
144 0.19642857142857145 0.4801587301587302 0.0163265306122449 0.12193362193362194
78 0.22066326530612246 0.5007215007215007 0.012755102040816327 0.07792207792207792
75 0.28571428571428575 0.5223665223665224 0.01326530612244898 0.06637806637806638
137 0.34234693877551026 0.5147907647907648 0.012244897959183675 0.051226551226551224
140 0.36658163265306126 0.5061327561327561 0.018877551020408164 0.06854256854256854
106 0.3931122448979592 0.5147907647907648 0.013775510204081635 0.051226551226551224
99 0.4438775510204082 0.5173160173160173 0.012244897959183675 0.05772005772005772
101 0.5191326530612246 0.5119047619047619 0.012755102040816327 0.056998556998557
102 0.5915816326530613 0.5093795093795094 0.012755102040816327 0.06349206349206349
133 0.6665816326530613 0.509018759018759 0.01683673469387755 0.06421356421356421
131 0.7025510204081633 0.5122655122655123 0.01326530612244898 0.05916305916305916
129 0.7525510204081634 0.5209235209235209 0.0163265306122449 0.06349206349206349
128 0.7760204081632653 0.5234487734487735 0.015306122448979593 0.06854256854256854
127 0.8010204081632654 0.5266955266955267 0.015306122448979593 0.07503607503607504
126 0.8260204081632654 0.5288600288600288 0.015306122448979593 0.0808080808080808
127 0.8528061224489797 0.5263347763347763 0.01785714285714286 0.07431457431457432
129 0.878826530612245 0.5209235209235209 0.013775510204081635 0.06349206349206349
97 0.905357142857143 0.5234487734487735 0.01479591836734694 0.06998556998556998
