14 0.5453362255965293 0.3929447852760736 0.005206073752711497 0.007975460122699387
12 0.1195227765726681 0.43803680981595094 0.00737527114967462 0.04171779141104295
12 0.3898047722342733 0.4377300613496933 0.006507592190889371 0.04110429447852761
12 0.5223427331887202 0.4377300613496933 0.007809110629067245 0.04110429447852761
12 0.6442516268980477 0.4374233128834356 0.007809110629067245 0.04049079754601227
12 0.951409978308026 0.43803680981595094 0.006941431670281995 0.04171779141104295
12 0.8151843817787419 0.4377300613496933 0.006941431670281995 0.03987730061349694
12 0.951409978308026 0.6322085889570552 0.006941431670281995 0.04110429447852761
12 0.12039045553145336 0.6331288343558282 0.00824295010845987 0.04171779141104295
12 0.3898047722342733 0.6325153374233129 0.00737527114967462 0.04049079754601227
12 0.5221258134490239 0.6322085889570552 0.006507592190889371 0.03987730061349694
12 0.644468546637744 0.6322085889570552 0.00737527114967462 0.03987730061349694
12 0.8151843817787419 0.6325153374233129 0.006941431670281995 0.04049079754601227
14 0.5449023861171366 0.8006134969325154 0.006073752711496746 0.008588957055214725
12 0.12017353579175705 0.8269938650306748 0.007809110629067245 0.04171779141104295
12 0.951409978308026 0.8269938650306748 0.006941431670281995 0.04171779141104295
12 0.3898047722342733 0.8269938650306748 0.00737527114967462 0.04049079754601227
12 0.5221258134490239 0.8266871165644172 0.006507592190889371 0.03987730061349694
12 0.6442516268980477 0.8269938650306748 0.006941431670281995 0.04049079754601227
12 0.8151843817787419 0.8269938650306748 0.006941431670281995 0.04049079754601227
27 0.13318872017353578 0.43803680981595094 0.022559652928416486 0.044171779141104296
15 0.15379609544468545 0.4285276073619632 0.010845986984815618 0.03374233128834356
97 0.19631236442516267 0.44509202453987734 0.013449023861171366 0.05950920245398773
15 0.22255965292841648 0.47361963190184053 0.009544468546637744 0.03190184049079755
157 0.23622559652928415 0.4484662576687117 0.014316702819956615 0.0638036809815951
158 0.2529284164859002 0.44601226993865034 0.012147505422993492 0.05766871165644172
160 0.2739696312364425 0.4404907975460123 0.011713665943600867 0.049079754601226995
162 0.29457700650759217 0.4368098159509203 0.011279826464208243 0.04539877300613497
165 0.3143167028199566 0.44325153374233134 0.010845986984815618 0.054601226993865035
167 0.33470715835140996 0.4401840490797546 0.010845986984815618 0.049693251533742336
169 0.35531453362255966 0.4331288343558283 0.010412147505422993 0.05521472392638037
172 0.37483731019522776 0.42546012269938654 0.01561822125813449 0.06932515337423313
144 0.40260303687635574 0.4205521472392638 0.01388286334056399 0.07914110429447853
21 0.42950108459869846 0.43895705521472395 0.008676789587852495 0.02147239263803681
34 0.44837310195227764 0.4349693251533743 0.017787418655097614 0.05030674846625767
83 0.4789587852494577 0.4257668711656442 0.013015184381778741 0.07116564417177915
83 0.5357917570498916 0.4260736196319019 0.013015184381778741 0.07055214723926381
83 0.66529284164859 0.4260736196319019 0.012581344902386117 0.07055214723926381
143 0.7696312364425162 0.4242331288343559 0.012147505422993492 0.07546012269938651
197 0.8032537960954447 0.4257668711656442 0.016919739696312365 0.0687116564417178
111 0.8279826464208243 0.4260736196319019 0.014316702819956615 0.06932515337423313
142 0.8655097613882863 0.4260736196319019 0.01388286334056399 0.06932515337423313
21 0.8928416485900217 0.4383435582822086 0.008676789587852495 0.020245398773006136
20 0.9184381778741865 0.4365030674846626 0.008676789587852495 0.03128834355828221
27 0.937527114967462 0.43803680981595094 0.01822125813449024 0.04294478527607362
27 0.13383947939262472 0.6325153374233129 0.02125813449023861 0.044171779141104296
15 0.15379609544468545 0.6223926380368099 0.010845986984815618 0.03374233128834356
18 0.28329718004338394 0.6251533742331289 0.01561822125813449 0.012269938650306749
18 0.4563991323210412 0.6251533742331289 0.01561822125813449 0.012269938650306749
111 0.5357917570498916 0.6205521472392639 0.01388286334056399 0.06932515337423313
15 0.561822125813449 0.5975460122699386 0.009544468546637744 0.033128834355828224
110 0.5737527114967462 0.6226993865030676 0.012581344902386117 0.06625766871165645
111 0.6114967462039045 0.6208588957055216 0.013449023861171366 0.0687116564417178
144 0.6650759219088936 0.6156441717791411 0.013015184381778741 0.07791411042944786
196 0.6978308026030369 0.6184049079754601 0.016919739696312365 0.07730061349693251
143 0.7154013015184382 0.6171779141104294 0.013015184381778741 0.0736196319018405
21 0.7420824295010846 0.6331288343558282 0.00911062906724512 0.020858895705521473
20 0.7681127982646421 0.6312883435582822 0.009978308026030369 0.03190184049079755
18 0.8733188720173536 0.6251533742331289 0.01561822125813449 0.012269938650306749
27 0.13405639913232104 0.8269938650306748 0.020824295010845987 0.044171779141104296
15 0.15379609544468545 0.8168711656441718 0.010845986984815618 0.03374233128834356
18 0.28329718004338394 0.8193251533742332 0.01561822125813449 0.012883435582822086
18 0.4561822125813449 0.8199386503067485 0.015184381778741865 0.011656441717791411
80 0.5355748373101952 0.8220858895705522 0.011713665943600867 0.05276073619631902
15 0.6533622559652928 0.7923312883435584 0.009544468546637744 0.03251533742331288
110 0.6648590021691974 0.8177914110429448 0.012581344902386117 0.06503067484662577
141 0.7151843817787419 0.8174846625766872 0.012581344902386117 0.06441717791411043
21 0.7420824295010846 0.8279141104294478 0.00911062906724512 0.02147239263803681
20 0.7681127982646421 0.8257668711656442 0.009978308026030369 0.03190184049079755
18 0.8733188720173536 0.8196319018404908 0.01561822125813449 0.012269938650306749
