8 0.09948979591836736 0.06854256854256854 0.03469387755102041 0.06349206349206349
12 0.4556122448979592 0.07178932178932179 0.0071428571428571435 0.049783549783549784
12 0.048469387755102046 0.07215007215007214 0.00816326530612245 0.049062049062049064
12 0.9512755102040817 0.07142857142857142 0.008673469387755102 0.047619047619047616
12 0.29285714285714287 0.07215007215007214 0.00816326530612245 0.047619047619047616
12 0.614030612244898 0.07215007215007214 0.008673469387755102 0.047619047619047616
12 0.7918367346938776 0.07215007215007214 0.00816326530612245 0.047619047619047616
8 0.09923469387755103 0.18578643578643578 0.03316326530612245 0.056998556998557
12 0.04872448979591837 0.19155844155844157 0.007653061224489797 0.048340548340548344
12 0.29285714285714287 0.19083694083694083 0.00816326530612245 0.046897546897546896
12 0.45586734693877556 0.1911976911976912 0.007653061224489797 0.047619047619047616
12 0.6137755102040817 0.1911976911976912 0.009183673469387756 0.047619047619047616
12 0.7915816326530613 0.1911976911976912 0.008673469387755102 0.047619047619047616
12 0.9515306122448981 0.19155844155844157 0.00816326530612245 0.048340548340548344
12 0.048469387755102046 0.48484848484848486 0.0071428571428571435 0.049062049062049064
12 0.5275510204081633 0.48484848484848486 0.009183673469387756 0.049062049062049064
12 0.7306122448979593 0.4852092352092352 0.00816326530612245 0.048340548340548344
12 0.9517857142857143 0.4852092352092352 0.007653061224489797 0.048340548340548344
12 0.32397959183673475 0.487012987012987 0.009183673469387756 0.046176046176046176
8 0.0989795918367347 0.49567099567099565 0.0336734693877551 0.05772005772005772
8 0.09923469387755103 0.5923520923520923 0.03316326530612245 0.05627705627705628
12 0.048214285714285716 0.604978354978355 0.00663265306122449 0.049783549783549784
12 0.3237244897959184 0.6042568542568543 0.008673469387755102 0.048340548340548344
12 0.527295918367347 0.6042568542568543 0.008673469387755102 0.048340548340548344
12 0.7306122448979593 0.6042568542568543 0.00816326530612245 0.046897546897546896
12 0.9515306122448981 0.604978354978355 0.00816326530612245 0.048340548340548344
8 0.09948979591836736 0.7489177489177489 0.0336734693877551 0.06349206349206349
12 0.048469387755102046 0.7528860028860029 0.00816326530612245 0.049783549783549784
12 0.3237244897959184 0.7521645021645021 0.008673469387755102 0.048340548340548344
12 0.5275510204081633 0.7528860028860029 0.00816326530612245 0.048340548340548344
12 0.7306122448979593 0.7525252525252525 0.00816326530612245 0.047619047619047616
12 0.9515306122448981 0.7525252525252525 0.00816326530612245 0.047619047619047616
8 0.09974489795918368 0.8658008658008658 0.034183673469387756 0.05772005772005772
12 0.3237244897959184 0.8719336219336219 0.007653061224489797 0.048340548340548344
12 0.048469387755102046 0.8726551226551227 0.0071428571428571435 0.048340548340548344
12 0.5270408163265307 0.8726551226551227 0.00816326530612245 0.048340548340548344
12 0.7306122448979593 0.8722943722943723 0.00816326530612245 0.047619047619047616
12 0.9512755102040817 0.8722943722943723 0.008673469387755102 0.047619047619047616
34 0.06454081632653062 0.06565656565656566 0.02295918367346939 0.06060606060606061
73 0.14260204081632655 0.06565656565656566 0.013775510204081635 0.05916305916305916
21 0.2219387755102041 0.07106782106782107 0.010204081632653062 0.023809523809523808
136 0.24005102040816328 0.07467532467532467 0.010714285714285714 0.056998556998557
135 0.25892857142857145 0.07611832611832611 0.010714285714285714 0.06132756132756133
134 0.276530612244898 0.07828282828282829 0.01326530612244898 0.06277056277056277
74 0.30892857142857144 0.06565656565656566 0.01479591836734694 0.06060606060606061
21 0.3821428571428572 0.07178932178932179 0.011224489795918368 0.023809523809523808
134 0.40229591836734696 0.06565656565656566 0.01479591836734694 0.06349206349206349
133 0.41938775510204085 0.06746031746031746 0.011224489795918368 0.05988455988455989
132 0.438265306122449 0.06926406926406926 0.011224489795918368 0.05627705627705628
72 0.47040816326530616 0.07142857142857142 0.015306122448979593 0.05194805194805195
21 0.5438775510204082 0.07178932178932179 0.011224489795918368 0.023809523809523808
139 0.5622448979591838 0.06637806637806638 0.011224489795918368 0.06349206349206349
138 0.5811224489795919 0.06962481962481963 0.011224489795918368 0.056998556998557
137 0.5984693877551021 0.07178932178932179 0.01326530612244898 0.051226551226551224
77 0.6290816326530613 0.07467532467532467 0.01326530612244898 0.056998556998557
21 0.7079081632653061 0.07178932178932179 0.010714285714285714 0.023809523809523808
17 0.7201530612244899 0.05411255411255411 0.008673469387755102 0.03607503607503607
137 0.7303571428571429 0.07431457431457432 0.010714285714285714 0.05627705627705628
136 0.749234693877551 0.07647907647907648 0.010714285714285714 0.06060606060606061
135 0.7668367346938776 0.07828282828282829 0.014285714285714287 0.06277056277056277
103 0.8056122448979592 0.07900432900432901 0.011224489795918368 0.06565656565656566
108 0.842857142857143 0.06565656565656566 0.010204081632653062 0.06349206349206349
78 0.8826530612244898 0.07142857142857142 0.01326530612244898 0.050505050505050504
27 0.0642857142857143 0.19083694083694083 0.023469387755102045 0.051226551226551224
71 0.14234693877551022 0.1937229437229437 0.014285714285714287 0.056998556998557
20 0.2209183673469388 0.18614718614718614 0.011224489795918368 0.03463203463203463
106 0.2594387755102041 0.19155844155844157 0.011734693877551022 0.049783549783549784
76 0.3081632653061225 0.1976911976911977 0.014285714285714287 0.06204906204906205
20 0.3806122448979592 0.18614718614718614 0.010204081632653062 0.03463203463203463
104 0.41913265306122455 0.1976911976911977 0.010714285714285714 0.06349206349206349
74 0.4706632653061225 0.18542568542568544 0.013775510204081635 0.06060606060606061
20 0.5428571428571429 0.18614718614718614 0.011224489795918368 0.03463203463203463
109 0.5811224489795919 0.18326118326118326 0.012244897959183675 0.06782106782106782
79 0.6293367346938776 0.18903318903318903 0.013775510204081635 0.05772005772005772
20 0.7068877551020408 0.1865079365079365 0.011734693877551022 0.03535353535353535
107 0.7497448979591838 0.18903318903318903 0.010714285714285714 0.05772005772005772
77 0.8071428571428572 0.19444444444444445 0.01326530612244898 0.05555555555555555
21 0.8813775510204083 0.1919191919191919 0.010714285714285714 0.024531024531024532
137 0.8997448979591838 0.19480519480519481 0.010714285714285714 0.05772005772005772
136 0.9186224489795919 0.19624819624819625 0.010714285714285714 0.06060606060606061
135 0.9362244897959184 0.19733044733044733 0.014285714285714287 0.06421356421356421
33 0.06454081632653062 0.49603174603174605 0.021938775510204084 0.07287157287157287
105 0.13979591836734695 0.48773448773448774 0.010204081632653062 0.05627705627705628
106 0.18673469387755104 0.4852092352092352 0.011224489795918368 0.051226551226551224
76 0.2354591836734694 0.4906204906204906 0.013775510204081635 0.06204906204906205
104 0.33877551020408164 0.49134199134199136 0.011224489795918368 0.06349206349206349
140 0.38852040816326533 0.4769119769119769 0.010714285714285714 0.06926406926406926
77 0.4372448979591837 0.481962481962482 0.01326530612244898 0.05772005772005772
138 0.5428571428571429 0.48268398268398266 0.011224489795918368 0.05772005772005772
141 0.5688775510204083 0.47294372294372294 0.012244897959183675 0.07575757575757576
140 0.5923469387755103 0.47655122655122656 0.012244897959183675 0.06998556998556998
139 0.6137755102040817 0.47943722943722944 0.014285714285714287 0.06277056277056277
138 0.6395408163265307 0.48268398268398266 0.010714285714285714 0.05772005772005772
137 0.6627551020408163 0.4852092352092352 0.011224489795918368 0.051226551226551224
136 0.6859693877551021 0.48593073593073594 0.010714285714285714 0.05411255411255411
135 0.7079081632653061 0.48773448773448774 0.013775510204081635 0.05627705627705628
134 0.7461734693877552 0.49134199134199136 0.010714285714285714 0.06349206349206349
139 0.7714285714285715 0.4834054834054834 0.010204081632653062 0.07215007215007214
138 0.7954081632653062 0.48448773448773447 0.011224489795918368 0.06132756132756133
17 0.8127551020408164 0.4606782106782107 0.00816326530612245 0.03535353535353535
138 0.8214285714285715 0.48304473304473305 0.014285714285714287 0.056998556998557
15 0.8413265306122449 0.4613997113997114 0.009183673469387756 0.03535353535353535
77 0.8543367346938776 0.4823232323232323 0.012755102040816327 0.056998556998557
28 0.0642857142857143 0.6042568542568543 0.023469387755102045 0.049783549783549784
78 0.1410714285714286 0.6046176046176046 0.013775510204081635 0.050505050505050504
137 0.23392857142857146 0.604978354978355 0.010714285714285714 0.051226551226551224
138 0.2571428571428572 0.6031746031746031 0.011224489795918368 0.05916305916305916
137 0.2806122448979592 0.6067821067821068 0.011224489795918368 0.05483405483405483
136 0.30280612244897964 0.6075036075036075 0.01479591836734694 0.05627705627705628
135 0.339030612244898 0.6053391053391053 0.010714285714285714 0.05194805194805195
140 0.3645408163265306 0.5959595959595959 0.012755102040816327 0.06926406926406926
139 0.38852040816326533 0.5992063492063492 0.010714285714285714 0.06277056277056277
138 0.4102040816326531 0.6020923520923521 0.014285714285714287 0.056998556998557
137 0.4357142857142858 0.6042568542568543 0.011224489795918368 0.049783549783549784
139 0.4599489795918368 0.5988455988455988 0.010714285714285714 0.06204906204906205
138 0.4839285714285715 0.6020923520923521 0.010714285714285714 0.056998556998557
141 0.5066326530612245 0.5930735930735931 0.015306122448979593 0.07503607503607504
109 0.5426020408163266 0.5966810966810967 0.012755102040816327 0.06926406926406926
104 0.5918367346938777 0.6114718614718615 0.011224489795918368 0.06421356421356421
74 0.6418367346938776 0.5988455988455988 0.014285714285714287 0.06060606060606061
102 0.7461734693877552 0.5992063492063492 0.010714285714285714 0.06132756132756133
17 0.7844387755102041 0.5804473304473304 0.008673469387755102 0.0367965367965368
105 0.7951530612244899 0.6017316017316018 0.010714285714285714 0.05772005772005772
137 0.8525510204081633 0.6042568542568543 0.011224489795918368 0.049783549783549784
17 0.8696428571428573 0.5627705627705628 0.008673469387755102 0.03607503607503607
141 0.8811224489795919 0.5916305916305916 0.012244897959183675 0.07503607503607504
140 0.904591836734694 0.5952380952380952 0.011224489795918368 0.06782106782106782
15 0.9221938775510204 0.5753968253968254 0.00969387755102041 0.03391053391053391
139 0.9318877551020409 0.5992063492063492 0.013775510204081635 0.06277056277056277
34 0.06454081632653062 0.746031746031746 0.02295918367346939 0.06060606060606061
21 0.1403061224489796 0.7528860028860029 0.010204081632653062 0.023809523809523808
135 0.16301020408163266 0.7554112554112554 0.010714285714285714 0.05772005772005772
134 0.18698979591836737 0.7575757575757576 0.010714285714285714 0.06060606060606061
133 0.2084183673469388 0.759018759018759 0.01479591836734694 0.06349206349206349
73 0.2362244897959184 0.7496392496392497 0.014285714285714287 0.05627705627705628
73 0.34158163265306124 0.7496392496392497 0.01479591836734694 0.05627705627705628
21 0.4359693877551021 0.7525252525252525 0.010714285714285714 0.024531024531024532
136 0.4599489795918368 0.7557720057720058 0.010714285714285714 0.05844155844155844
133 0.4839285714285715 0.7572150072150072 0.010714285714285714 0.06132756132756133
134 0.5066326530612245 0.759018759018759 0.01326530612244898 0.06349206349206349
74 0.5448979591836736 0.7467532467532467 0.014285714285714287 0.06204906204906205
21 0.639795918367347 0.7525252525252525 0.011224489795918368 0.024531024531024532
134 0.6650510204081633 0.7467532467532467 0.01479591836734694 0.06349206349206349
133 0.6864795918367348 0.7489177489177489 0.011734693877551022 0.06060606060606061
132 0.7096938775510204 0.75 0.011224489795918368 0.056998556998557
102 0.7459183673469388 0.7471139971139971 0.011224489795918368 0.06132756132756133
15 0.7841836734693878 0.7528860028860029 0.010204081632653062 0.03535353535353535
103 0.7951530612244899 0.7608225108225108 0.010714285714285714 0.06565656565656566
104 0.8525510204081633 0.759018759018759 0.011224489795918368 0.06349206349206349
106 0.904591836734694 0.7525252525252525 0.011224489795918368 0.050505050505050504
27 0.0642857142857143 0.8715728715728716 0.023469387755102045 0.050505050505050504
75 0.14183673469387756 0.8784271284271284 0.01326530612244898 0.06421356421356421
21 0.2344387755102041 0.8726551226551227 0.010714285714285714 0.023809523809523808
135 0.2568877551020408 0.8755411255411255 0.010714285714285714 0.056998556998557
134 0.2808673469387755 0.8773448773448773 0.010714285714285714 0.06060606060606061
133 0.3025510204081633 0.8787878787878788 0.015306122448979593 0.06349206349206349
73 0.3410714285714286 0.8690476190476191 0.01479591836734694 0.056998556998557
19 0.43750000000000006 0.8697691197691197 0.015816326530612247 0.010822510822510822
18 0.6288265306122449 0.8632756132756133 0.015816326530612247 0.012265512265512266
76 0.7471938775510205 0.8784271284271284 0.013775510204081635 0.06277056277056277
73 0.8551020408163266 0.8697691197691197 0.015306122448979593 0.056998556998557
