12 0.12040816326530614 0.1204906204906205 0.00816326530612245 0.050505050505050504
12 0.7275510204081633 0.11940836940836941 0.00816326530612245 0.048340548340548344
12 0.9512755102040817 0.11976911976911978 0.00969387755102041 0.049062049062049064
12 0.3793367346938776 0.12012987012987013 0.008673469387755102 0.048340548340548344
12 0.5482142857142858 0.12012987012987013 0.008673469387755102 0.048340548340548344
12 0.11964285714285715 0.30735930735930733 0.007653061224489797 0.050505050505050504
12 0.37959183673469393 0.306998556998557 0.00816326530612245 0.048340548340548344
12 0.5484693877551021 0.30735930735930733 0.00816326530612245 0.049062049062049064
12 0.7270408163265307 0.30735930735930733 0.00816326530612245 0.049062049062049064
12 0.9515306122448981 0.306998556998557 0.009183673469387756 0.048340548340548344
12 0.11964285714285715 0.49422799422799424 0.007653061224489797 0.050505050505050504
12 0.9520408163265307 0.49422799422799424 0.00816326530612245 0.050505050505050504
12 0.727295918367347 0.49386724386724384 0.008673469387755102 0.048340548340548344
12 0.37959183673469393 0.4945887445887446 0.00816326530612245 0.048340548340548344
12 0.5482142857142858 0.4945887445887446 0.007653061224489797 0.048340548340548344
12 0.1191326530612245 0.6814574314574314 0.007653061224489797 0.048340548340548344
12 0.727295918367347 0.6814574314574314 0.008673469387755102 0.048340548340548344
12 0.3793367346938776 0.6814574314574314 0.008673469387755102 0.046897546897546896
12 0.5484693877551021 0.6814574314574314 0.00816326530612245 0.046897546897546896
12 0.9515306122448981 0.6818181818181818 0.009183673469387756 0.047619047619047616
14 0.8173469387755102 0.676046176046176 0.006122448979591837 0.008658008658008658
26 0.1364795918367347 0.12121212121212122 0.02295918367346939 0.08513708513708514
16 0.15790816326530613 0.11255411255411256 0.00969387755102041 0.03318903318903319
20 0.20382653061224493 0.11976911976911978 0.010714285714285714 0.03896103896103896
133 0.239030612244898 0.113997113997114 0.01683673469387755 0.06349206349206349
133 0.26454081632653065 0.11435786435786435 0.013775510204081635 0.06421356421356421
132 0.2941326530612245 0.11868686868686869 0.01683673469387755 0.05411255411255411
132 0.3196428571428572 0.11868686868686869 0.013775510204081635 0.05411255411255411
100 0.3474489795918368 0.12012987012987013 0.014285714285714287 0.051226551226551224
20 0.3920918367346939 0.12012987012987013 0.010714285714285714 0.03823953823953824
131 0.4267857142857143 0.11976911976911978 0.01683673469387755 0.05194805194805195
131 0.44821428571428573 0.1204906204906205 0.013775510204081635 0.05194805194805195
130 0.4724489795918368 0.12337662337662338 0.017346938775510204 0.05772005772005772
130 0.4938775510204082 0.12301587301587301 0.01326530612244898 0.05844155844155844
98 0.5165816326530612 0.1259018759018759 0.013775510204081635 0.06421356421356421
20 0.5607142857142857 0.12012987012987013 0.010204081632653062 0.03823953823953824
134 0.5938775510204082 0.12806637806637808 0.01326530612244898 0.0670995670995671
134 0.6145408163265307 0.1277056277056277 0.01683673469387755 0.06637806637806638
133 0.641326530612245 0.1176046176046176 0.0163265306122449 0.05627705627705628
133 0.6625000000000001 0.11832611832611832 0.012755102040816327 0.05483405483405483
132 0.6852040816326531 0.11940836940836941 0.01326530612244898 0.05411255411255411
132 0.7081632653061225 0.12012987012987013 0.012244897959183675 0.05266955266955267
131 0.743622448979592 0.12012987012987013 0.01683673469387755 0.05266955266955267
131 0.7737244897959185 0.1204906204906205 0.013775510204081635 0.05194805194805195
20 0.8056122448979592 0.11976911976911978 0.011224489795918368 0.03896103896103896
19 0.8517857142857144 0.1176046176046176 0.01683673469387755 0.012987012987012988
26 0.1362244897959184 0.3088023088023088 0.023469387755102045 0.08513708513708514
16 0.15790816326530613 0.2994227994227994 0.00969387755102041 0.03318903318903319
20 0.20382653061224493 0.306998556998557 0.010714285714285714 0.03823953823953824
131 0.239030612244898 0.306998556998557 0.01785714285714286 0.05266955266955267
131 0.26454081632653065 0.30735930735930733 0.013775510204081635 0.05339105339105339
130 0.2938775510204082 0.3106060606060606 0.017346938775510204 0.05844155844155844
130 0.32015306122448983 0.31024531024531027 0.013775510204081635 0.05772005772005772
98 0.3474489795918368 0.31313131313131315 0.01326530612244898 0.06349206349206349
20 0.3920918367346939 0.3077200577200577 0.010714285714285714 0.03823953823953824
129 0.4270408163265306 0.31313131313131315 0.0163265306122449 0.06349206349206349
129 0.4484693877551021 0.31277056277056275 0.01326530612244898 0.06277056277056277
128 0.4724489795918368 0.31565656565656564 0.018367346938775512 0.06854256854256854
128 0.4936224489795919 0.31565656565656564 0.01479591836734694 0.06854256854256854
96 0.5160714285714286 0.31926406926406925 0.013775510204081635 0.07575757575757576
20 0.5609693877551021 0.3077200577200577 0.010714285714285714 0.03823953823953824
129 0.5956632653061225 0.3134920634920635 0.01683673469387755 0.06421356421356421
129 0.6170918367346939 0.31277056277056275 0.013775510204081635 0.06421356421356421
128 0.6408163265306123 0.31565656565656564 0.018367346938775512 0.06854256854256854
128 0.6622448979591837 0.31601731601731603 0.015306122448979593 0.06926406926406926
127 0.6852040816326531 0.3189033189033189 0.015306122448979593 0.07503607503607504
127 0.7079081632653061 0.3185425685425685 0.01479591836734694 0.07575757575757576
126 0.7426020408163266 0.32142857142857145 0.01785714285714286 0.08008658008658008
126 0.7737244897959185 0.32142857142857145 0.01479591836734694 0.08297258297258298
20 0.8056122448979592 0.306998556998557 0.010204081632653062 0.03823953823953824
19 0.851530612244898 0.30483405483405485 0.017346938775510204 0.013708513708513708
31 0.1362244897959184 0.5014430014430015 0.022448979591836737 0.09523809523809523
16 0.15790816326530613 0.48665223665223667 0.00969387755102041 0.03391053391053391
18 0.2811224489795919 0.4852092352092352 0.0163265306122449 0.013708513708513708
18 0.4637755102040817 0.48484848484848486 0.0163265306122449 0.012987012987012988
18 0.6375000000000001 0.48484848484848486 0.015816326530612247 0.012987012987012988
21 0.7408163265306124 0.49386724386724384 0.011224489795918368 0.023809523809523808
102 0.7737244897959185 0.4880952380952381 0.012755102040816327 0.06132756132756133
138 0.8242346938775511 0.4917027417027417 0.012755102040816327 0.05844155844155844
133 0.8520408163265307 0.503968253968254 0.01326530612244898 0.07142857142857142
134 0.878826530612245 0.5025252525252525 0.013775510204081635 0.06854256854256854
138 0.9058673469387756 0.4989177489177489 0.015816326530612247 0.07287157287157287
134 0.9318877551020409 0.5003607503607503 0.01785714285714286 0.06565656565656566
27 0.1362244897959184 0.6814574314574314 0.02448979591836735 0.051226551226551224
16 0.15816326530612246 0.6857864357864358 0.009183673469387756 0.032467532467532464
18 0.2811224489795919 0.672077922077922 0.0163265306122449 0.013708513708513708
18 0.4637755102040817 0.6724386724386724 0.0163265306122449 0.012987012987012988
18 0.6377551020408164 0.672077922077922 0.0163265306122449 0.013708513708513708
20 0.7403061224489796 0.6818181818181818 0.010204081632653062 0.03751803751803752
75 0.8073979591836735 0.6886724386724387 0.012755102040816327 0.0670995670995671
