12 0.11964285714285715 0.17424242424242425 0.00663265306122449 0.049783549783549784
12 0.3650510204081633 0.1746031746031746 0.008673469387755102 0.049062049062049064
12 0.6096938775510204 0.17424242424242425 0.00816326530612245 0.048340548340548344
12 0.9515306122448981 0.17424242424242425 0.00816326530612245 0.048340548340548344
12 0.7227040816326531 0.1746031746031746 0.008673469387755102 0.047619047619047616
12 0.8387755102040817 0.17496392496392496 0.00816326530612245 0.048340548340548344
14 0.7497448979591838 0.1919191919191919 0.008673469387755102 0.011544011544011544
14 0.2767857142857143 0.2041847041847042 0.007653061224489797 0.012987012987012988
14 0.3303571428571429 0.2041847041847042 0.008673469387755102 0.012987012987012988
14 0.5209183673469389 0.20382395382395382 0.00816326530612245 0.012265512265512266
14 0.5744897959183674 0.2041847041847042 0.009183673469387756 0.012987012987012988
14 0.8033163265306124 0.20382395382395382 0.00969387755102041 0.012265512265512266
12 0.3650510204081633 0.2839105339105339 0.007653061224489797 0.048340548340548344
12 0.6094387755102041 0.2839105339105339 0.007653061224489797 0.048340548340548344
12 0.11964285714285715 0.2839105339105339 0.00663265306122449 0.046897546897546896
12 0.7227040816326531 0.2842712842712843 0.007653061224489797 0.047619047619047616
12 0.8385204081632653 0.2842712842712843 0.007653061224489797 0.047619047619047616
12 0.9512755102040817 0.2846320346320346 0.007653061224489797 0.048340548340548344
12 0.048214285714285716 0.42784992784992787 0.00663265306122449 0.049062049062049064
12 0.7987244897959185 0.4274891774891775 0.008673469387755102 0.048340548340548344
12 0.9512755102040817 0.4274891774891775 0.007653061224489797 0.048340548340548344
12 0.29132653061224495 0.42784992784992787 0.00816326530612245 0.047619047619047616
12 0.6127551020408164 0.42784992784992787 0.009183673469387756 0.047619047619047616
12 0.048214285714285716 0.5371572871572872 0.00663265306122449 0.046897546897546896
12 0.2908163265306123 0.5375180375180375 0.0071428571428571435 0.047619047619047616
12 0.6127551020408164 0.5375180375180375 0.00816326530612245 0.047619047619047616
12 0.7982142857142858 0.5375180375180375 0.007653061224489797 0.047619047619047616
12 0.9512755102040817 0.5378787878787878 0.007653061224489797 0.048340548340548344
12 0.048214285714285716 0.7463924963924964 0.00663265306122449 0.048340548340548344
12 0.3477040816326531 0.7463924963924964 0.008673469387755102 0.048340548340548344
12 0.5969387755102041 0.7463924963924964 0.00816326530612245 0.048340548340548344
12 0.8755102040816327 0.7463924963924964 0.00816326530612245 0.048340548340548344
12 0.9515306122448981 0.7463924963924964 0.00816326530612245 0.048340548340548344
12 0.24056122448979594 0.7467532467532467 0.008673469387755102 0.047619047619047616
12 0.3477040816326531 0.8564213564213564 0.008673469387755102 0.049062049062049064
12 0.950765306122449 0.8564213564213564 0.008673469387755102 0.049062049062049064
12 0.24030612244897961 0.8567821067821068 0.00816326530612245 0.048340548340548344
12 0.5966836734693878 0.8567821067821068 0.007653061224489797 0.048340548340548344
12 0.8750000000000001 0.8567821067821068 0.00816326530612245 0.048340548340548344
12 0.048214285714285716 0.8564213564213564 0.00663265306122449 0.046176046176046176
26 0.1375 0.1746031746031746 0.02602040816326531 0.10678210678210678
21 0.19668367346938778 0.17424242424242425 0.013775510204081635 0.025252525252525252
126 0.22015306122448983 0.18903318903318903 0.020918367346938777 0.0808080808080808
97 0.2625 0.18326118326118326 0.01479591836734694 0.06926406926406926
126 0.29744897959183675 0.18831168831168832 0.02142857142857143 0.08225108225108226
97 0.3165816326530613 0.18326118326118326 0.013775510204081635 0.06926406926406926
126 0.3517857142857143 0.18795093795093795 0.021938775510204084 0.08152958152958154
97 0.37806122448979596 0.1829004329004329 0.015306122448979593 0.06998556998556998
67 0.4058673469387755 0.18831168831168832 0.01683673469387755 0.08225108225108226
21 0.4410714285714286 0.17424242424242425 0.013775510204081635 0.025252525252525252
126 0.46454081632653066 0.18867243867243869 0.020918367346938777 0.08152958152958154
97 0.5068877551020409 0.18326118326118326 0.01479591836734694 0.06926406926406926
126 0.5423469387755102 0.18867243867243869 0.02142857142857143 0.08152958152958154
129 0.5609693877551021 0.17965367965367965 0.013775510204081635 0.06493506493506493
126 0.5959183673469388 0.18867243867243869 0.02142857142857143 0.08152958152958154
99 0.6237244897959184 0.17676767676767677 0.013775510204081635 0.05916305916305916
67 0.6502551020408164 0.18867243867243869 0.01683673469387755 0.08152958152958154
21 0.6857142857142857 0.17424242424242425 0.01326530612244898 0.025252525252525252
126 0.7089285714285715 0.18867243867243869 0.020918367346938777 0.08152958152958154
99 0.7367346938775511 0.17676767676767677 0.01326530612244898 0.05916305916305916
126 0.7711734693877552 0.18867243867243869 0.021938775510204084 0.08297258297258298
98 0.7903061224489797 0.18037518037518038 0.01326530612244898 0.06493506493506493
126 0.8252551020408164 0.18831168831168832 0.021938775510204084 0.08225108225108226
97 0.851530612244898 0.18253968253968253 0.015306122448979593 0.06926406926406926
67 0.878826530612245 0.18867243867243869 0.015816326530612247 0.08152958152958154
21 0.914795918367347 0.1738816738816739 0.01326530612244898 0.024531024531024532
126 0.9380102040816327 0.18903318903318903 0.020918367346938777 0.08225108225108226
31 0.13801020408163267 0.29184704184704185 0.02602040816326531 0.11904761904761904
20 0.1959183673469388 0.2839105339105339 0.012244897959183675 0.04112554112554113
19 0.4247448979591837 0.28174603174603174 0.018877551020408164 0.015151515151515152
19 0.6693877551020408 0.28174603174603174 0.018367346938775512 0.015151515151515152
19 0.8982142857142857 0.28174603174603174 0.019897959183673472 0.015151515151515152
26 0.06581632653061226 0.4282106782106782 0.025510204081632654 0.10606060606060606
128 0.11862244897959184 0.4365079365079365 0.01785714285714286 0.06926406926406926
126 0.13775510204081634 0.44155844155844154 0.015306122448979593 0.0808080808080808
128 0.16224489795918368 0.4357864357864358 0.015306122448979593 0.06782106782106782
126 0.1823979591836735 0.44191919191919193 0.015816326530612247 0.08008658008658008
128 0.20790816326530615 0.43614718614718617 0.01785714285714286 0.06854256854256854
126 0.22704081632653064 0.4411976911976912 0.015306122448979593 0.08008658008658008
128 0.251530612244898 0.4357864357864358 0.015306122448979593 0.06782106782106782
126 0.2721938775510204 0.44191919191919193 0.015816326530612247 0.08008658008658008
97 0.3051020408163266 0.43614718614718617 0.015306122448979593 0.06854256854256854
95 0.33673469387755106 0.44155844155844154 0.0163265306122449 0.0808080808080808
95 0.3701530612244898 0.44191919191919193 0.01683673469387755 0.08152958152958154
21 0.4028061224489796 0.4274891774891775 0.013775510204081635 0.025252525252525252
126 0.4283163265306123 0.44191919191919193 0.020918367346938777 0.08152958152958154
99 0.4744897959183674 0.43037518037518036 0.01326530612244898 0.05844155844155844
95 0.505357142857143 0.44191919191919193 0.01683673469387755 0.08152958152958154
95 0.5387755102040817 0.44155844155844154 0.0163265306122449 0.0808080808080808
21 0.5711734693877552 0.4274891774891775 0.013775510204081635 0.025252525252525252
126 0.5969387755102041 0.4411976911976912 0.020408163265306124 0.08008658008658008
130 0.6288265306122449 0.43037518037518036 0.015816326530612247 0.056998556998557
128 0.6474489795918368 0.43614718614718617 0.015306122448979593 0.06854256854256854
130 0.6719387755102041 0.4296536796536797 0.01326530612244898 0.056998556998557
128 0.6918367346938776 0.4357864357864358 0.015306122448979593 0.06782106782106782
129 0.7158163265306123 0.43326118326118324 0.0163265306122449 0.06421356421356421
127 0.7346938775510204 0.43975468975468973 0.015306122448979593 0.07575757575757576
129 0.7591836734693879 0.43326118326118324 0.014285714285714287 0.06421356421356421
127 0.7790816326530613 0.43975468975468973 0.015306122448979593 0.07431457431457432
97 0.8122448979591838 0.43614718614718617 0.014285714285714287 0.06854256854256854
95 0.8441326530612245 0.44155844155844154 0.01683673469387755 0.0808080808080808
95 0.8775510204081634 0.44155844155844154 0.0163265306122449 0.0808080808080808
21 0.9099489795918368 0.42712842712842713 0.013775510204081635 0.024531024531024532
125 0.9357142857142858 0.44552669552669555 0.02142857142857143 0.0873015873015873
31 0.0663265306122449 0.5440115440115441 0.025510204081632654 0.11688311688311688
19 0.37117346938775514 0.5353535353535354 0.018877551020408164 0.01443001443001443
19 0.5400510204081633 0.534992784992785 0.018877551020408164 0.013708513708513708
19 0.878826530612245 0.534992784992785 0.018877551020408164 0.013708513708513708
26 0.0663265306122449 0.7463924963924964 0.02653061224489796 0.10606060606060606
130 0.10357142857142858 0.7496392496392497 0.0163265306122449 0.05916305916305916
128 0.1181122448979592 0.7546897546897547 0.01479591836734694 0.06782106782106782
130 0.13877551020408163 0.7489177489177489 0.01326530612244898 0.05627705627705628
128 0.1545918367346939 0.7543290043290043 0.015306122448979593 0.06854256854256854
129 0.1739795918367347 0.7525252525252525 0.015306122448979593 0.06349206349206349
127 0.18903061224489798 0.7582972582972582 0.01479591836734694 0.0735930735930736
129 0.20918367346938777 0.7525252525252525 0.01326530612244898 0.06493506493506493
127 0.22525510204081634 0.7582972582972582 0.01479591836734694 0.07503607503607504
20 0.32704081632653065 0.7471139971139971 0.012244897959183675 0.04112554112554113
18 0.3831632653061225 0.7380952380952381 0.02142857142857143 0.01443001443001443
130 0.4540816326530613 0.7478354978354979 0.0163265306122449 0.05988455988455989
132 0.4724489795918368 0.7449494949494949 0.01326530612244898 0.05411255411255411
130 0.48877551020408166 0.7481962481962482 0.014285714285714287 0.06060606060606061
132 0.5086734693877552 0.7449494949494949 0.01326530612244898 0.05411255411255411
129 0.5262755102040817 0.7518037518037518 0.01785714285714286 0.06637806637806638
132 0.5454081632653062 0.7453102453102453 0.01326530612244898 0.05339105339105339
129 0.5612244897959184 0.7514430014430015 0.014285714285714287 0.0670995670995671
132 0.5813775510204082 0.7445887445887446 0.012755102040816327 0.05339105339105339
99 0.6099489795918368 0.7492784992784993 0.012755102040816327 0.056998556998557
95 0.6329081632653062 0.7615440115440115 0.015816326530612247 0.08152958152958154
126 0.6594387755102041 0.7608225108225108 0.01785714285714286 0.08152958152958154
128 0.678061224489796 0.7554112554112554 0.014285714285714287 0.06926406926406926
126 0.6948979591836736 0.7608225108225108 0.015306122448979593 0.08008658008658008
128 0.7150510204081634 0.7546897546897547 0.01479591836734694 0.06926406926406926
99 0.7576530612244898 0.7489177489177489 0.01326530612244898 0.05772005772005772
97 0.780357142857143 0.7554112554112554 0.01479591836734694 0.06926406926406926
128 0.8066326530612246 0.7543290043290043 0.017346938775510204 0.06854256854256854
129 0.8239795918367347 0.7518037518037518 0.01326530612244898 0.06493506493506493
128 0.8415816326530613 0.7546897546897547 0.01479591836734694 0.06782106782106782
129 0.8604591836734695 0.7525252525252525 0.012755102040816327 0.06349206349206349
75 0.889030612244898 0.7532467532467533 0.013775510204081635 0.06637806637806638
74 0.9224489795918368 0.7402597402597403 0.014285714285714287 0.06060606060606061
31 0.06658163265306123 0.8636363636363636 0.02602040816326531 0.11832611832611832
19 0.3045918367346939 0.8535353535353535 0.01938775510204082 0.015873015873015872
19 0.6591836734693878 0.8542568542568543 0.01938775510204082 0.01443001443001443
19 0.8066326530612246 0.8542568542568543 0.018367346938775512 0.01443001443001443
19 0.7579081632653062 0.9949494949494949 0.01785714285714286 0.0101010101010101
