1 0.09154013015184381 0.10950920245398774 0.02776572668112798 0.05092024539877301
12 0.04772234273318872 0.1254601226993865 0.006073752711496746 0.04233128834355829
12 0.5247288503253796 0.12484662576687117 0.00824295010845987 0.04110429447852761
13 0.9496746203904555 0.12515337423312883 0.010412147505422993 0.04171779141104295
12 0.7535791757049891 0.12484662576687117 0.006073752711496746 0.03987730061349694
1 0.0913232104121475 0.25552147239263806 0.025596529284164858 0.05092024539877301
12 0.04815618221258134 0.26134969325153373 0.006073752711496746 0.04171779141104295
12 0.3175704989154013 0.26134969325153373 0.007809110629067245 0.04171779141104295
12 0.5249457700650759 0.26134969325153373 0.008676789587852495 0.04171779141104295
11 0.9496746203904555 0.26104294478527607 0.010412147505422993 0.04110429447852761
12 0.7537960954446854 0.26104294478527607 0.006507592190889371 0.03987730061349694
1 0.09045553145336226 0.46625766871165647 0.026464208242950107 0.051533742331288344
12 0.5412147505422993 0.48128834355828226 0.00737527114967462 0.04110429447852761
12 0.04772234273318872 0.4819018404907976 0.006941431670281995 0.04110429447852761
12 0.3002169197396963 0.48159509202453993 0.006941431670281995 0.04049079754601227
12 0.7531453362255965 0.48159509202453993 0.007809110629067245 0.04049079754601227
12 0.9516268980477223 0.4819018404907976 0.006507592190889371 0.04110429447852761
14 0.4438177874186551 0.5622699386503068 0.005206073752711497 0.009202453987730062
1 0.09002169197396963 0.5868098159509203 0.025596529284164858 0.05092024539877301
12 0.04772234273318872 0.5874233128834356 0.006941431670281995 0.04110429447852761
12 0.7531453362255965 0.5874233128834356 0.007809110629067245 0.04110429447852761
14 0.892407809110629 0.5717791411042945 0.006941431670281995 0.0098159509202454
12 0.5412147505422993 0.588036809815951 0.00824295010845987 0.04110429447852761
12 0.9516268980477223 0.5877300613496933 0.006507592190889371 0.04049079754601227
1 0.09023861171366594 0.7932515337423314 0.026898047722342732 0.051533742331288344
12 0.04772234273318872 0.8085889570552147 0.006073752711496746 0.04171779141104295
12 0.3353579175704989 0.8079754601226994 0.006941431670281995 0.04049079754601227
12 0.5789587852494577 0.8079754601226994 0.00737527114967462 0.04049079754601227
12 0.76529284164859 0.8079754601226994 0.006941431670281995 0.04049079754601227
13 0.9505422993492407 0.8088957055214724 0.006941431670281995 0.04233128834355829
14 0.5075921908893709 0.8929447852760737 0.006073752711496746 0.009202453987730062
14 0.7255965292841648 0.8932515337423313 0.006507592190889371 0.008588957055214725
1 0.09002169197396963 0.9171779141104295 0.026464208242950107 0.05276073619631902
13 0.9496746203904555 0.9184049079754601 0.010412147505422993 0.04171779141104295
12 0.04772234273318872 0.9187116564417178 0.006941431670281995 0.04110429447852761
12 0.5787418655097614 0.9184049079754601 0.007809110629067245 0.04049079754601227
12 0.3355748373101952 0.9184049079754601 0.006507592190889371 0.0392638036809816
12 0.7655097613882863 0.9187116564417178 0.00737527114967462 0.03987730061349694
14 0.29457700650759217 0.9131901840490798 0.006941431670281995 0.009202453987730062
26 0.06377440347071583 0.1236196319018405 0.021691973969631236 0.07914110429447853
135 0.12494577006507591 0.12975460122699387 0.011279826464208243 0.05337423312883436
102 0.15032537960954445 0.12055214723926382 0.010845986984815618 0.05337423312883436
21 0.1947939262472885 0.10552147239263804 0.010412147505422993 0.020858895705521473
21 0.2193058568329718 0.10552147239263804 0.010845986984815618 0.020858895705521473
133 0.24793926247288503 0.12055214723926382 0.016919739696312365 0.05337423312883436
135 0.2709327548806941 0.13098159509202456 0.010845986984815618 0.054601226993865035
134 0.29392624728850325 0.13282208588957056 0.014316702819956615 0.05828220858895706
134 0.33232104121475053 0.1325153374233129 0.011279826464208243 0.05766871165644172
102 0.35748373101952274 0.12024539877300615 0.011279826464208243 0.05276073619631902
21 0.4004338394793926 0.10521472392638037 0.010412147505422993 0.02147239263803681
21 0.4247288503253796 0.10552147239263804 0.010412147505422993 0.020858895705521473
20 0.5802603036876356 0.10306748466257669 0.00911062906724512 0.0343558282208589
20 0.6314533622559653 0.10245398773006135 0.00911062906724512 0.033128834355828224
21 0.7067245119305856 0.1049079754601227 0.010412147505422993 0.020858895705521473
128 0.7338394793926247 0.13220858895705523 0.018655097613882864 0.05828220858895706
130 0.7707158351409978 0.12822085889570553 0.013449023861171366 0.049079754601226995
128 0.7934924078091106 0.13312883435582823 0.013015184381778741 0.0588957055214724
97 0.8180043383947939 0.13282208588957056 0.012581344902386117 0.05828220858895706
128 0.8607375271149674 0.13282208588957056 0.01561822125813449 0.05828220858895706
130 0.8856832971800433 0.12791411042944786 0.010845986984815618 0.04846625766871166
102 0.9112798264642082 0.12024539877300615 0.010845986984815618 0.05276073619631902
27 0.0633405639913232 0.2616564417177914 0.022559652928416486 0.04478527607361964
96 0.12516268980477224 0.27116564417177913 0.013449023861171366 0.06625766871165645
126 0.17093275488069415 0.2736196319018405 0.01561822125813449 0.06993865030674846
127 0.19501084598698482 0.27147239263803685 0.013449023861171366 0.06319018404907976
127 0.22082429501084597 0.2717791411042945 0.01475054229934924 0.0638036809815951
131 0.24490238611713666 0.2616564417177914 0.011713665943600867 0.04478527607361964
130 0.27114967462039047 0.2641104294478528 0.012147505422993492 0.049693251533742336
129 0.2963123644251627 0.2665644171779141 0.012147505422993492 0.054601226993865035
97 0.3321041214750542 0.2684049079754601 0.013449023861171366 0.05950920245398773
132 0.37852494577006507 0.26042944785276073 0.013449023861171366 0.04601226993865031
128 0.4004338394793926 0.26901840490797546 0.01388286334056399 0.05950920245398773
128 0.4266811279826464 0.26809815950920246 0.016919739696312365 0.06134969325153375
133 0.4505422993492408 0.2607361963190184 0.010845986984815618 0.046625766871165646
132 0.47852494577006505 0.2607361963190184 0.011279826464208243 0.046625766871165646
130 0.5017353579175705 0.2631901840490798 0.011713665943600867 0.05276073619631902
100 0.540347071583514 0.2619631901840491 0.011713665943600867 0.044171779141104296
135 0.5815618221258134 0.2622699386503068 0.010845986984815618 0.04601226993865031
138 0.6058568329718004 0.25920245398773006 0.014316702819956615 0.04846625766871166
138 0.6327548806941431 0.2588957055214724 0.010845986984815618 0.049079754601226995
21 0.657700650759219 0.24171779141104296 0.010412147505422993 0.020858895705521473
34 0.6813449023861171 0.25858895705521473 0.017787418655097614 0.04846625766871166
21 0.7067245119305856 0.24171779141104296 0.010412147505422993 0.020858895705521473
138 0.731236442516269 0.25920245398773006 0.010845986984815618 0.04846625766871166
139 0.7694143167028199 0.2570552147239264 0.010845986984815618 0.053987730061349694
138 0.7913232104121475 0.2588957055214724 0.01475054229934924 0.049079754601226995
107 0.8182212581344902 0.2588957055214724 0.011279826464208243 0.049079754601226995
141 0.8598698481561822 0.25122699386503067 0.012147505422993492 0.06441717791411043
140 0.8835140997830803 0.2539877300613497 0.016052060737527116 0.0588957055214724
108 0.9108459869848156 0.25644171779141106 0.010845986984815618 0.053987730061349694
26 0.06290672451193058 0.47975460122699387 0.020824295010845987 0.0785276073619632
134 0.36420824295010845 0.4892638036809816 0.010845986984815618 0.05828220858895706
135 0.38741865509761386 0.48773006134969327 0.01475054229934924 0.05521472392638037
135 0.43644251626898045 0.4757668711656442 0.01388286334056399 0.05582822085889571
134 0.4594360086767896 0.47730061349693254 0.011279826464208243 0.053987730061349694
133 0.48850325379609544 0.47883435582822087 0.012147505422993492 0.05092024539877301
132 0.5123644251626898 0.47975460122699387 0.011279826464208243 0.049079754601226995
131 0.8106290672451193 0.48128834355828226 0.014316702819956615 0.04478527607361964
132 0.8336225596529284 0.48006134969325154 0.010845986984815618 0.04846625766871166
133 0.8600867678958785 0.4794478527607362 0.014316702819956615 0.04846625766871166
132 0.8828633405639913 0.48159509202453993 0.011279826464208243 0.044171779141104296
130 0.9060737527114967 0.4846625766871166 0.011713665943600867 0.049079754601226995
128 0.9288503253796095 0.4901840490797546 0.013015184381778741 0.0588957055214724
34 0.06268980477223426 0.5828220858895706 0.02212581344902386 0.053987730061349694
139 0.12364425162689804 0.5831288343558283 0.010412147505422993 0.05337423312883436
138 0.14642082429501083 0.5855828220858896 0.015184381778741865 0.04846625766871166
108 0.17331887201735358 0.5828220858895706 0.010845986984815618 0.053987730061349694
21 0.21388286334056397 0.5680981595092025 0.010412147505422993 0.020858895705521473
108 0.23839479392624727 0.5828220858895706 0.010845986984815618 0.053987730061349694
139 0.2785249457700651 0.583435582822086 0.011279826464208243 0.053987730061349694
139 0.31540130151843815 0.583435582822086 0.011279826464208243 0.053987730061349694
21 0.34034707158351407 0.5684049079754602 0.009978308026030369 0.020245398773006136
21 0.3646420824295011 0.5684049079754602 0.009978308026030369 0.020245398773006136
166 0.38893709327548803 0.5883435582822086 0.010845986984815618 0.044171779141104296
167 0.4039045553145336 0.588036809815951 0.010412147505422993 0.04478527607361964
168 0.41757049891540127 0.585276073619632 0.013449023861171366 0.049079754601226995
139 0.4338394793926247 0.5831288343558283 0.011279826464208243 0.05337423312883436
168 0.46767895878524945 0.5855828220858896 0.01648590021691974 0.04846625766871166
138 0.48785249457700647 0.5874233128834356 0.010845986984815618 0.052147239263803685
166 0.5119305856832972 0.5920245398773006 0.010412147505422993 0.051533742331288344
165 0.5275488069414317 0.593558282208589 0.01388286334056399 0.05337423312883436
164 0.5563991323210412 0.593558282208589 0.009978308026030369 0.054601226993865035
165 0.5720173535791757 0.593558282208589 0.013449023861171366 0.054601226993865035
105 0.5904555314533623 0.5904907975460123 0.010412147505422993 0.04846625766871166
21 0.6308026030368763 0.5680981595092025 0.010412147505422993 0.020858895705521473
21 0.654880694143167 0.5680981595092025 0.009978308026030369 0.020858895705521473
135 0.6926247288503253 0.5923312883435583 0.010845986984815618 0.052147239263803685
104 0.717353579175705 0.5929447852760736 0.010845986984815618 0.05337423312883436
103 0.7681127982646421 0.594478527607362 0.010845986984815618 0.05766871165644172
20 0.8071583514099783 0.5659509202453988 0.00911062906724512 0.03251533742331288
21 0.8581344902386117 0.5674846625766872 0.010412147505422993 0.020858895705521473
105 0.8828633405639913 0.5904907975460123 0.011279826464208243 0.04846625766871166
26 0.06268980477223426 0.806441717791411 0.02125813449023861 0.08036809815950921
130 0.49804772234273315 0.8052147239263804 0.012147505422993492 0.06196319018404908
132 0.5266811279826464 0.802760736196319 0.011279826464208243 0.057055214723926384
134 0.5550976138828633 0.8021472392638037 0.010845986984815618 0.05582822085889571
21 0.8436008676789587 0.7892638036809816 0.009978308026030369 0.01901840490797546
128 0.8724511930585683 0.8156441717791412 0.01822125813449024 0.05828220858895706
130 0.8995661605206073 0.8113496932515338 0.014316702819956615 0.04846625766871166
130 0.9247288503253795 0.8116564417177915 0.010845986984815618 0.049079754601226995
34 0.06268980477223426 0.9138036809815951 0.02212581344902386 0.05337423312883436
135 0.12386117136659436 0.9239263803680983 0.010845986984815618 0.05276073619631902
103 0.15075921908893708 0.9248466257668713 0.010845986984815618 0.05582822085889571
21 0.1947939262472885 0.8984662576687117 0.010412147505422993 0.020245398773006136
27 0.22104121475054228 0.9180981595092025 0.017787418655097614 0.04355828220858896
162 0.25075921908893706 0.9134969325153375 0.01388286334056399 0.053987730061349694
163 0.2672451193058568 0.9122699386503068 0.010412147505422993 0.05521472392638037
103 0.28524945770065074 0.9251533742331289 0.010845986984815618 0.05766871165644172
135 0.3511930585683297 0.9233128834355829 0.010845986984815618 0.05276073619631902
21 0.37809110629067244 0.8987730061349694 0.009978308026030369 0.020858895705521473
140 0.4047722342733189 0.9110429447852761 0.013015184381778741 0.05766871165644172
139 0.42928416485900217 0.9141104294478528 0.014316702819956615 0.05276073619631902
139 0.4574837310195228 0.9141104294478528 0.010845986984815618 0.053987730061349694
107 0.4976138828633405 0.9168711656441718 0.010412147505422993 0.04846625766871166
20 0.5928416485900216 0.896319018404908 0.00824295010845987 0.03190184049079755
140 0.6360086767895878 0.9113496932515338 0.012147505422993492 0.05828220858895706
139 0.6607375271149675 0.9141104294478528 0.01475054229934924 0.05276073619631902
139 0.6893709327548807 0.9144171779141105 0.011279826464208243 0.05337423312883436
107 0.7162689804772234 0.9168711656441718 0.010412147505422993 0.04846625766871166
19 0.7809110629067245 0.8950920245398774 0.01388286334056399 0.012269938650306749
21 0.8433839479392624 0.8993865030674847 0.010412147505422993 0.0196319018404908
138 0.8696312364425163 0.9165644171779141 0.010845986984815618 0.04785276073619632
135 0.8978308026030368 0.9217791411042945 0.010845986984815618 0.047239263803680986
136 0.9227765726681127 0.9205521472392638 0.01388286334056399 0.047239263803680986
