12 0.048214285714285716 0.11580086580086581 0.007653061224489797 0.049783549783549784
12 0.9520408163265307 0.11616161616161616 0.0071428571428571435 0.049062049062049064
12 0.0489795918367347 0.2453102453102453 0.00816326530612245 0.049062049062049064
12 0.9517857142857143 0.2453102453102453 0.007653061224489797 0.047619047619047616
12 0.048469387755102046 0.37518037518037517 0.00816326530612245 0.047619047619047616
12 0.9515306122448981 0.37518037518037517 0.00816326530612245 0.047619047619047616
12 0.6637755102040817 0.5046897546897547 0.010204081632653062 0.048340548340548344
12 0.04872448979591837 0.5054112554112554 0.007653061224489797 0.048340548340548344
12 0.9515306122448981 0.5050505050505051 0.00816326530612245 0.047619047619047616
12 0.9520408163265307 0.7997835497835498 0.0071428571428571435 0.051226551226551224
12 0.048214285714285716 0.799062049062049 0.007653061224489797 0.048340548340548344
12 0.375765306122449 0.7983405483405484 0.005612244897959184 0.046897546897546896
12 0.04872448979591837 0.9285714285714286 0.007653061224489797 0.049062049062049064
12 0.375765306122449 0.9271284271284271 0.007653061224489797 0.044733044733044736
12 0.9517857142857143 0.9289321789321789 0.007653061224489797 0.048340548340548344
12 0.6635204081632654 0.9278499278499278 0.007653061224489797 0.044733044733044736
26 0.06581632653061226 0.11291486291486291 0.025510204081632654 0.09307359307359307
127 0.10459183673469388 0.12734487734487734 0.01938775510204082 0.07575757575757576
128 0.1354591836734694 0.12518037518037517 0.01683673469387755 0.07142857142857142
129 0.16964285714285715 0.12193362193362194 0.01479591836734694 0.06493506493506493
127 0.201530612244898 0.12734487734487734 0.0163265306122449 0.07575757575757576
128 0.23775510204081635 0.12445887445887446 0.01938775510204082 0.06998556998556998
129 0.2691326530612245 0.12229437229437229 0.013775510204081635 0.06421356421356421
157 0.3035714285714286 0.12806637806637808 0.017346938775510204 0.07575757575757576
158 0.32448979591836735 0.12518037518037517 0.014285714285714287 0.06998556998556998
129 0.34719387755102044 0.12301587301587301 0.012755102040816327 0.06421356421356421
127 0.39081632653061227 0.12806637806637808 0.017346938775510204 0.07431457431457432
128 0.42321428571428577 0.12518037518037517 0.015816326530612247 0.06998556998556998
129 0.4581632653061225 0.12229437229437229 0.014285714285714287 0.06421356421356421
127 0.4895408163265307 0.1277056277056277 0.015816326530612247 0.07503607503607504
128 0.525765306122449 0.12481962481962482 0.018877551020408164 0.06926406926406926
129 0.5579081632653061 0.12229437229437229 0.013775510204081635 0.06421356421356421
157 0.5915816326530613 0.12806637806637808 0.01785714285714286 0.07575757575757576
158 0.6122448979591837 0.12518037518037517 0.014285714285714287 0.06998556998556998
129 0.6357142857142858 0.12301587301587301 0.01326530612244898 0.06421356421356421
128 0.6795918367346939 0.12445887445887446 0.018367346938775512 0.06854256854256854
129 0.7119897959183674 0.12229437229437229 0.013775510204081635 0.06421356421356421
16 0.7323979591836736 0.13275613275613277 0.008673469387755102 0.03463203463203463
130 0.7459183673469388 0.11904761904761904 0.01326530612244898 0.05772005772005772
128 0.7778061224489796 0.12445887445887446 0.015816326530612247 0.06854256854256854
129 0.8130102040816327 0.12193362193362194 0.01683673469387755 0.06349206349206349
130 0.8448979591836735 0.11868686868686869 0.01326530612244898 0.05844155844155844
158 0.8793367346938776 0.12518037518037517 0.01683673469387755 0.06998556998556998
159 0.9007653061224491 0.12193362193362194 0.012755102040816327 0.06349206349206349
130 0.9229591836734695 0.11832611832611832 0.01326530612244898 0.05772005772005772
26 0.06683673469387756 0.24494949494949494 0.025510204081632654 0.09595959595959595
20 0.1017857142857143 0.24494949494949494 0.012755102040816327 0.023809523809523808
134 0.13571428571428573 0.2536075036075036 0.01326530612244898 0.0670995670995671
134 0.16938775510204082 0.25252525252525254 0.01326530612244898 0.06782106782106782
134 0.19948979591836735 0.25252525252525254 0.0163265306122449 0.06637806637806638
138 0.2362244897959184 0.24927849927849927 0.01326530612244898 0.07142857142857142
134 0.26887755102040817 0.25144300144300147 0.01326530612244898 0.06421356421356421
136 0.302295918367347 0.2518037518037518 0.012755102040816327 0.06493506493506493
16 0.33418367346938777 0.22077922077922077 0.00816326530612245 0.03318903318903319
137 0.3438775510204082 0.2518037518037518 0.018367346938775512 0.06493506493506493
21 0.3900510204081633 0.24639249639249639 0.011734693877551022 0.025252525252525252
134 0.42346938775510207 0.25252525252525254 0.01326530612244898 0.06637806637806638
136 0.45790816326530615 0.25252525252525254 0.012755102040816327 0.06637806637806638
134 0.48750000000000004 0.2518037518037518 0.01785714285714286 0.06637806637806638
138 0.5244897959183674 0.24242424242424243 0.012244897959183675 0.05772005772005772
16 0.5448979591836736 0.22041847041847043 0.009183673469387756 0.032467532467532464
137 0.5579081632653061 0.24567099567099568 0.012755102040816327 0.05266955266955267
136 0.590561224489796 0.24603174603174602 0.012755102040816327 0.05339105339105339
137 0.6323979591836735 0.24639249639249639 0.01683673469387755 0.05411255411255411
21 0.678061224489796 0.24603174603174602 0.012244897959183675 0.024531024531024532
135 0.7114795918367347 0.2481962481962482 0.012755102040816327 0.05627705627705628
16 0.7323979591836736 0.22077922077922077 0.008673469387755102 0.03318903318903319
137 0.7446428571428572 0.24783549783549783 0.012755102040816327 0.056998556998557
135 0.775 0.24783549783549783 0.017346938775510204 0.05555555555555555
139 0.8114795918367348 0.2398989898989899 0.011734693877551022 0.06421356421356421
135 0.8443877551020409 0.24567099567099568 0.01326530612244898 0.05266955266955267
137 0.878061224489796 0.24567099567099568 0.01326530612244898 0.051226551226551224
138 0.9188775510204082 0.24314574314574314 0.017346938775510204 0.05772005772005772
26 0.06581632653061226 0.37445887445887444 0.025510204081632654 0.09523809523809523
18 0.22602040816326532 0.3665223665223665 0.0163265306122449 0.012987012987012988
18 0.5201530612244898 0.3658008658008658 0.015816326530612247 0.012987012987012988
18 0.8079081632653062 0.3661616161616162 0.015816326530612247 0.012265512265512266
26 0.06607142857142857 0.5032467532467533 0.025 0.09451659451659451
21 0.10153061224489797 0.5057720057720058 0.01326530612244898 0.024531024531024532
131 0.13954081632653062 0.5054112554112554 0.021938775510204084 0.051226551226551224
21 0.1691326530612245 0.5057720057720058 0.012755102040816327 0.024531024531024532
131 0.20586734693877554 0.5057720057720058 0.021938775510204084 0.05194805194805195
21 0.23571428571428574 0.5057720057720058 0.012244897959183675 0.024531024531024532
131 0.2729591836734694 0.5057720057720058 0.022448979591836737 0.05194805194805195
21 0.3025510204081633 0.5057720057720058 0.012244897959183675 0.024531024531024532
131 0.35102040816326535 0.5057720057720058 0.02142857142857143 0.05194805194805195
21 0.38979591836734695 0.5054112554112554 0.012244897959183675 0.025252525252525252
131 0.42780612244897964 0.5061327561327561 0.021938775510204084 0.051226551226551224
21 0.45765306122448984 0.5057720057720058 0.012244897959183675 0.024531024531024532
131 0.49413265306122456 0.5057720057720058 0.021938775510204084 0.05194805194805195
21 0.5242346938775511 0.5057720057720058 0.011734693877551022 0.024531024531024532
131 0.5619897959183674 0.5057720057720058 0.021938775510204084 0.05194805194805195
21 0.5908163265306123 0.5057720057720058 0.012244897959183675 0.024531024531024532
131 0.6392857142857143 0.5057720057720058 0.02142857142857143 0.05194805194805195
21 0.678061224489796 0.5057720057720058 0.012244897959183675 0.024531024531024532
132 0.715561224489796 0.5025252525252525 0.019897959183673472 0.05411255411255411
21 0.7454081632653062 0.5057720057720058 0.012244897959183675 0.024531024531024532
132 0.7813775510204082 0.5028860028860029 0.018877551020408164 0.05483405483405483
21 0.8119897959183674 0.5057720057720058 0.011734693877551022 0.024531024531024532
132 0.8487244897959184 0.5025252525252525 0.019897959183673472 0.05555555555555555
21 0.878061224489796 0.5054112554112554 0.012244897959183675 0.023809523809523808
132 0.9265306122448981 0.5028860028860029 0.01938775510204082 0.05483405483405483
26 0.06556122448979593 0.7958152958152959 0.025 0.09235209235209235
128 0.10331632653061225 0.8073593073593074 0.01785714285714286 0.06926406926406926
129 0.13520408163265307 0.8055555555555556 0.01326530612244898 0.06421356421356421
16 0.15612244897959185 0.816017316017316 0.009183673469387756 0.03463203463203463
130 0.1691326530612245 0.8023088023088023 0.012755102040816327 0.05772005772005772
128 0.20127551020408166 0.8073593073593074 0.015816326530612247 0.06926406926406926
129 0.23673469387755103 0.8055555555555556 0.017346938775510204 0.06421356421356421
130 0.26862244897959187 0.8026695526695526 0.013775510204081635 0.05844155844155844
158 0.30280612244897964 0.8084415584415584 0.01683673469387755 0.06998556998556998
159 0.32423469387755105 0.8055555555555556 0.012755102040816327 0.06421356421356421
130 0.34693877551020413 0.8026695526695526 0.01326530612244898 0.05844155844155844
127 0.39056122448979597 0.8116883116883117 0.01683673469387755 0.07503607503607504
128 0.4229591836734694 0.8084415584415584 0.0163265306122449 0.06998556998556998
129 0.4568877551020409 0.8055555555555556 0.01479591836734694 0.06421356421356421
127 0.489795918367347 0.810966810966811 0.0163265306122449 0.07503607503607504
128 0.5242346938775511 0.8077200577200577 0.018877551020408164 0.06998556998556998
129 0.5573979591836735 0.8059163059163059 0.013775510204081635 0.06349206349206349
157 0.590561224489796 0.8116883116883117 0.01785714285714286 0.07647907647907648
158 0.6117346938775511 0.8084415584415584 0.014285714285714287 0.06998556998556998
129 0.6346938775510205 0.8062770562770563 0.01326530612244898 0.06421356421356421
127 0.6783163265306124 0.8113275613275613 0.01683673469387755 0.07431457431457432
128 0.7109693877551021 0.8080808080808081 0.015816326530612247 0.06926406926406926
129 0.7448979591836735 0.8055555555555556 0.014285714285714287 0.06421356421356421
127 0.7778061224489796 0.810966810966811 0.015816326530612247 0.07503607503607504
128 0.8125000000000001 0.8080808080808081 0.018877551020408164 0.06926406926406926
129 0.8451530612244899 0.8059163059163059 0.013775510204081635 0.06493506493506493
157 0.878826530612245 0.8116883116883117 0.01785714285714286 0.07647907647907648
158 0.9000000000000001 0.8084415584415584 0.014285714285714287 0.07142857142857142
129 0.9227040816326532 0.8059163059163059 0.012755102040816327 0.06493506493506493
26 0.06581632653061226 0.9267676767676768 0.02448979591836735 0.09307359307359307
21 0.10153061224489797 0.9292929292929293 0.012244897959183675 0.024531024531024532
135 0.13494897959183674 0.9314574314574314 0.012755102040816327 0.05627705627705628
16 0.15586734693877552 0.9047619047619048 0.008673469387755102 0.03318903318903319
137 0.16836734693877553 0.9314574314574314 0.01326530612244898 0.05627705627705628
135 0.19846938775510206 0.9310966810966811 0.017346938775510204 0.05555555555555555
139 0.23494897959183675 0.9242424242424242 0.011734693877551022 0.06637806637806638
135 0.2678571428571429 0.9303751803751804 0.01326530612244898 0.05411255411255411
138 0.30127551020408166 0.9274891774891775 0.012755102040816327 0.06132756132756133
136 0.34413265306122454 0.9303751803751804 0.01683673469387755 0.05411255411255411
21 0.38979591836734695 0.9296536796536796 0.012244897959183675 0.025252525252525252
139 0.4227040816326531 0.9231601731601732 0.012755102040816327 0.06421356421356421
138 0.4563775510204082 0.9264069264069265 0.012755102040816327 0.05772005772005772
16 0.476530612244898 0.9040404040404041 0.009183673469387756 0.03318903318903319
137 0.48724489795918374 0.9289321789321789 0.0163265306122449 0.051226551226551224
138 0.5232142857142857 0.926046176046176 0.012755102040816327 0.05844155844155844
137 0.5568877551020409 0.9296536796536796 0.012755102040816327 0.05266955266955267
136 0.589795918367347 0.9296536796536796 0.012244897959183675 0.05411255411255411
137 0.6318877551020409 0.93001443001443 0.01683673469387755 0.05339105339105339
21 0.6775510204081633 0.9296536796536796 0.012244897959183675 0.025252525252525252
138 0.7107142857142857 0.9264069264069265 0.01326530612244898 0.05772005772005772
16 0.7316326530612246 0.9044011544011544 0.009183673469387756 0.03391053391053391
137 0.7446428571428572 0.9285714285714286 0.012755102040816327 0.050505050505050504
136 0.7757653061224491 0.9289321789321789 0.015816326530612247 0.051226551226551224
137 0.8112244897959184 0.9307359307359307 0.012244897959183675 0.05483405483405483
136 0.8446428571428573 0.9325396825396826 0.012755102040816327 0.05844155844155844
133 0.8775510204081634 0.9332611832611832 0.01326530612244898 0.06132756132756133
134 0.9188775510204082 0.9357864357864358 0.017346938775510204 0.06349206349206349
