6 0.07794612794612794 0.08738095238095238 0.013131313131313133 0.03666666666666667
12 0.04797979797979798 0.09785714285714285 0.005723905723905724 0.03190476190476191
12 0.3713804713804714 0.09785714285714285 0.006060606060606061 0.03190476190476191
12 0.6696969696969697 0.0980952380952381 0.006060606060606061 0.03238095238095238
12 0.9515151515151515 0.09785714285714285 0.006734006734006735 0.03190476190476191
6 0.07828282828282829 0.17714285714285713 0.013804713804713806 0.037142857142857144
12 0.04797979797979798 0.18761904761904763 0.005723905723905724 0.03238095238095238
12 0.3713804713804714 0.18785714285714286 0.006060606060606061 0.032857142857142856
12 0.6700336700336701 0.18761904761904763 0.006734006734006735 0.03238095238095238
12 0.9515151515151515 0.18761904761904763 0.006734006734006735 0.03142857142857143
6 0.07828282828282829 0.2783333333333333 0.013804713804713806 0.03761904761904762
12 0.3712121212121212 0.2888095238095238 0.006397306397306398 0.032857142857142856
12 0.6700336700336701 0.28904761904761905 0.007407407407407408 0.03333333333333333
12 0.04814814814814815 0.2888095238095238 0.006060606060606061 0.03190476190476191
12 0.9515151515151515 0.2888095238095238 0.006060606060606061 0.03190476190476191
6 0.07845117845117845 0.36738095238095236 0.01346801346801347 0.03761904761904762
12 0.048484848484848485 0.36976190476190474 0.006060606060606061 0.032857142857142856
12 0.3712121212121212 0.36976190476190474 0.006397306397306398 0.03190476190476191
12 0.6700336700336701 0.36976190476190474 0.007407407407407408 0.03190476190476191
12 0.9515151515151515 0.37023809523809526 0.006734006734006735 0.03190476190476191
6 0.07811447811447812 0.4607142857142857 0.01346801346801347 0.03666666666666667
12 0.04831649831649832 0.4714285714285714 0.005050505050505051 0.03333333333333333
12 0.3713804713804714 0.4711904761904762 0.006734006734006735 0.03190476190476191
12 0.6696969696969697 0.4711904761904762 0.006734006734006735 0.03190476190476191
12 0.9515151515151515 0.4711904761904762 0.006734006734006735 0.03190476190476191
6 0.07861952861952862 0.5497619047619048 0.013131313131313133 0.03761904761904762
12 0.048484848484848485 0.5521428571428572 0.0053872053872053875 0.03190476190476191
12 0.3713804713804714 0.5521428571428572 0.006734006734006735 0.03190476190476191
12 0.6696969696969697 0.5523809523809524 0.006734006734006735 0.03142857142857143
12 0.9511784511784512 0.5523809523809524 0.006734006734006735 0.03142857142857143
6 0.07811447811447812 0.7607142857142857 0.01346801346801347 0.03666666666666667
12 0.9515151515151515 0.7707142857142857 0.006060606060606061 0.032857142857142856
12 0.04814814814814815 0.7707142857142857 0.0053872053872053875 0.03190476190476191
12 0.4814814814814815 0.7707142857142857 0.006734006734006735 0.03190476190476191
14 0.10875420875420876 0.7585714285714286 0.004713804713804714 0.006666666666666666
6 0.07811447811447812 0.8488095238095238 0.014141414141414142 0.03666666666666667
12 0.48164983164983166 0.8588095238095238 0.007070707070707071 0.032857142857142856
12 0.04781144781144781 0.8590476190476191 0.0053872053872053875 0.03238095238095238
12 0.9515151515151515 0.8590476190476191 0.006734006734006735 0.03238095238095238
6 0.07811447811447812 0.9535714285714286 0.012794612794612796 0.03666666666666667
12 0.48131313131313136 0.9595238095238096 0.007070707070707071 0.03238095238095238
12 0.04797979797979798 0.9595238095238096 0.005723905723905724 0.03142857142857143
12 0.9515151515151515 0.9602380952380952 0.006734006734006735 0.03190476190476191
26 0.060101010101010106 0.09642857142857143 0.016498316498316498 0.06142857142857143
131 0.10134680134680135 0.10595238095238095 0.00808080808080808 0.051904761904761905
138 0.13333333333333333 0.09690476190476191 0.011447811447811448 0.039523809523809524
106 0.1686868686868687 0.09785714285714285 0.00808080808080808 0.03380952380952381
21 0.23552188552188552 0.08166666666666667 0.008417508417508417 0.015714285714285715
136 0.2708754208754209 0.09904761904761905 0.008417508417508417 0.03619047619047619
107 0.3048821548821549 0.09595238095238096 0.008417508417508417 0.03761904761904762
110 0.3831649831649832 0.08976190476190476 0.009427609427609429 0.05
109 0.45151515151515154 0.0919047619047619 0.009427609427609429 0.04666666666666667
110 0.519023569023569 0.08976190476190476 0.009764309764309765 0.05
111 0.604040404040404 0.0880952380952381 0.009427609427609429 0.05333333333333333
143 0.6831649831649832 0.08666666666666667 0.009427609427609429 0.058095238095238096
136 0.7158249158249158 0.09857142857142857 0.010774410774410775 0.035238095238095235
104 0.751010101010101 0.10119047619047619 0.008417508417508417 0.041428571428571426
21 0.818855218855219 0.08190476190476191 0.00808080808080808 0.01619047619047619
134 0.854040404040404 0.10285714285714286 0.008417508417508417 0.04476190476190476
105 0.8878787878787879 0.09976190476190476 0.00808080808080808 0.03761904761904762
26 0.06026936026936027 0.18642857142857142 0.016835016835016835 0.062380952380952384
159 0.1026936026936027 0.19166666666666668 0.011447811447811448 0.04238095238095238
160 0.11851851851851852 0.1895238095238095 0.009427609427609429 0.0380952380952381
161 0.13535353535353536 0.18761904761904763 0.009427609427609429 0.03428571428571429
162 0.1516835016835017 0.18761904761904763 0.009090909090909092 0.03428571428571429
163 0.1696969696969697 0.18333333333333332 0.011447811447811448 0.04285714285714286
160 0.1856902356902357 0.18523809523809523 0.009090909090909092 0.04666666666666667
163 0.2026936026936027 0.18333333333333332 0.008754208754208754 0.0419047619047619
162 0.21919191919191922 0.18333333333333332 0.008754208754208754 0.04285714285714286
161 0.23703703703703705 0.18357142857142858 0.012121212121212121 0.043333333333333335
164 0.2542087542087542 0.18333333333333332 0.008754208754208754 0.04285714285714286
163 0.27104377104377103 0.18357142857142858 0.008754208754208754 0.04238095238095238
162 0.2878787878787879 0.1838095238095238 0.008754208754208754 0.04285714285714286
163 0.3060606060606061 0.18333333333333332 0.011447811447811448 0.0419047619047619
162 0.32272727272727275 0.18452380952380953 0.009090909090909092 0.04047619047619048
161 0.3402356902356903 0.1854761904761905 0.009090909090909092 0.03857142857142857
160 0.35690235690235694 0.18857142857142858 0.008754208754208754 0.040952380952380955
159 0.3845117845117845 0.19071428571428573 0.010774410774410775 0.043333333333333335
157 0.39932659932659936 0.19285714285714287 0.009427609427609429 0.05523809523809524
164 0.41700336700336704 0.1819047619047619 0.009090909090909092 0.04476190476190476
165 0.4345117845117845 0.17976190476190476 0.009090909090909092 0.05
166 0.45151515151515154 0.19238095238095237 0.008754208754208754 0.04476190476190476
165 0.46835016835016835 0.19380952380952382 0.008754208754208754 0.04666666666666667
164 0.4851851851851852 0.195 0.008754208754208754 0.04904761904761905
163 0.501010101010101 0.19523809523809524 0.011447811447811448 0.05047619047619047
162 0.5205387205387205 0.18333333333333332 0.010774410774410775 0.04285714285714286
161 0.5360269360269361 0.1830952380952381 0.009427609427609429 0.04428571428571428
160 0.5530303030303031 0.18404761904761904 0.009090909090909092 0.05
164 0.5872053872053873 0.18095238095238095 0.008754208754208754 0.047619047619047616
163 0.6055555555555556 0.18261904761904763 0.011784511784511785 0.043333333333333335
164 0.6220538720538721 0.1830952380952381 0.009090909090909092 0.043333333333333335
163 0.638888888888889 0.18333333333333332 0.009090909090909092 0.04285714285714286
162 0.6557239057239057 0.18357142857142858 0.009090909090909092 0.043333333333333335
131 0.6843434343434344 0.18285714285714286 0.011111111111111112 0.04476190476190476
138 0.7170033670033671 0.1757142857142857 0.009090909090909092 0.058095238095238096
106 0.7511784511784512 0.18738095238095237 0.008754208754208754 0.03380952380952381
21 0.8186868686868687 0.17166666666666666 0.007744107744107744 0.015714285714285715
136 0.854040404040404 0.18880952380952382 0.008417508417508417 0.03666666666666667
107 0.8878787878787879 0.18571428571428572 0.00808080808080808 0.0380952380952381
26 0.06026936026936027 0.28714285714285714 0.016835016835016835 0.06190476190476191
166 0.10286195286195286 0.2804761904761905 0.011111111111111112 0.05047619047619047
165 0.11868686868686869 0.2807142857142857 0.009090909090909092 0.05095238095238095
166 0.13552188552188552 0.2807142857142857 0.008417508417508417 0.05
159 0.15185185185185185 0.28523809523809524 0.009427609427609429 0.05904761904761905
158 0.16986531986531989 0.29428571428571426 0.011784511784511785 0.04666666666666667
163 0.1856902356902357 0.2885714285714286 0.008417508417508417 0.03428571428571429
160 0.2026936026936027 0.2907142857142857 0.008754208754208754 0.039523809523809524
161 0.21919191919191922 0.28904761904761905 0.008754208754208754 0.035238095238095235
159 0.23703703703703705 0.28595238095238096 0.012121212121212121 0.056666666666666664
166 0.2542087542087542 0.28214285714285714 0.008754208754208754 0.048095238095238094
165 0.27104377104377103 0.28214285714285714 0.008754208754208754 0.048095238095238094
164 0.28804713804713805 0.28214285714285714 0.008417508417508417 0.048095238095238094
165 0.3047138047138047 0.2926190476190476 0.008754208754208754 0.04238095238095238
168 0.32222222222222224 0.2885714285714286 0.00808080808080808 0.040952380952380955
170 0.3402356902356903 0.2830952380952381 0.009764309764309765 0.04619047619047619
171 0.3558922558922559 0.2816666666666667 0.011447811447811448 0.05
169 0.3826599326599327 0.28476190476190477 0.008417508417508417 0.04285714285714286
168 0.39882154882154885 0.28714285714285714 0.008417508417508417 0.0380952380952381
167 0.41649831649831653 0.28904761904761905 0.008754208754208754 0.035238095238095235
169 0.4326599326599327 0.285 0.010774410774410775 0.04238095238095238
168 0.4513468013468014 0.28809523809523807 0.008417508417508417 0.04
167 0.46801346801346805 0.2907142857142857 0.008754208754208754 0.03857142857142857
166 0.48501683501683507 0.2916666666666667 0.008417508417508417 0.04047619047619048
165 0.501010101010101 0.2926190476190476 0.011447811447811448 0.04238095238095238
164 0.5205387205387205 0.2842857142857143 0.010774410774410775 0.04476190476190476
163 0.5363636363636364 0.2830952380952381 0.008754208754208754 0.04619047619047619
162 0.5531986531986532 0.2823809523809524 0.008754208754208754 0.047619047619047616
28 0.5691919191919192 0.28833333333333333 0.013804713804713806 0.03380952380952381
167 0.5873737373737374 0.28 0.009090909090909092 0.05238095238095238
166 0.604040404040404 0.2897619047619048 0.008754208754208754 0.03666666666666667
168 0.6213804713804714 0.28809523809523807 0.008417508417508417 0.04
167 0.6383838383838384 0.2897619047619048 0.008754208754208754 0.03666666666666667
166 0.6542087542087542 0.2897619047619048 0.010774410774410775 0.03666666666666667
165 0.682996632996633 0.2919047619047619 0.008417508417508417 0.040952380952380955
166 0.7000000000000001 0.29119047619047617 0.00808080808080808 0.04047619047619048
167 0.7168350168350168 0.2904761904761905 0.008754208754208754 0.039047619047619046
168 0.7323232323232324 0.28785714285714287 0.010774410774410775 0.039523809523809524
169 0.7508417508417509 0.28523809523809524 0.00808080808080808 0.04285714285714286
166 0.7664983164983166 0.2888095238095238 0.008417508417508417 0.034761904761904765
169 0.7846801346801348 0.285 0.008417508417508417 0.04238095238095238
168 0.8001683501683502 0.2873809523809524 0.011111111111111112 0.03857142857142857
167 0.8186868686868687 0.2888095238095238 0.008417508417508417 0.034761904761904765
170 0.8373737373737374 0.2830952380952381 0.010101010101010102 0.04619047619047619
169 0.8537037037037037 0.28476190476190477 0.008417508417508417 0.0419047619047619
168 0.8695286195286196 0.2869047619047619 0.010437710437710438 0.03761904761904762
169 0.8877104377104378 0.285 0.008417508417508417 0.04238095238095238
168 0.9045454545454545 0.28714285714285714 0.008417508417508417 0.0380952380952381
167 0.9215488215488216 0.2885714285714286 0.008754208754208754 0.035238095238095235
166 0.9372053872053873 0.2888095238095238 0.010437710437710438 0.034761904761904765
27 0.05976430976430977 0.37023809523809526 0.01717171717171717 0.034761904761904765
103 0.10134680134680135 0.37476190476190474 0.008754208754208754 0.04380952380952381
100 0.1686868686868687 0.37023809523809526 0.008754208754208754 0.03380952380952381
101 0.2361952861952862 0.36833333333333335 0.009090909090909092 0.039523809523809524
98 0.3048821548821549 0.37357142857142855 0.009090909090909092 0.04238095238095238
99 0.38333333333333336 0.3719047619047619 0.008417508417508417 0.0380952380952381
96 0.45151515151515154 0.3773809523809524 0.010101010101010102 0.05
99 0.5195286195286195 0.3719047619047619 0.00808080808080808 0.0380952380952381
100 0.6042087542087542 0.37023809523809526 0.009090909090909092 0.03380952380952381
103 0.6831649831649832 0.37523809523809526 0.008754208754208754 0.04380952380952381
100 0.7513468013468014 0.37023809523809526 0.009090909090909092 0.03380952380952381
101 0.8196969696969697 0.3680952380952381 0.009090909090909092 0.0380952380952381
98 0.8882154882154882 0.37333333333333335 0.008754208754208754 0.0419047619047619
26 0.060101010101010106 0.4695238095238095 0.015824915824915825 0.06095238095238095
27 0.05976430976430977 0.5523809523809524 0.01717171717171717 0.03428571428571429
103 0.1016835016835017 0.5566666666666666 0.008754208754208754 0.04380952380952381
100 0.1686868686868687 0.5526190476190476 0.008754208754208754 0.03380952380952381
101 0.23653198653198654 0.5504761904761905 0.009090909090909092 0.0380952380952381
98 0.30505050505050507 0.555952380952381 0.009427609427609429 0.041428571428571426
99 0.38333333333333336 0.5542857142857143 0.009090909090909092 0.0380952380952381
96 0.45151515151515154 0.56 0.010101010101010102 0.05047619047619047
99 0.5193602693602694 0.5545238095238095 0.009090909090909092 0.03857142857142857
100 0.6042087542087542 0.5528571428571428 0.009090909090909092 0.03333333333333333
103 0.6835016835016835 0.5569047619047619 0.008754208754208754 0.04428571428571428
100 0.7513468013468014 0.5528571428571428 0.009090909090909092 0.03333333333333333
101 0.8196969696969697 0.5504761904761905 0.009090909090909092 0.0380952380952381
98 0.8883838383838384 0.5557142857142857 0.009090909090909092 0.0419047619047619
26 0.06026936026936027 0.7692857142857142 0.015488215488215488 0.060476190476190475
105 0.10151515151515152 0.7726190476190476 0.008417508417508417 0.03857142857142857
136 0.24494949494949497 0.7716666666666666 0.008417508417508417 0.03666666666666667
136 0.2927609427609428 0.7714285714285715 0.008417508417508417 0.03619047619047619
139 0.33922558922558926 0.7671428571428571 0.011111111111111112 0.0419047619047619
137 0.3898989898989899 0.77 0.008754208754208754 0.03333333333333333
140 0.4363636363636364 0.765 0.011447811447811448 0.04523809523809524
170 0.49680134680134685 0.7652380952380953 0.009764309764309765 0.045714285714285714
193 0.5191919191919192 0.7692857142857142 0.009427609427609429 0.03857142857142857
194 0.5331649831649832 0.7669047619047619 0.011111111111111112 0.041428571428571426
170 0.5501683501683502 0.7652380952380953 0.010101010101010102 0.045714285714285714
193 0.5723905723905724 0.7688095238095238 0.009427609427609429 0.03857142857142857
194 0.5863636363636364 0.7671428571428571 0.010437710437710438 0.0419047619047619
195 0.6033670033670034 0.7733333333333333 0.010774410774410775 0.06190476190476191
188 0.6171717171717171 0.7785714285714286 0.008754208754208754 0.05047619047619047
189 0.6326599326599327 0.7776190476190477 0.008754208754208754 0.05047619047619047
190 0.6478114478114478 0.7783333333333333 0.008754208754208754 0.05095238095238095
191 0.6632996632996634 0.7780952380952381 0.008754208754208754 0.05142857142857143
192 0.6784511784511785 0.7785714285714286 0.00808080808080808 0.05047619047619047
193 0.6937710437710438 0.7771428571428571 0.007744107744107744 0.054285714285714284
194 0.7077441077441078 0.7747619047619048 0.011447811447811448 0.05904761904761905
168 0.7245791245791247 0.7730952380952381 0.00808080808080808 0.047142857142857146
191 0.7473063973063974 0.7742857142857142 0.008417508417508417 0.04285714285714286
192 0.7607744107744108 0.7747619047619048 0.011111111111111112 0.0419047619047619
168 0.7781144781144782 0.780952380952381 0.008754208754208754 0.06190476190476191
186 0.8005050505050505 0.7816666666666666 0.009090909090909092 0.05952380952380952
187 0.8143097643097643 0.7814285714285715 0.012457912457912458 0.05904761904761905
188 0.8324915824915825 0.7635714285714286 0.011111111111111112 0.048095238095238094
189 0.8468013468013469 0.7640476190476191 0.00808080808080808 0.048095238095238094
188 0.861952861952862 0.7638095238095238 0.008754208754208754 0.047619047619047616
187 0.8776094276094276 0.7635714285714286 0.008417508417508417 0.048095238095238094
188 0.8927609427609428 0.7635714285714286 0.008417508417508417 0.048095238095238094
161 0.9075757575757576 0.7640476190476191 0.008417508417508417 0.04904761904761905
187 0.9234006734006734 0.7638095238095238 0.008417508417508417 0.04857142857142857
188 0.9383838383838384 0.7635714285714286 0.00808080808080808 0.048095238095238094
26 0.060101010101010106 0.8576190476190476 0.016498316498316498 0.06190476190476191
110 0.10134680134680135 0.8507142857142858 0.009427609427609429 0.05
109 0.19713804713804714 0.8530952380952381 0.009090909090909092 0.04619047619047619
141 0.2925925925925926 0.8511904761904762 0.010101010101010102 0.05095238095238095
111 0.39006734006734006 0.8497619047619047 0.009764309764309765 0.05380952380952381
143 0.49629629629629635 0.8480952380952381 0.009427609427609429 0.05904761904761905
136 0.5486531986531987 0.8595238095238095 0.010437710437710438 0.035238095238095235
104 0.603030303030303 0.8623809523809524 0.00808080808080808 0.0419047619047619
21 0.7247474747474748 0.8426190476190476 0.008417508417508417 0.015714285714285715
134 0.7779461279461279 0.8638095238095238 0.008417508417508417 0.04476190476190476
105 0.830976430976431 0.8604761904761905 0.008754208754208754 0.0380952380952381
28 0.06026936026936027 0.9604761904761905 0.017508417508417508 0.03428571428571429
165 0.10151515151515152 0.9676190476190476 0.008417508417508417 0.05047619047619047
163 0.12390572390572391 0.9657142857142857 0.008754208754208754 0.045714285714285714
170 0.14932659932659934 0.9576190476190476 0.009764309764309765 0.05238095238095238
171 0.17154882154882156 0.9533333333333334 0.012457912457912458 0.05238095238095238
172 0.19713804713804714 0.9504761904761905 0.009764309764309765 0.054285714285714284
171 0.2207070707070707 0.9523809523809523 0.009090909090909092 0.05047619047619047
170 0.24461279461279462 0.9542857142857143 0.009090909090909092 0.045714285714285714
169 0.26683501683501687 0.9561904761904761 0.010437710437710438 0.0419047619047619
168 0.2925925925925926 0.9585714285714285 0.00808080808080808 0.0380952380952381
167 0.3164983164983165 0.96 0.008754208754208754 0.035238095238095235
166 0.3405723905723906 0.96 0.008417508417508417 0.03428571428571429
170 0.36414141414141415 0.9547619047619048 0.011784511784511785 0.045714285714285714
169 0.3895622895622896 0.9564285714285714 0.00808080808080808 0.04238095238095238
170 0.41363636363636364 0.9547619047619048 0.009090909090909092 0.045714285714285714
169 0.4373737373737374 0.9564285714285714 0.00808080808080808 0.04238095238095238
168 0.4595959595959596 0.9580952380952381 0.011447811447811448 0.0380952380952381
137 0.4964646464646465 0.96 0.008417508417508417 0.03333333333333333
144 0.5484848484848485 0.9469047619047619 0.012121212121212121 0.06142857142857143
26 0.578956228956229 0.9611904761904762 0.011784511784511785 0.04904761904761905
106 0.603030303030303 0.9597619047619048 0.008754208754208754 0.03380952380952381
21 0.7245791245791247 0.9438095238095238 0.008754208754208754 0.01619047619047619
136 0.7777777777777778 0.9611904761904762 0.00808080808080808 0.03666666666666667
107 0.8311447811447812 0.9580952380952381 0.008417508417508417 0.0380952380952381
