12 0.24158163265306123 0.1038961038961039 0.008673469387755102 0.049062049062049064
12 0.048469387755102046 0.10425685425685426 0.00816326530612245 0.048340548340548344
12 0.5043367346938776 0.10425685425685426 0.008673469387755102 0.048340548340548344
12 0.7923469387755103 0.10425685425685426 0.00816326530612245 0.048340548340548344
12 0.9512755102040817 0.10425685425685426 0.010714285714285714 0.048340548340548344
12 0.38801020408163267 0.10497835497835498 0.007653061224489797 0.048340548340548344
12 0.6617346938775511 0.10461760461760462 0.0071428571428571435 0.047619047619047616
14 0.12908163265306125 0.09848484848484848 0.0071428571428571435 0.010822510822510822
14 0.42244897959183675 0.09848484848484848 0.006122448979591837 0.00937950937950938
14 0.4229591836734694 0.12229437229437229 0.006122448979591837 0.00937950937950938
14 0.4227040816326531 0.1341991341991342 0.00663265306122449 0.008658008658008658
14 0.3869897959183674 0.34054834054834054 0.00663265306122449 0.0101010101010101
14 0.8487244897959184 0.3409090909090909 0.00663265306122449 0.00937950937950938
13 0.8193877551020409 0.3694083694083694 0.011224489795918368 0.050505050505050504
12 0.048469387755102046 0.36976911976911975 0.00816326530612245 0.049783549783549784
12 0.6364795918367347 0.3694083694083694 0.008673469387755102 0.049062049062049064
12 0.5278061224489796 0.3694083694083694 0.008673469387755102 0.047619047619047616
12 0.3594387755102041 0.3694083694083694 0.008673469387755102 0.046176046176046176
12 0.9512755102040817 0.3704906204906205 0.00663265306122449 0.048340548340548344
14 0.6599489795918368 0.363997113997114 0.00663265306122449 0.00937950937950938
12 0.048469387755102046 0.494949494949495 0.00816326530612245 0.049062049062049064
13 0.8188775510204083 0.494949494949495 0.011224489795918368 0.049062049062049064
12 0.3594387755102041 0.4953102453102453 0.008673469387755102 0.048340548340548344
12 0.5278061224489796 0.494949494949495 0.007653061224489797 0.047619047619047616
12 0.6364795918367347 0.4953102453102453 0.008673469387755102 0.048340548340548344
12 0.9515306122448981 0.4953102453102453 0.00816326530612245 0.048340548340548344
14 0.6630102040816327 0.5010822510822511 0.00663265306122449 0.00937950937950938
14 0.5622448979591838 0.5018037518037518 0.006122448979591837 0.00937950937950938
14 0.5622448979591838 0.5245310245310245 0.006122448979591837 0.008658008658008658
14 0.663265306122449 0.5248917748917749 0.0071428571428571435 0.00937950937950938
12 0.8387755102040817 0.7597402597402597 0.0071428571428571435 0.049062049062049064
12 0.048214285714285716 0.76010101010101 0.007653061224489797 0.048340548340548344
12 0.5931122448979592 0.7604617604617605 0.008673469387755102 0.049062049062049064
12 0.7224489795918368 0.7597402597402597 0.009183673469387756 0.047619047619047616
12 0.9512755102040817 0.7608225108225108 0.007653061224489797 0.049783549783549784
12 0.23801020408163268 0.76010101010101 0.008673469387755102 0.046897546897546896
12 0.3392857142857143 0.7604617604617605 0.00816326530612245 0.047619047619047616
12 0.43954081632653064 0.7608225108225108 0.008673469387755102 0.048340548340548344
12 0.048214285714285716 0.8863636363636364 0.007653061224489797 0.049783549783549784
12 0.43954081632653064 0.886002886002886 0.007653061224489797 0.047619047619047616
12 0.5926020408163266 0.886002886002886 0.007653061224489797 0.047619047619047616
12 0.7229591836734695 0.886002886002886 0.00816326530612245 0.047619047619047616
12 0.8385204081632653 0.8856421356421357 0.007653061224489797 0.046897546897546896
12 0.9515306122448981 0.886002886002886 0.00816326530612245 0.047619047619047616
12 0.23801020408163268 0.8863636363636364 0.007653061224489797 0.046897546897546896
12 0.3392857142857143 0.8863636363636364 0.00816326530612245 0.046897546897546896
31 0.06454081632653062 0.10930735930735931 0.02295918367346939 0.10317460317460317
16 0.08724489795918368 0.09668109668109669 0.010204081632653062 0.03318903318903319
103 0.1181122448979592 0.11255411255411256 0.012755102040816327 0.06637806637806638
132 0.16989795918367348 0.10137085137085138 0.018367346938775512 0.05555555555555555
133 0.19540816326530613 0.09848484848484848 0.017346938775510204 0.06421356421356421
134 0.2198979591836735 0.09776334776334776 0.01326530612244898 0.0670995670995671
76 0.2650510204081633 0.11075036075036075 0.013775510204081635 0.06277056277056277
20 0.3377551020408164 0.10317460317460317 0.011224489795918368 0.03751803751803752
103 0.5206632653061225 0.11219336219336219 0.012755102040816327 0.0670995670995671
103 0.5612244897959184 0.11255411255411256 0.01326530612244898 0.06637806637806638
103 0.6081632653061225 0.11255411255411256 0.01326530612244898 0.06782106782106782
136 0.7346938775510204 0.1075036075036075 0.01326530612244898 0.05772005772005772
135 0.7556122448979593 0.10894660894660894 0.01326530612244898 0.06060606060606061
134 0.7752551020408164 0.11075036075036075 0.01683673469387755 0.06277056277056277
16 0.8033163265306124 0.1038961038961039 0.00969387755102041 0.03318903318903319
102 0.8165816326530613 0.0992063492063492 0.013775510204081635 0.06277056277056277
102 0.8568877551020408 0.0992063492063492 0.013775510204081635 0.06277056277056277
102 0.9035714285714287 0.0992063492063492 0.01326530612244898 0.06277056277056277
26 0.0642857142857143 0.3686868686868687 0.022448979591836737 0.09090909090909091
16 0.08724489795918368 0.3621933621933622 0.010204081632653062 0.03318903318903319
134 0.11785714285714287 0.37734487734487737 0.01326530612244898 0.06637806637806638
16 0.13596938775510206 0.36904761904761907 0.008673469387755102 0.03391053391053391
163 0.14846938775510204 0.3777056277056277 0.012244897959183675 0.06421356421356421
16 0.15433673469387757 0.3268398268398268 0.008673469387755102 0.03318903318903319
170 0.16505102040816327 0.36832611832611833 0.018877551020408164 0.08297258297258298
169 0.18418367346938777 0.3647186147186147 0.012244897959183675 0.06421356421356421
16 0.200765306122449 0.3448773448773449 0.00969387755102041 0.03318903318903319
167 0.213265306122449 0.37012987012987014 0.01326530612244898 0.05339105339105339
172 0.23392857142857146 0.3556998556998557 0.01479591836734694 0.0808080808080808
170 0.25 0.36147186147186144 0.0163265306122449 0.06926406926406926
171 0.2691326530612245 0.35894660894660896 0.013775510204081635 0.07575757575757576
17 0.28443877551020413 0.3528138528138528 0.008673469387755102 0.0404040404040404
167 0.29566326530612247 0.3704906204906205 0.012755102040816327 0.05266955266955267
15 0.313265306122449 0.3463203463203463 0.011224489795918368 0.03896103896103896
168 0.32602040816326533 0.36832611832611833 0.01326530612244898 0.05844155844155844
170 0.34540816326530616 0.36147186147186144 0.018367346938775512 0.0707070707070707
108 0.375765306122449 0.3643578643578644 0.013775510204081635 0.06349206349206349
136 0.45102040816326533 0.37265512265512263 0.01326530612244898 0.056998556998557
141 0.4767857142857143 0.3578643578643579 0.01479591836734694 0.0735930735930736
16 0.49438775510204086 0.3264790764790765 0.009183673469387756 0.03391053391053391
140 0.5056122448979592 0.36147186147186144 0.018367346938775512 0.06926406926406926
80 0.5505102040816326 0.3643578643578644 0.014285714285714287 0.06349206349206349
20 0.6028061224489797 0.36904761904761907 0.011734693877551022 0.03823953823953824
20 0.6494897959183674 0.36904761904761907 0.011224489795918368 0.03823953823953824
15 0.6823979591836735 0.363997113997114 0.011734693877551022 0.03823953823953824
165 0.6971938775510205 0.3625541125541126 0.01479591836734694 0.06565656565656566
160 0.7122448979591838 0.36904761904761907 0.01326530612244898 0.06421356421356421
16 0.7280612244897959 0.3686868686868687 0.009183673469387756 0.03318903318903319
163 0.740561224489796 0.38023088023088025 0.012755102040816327 0.07215007215007214
17 0.7561224489795919 0.36507936507936506 0.00816326530612245 0.03896103896103896
165 0.7673469387755103 0.37554112554112556 0.012244897959183675 0.06277056277056277
166 0.7852040816326531 0.37265512265512263 0.012244897959183675 0.05844155844155844
16 0.7908163265306123 0.3268398268398268 0.009183673469387756 0.03318903318903319
170 0.8028061224489796 0.3621933621933622 0.01785714285714286 0.0707070707070707
80 0.8367346938775511 0.3647186147186147 0.01326530612244898 0.06421356421356421
31 0.06454081632653062 0.5003607503607503 0.02295918367346939 0.10173160173160173
16 0.08724489795918368 0.48773448773448774 0.010204081632653062 0.03318903318903319
103 0.11836734693877551 0.5032467532467533 0.01326530612244898 0.06565656565656566
19 0.18596938775510205 0.49278499278499277 0.01785714285714286 0.012987012987012988
21 0.3744897959183674 0.49603174603174605 0.010204081632653062 0.025252525252525252
15 0.39260204081632655 0.5137085137085137 0.010714285714285714 0.03751803751803752
131 0.40943877551020413 0.49567099567099565 0.019897959183673472 0.05194805194805195
101 0.4326530612244898 0.49314574314574317 0.01326530612244898 0.056998556998557
17 0.4650510204081633 0.5137085137085137 0.008673469387755102 0.03896103896103896
131 0.47882653061224495 0.4935064935064935 0.01683673469387755 0.05916305916305916
16 0.49413265306122456 0.49386724386724384 0.008673469387755102 0.03391053391053391
133 0.5073979591836735 0.48953823953823955 0.012755102040816327 0.06277056277056277
101 0.8375 0.4935064935064935 0.013775510204081635 0.05772005772005772
103 0.8770408163265306 0.5028860028860029 0.01326530612244898 0.06637806637806638
105 0.9186224489795919 0.49855699855699853 0.012755102040816327 0.05772005772005772
26 0.06479591836734694 0.7593795093795094 0.023469387755102045 0.09163059163059163
16 0.08724489795918368 0.7532467532467533 0.009183673469387756 0.03318903318903319
108 0.11785714285714287 0.7546897546897547 0.012244897959183675 0.06349206349206349
20 0.1461734693877551 0.7593795093795094 0.011734693877551022 0.0367965367965368
162 0.17857142857142858 0.7536075036075036 0.0163265306122449 0.06421356421356421
163 0.1931122448979592 0.753968253968254 0.012755102040816327 0.06349206349206349
165 0.21071428571428574 0.7536075036075036 0.01326530612244898 0.06421356421356421
163 0.22525510204081634 0.7525252525252525 0.012755102040816327 0.06493506493506493
75 0.25204081632653064 0.7683982683982684 0.01326530612244898 0.06637806637806638
102 0.31428571428571433 0.7550505050505051 0.01326530612244898 0.06132756132756133
73 0.35280612244897963 0.7572150072150072 0.013775510204081635 0.056998556998557
100 0.41479591836734697 0.7611832611832612 0.01326530612244898 0.05194805194805195
135 0.4609693877551021 0.7673160173160173 0.013775510204081635 0.06277056277056277
16 0.4744897959183674 0.7359307359307359 0.00816326530612245 0.031746031746031744
137 0.48469387755102045 0.7637085137085137 0.0163265306122449 0.056998556998557
134 0.505357142857143 0.7683982683982684 0.013775510204081635 0.06637806637806638
137 0.5252551020408164 0.7640692640692641 0.01683673469387755 0.05772005772005772
16 0.5410714285714286 0.7593795093795094 0.008673469387755102 0.032467532467532464
133 0.5561224489795918 0.7575757575757576 0.0163265306122449 0.05772005772005772
135 0.576530612244898 0.7546897546897547 0.012244897959183675 0.06349206349206349
100 0.614795918367347 0.7608225108225108 0.014285714285714287 0.051226551226551224
132 0.6459183673469389 0.759018759018759 0.0163265306122449 0.05483405483405483
133 0.6650510204081633 0.7586580086580087 0.012755102040816327 0.056998556998557
135 0.689030612244898 0.7543290043290043 0.015816326530612247 0.06421356421356421
133 0.7058673469387756 0.7572150072150072 0.012755102040816327 0.05844155844155844
75 0.7369897959183674 0.7683982683982684 0.013775510204081635 0.06637806637806638
15 0.7852040816326531 0.7788600288600288 0.012244897959183675 0.03823953823953824
131 0.8015306122448981 0.7572150072150072 0.017346938775510204 0.05844155844155844
133 0.8214285714285715 0.7546897546897547 0.01326530612244898 0.06204906204906205
73 0.8525510204081633 0.7575757575757576 0.014285714285714287 0.05627705627705628
132 0.915561224489796 0.7586580086580087 0.01683673469387755 0.05411255411255411
131 0.9344387755102042 0.7608225108225108 0.013775510204081635 0.05266955266955267
31 0.06479591836734694 0.8903318903318903 0.023469387755102045 0.10245310245310245
16 0.08750000000000001 0.8784271284271284 0.00969387755102041 0.032467532467532464
101 0.11887755102040817 0.8834776334776335 0.01326530612244898 0.056998556998557
103 0.1479591836734694 0.8935786435786436 0.01326530612244898 0.06565656565656566
105 0.17729591836734696 0.8881673881673882 0.012755102040816327 0.05627705627705628
101 0.2525510204081633 0.8834776334776335 0.01326530612244898 0.056998556998557
103 0.2823979591836735 0.8935786435786436 0.012755102040816327 0.06565656565656566
105 0.3137755102040817 0.8892496392496393 0.01326530612244898 0.056998556998557
101 0.3525510204081633 0.8838383838383839 0.01326530612244898 0.05627705627705628
103 0.38239795918367353 0.8939393939393939 0.012755102040816327 0.06637806637806638
105 0.414030612244898 0.8892496392496393 0.012755102040816327 0.056998556998557
16 0.4484693877551021 0.8852813852813853 0.009183673469387756 0.03463203463203463
102 0.46173469387755106 0.8809523809523809 0.01326530612244898 0.06204906204906205
104 0.5051020408163266 0.8921356421356421 0.01326530612244898 0.06277056277056277
107 0.5535714285714286 0.8841991341991342 0.01326530612244898 0.05844155844155844
16 0.6017857142857144 0.8856421356421357 0.00969387755102041 0.03391053391053391
102 0.6153061224489796 0.8809523809523809 0.01326530612244898 0.06204906204906205
104 0.6443877551020408 0.8924963924963925 0.01326530612244898 0.06349206349206349
107 0.6872448979591838 0.8834776334776335 0.01326530612244898 0.05844155844155844
101 0.7369897959183674 0.8834776334776335 0.013775510204081635 0.056998556998557
103 0.7670918367346939 0.8943001443001443 0.012755102040816327 0.06565656565656566
105 0.7984693877551021 0.8892496392496393 0.012244897959183675 0.056998556998557
101 0.852295918367347 0.8834776334776335 0.013775510204081635 0.056998556998557
103 0.8821428571428572 0.8943001443001443 0.01326530612244898 0.0670995670995671
105 0.9135204081632654 0.8888888888888888 0.012755102040816327 0.05772005772005772
