14 0.8502551020408164 0.10930735930735931 0.00663265306122449 0.00937950937950938
2 0.16147959183673471 0.1461038961038961 0.015816326530612247 0.049783549783549784
12 0.439795918367347 0.16197691197691197 0.009183673469387756 0.048340548340548344
12 0.7875000000000001 0.16233766233766234 0.007653061224489797 0.049062049062049064
12 0.9515306122448981 0.16233766233766234 0.00816326530612245 0.049062049062049064
12 0.31734693877551023 0.16233766233766234 0.00816326530612245 0.047619047619047616
12 0.652295918367347 0.16197691197691197 0.008673469387755102 0.046897546897546896
12 0.8775510204081634 0.1626984126984127 0.0071428571428571435 0.046897546897546896
12 0.5755102040816327 0.16233766233766234 0.0071428571428571435 0.044733044733044736
14 0.17755102040816328 0.25252525252525254 0.006122448979591837 0.008658008658008658
14 0.3943877551020408 0.25252525252525254 0.006122448979591837 0.008658008658008658
14 0.5714285714285715 0.25252525252525254 0.006122448979591837 0.008658008658008658
14 0.9216836734693878 0.25252525252525254 0.00663265306122449 0.008658008658008658
2 0.09056122448979592 0.288961038961039 0.015816326530612247 0.049783549783549784
12 0.505357142857143 0.3051948051948052 0.007653061224489797 0.047619047619047616
12 0.7221938775510205 0.3055555555555556 0.008673469387755102 0.048340548340548344
12 0.9515306122448981 0.3055555555555556 0.0071428571428571435 0.048340548340548344
12 0.20790816326530615 0.3055555555555556 0.00663265306122449 0.046897546897546896
12 0.32831632653061227 0.3055555555555556 0.007653061224489797 0.046897546897546896
12 0.4247448979591837 0.3051948051948052 0.00663265306122449 0.046176046176046176
12 0.8553571428571429 0.3059163059163059 0.008673469387755102 0.047619047619047616
12 0.6017857142857144 0.3059163059163059 0.00663265306122449 0.046176046176046176
14 0.25790816326530613 0.3953823953823954 0.00663265306122449 0.008658008658008658
2 0.0903061224489796 0.4329004329004329 0.015306122448979593 0.047619047619047616
12 0.9517857142857143 0.44877344877344877 0.007653061224489797 0.049062049062049064
12 0.19132653061224492 0.44877344877344877 0.00816326530612245 0.047619047619047616
12 0.34260204081632656 0.44877344877344877 0.008673469387755102 0.047619047619047616
12 0.42321428571428577 0.44877344877344877 0.008673469387755102 0.047619047619047616
12 0.288265306122449 0.44877344877344877 0.0071428571428571435 0.046176046176046176
14 0.9385204081632654 0.5386002886002886 0.005612244897959184 0.00937950937950938
14 0.2017857142857143 0.5508658008658008 0.00663265306122449 0.00937950937950938
2 0.09056122448979592 0.5753968253968254 0.015816326530612247 0.048340548340548344
12 0.21479591836734696 0.591991341991342 0.009183673469387756 0.048340548340548344
12 0.29540816326530617 0.5916305916305916 0.009183673469387756 0.047619047619047616
12 0.9515306122448981 0.591991341991342 0.00816326530612245 0.048340548340548344
12 0.7400510204081633 0.5923520923520923 0.00663265306122449 0.047619047619047616
14 0.3135204081632653 0.6814574314574314 0.00663265306122449 0.00937950937950938
14 0.714030612244898 0.6814574314574314 0.00663265306122449 0.00937950937950938
14 0.5336734693877552 0.6937229437229437 0.006122448979591837 0.00937950937950938
2 0.0903061224489796 0.7189754689754689 0.015306122448979593 0.048340548340548344
12 0.18112244897959184 0.7348484848484849 0.009183673469387756 0.048340548340548344
12 0.9515306122448981 0.7352092352092352 0.009183673469387756 0.049062049062049064
12 0.2461734693877551 0.7352092352092352 0.007653061224489797 0.047619047619047616
12 0.34438775510204084 0.7348484848484849 0.0071428571428571435 0.046897546897546896
12 0.6469387755102042 0.7348484848484849 0.00816326530612245 0.046897546897546896
12 0.8670918367346939 0.7348484848484849 0.007653061224489797 0.046897546897546896
12 0.46658163265306124 0.7352092352092352 0.007653061224489797 0.046176046176046176
12 0.7451530612244899 0.7352092352092352 0.00663265306122449 0.046176046176046176
12 0.564795918367347 0.7362914862914863 0.0071428571428571435 0.046897546897546896
14 0.9410714285714287 0.8134920634920635 0.005612244897959184 0.00937950937950938
14 0.34260204081632656 0.825036075036075 0.00663265306122449 0.010822510822510822
14 0.24285714285714288 0.825036075036075 0.006122448979591837 0.00937950937950938
14 0.2691326530612245 0.825036075036075 0.00663265306122449 0.00937950937950938
2 0.0903061224489796 0.8614718614718615 0.0163265306122449 0.049062049062049064
12 0.3987244897959184 0.8780663780663781 0.008673469387755102 0.047619047619047616
12 0.465561224489796 0.8780663780663781 0.008673469387755102 0.047619047619047616
12 0.5306122448979592 0.8784271284271284 0.009183673469387756 0.048340548340548344
12 0.754591836734694 0.8773448773448773 0.0071428571428571435 0.046176046176046176
12 0.9515306122448981 0.8784271284271284 0.00816326530612245 0.048340548340548344
12 0.2198979591836735 0.8780663780663781 0.00816326530612245 0.046176046176046176
12 0.8561224489795919 0.8787878787878788 0.006122448979591837 0.046176046176046176
12 0.3025510204081633 0.8787878787878788 0.0071428571428571435 0.044733044733044736
14 0.20433673469387756 0.9678932178932179 0.00663265306122449 0.00937950937950938
14 0.4295918367346939 0.9678932178932179 0.006122448979591837 0.00937950937950938
14 0.7117346938775511 0.9678932178932179 0.006122448979591837 0.00937950937950938
26 0.13596938775510206 0.1634199134199134 0.02295918367346939 0.08441558441558442
18 0.27142857142857146 0.15367965367965367 0.0163265306122449 0.012987012987012988
20 0.32806122448979597 0.1634199134199134 0.010204081632653062 0.03823953823953824
138 0.34821428571428575 0.16017316017316016 0.011734693877551022 0.05772005772005772
138 0.3630102040816327 0.16017316017316016 0.01479591836734694 0.05772005772005772
138 0.38112244897959185 0.16017316017316016 0.012244897959183675 0.05772005772005772
138 0.3969387755102041 0.16017316017316016 0.012244897959183675 0.05772005772005772
138 0.413265306122449 0.16017316017316016 0.012244897959183675 0.05772005772005772
138 0.4285714285714286 0.16017316017316016 0.014285714285714287 0.05772005772005772
138 0.4528061224489796 0.15981240981240982 0.012755102040816327 0.056998556998557
138 0.46938775510204084 0.16017316017316016 0.012244897959183675 0.05772005772005772
138 0.4854591836734694 0.16017316017316016 0.011734693877551022 0.05772005772005772
138 0.5005102040816327 0.16017316017316016 0.014285714285714287 0.05772005772005772
21 0.5173469387755103 0.16233766233766234 0.010204081632653062 0.023088023088023088
136 0.5323979591836735 0.16558441558441558 0.012755102040816327 0.05555555555555555
21 0.5482142857142858 0.16197691197691197 0.00969387755102041 0.022366522366522368
135 0.5630102040816327 0.16847041847041846 0.012755102040816327 0.06132756132756133
104 0.5877551020408164 0.16883116883116883 0.012244897959183675 0.06204906204906205
20 0.6084183673469389 0.1634199134199134 0.00969387755102041 0.03823953823953824
19 0.6290816326530613 0.16053391053391053 0.0163265306122449 0.015151515151515152
137 0.6653061224489797 0.1626984126984127 0.012244897959183675 0.051226551226551224
137 0.6816326530612246 0.16305916305916307 0.012244897959183675 0.05194805194805195
137 0.6979591836734694 0.1634199134199134 0.012244897959183675 0.05266955266955267
136 0.7130102040816327 0.16414141414141414 0.01479591836734694 0.05411255411255411
21 0.7298469387755103 0.16197691197691197 0.00969387755102041 0.022366522366522368
135 0.7448979591836735 0.1681096681096681 0.01326530612244898 0.06204906204906205
21 0.7609693877551021 0.1616161616161616 0.00969387755102041 0.023088023088023088
134 0.7755102040816327 0.17027417027417027 0.01326530612244898 0.06637806637806638
20 0.7977040816326532 0.16305916305916307 0.00969387755102041 0.03896103896103896
112 0.8186224489795919 0.14574314574314573 0.01479591836734694 0.08802308802308802
111 0.840561224489796 0.14826839826839827 0.01479591836734694 0.08152958152958154
143 0.8658163265306124 0.1461038961038961 0.015306122448979593 0.08585858585858586
112 0.8900510204081633 0.1461038961038961 0.013775510204081635 0.08874458874458875
82 0.9099489795918368 0.15151515151515152 0.013775510204081635 0.07503607503607504
20 0.9357142857142858 0.16305916305916307 0.010204081632653062 0.03896103896103896
26 0.06479591836734694 0.30735930735930733 0.023469387755102045 0.08513708513708514
20 0.12193877551020409 0.3059163059163059 0.010204081632653062 0.03751803751803752
112 0.14438775510204083 0.288961038961039 0.014285714285714287 0.08874458874458875
111 0.1681122448979592 0.2911255411255411 0.01479591836734694 0.08297258297258298
143 0.1951530612244898 0.2893217893217893 0.015816326530612247 0.08658008658008658
112 0.2209183673469388 0.2878787878787879 0.014285714285714287 0.08658008658008658
20 0.2431122448979592 0.30627705627705626 0.011734693877551022 0.03968253968253968
142 0.2653061224489796 0.2907647907647908 0.014285714285714287 0.0808080808080808
143 0.28188775510204084 0.28823953823953824 0.01479591836734694 0.08585858585858586
142 0.2997448979591837 0.2904040404040404 0.013775510204081635 0.08152958152958154
143 0.3153061224489796 0.28823953823953824 0.0163265306122449 0.0873015873015873
20 0.33877551020408164 0.30663780663780665 0.011224489795918368 0.03896103896103896
112 0.36071428571428577 0.28823953823953824 0.014285714285714287 0.08874458874458875
111 0.38469387755102047 0.2911255411255411 0.015306122448979593 0.08152958152958154
143 0.4119897959183674 0.288961038961039 0.015816326530612247 0.08585858585858586
112 0.43775510204081636 0.288961038961039 0.015306122448979593 0.0873015873015873
82 0.45892857142857146 0.29473304473304474 0.013775510204081635 0.07575757575757576
20 0.4880102040816327 0.3059163059163059 0.010714285714285714 0.03896103896103896
20 0.5160714285714286 0.30627705627705626 0.010714285714285714 0.03823953823953824
112 0.5380102040816327 0.288961038961039 0.01479591836734694 0.0873015873015873
111 0.5622448979591838 0.2911255411255411 0.015306122448979593 0.08152958152958154
143 0.5895408163265307 0.288961038961039 0.015816326530612247 0.08585858585858586
112 0.6150510204081633 0.2886002886002886 0.01479591836734694 0.08802308802308802
20 0.6369897959183674 0.3059163059163059 0.010714285714285714 0.03896103896103896
142 0.6591836734693878 0.2907647907647908 0.014285714285714287 0.08225108225108226
143 0.6760204081632654 0.2878787878787879 0.014285714285714287 0.08802308802308802
142 0.6933673469387756 0.2904040404040404 0.01326530612244898 0.08152958152958154
143 0.7094387755102042 0.2878787878787879 0.01683673469387755 0.08658008658008658
20 0.866326530612245 0.30627705627705626 0.010204081632653062 0.03823953823953824
112 0.8880102040816328 0.288961038961039 0.01479591836734694 0.0873015873015873
111 0.9119897959183674 0.2911255411255411 0.01479591836734694 0.08152958152958154
143 0.9395408163265307 0.288961038961039 0.015816326530612247 0.08585858585858586
26 0.06454081632653062 0.45021645021645024 0.02295918367346939 0.08513708513708514
112 0.12346938775510205 0.43253968253968256 0.014285714285714287 0.08874458874458875
82 0.14515306122448982 0.43903318903318905 0.013775510204081635 0.0772005772005772
20 0.1739795918367347 0.4491341991341991 0.011224489795918368 0.03823953823953824
20 0.20229591836734695 0.4491341991341991 0.010714285714285714 0.03823953823953824
112 0.22423469387755104 0.43253968253968256 0.01479591836734694 0.08874458874458875
111 0.24846938775510205 0.4347041847041847 0.015306122448979593 0.08297258297258298
143 0.2755102040816327 0.43217893217893216 0.015306122448979593 0.08802308802308802
58 0.3081632653061225 0.4318181818181818 0.01938775510204082 0.08874458874458875
19 0.4359693877551021 0.44696969696969696 0.01683673469387755 0.015151515151515152
20 0.46454081632653066 0.4494949494949495 0.010714285714285714 0.03896103896103896
139 0.48596938775510207 0.44372294372294374 0.012755102040816327 0.06349206349206349
140 0.503061224489796 0.44047619047619047 0.017346938775510204 0.06854256854256854
141 0.5278061224489796 0.4375901875901876 0.01479591836734694 0.07575757575757576
109 0.5454081632653062 0.4411976911976912 0.014285714285714287 0.06998556998556998
108 0.5686224489795919 0.44372294372294374 0.013775510204081635 0.06349206349206349
109 0.5920918367346939 0.44083694083694086 0.01479591836734694 0.06926406926406926
139 0.6158163265306122 0.44372294372294374 0.014285714285714287 0.06349206349206349
80 0.6420918367346939 0.44336219336219335 0.013775510204081635 0.06421356421356421
21 0.6714285714285715 0.4476911976911977 0.011224489795918368 0.022366522366522368
141 0.6880102040816327 0.4375901875901876 0.01479591836734694 0.07431457431457432
141 0.7048469387755103 0.4375901875901876 0.013775510204081635 0.07575757575757576
141 0.7209183673469388 0.43722943722943725 0.0163265306122449 0.07503607503607504
141 0.7469387755102042 0.43722943722943725 0.014285714285714287 0.07647907647907648
110 0.7642857142857143 0.4379509379509379 0.014285714285714287 0.07503607503607504
112 0.7895408163265307 0.4329004329004329 0.01479591836734694 0.08802308802308802
110 0.8109693877551021 0.4375901875901876 0.01479591836734694 0.07575757575757576
141 0.8349489795918368 0.4375901875901876 0.01479591836734694 0.07575757575757576
82 0.8607142857142858 0.4383116883116883 0.015306122448979593 0.07575757575757576
21 0.8897959183673471 0.44805194805194803 0.010204081632653062 0.021645021645021644
141 0.9066326530612245 0.4375901875901876 0.014285714285714287 0.07575757575757576
141 0.9234693877551021 0.4379509379509379 0.01326530612244898 0.07647907647907648
141 0.9395408163265307 0.43722943722943725 0.015816326530612247 0.07503607503607504
26 0.06454081632653062 0.5934343434343434 0.02295918367346939 0.08441558441558442
141 0.12372448979591838 0.5804473304473304 0.013775510204081635 0.07575757575757576
110 0.14183673469387756 0.5811688311688312 0.014285714285714287 0.07575757575757576
112 0.16862244897959186 0.5757575757575758 0.01479591836734694 0.08802308802308802
110 0.1910714285714286 0.5804473304473304 0.013775510204081635 0.07575757575757576
19 0.3084183673469388 0.5901875901875901 0.01683673469387755 0.01443001443001443
20 0.33852040816326534 0.5923520923520923 0.010714285714285714 0.03896103896103896
139 0.3614795918367347 0.5862193362193362 0.012755102040816327 0.06277056277056277
140 0.3790816326530613 0.5833333333333334 0.017346938775510204 0.06854256854256854
141 0.40510204081632656 0.5808080808080808 0.014285714285714287 0.07503607503607504
109 0.42321428571428577 0.5836940836940837 0.013775510204081635 0.06926406926406926
108 0.44770408163265313 0.5862193362193362 0.013775510204081635 0.06421356421356421
109 0.4724489795918368 0.5836940836940837 0.014285714285714287 0.06926406926406926
139 0.4977040816326531 0.5865800865800865 0.013775510204081635 0.06349206349206349
80 0.5244897959183674 0.5862193362193362 0.01326530612244898 0.06277056277056277
21 0.5558673469387756 0.5909090909090909 0.010714285714285714 0.023088023088023088
141 0.5732142857142858 0.5800865800865801 0.01479591836734694 0.07503607503607504
141 0.5908163265306123 0.5800865800865801 0.014285714285714287 0.07503607503607504
141 0.6073979591836736 0.5800865800865801 0.01683673469387755 0.07503607503607504
141 0.6344387755102041 0.5804473304473304 0.01479591836734694 0.07575757575757576
110 0.652295918367347 0.5804473304473304 0.01479591836734694 0.07431457431457432
112 0.6790816326530613 0.575036075036075 0.015306122448979593 0.08802308802308802
110 0.7017857142857143 0.5800865800865801 0.01479591836734694 0.07503607503607504
141 0.727295918367347 0.5804473304473304 0.01479591836734694 0.07431457431457432
82 0.7535714285714287 0.5804473304473304 0.015306122448979593 0.07575757575757576
21 0.7844387755102041 0.5909090909090909 0.010714285714285714 0.023088023088023088
141 0.802295918367347 0.5800865800865801 0.01479591836734694 0.07503607503607504
142 0.8193877551020409 0.5761183261183261 0.014285714285714287 0.08152958152958154
143 0.8359693877551021 0.573953823953824 0.01683673469387755 0.08585858585858586
144 0.8630102040816328 0.5717893217893217 0.015816326530612247 0.09163059163059163
112 0.8808673469387756 0.575036075036075 0.01479591836734694 0.08802308802308802
110 0.9035714285714287 0.5804473304473304 0.014285714285714287 0.07575757575757576
111 0.928061224489796 0.5772005772005772 0.015306122448979593 0.0808080808080808
26 0.0642857142857143 0.7366522366522367 0.023469387755102045 0.08513708513708514
82 0.12372448979591838 0.724025974025974 0.013775510204081635 0.07575757575757576
19 0.1545918367346939 0.7323232323232324 0.0163265306122449 0.01443001443001443
18 0.2135204081632653 0.726911976911977 0.01683673469387755 0.013708513708513708
20 0.2568877551020408 0.7359307359307359 0.010714285714285714 0.03896103896103896
112 0.2793367346938776 0.7182539682539683 0.01479591836734694 0.0873015873015873
111 0.3038265306122449 0.7207792207792207 0.01479591836734694 0.08225108225108226
143 0.3318877551020408 0.7182539682539683 0.015816326530612247 0.08585858585858586
112 0.3576530612244898 0.7178932178932179 0.014285714285714287 0.08802308802308802
20 0.3801020408163266 0.7359307359307359 0.011224489795918368 0.03896103896103896
142 0.4028061224489796 0.7200577200577201 0.013775510204081635 0.0808080808080808
143 0.4198979591836735 0.7175324675324676 0.014285714285714287 0.0873015873015873
142 0.43750000000000006 0.7204184704184704 0.013775510204081635 0.08152958152958154
143 0.4535714285714286 0.7175324675324676 0.0163265306122449 0.08585858585858586
20 0.47704081632653067 0.7359307359307359 0.010204081632653062 0.03896103896103896
110 0.5 0.724025974025974 0.015306122448979593 0.07575757575757576
109 0.5239795918367347 0.726911976911977 0.015306122448979593 0.06854256854256854
141 0.5520408163265307 0.7236652236652237 0.015306122448979593 0.07503607503607504
110 0.5778061224489797 0.7233044733044733 0.01479591836734694 0.07431457431457432
80 0.5994897959183674 0.7297979797979798 0.014285714285714287 0.06421356421356421
20 0.6288265306122449 0.7352092352092352 0.010714285714285714 0.03896103896103896
20 0.6573979591836735 0.7359307359307359 0.010714285714285714 0.03896103896103896
112 0.6803571428571429 0.7182539682539683 0.01479591836734694 0.0873015873015873
111 0.7045918367346939 0.7207792207792207 0.015306122448979593 0.08225108225108226
143 0.7323979591836736 0.7182539682539683 0.015816326530612247 0.08585858585858586
112 0.7581632653061225 0.7178932178932179 0.015306122448979593 0.08802308802308802
20 0.7806122448979592 0.7355699855699855 0.011224489795918368 0.03968253968253968
142 0.8035714285714286 0.7204184704184704 0.014285714285714287 0.08152958152958154
143 0.8204081632653062 0.7178932178932179 0.014285714285714287 0.08658008658008658
142 0.8385204081632653 0.7204184704184704 0.013775510204081635 0.08152958152958154
143 0.8543367346938776 0.7175324675324676 0.015816326530612247 0.08585858585858586
110 0.8801020408163266 0.7236652236652237 0.014285714285714287 0.07503607503607504
20 0.903061224489796 0.7352092352092352 0.010204081632653062 0.03896103896103896
19 0.9255102040816328 0.7326839826839827 0.0163265306122449 0.013708513708513708
112 0.23290816326530614 0.8614718614718615 0.013775510204081635 0.08658008658008658
112 0.25892857142857145 0.8614718614718615 0.013775510204081635 0.08658008658008658
112 0.2854591836734694 0.8618326118326118 0.01479591836734694 0.0873015873015873
143 0.3160714285714286 0.8611111111111112 0.01479591836734694 0.08585858585858586
111 0.33290816326530615 0.863997113997114 0.01479591836734694 0.08008658008658008
108 0.35663265306122455 0.873015873015873 0.01326530612244898 0.06349206349206349
110 0.38188775510204087 0.8668831168831169 0.01479591836734694 0.07575757575757576
81 0.4119897959183674 0.8694083694083694 0.01479591836734694 0.06926406926406926
19 0.4413265306122449 0.8762626262626263 0.017346938775510204 0.015151515151515152
18 0.4982142857142858 0.8694083694083694 0.01683673469387755 0.012987012987012988
19 0.5433673469387755 0.8762626262626263 0.017346938775510204 0.015151515151515152
21 0.5709183673469388 0.8773448773448773 0.010204081632653062 0.023088023088023088
143 0.5864795918367347 0.8603896103896104 0.01479591836734694 0.08585858585858586
143 0.6030612244897959 0.8607503607503607 0.014285714285714287 0.08658008658008658
143 0.6193877551020409 0.8607503607503607 0.0163265306122449 0.08658008658008658
143 0.6443877551020408 0.8611111111111112 0.015306122448979593 0.0873015873015873
112 0.6612244897959184 0.8611111111111112 0.014285714285714287 0.0873015873015873
144 0.6859693877551021 0.8556998556998557 0.01479591836734694 0.10101010101010101
144 0.7028061224489797 0.854978354978355 0.01479591836734694 0.09956709956709957
112 0.7196428571428573 0.8603896103896104 0.01479591836734694 0.0873015873015873
144 0.7431122448979592 0.8578643578643579 0.015816326530612247 0.09090909090909091
113 0.7678571428571429 0.8575036075036075 0.0163265306122449 0.09307359307359307
21 0.7954081632653062 0.8773448773448773 0.011224489795918368 0.023088023088023088
143 0.8109693877551021 0.8603896103896104 0.01479591836734694 0.08585858585858586
143 0.8275510204081633 0.8607503607503607 0.014285714285714287 0.08658008658008658
143 0.8436224489795919 0.8607503607503607 0.015816326530612247 0.08658008658008658
144 0.8691326530612246 0.8575036075036075 0.015816326530612247 0.09018759018759019
113 0.8857142857142858 0.8582251082251082 0.014285714285714287 0.09307359307359307
113 0.9316326530612246 0.8575036075036075 0.015306122448979593 0.09307359307359307
115 0.9099489795918368 0.8517316017316018 0.015816326530612247 0.1075036075036075
