0 0.11177207263619286 0.15146147032772364 0.038196618659987476 0.06908768821966342
12 0.049467752035065746 0.16740478299379982 0.008766437069505322 0.06023029229406555
12 0.5566687539135879 0.16696191319751993 0.010018785222291797 0.05934455270150576
12 0.7811521603005636 0.16696191319751993 0.010644959298685034 0.05934455270150576
12 0.9517845961177207 0.16696191319751993 0.010018785222291797 0.05934455270150576
12 0.35003130870381965 0.16740478299379982 0.010018785222291797 0.05845881310894597
0 0.11177207263619286 0.33702391496899914 0.03944896681277395 0.06997342781222321
12 0.35003130870381965 0.337466784765279 0.008766437069505322 0.06023029229406555
12 0.5566687539135879 0.3379096545615589 0.010018785222291797 0.06111603188662534
12 0.04884157795867251 0.337466784765279 0.007514088916718847 0.05845881310894597
12 0.7811521603005636 0.3379096545615589 0.00939261114589856 0.05934455270150576
12 0.9517845961177207 0.3383525243578388 0.010018785222291797 0.05845881310894597
0 0.110832811521603 0.6727192205491586 0.038822792736380715 0.06997342781222321
12 0.5591734502191609 0.6882196634189548 0.011271133375078271 0.06023029229406555
12 0.7802128991859737 0.687776793622675 0.011271133375078271 0.05934455270150576
12 0.04884157795867251 0.6891054030115147 0.008766437069505322 0.06023029229406555
12 0.27301189730745146 0.6886625332152347 0.010018785222291797 0.05934455270150576
12 0.4295554164057608 0.6891054030115147 0.010018785222291797 0.06023029229406555
12 0.6909830932999373 0.6882196634189548 0.011897307451471509 0.05845881310894597
12 0.8969943644333124 0.6891054030115147 0.010644959298685034 0.05845881310894597
14 0.7335629304946775 0.8082373782108061 0.00939261114589856 0.013286093888396812
0 0.11020663744520977 0.8427812223206378 0.038822792736380715 0.06997342781222321
12 0.4295554164057608 0.8573959255978743 0.010018785222291797 0.06023029229406555
12 0.04884157795867251 0.858281665190434 0.007514088916718847 0.06023029229406555
12 0.5594865372573575 0.858281665190434 0.00939261114589856 0.06023029229406555
12 0.6916092673763305 0.858281665190434 0.010644959298685034 0.06023029229406555
12 0.779899812147777 0.8578387953941542 0.010644959298685034 0.05934455270150576
12 0.8969943644333124 0.858724534986714 0.010644959298685034 0.06111603188662534
12 0.27332498434564806 0.858281665190434 0.010644959298685034 0.05845881310894597
14 0.7341891045710707 0.8365810451727193 0.008140262993112084 0.011514614703277236
14 0.7341891045710707 0.8511957484499557 0.008140262993112084 0.010628875110717449
14 0.7341891045710707 0.8658104517271923 0.008140262993112084 0.011514614703277236
14 0.7341891045710707 0.9105403011514615 0.008140262993112084 0.012400354295837024
26 0.0707576706324358 0.16341895482728078 0.028804007514088917 0.112488928255093
112 0.16374452097683156 0.14526129317980513 0.016906700062617408 0.10628875110717449
110 0.20945522855353788 0.15323294951284322 0.016906700062617408 0.09211691762621789
171 0.25610519724483405 0.15323294951284322 0.01628052598622417 0.09211691762621789
172 0.27614276768941765 0.15013286093888398 0.01628052598622417 0.0983170947741364
171 0.295554164057608 0.15323294951284322 0.01628052598622417 0.09034543844109832
170 0.3155917345021916 0.1558901682905226 0.01628052598622417 0.08325952170062002
171 0.3340638697557921 0.15190434012400356 0.02066374452097683 0.09123117803365811
111 0.37069505322479646 0.1479185119574845 0.01878522229179712 0.09920283436669619
109 0.4164057608015028 0.15677590788308238 0.017532874139010644 0.08503100088573959
170 0.46274264245460234 0.15677590788308238 0.017532874139010644 0.08503100088573959
171 0.48278021289918593 0.15323294951284322 0.01628052598622417 0.09034543844109832
170 0.5031308703819661 0.1563330380868025 0.016906700062617408 0.08414526129317981
169 0.5222291797119599 0.16031886625332153 0.015028177833437694 0.0779450841452613
170 0.5413274890419536 0.1563330380868025 0.02066374452097683 0.08414526129317981
110 0.5826549780839073 0.15190434012400356 0.018159048215403883 0.09123117803365811
108 0.6283656856606136 0.15943312666076173 0.015654351909830933 0.0779450841452613
169 0.6753287413901065 0.15987599645704165 0.015654351909830933 0.07883082373782108
170 0.6959924859110832 0.1563330380868025 0.016906700062617408 0.08414526129317981
169 0.715090795241077 0.16031886625332153 0.015028177833437694 0.07971656333038087
168 0.7345021916092673 0.16430469441984058 0.015028177833437694 0.06997342781222321
169 0.7526612398246713 0.16031886625332153 0.01878522229179712 0.0779450841452613
109 0.8171571696931746 0.1563330380868025 0.017532874139010644 0.08414526129317981
107 0.8634940513462742 0.16430469441984058 0.015028177833437694 0.06997342781222321
107 0.910457107075767 0.16430469441984058 0.015028177833437694 0.06997342781222321
17 0.5695053224796494 0.27945084145261295 0.010644959298685034 0.04871567759078831
27 0.06981840951784596 0.3383525243578388 0.030682529743268627 0.0637732506643047
17 0.14934251721978709 0.3330380868024801 0.010644959298685034 0.047829937998228524
26 0.7633061991233563 0.3405668733392383 0.022542266750156543 0.09123117803365811
17 0.7936756418284283 0.3888396811337467 0.00939261114589856 0.049601417183348095
17 0.8030682529743268 0.37599645704162976 0.010644959298685034 0.04871567759078831
102 0.8644333124608641 0.3317094774136404 0.015654351909830933 0.07528786536758193
102 0.9117094552285535 0.3303808680248007 0.015028177833437694 0.07263064658990256
26 0.06950532247964934 0.6851195748449956 0.028804007514088917 0.112488928255093
79 0.16186599874765184 0.6855624446412755 0.016906700062617408 0.070859167404783
17 0.22260488415779586 0.6682905225863597 0.010644959298685034 0.04871567759078831
107 0.2917971195992486 0.6860053144375554 0.01628052598622417 0.06997342781222321
20 0.3312460864120225 0.6567759078830824 0.013775829680651221 0.04871567759078831
137 0.3716343143393863 0.6886625332152347 0.015654351909830933 0.06465899025686449
136 0.3966812773951158 0.6899911426040745 0.019411396368190358 0.06554472984942428
72 0.45021916092673764 0.6891054030115147 0.017532874139010644 0.0637732506643047
17 0.5093926111458985 0.7183348095659876 0.010644959298685034 0.047829937998228524
100 0.5792110206637445 0.6895482728077945 0.01628052598622417 0.06288751107174491
20 0.6180338134001252 0.6558901682905226 0.013775829680651221 0.04871567759078831
20 0.6562304320601127 0.6563330380868025 0.013775829680651221 0.047829937998228524
17 0.9123356293049467 0.66651904340124 0.008766437069505322 0.046944198405668734
17 0.9223544145272385 0.6988485385296723 0.008766437069505322 0.04428697962798937
17 0.9298685034439573 0.6744906997342781 0.008766437069505322 0.046944198405668734
16 0.9427050720100187 0.6806908768821966 0.00939261114589856 0.04162976085031001
26 0.06919223544145273 0.8556244464127547 0.029430181590482152 0.1133746678476528
20 0.3312460864120225 0.8263950398582817 0.013775829680651221 0.047829937998228524
20 0.3697557921102066 0.8268379096545616 0.013149655604257984 0.046944198405668734
27 0.4085785848465873 0.858724534986714 0.025673137132122728 0.06288751107174491
20 0.6180338134001252 0.8263950398582817 0.013775829680651221 0.047829937998228524
20 0.6565435190983093 0.8268379096545616 0.013149655604257984 0.046944198405668734
17 0.7050720100187852 0.8507528786536759 0.010018785222291797 0.046944198405668734
20 0.8362554790231684 0.8852967227635076 0.014402003757044458 0.04871567759078831
20 0.8368816530995616 0.7883082373782109 0.011897307451471509 0.047829937998228524
17 0.9123356293049467 0.8511957484499557 0.008766437069505322 0.046058458813108945
17 0.9223544145272385 0.8821966341895483 0.008766437069505322 0.047829937998228524
17 0.9298685034439573 0.8596102745792737 0.008766437069505322 0.04871567759078831
16 0.9427050720100187 0.8653675819309123 0.010644959298685034 0.04428697962798937
