12 0.9517857142857143 0.2611832611832612 0.007653061224489797 0.050505050505050504
12 0.11989795918367348 0.2611832611832612 0.0071428571428571435 0.049062049062049064
12 0.35510204081632657 0.2611832611832612 0.00816326530612245 0.049062049062049064
12 0.5303571428571429 0.2611832611832612 0.007653061224489797 0.047619047619047616
12 0.7025510204081633 0.2615440115440115 0.009183673469387756 0.048340548340548344
12 0.35510204081632657 0.36688311688311687 0.00816326530612245 0.046897546897546896
12 0.5303571428571429 0.3676046176046176 0.007653061224489797 0.046897546897546896
12 0.7028061224489797 0.36832611832611833 0.00969387755102041 0.048340548340548344
12 0.9510204081632654 0.3686868686868687 0.00816326530612245 0.049062049062049064
12 0.11964285714285715 0.36796536796536794 0.00663265306122449 0.046176046176046176
14 0.3841836734693878 0.3513708513708514 0.00816326530612245 0.011544011544011544
14 0.38392857142857145 0.3625541125541126 0.007653061224489797 0.00937950937950938
14 0.3841836734693878 0.37373737373737376 0.0071428571428571435 0.0101010101010101
12 0.2892857142857143 0.5115440115440115 0.00816326530612245 0.049062049062049064
12 0.4900510204081633 0.5115440115440115 0.008673469387755102 0.049062049062049064
12 0.9515306122448981 0.5115440115440115 0.00816326530612245 0.049062049062049064
12 0.048214285714285716 0.5122655122655123 0.00663265306122449 0.049062049062049064
12 0.6910714285714287 0.5119047619047619 0.008673469387755102 0.048340548340548344
12 0.2892857142857143 0.6183261183261183 0.009183673469387756 0.047619047619047616
12 0.489795918367347 0.6186868686868687 0.009183673469387756 0.048340548340548344
12 0.6913265306122449 0.6183261183261183 0.009183673469387756 0.047619047619047616
12 0.048214285714285716 0.6183261183261183 0.00663265306122449 0.046176046176046176
12 0.9512755102040817 0.6190476190476191 0.008673469387755102 0.047619047619047616
12 0.49591836734693884 0.7651515151515151 0.009183673469387756 0.048340548340548344
12 0.9512755102040817 0.7655122655122655 0.008673469387755102 0.049062049062049064
12 0.04872448979591837 0.7662337662337663 0.00663265306122449 0.049062049062049064
12 0.24642857142857144 0.7662337662337663 0.009183673469387756 0.049062049062049064
12 0.4102040816326531 0.7655122655122655 0.009183673469387756 0.047619047619047616
12 0.701530612244898 0.7655122655122655 0.00816326530612245 0.047619047619047616
12 0.7647959183673471 0.7655122655122655 0.00816326530612245 0.047619047619047616
12 0.6385204081632654 0.7655122655122655 0.008673469387755102 0.046176046176046176
14 0.35204081632653067 0.8690476190476191 0.009183673469387756 0.012265512265512266
14 0.35204081632653067 0.8802308802308803 0.010204081632653062 0.011544011544011544
12 0.4964285714285715 0.9217171717171717 0.009183673469387756 0.049783549783549784
12 0.638265306122449 0.9217171717171717 0.009183673469387756 0.049783549783549784
12 0.7017857142857143 0.9217171717171717 0.007653061224489797 0.049783549783549784
12 0.24642857142857144 0.9217171717171717 0.009183673469387756 0.048340548340548344
14 0.351530612244898 0.9033189033189033 0.00816326530612245 0.011544011544011544
12 0.4099489795918368 0.9217171717171717 0.007653061224489797 0.048340548340548344
12 0.7653061224489797 0.9217171717171717 0.00816326530612245 0.048340548340548344
12 0.048469387755102046 0.9217171717171717 0.0071428571428571435 0.046897546897546896
12 0.9510204081632654 0.9224386724386724 0.00816326530612245 0.048340548340548344
26 0.1375 0.2611832611832612 0.027040816326530614 0.10533910533910534
21 0.19668367346938778 0.2611832611832612 0.013775510204081635 0.025974025974025976
130 0.21862244897959185 0.26406926406926406 0.01683673469387755 0.05916305916305916
132 0.239030612244898 0.2611832611832612 0.013775510204081635 0.05194805194805195
130 0.2566326530612245 0.2644300144300144 0.014285714285714287 0.05988455988455989
135 0.28010204081632656 0.2536075036075036 0.0163265306122449 0.06565656565656566
134 0.29872448979591837 0.255050505050505 0.012755102040816327 0.06277056277056277
133 0.31862244897959185 0.25721500721500723 0.013775510204081635 0.05988455988455989
132 0.3380102040816327 0.25793650793650796 0.012755102040816327 0.056998556998557
129 0.3719387755102041 0.26695526695526695 0.017346938775510204 0.06349206349206349
130 0.3903061224489796 0.2647907647907648 0.01326530612244898 0.05772005772005772
15 0.4033163265306123 0.27886002886002886 0.010714285714285714 0.048340548340548344
131 0.41760204081632657 0.2611832611832612 0.013775510204081635 0.05194805194805195
132 0.4369897959183674 0.2611832611832612 0.012755102040816327 0.05194805194805195
133 0.4566326530612245 0.26875901875901875 0.01326530612244898 0.06565656565656566
134 0.476530612244898 0.26695526695526695 0.01326530612244898 0.06204906204906205
135 0.4964285714285715 0.2647907647907648 0.012244897959183675 0.05916305916305916
136 0.5150510204081633 0.2637085137085137 0.015816326530612247 0.05555555555555555
15 0.5403061224489797 0.2546897546897547 0.010204081632653062 0.050505050505050504
135 0.5535714285714286 0.26406926406926406 0.012244897959183675 0.05627705627705628
15 0.5676020408163266 0.23665223665223664 0.010714285714285714 0.049062049062049064
138 0.5806122448979593 0.2597402597402597 0.01326530612244898 0.06060606060606061
137 0.6005102040816327 0.26226551226551226 0.01326530612244898 0.05411255411255411
136 0.6191326530612246 0.26262626262626265 0.015816326530612247 0.05339105339105339
105 0.640561224489796 0.2637085137085137 0.012755102040816327 0.056998556998557
136 0.6691326530612246 0.26226551226551226 0.012755102040816327 0.05411255411255411
137 0.6872448979591838 0.26082251082251084 0.015306122448979593 0.051226551226551224
52 0.7255102040816327 0.2611832611832612 0.0163265306122449 0.05194805194805195
135 0.7987244897959185 0.26334776334776333 0.012755102040816327 0.05627705627705628
136 0.8186224489795919 0.2615440115440115 0.012755102040816327 0.05266955266955267
137 0.8382653061224491 0.26082251082251084 0.01326530612244898 0.051226551226551224
138 0.8566326530612246 0.2582972582972583 0.0163265306122449 0.05772005772005772
139 0.8785714285714287 0.2554112554112554 0.01326530612244898 0.06349206349206349
140 0.8984693877551021 0.25216450216450215 0.014285714285714287 0.06854256854256854
141 0.9186224489795919 0.24963924963924963 0.01479591836734694 0.07503607503607504
142 0.9372448979591838 0.24639249639249639 0.017346938775510204 0.08008658008658008
27 0.14081632653061227 0.37012987012987014 0.0326530612244898 0.05916305916305916
72 0.5543367346938776 0.36904761904761907 0.01479591836734694 0.05266955266955267
15 0.6275510204081634 0.354978354978355 0.011224489795918368 0.05194805194805195
26 0.06658163265306123 0.5115440115440115 0.027040816326530614 0.10678210678210678
143 0.10255102040816327 0.48124098124098125 0.018367346938775512 0.113997113997114
136 0.12448979591836735 0.48484848484848486 0.014285714285714287 0.10966810966810966
137 0.14846938775510204 0.4862914862914863 0.01326530612244898 0.10245310245310245
138 0.17270408163265308 0.48917748917748916 0.013775510204081635 0.09812409812409813
139 0.19846938775510206 0.48953823953823955 0.0163265306122449 0.09740259740259741
140 0.22117346938775512 0.487012987012987 0.01479591836734694 0.09956709956709957
141 0.24515306122448982 0.48593073593073594 0.013775510204081635 0.10317460317460317
142 0.2693877551020408 0.48304473304473305 0.015306122448979593 0.11038961038961038
144 0.3051020408163266 0.47835497835497837 0.017346938775510204 0.12121212121212122
138 0.3267857142857143 0.4801587301587302 0.013775510204081635 0.11616161616161616
138 0.3505102040816327 0.48304473304473305 0.01326530612244898 0.11038961038961038
139 0.37500000000000006 0.48484848484848486 0.01326530612244898 0.10822510822510822
140 0.39923469387755106 0.5025252525252525 0.01479591836734694 0.06998556998556998
141 0.42346938775510207 0.49963924963924966 0.015306122448979593 0.07575757575757576
142 0.44795918367346943 0.49747474747474746 0.015306122448979593 0.08152958152958154
143 0.4706632653061225 0.49422799422799424 0.018877551020408164 0.08658008658008658
145 0.5056122448979592 0.47619047619047616 0.018367346938775512 0.1240981240981241
138 0.5275510204081633 0.4787157287157287 0.01326530612244898 0.11904761904761904
139 0.5512755102040817 0.48124098124098125 0.013775510204081635 0.113997113997114
140 0.575765306122449 0.48268398268398266 0.01479591836734694 0.10966810966810966
141 0.6002551020408163 0.49927849927849927 0.01479591836734694 0.07503607503607504
142 0.6244897959183674 0.4967532467532468 0.015306122448979593 0.08152958152958154
143 0.6482142857142857 0.49422799422799424 0.015816326530612247 0.08802308802308802
144 0.6716836734693878 0.49098124098124096 0.018877551020408164 0.09163059163059163
143 0.7250000000000001 0.49314574314574317 0.014285714285714287 0.08874458874458875
141 0.7420918367346939 0.49963924963924966 0.015816326530612247 0.07575757575757576
145 0.7642857142857143 0.4884559884559885 0.014285714285714287 0.09668109668109669
143 0.7826530612244899 0.49422799422799424 0.014285714285714287 0.08802308802308802
16 0.7989795918367347 0.46320346320346323 0.009183673469387756 0.04329004329004329
141 0.8107142857142858 0.49927849927849927 0.0163265306122449 0.07503607503607504
145 0.8331632653061225 0.4888167388167388 0.01326530612244898 0.09740259740259741
143 0.8512755102040818 0.49386724386724384 0.01479591836734694 0.08874458874458875
140 0.868622448979592 0.5028860028860029 0.01479591836734694 0.0707070707070707
145 0.8908163265306124 0.48773448773448774 0.014285714285714287 0.09812409812409813
143 0.9089285714285715 0.4945887445887446 0.013775510204081635 0.08874458874458875
16 0.925 0.4686147186147186 0.009183673469387756 0.04256854256854257
140 0.9375000000000001 0.5032467532467533 0.01683673469387755 0.06854256854256854
27 0.06989795918367347 0.6201298701298701 0.0326530612244898 0.05844155844155844
108 0.7076530612244899 0.6125541125541125 0.01326530612244898 0.06349206349206349
16 0.7517857142857144 0.5829725829725829 0.00969387755102041 0.044733044733044736
108 0.7650510204081633 0.6125541125541125 0.012755102040816327 0.06349206349206349
107 0.8336734693877552 0.6158008658008658 0.01326530612244898 0.056998556998557
16 0.878061224489796 0.5883838383838383 0.009183673469387756 0.04401154401154401
107 0.8910714285714286 0.6161616161616161 0.012755102040816327 0.05772005772005772
26 0.0663265306122449 0.7655122655122655 0.02755102040816327 0.10678210678210678
145 0.10229591836734694 0.7294372294372294 0.01785714285714286 0.1240981240981241
143 0.11938775510204083 0.7319624819624819 0.015306122448979593 0.12193362193362194
139 0.13673469387755102 0.7355699855699855 0.01326530612244898 0.11904761904761904
140 0.1556122448979592 0.7388167388167388 0.014285714285714287 0.10966810966810966
141 0.17525510204081635 0.753968253968254 0.01479591836734694 0.07503607503607504
142 0.19464285714285717 0.7510822510822511 0.01479591836734694 0.08225108225108226
143 0.2135204081632653 0.7485569985569985 0.01479591836734694 0.0873015873015873
144 0.23188775510204085 0.7453102453102453 0.01785714285714286 0.08946608946608947
146 0.28035714285714286 0.73989898989899 0.01479591836734694 0.10317460317460317
147 0.2997448979591837 0.7362914862914863 0.015816326530612247 0.1075036075036075
146 0.35561224489795923 0.7391774891774892 0.015306122448979593 0.10317460317460317
57 0.5183673469387755 0.7510822510822511 0.01938775510204082 0.0836940836940837
165 0.7798469387755103 0.7536075036075036 0.015816326530612247 0.07431457431457432
164 0.7941326530612246 0.7532467532467533 0.012755102040816327 0.07215007215007214
163 0.8084183673469388 0.7550505050505051 0.012755102040816327 0.06998556998556998
162 0.8237244897959184 0.7568542568542569 0.012755102040816327 0.06637806637806638
161 0.8403061224489796 0.7655122655122655 0.0163265306122449 0.05194805194805195
160 0.854591836734694 0.7680375180375181 0.01326530612244898 0.05844155844155844
159 0.8696428571428573 0.7709235209235209 0.013775510204081635 0.06421356421356421
158 0.8841836734693879 0.7738095238095238 0.014285714285714287 0.06854256854256854
101 0.902295918367347 0.7615440115440115 0.013775510204081635 0.05555555555555555
97 0.9270408163265307 0.7738095238095238 0.015306122448979593 0.06854256854256854
27 0.06964285714285715 0.9242424242424242 0.03214285714285715 0.06060606060606061
137 0.10433673469387757 0.922077922077922 0.01683673469387755 0.05194805194805195
78 0.2612244897959184 0.922077922077922 0.01326530612244898 0.05194805194805195
18 0.8561224489795919 0.9137806637806638 0.02142857142857143 0.016594516594516596
145 0.7071428571428572 0.4888167388167388 0.014285714285714287 0.10028860028860029
145 0.26198979591836735 0.7427849927849928 0.01683673469387755 0.09884559884559885
148 0.31836734693877555 0.7334054834054834 0.018367346938775512 0.11616161616161616
149 0.3377551020408164 0.7308802308802309 0.015306122448979593 0.1240981240981241
150 0.3946428571428572 0.7276334776334776 0.01785714285714286 0.12914862914862915
