14 0.10639097744360902 0.006911217437533227 0.004511278195488722 0.006379585326953749
14 0.20714285714285716 0.006911217437533227 0.004511278195488722 0.006379585326953749
14 0.49097744360902257 0.006911217437533227 0.004511278195488722 0.006379585326953749
12 0.04849624060150376 0.028708133971291867 0.005263157894736843 0.03615098351940457
12 0.3682330827067669 0.028708133971291867 0.0071428571428571435 0.03615098351940457
12 0.6569548872180452 0.028708133971291867 0.0071428571428571435 0.03615098351940457
12 0.9513157894736842 0.029239766081871347 0.0071428571428571435 0.03508771929824562
14 0.39454887218045115 0.015683147262094632 0.004887218045112782 0.006911217437533227
14 0.49116541353383464 0.015683147262094632 0.004887218045112782 0.006911217437533227
14 0.10639097744360902 0.03322700691121744 0.004511278195488722 0.006911217437533227
14 0.39454887218045115 0.0329611908559277 0.004135338345864662 0.006379585326953749
14 0.10657894736842106 0.05103668261562999 0.004887218045112782 0.007442849548112707
11 0.9477443609022557 0.22142477405635302 0.011278195488721806 0.03668261562998405
12 0.04793233082706767 0.22222222222222224 0.005639097744360903 0.03615098351940457
12 0.40018796992481204 0.2219564061669325 0.007894736842105263 0.03561935140882509
11 0.705639097744361 0.22222222222222224 0.010526315789473686 0.03615098351940457
11 0.705827067669173 0.31020733652312604 0.012406015037593986 0.03668261562998405
11 0.9469924812030076 0.31020733652312604 0.011278195488721806 0.03668261562998405
12 0.0481203007518797 0.31020733652312604 0.005263157894736843 0.03561935140882509
12 0.4003759398496241 0.31047315257841573 0.006766917293233083 0.03615098351940457
27 0.0599624060150376 0.029239766081871347 0.01842105263157895 0.038277511961722493
16 0.07631578947368421 0.032429558745348225 0.006766917293233083 0.024455077086656035
20 0.7090225563909774 0.029239766081871347 0.008270676691729324 0.028708133971291867
20 0.8161654135338346 0.029505582137161087 0.008270676691729324 0.029239766081871347
21 0.9208646616541354 0.028708133971291867 0.008646616541353383 0.01701222753854333
26 0.06015037593984963 0.22248803827751198 0.01654135338345865 0.06326422115895801
16 0.07631578947368421 0.21664008506113772 0.0075187969924812035 0.024986709197235515
133 0.13458646616541353 0.23099415204678364 0.009774436090225564 0.05688463583200426
17 0.16541353383458648 0.22248803827751198 0.006015037593984963 0.026049973418394472
136 0.2110902255639098 0.23099415204678364 0.013909774436090226 0.05688463583200426
135 0.2954887218045113 0.2145135566188198 0.009774436090225564 0.053694843168527386
132 0.3661654135338346 0.21743753322700693 0.009022556390977444 0.04784688995215312
131 0.4212406015037594 0.22248803827751198 0.015413533834586468 0.03774587985114301
19 0.45563909774436095 0.2017543859649123 0.012781954887218045 0.01116427432216906
136 0.5960526315789474 0.22301967038809145 0.009398496240601505 0.04093567251461989
138 0.6327067669172932 0.22009569377990432 0.009022556390977444 0.04253056884635832
140 0.668233082706767 0.21557682083997876 0.013157894736842106 0.051568314726209465
98 0.7278195488721805 0.22620946305156833 0.009774436090225564 0.04731525784157364
20 0.7907894736842106 0.20414673046251997 0.0071428571428571435 0.026581605528973953
27 0.060338345864661656 0.3107389686337055 0.01842105263157895 0.03880914407230197
16 0.07612781954887218 0.3139287612971824 0.0071428571428571435 0.024986709197235515
16 0.2043233082706767 0.2873471557682084 0.006390977443609023 0.024986709197235515
16 0.20451127819548873 0.31924508240297716 0.006015037593984963 0.024986709197235515
20 0.7909774436090226 0.31047315257841573 0.008270676691729324 0.028708133971291867
