7 0.1 0.03715728715728716 0.025510204081632654 0.06421356421356421
12 0.048214285714285716 0.045093795093795096 0.007653061224489797 0.048340548340548344
12 0.22321428571428573 0.045093795093795096 0.007653061224489797 0.048340548340548344
12 0.325 0.045093795093795096 0.00816326530612245 0.048340548340548344
12 0.41377551020408165 0.045093795093795096 0.00816326530612245 0.048340548340548344
12 0.6252551020408164 0.044733044733044736 0.007653061224489797 0.047619047619047616
12 0.6895408163265306 0.044733044733044736 0.008673469387755102 0.047619047619047616
12 0.7479591836734695 0.044733044733044736 0.00816326530612245 0.047619047619047616
12 0.8563775510204082 0.045093795093795096 0.008673469387755102 0.048340548340548344
12 0.9515306122448981 0.045093795093795096 0.00816326530612245 0.048340548340548344
12 0.5239795918367347 0.045093795093795096 0.00816326530612245 0.046897546897546896
14 0.6625000000000001 0.1323953823953824 0.008673469387755102 0.012265512265512266
0 0.09974489795918368 0.17027417027417027 0.025 0.06060606060606061
12 0.22372448979591839 0.17316017316017315 0.007653061224489797 0.049062049062049064
12 0.3247448979591837 0.17352092352092352 0.007653061224489797 0.049783549783549784
12 0.41377551020408165 0.1738816738816739 0.00816326530612245 0.049062049062049064
12 0.5239795918367347 0.17352092352092352 0.00816326530612245 0.048340548340548344
12 0.689795918367347 0.17352092352092352 0.009183673469387756 0.048340548340548344
12 0.7479591836734695 0.17352092352092352 0.00816326530612245 0.048340548340548344
12 0.048214285714285716 0.1738816738816739 0.007653061224489797 0.047619047619047616
12 0.6250000000000001 0.17316017316017315 0.00816326530612245 0.046176046176046176
12 0.8563775510204082 0.1738816738816739 0.007653061224489797 0.047619047619047616
12 0.9515306122448981 0.1738816738816739 0.00816326530612245 0.047619047619047616
7 0.1 0.4462481962481962 0.025510204081632654 0.06565656565656566
12 0.927295918367347 0.4588744588744589 0.008673469387755102 0.050505050505050504
12 0.49923469387755104 0.45851370851370854 0.008673469387755102 0.048340548340548344
12 0.047704081632653064 0.4595959595959596 0.00663265306122449 0.049062049062049064
12 0.30612244897959184 0.4595959595959596 0.00816326530612245 0.049062049062049064
12 0.4045918367346939 0.4592352092352092 0.00816326530612245 0.048340548340548344
12 0.5900510204081634 0.4592352092352092 0.008673469387755102 0.048340548340548344
12 0.7650510204081633 0.4595959595959596 0.008673469387755102 0.049062049062049064
12 0.20790816326530615 0.4595959595959596 0.008673469387755102 0.047619047619047616
12 0.6892857142857144 0.45995670995670995 0.00816326530612245 0.048340548340548344
14 0.8811224489795919 0.5010822510822511 0.009183673469387756 0.012265512265512266
7 0.10025510204081634 0.575036075036075 0.025 0.06637806637806638
12 0.047959183673469394 0.5887445887445888 0.0071428571428571435 0.049062049062049064
12 0.20790816326530615 0.5883838383838383 0.008673469387755102 0.048340548340548344
12 0.30612244897959184 0.5883838383838383 0.009183673469387756 0.048340548340548344
12 0.40484693877551026 0.588023088023088 0.008673469387755102 0.047619047619047616
12 0.49923469387755104 0.588023088023088 0.008673469387755102 0.047619047619047616
12 0.5900510204081634 0.5883838383838383 0.008673469387755102 0.048340548340548344
12 0.7650510204081633 0.588023088023088 0.008673469387755102 0.047619047619047616
12 0.6892857142857144 0.588023088023088 0.00816326530612245 0.046176046176046176
12 0.852295918367347 0.5883838383838383 0.008673469387755102 0.046897546897546896
14 0.8808673469387756 0.6176046176046176 0.008673469387755102 0.011544011544011544
0 0.09974489795918368 0.7085137085137085 0.025 0.06493506493506493
12 0.047959183673469394 0.7171717171717171 0.0071428571428571435 0.049062049062049064
12 0.30586734693877554 0.7171717171717171 0.008673469387755102 0.049062049062049064
12 0.20790816326530615 0.7171717171717171 0.008673469387755102 0.047619047619047616
12 0.40484693877551026 0.7171717171717171 0.008673469387755102 0.047619047619047616
12 0.49897959183673474 0.7171717171717171 0.00816326530612245 0.047619047619047616
12 0.589795918367347 0.7171717171717171 0.00816326530612245 0.047619047619047616
12 0.689030612244898 0.7171717171717171 0.007653061224489797 0.047619047619047616
12 0.7647959183673471 0.7171717171717171 0.00816326530612245 0.047619047619047616
12 0.8520408163265307 0.7171717171717171 0.00816326530612245 0.047619047619047616
12 0.9270408163265307 0.7171717171717171 0.0071428571428571435 0.047619047619047616
14 0.8808673469387756 0.7467532467532467 0.007653061224489797 0.0101010101010101
0 0.09974489795918368 0.8740981240981242 0.02602040816326531 0.06565656565656566
12 0.9262755102040817 0.8762626262626263 0.007653061224489797 0.051226551226551224
12 0.048214285714285716 0.8762626262626263 0.007653061224489797 0.048340548340548344
12 0.20790816326530615 0.8759018759018758 0.008673469387755102 0.047619047619047616
12 0.30612244897959184 0.8759018759018758 0.00816326530612245 0.047619047619047616
12 0.4045918367346939 0.8759018759018758 0.00816326530612245 0.047619047619047616
12 0.49872448979591844 0.8759018759018758 0.008673469387755102 0.047619047619047616
12 0.589795918367347 0.8762626262626263 0.00816326530612245 0.048340548340548344
12 0.6892857142857144 0.8762626262626263 0.00816326530612245 0.048340548340548344
12 0.7650510204081633 0.8759018759018758 0.008673469387755102 0.047619047619047616
12 0.852295918367347 0.8762626262626263 0.008673469387755102 0.048340548340548344
28 0.06658163265306123 0.044733044733044736 0.028061224489795922 0.06782106782106782
18 0.16505102040816327 0.03643578643578643 0.020918367346938777 0.013708513708513708
18 0.27168367346938777 0.03643578643578643 0.020918367346938777 0.013708513708513708
18 0.3670918367346939 0.0367965367965368 0.020918367346938777 0.01443001443001443
18 0.4528061224489796 0.03643578643578643 0.020918367346938777 0.013708513708513708
18 0.5721938775510205 0.03715728715728716 0.020918367346938777 0.013708513708513708
18 0.6551020408163266 0.03715728715728716 0.02142857142857143 0.013708513708513708
18 0.7163265306122449 0.03715728715728716 0.02142857142857143 0.015151515151515152
132 0.7859693877551022 0.04256854256854257 0.019897959183673472 0.05483405483405483
20 0.8076530612244899 0.045454545454545456 0.012244897959183675 0.04184704184704185
129 0.8755102040816327 0.051226551226551224 0.01938775510204082 0.06204906204906205
20 0.8969387755102042 0.045454545454545456 0.012244897959183675 0.04184704184704185
27 0.0701530612244898 0.1756854256854257 0.03316326530612245 0.06132756132756133
136 0.14923469387755103 0.1774891774891775 0.012755102040816327 0.05772005772005772
135 0.1739795918367347 0.17857142857142858 0.01326530612244898 0.06132756132756133
16 0.19158163265306125 0.16630591630591632 0.00969387755102041 0.04256854256854257
134 0.20229591836734695 0.18073593073593072 0.01785714285714286 0.06421356421356421
133 0.2410714285714286 0.1681096681096681 0.01785714285714286 0.06349206349206349
132 0.26377551020408163 0.1699134199134199 0.01326530612244898 0.06132756132756133
131 0.30306122448979594 0.17207792207792208 0.01326530612244898 0.05844155844155844
128 0.34132653061224494 0.18253968253968253 0.018367346938775512 0.06926406926406926
130 0.3670918367346939 0.1774891774891775 0.013775510204081635 0.05772005772005772
131 0.3915816326530613 0.17496392496392496 0.013775510204081635 0.05266955266955267
133 0.42882653061224496 0.18253968253968253 0.013775510204081635 0.06782106782106782
135 0.4556122448979592 0.1782106782106782 0.01326530612244898 0.06060606060606061
138 0.48086734693877553 0.17207792207792208 0.01683673469387755 0.05988455988455989
34 0.5066326530612245 0.16702741702741702 0.022448979591836737 0.06565656565656566
136 0.539030612244898 0.17532467532467533 0.012755102040816327 0.05483405483405483
138 0.5658163265306123 0.17135642135642135 0.01326530612244898 0.05844155844155844
141 0.604591836734694 0.16233766233766234 0.018367346938775512 0.07647907647907648
110 0.6489795918367347 0.16305916305916307 0.015306122448979593 0.07503607503607504
18 0.7165816326530613 0.16594516594516595 0.021938775510204084 0.01443001443001443
27 0.803061224489796 0.17424242424242425 0.02653061224489796 0.05266955266955267
18 0.9017857142857144 0.16702741702741702 0.021938775510204084 0.015151515151515152
26 0.06683673469387756 0.45995670995670995 0.02653061224489796 0.10606060606060606
128 0.1420918367346939 0.4686147186147186 0.021938775510204084 0.06998556998556998
20 0.16505102040816327 0.4603174603174603 0.011734693877551022 0.04184704184704185
135 0.23316326530612247 0.46320346320346323 0.01326530612244898 0.05772005772005772
134 0.26071428571428573 0.46464646464646464 0.01326530612244898 0.06060606060606061
133 0.2836734693877551 0.4660894660894661 0.018367346938775512 0.06349206349206349
132 0.3331632653061225 0.4588744588744589 0.0163265306122449 0.05483405483405483
131 0.3589285714285715 0.45995670995670995 0.01479591836734694 0.05266955266955267
129 0.38239795918367353 0.4657287157287157 0.01479591836734694 0.06421356421356421
130 0.43367346938775514 0.46356421356421357 0.020408163265306124 0.056998556998557
20 0.45586734693877556 0.45995670995670995 0.012755102040816327 0.04112554112554113
132 0.5165816326530612 0.4595959595959596 0.01683673469387755 0.05194805194805195
131 0.5418367346938776 0.4603174603174603 0.014285714285714287 0.05339105339105339
130 0.5676020408163266 0.46320346320346323 0.013775510204081635 0.05772005772005772
16 0.6005102040816327 0.4834054834054834 0.010204081632653062 0.04329004329004329
129 0.6158163265306122 0.4660894660894661 0.0163265306122449 0.06349206349206349
128 0.6410714285714286 0.4686147186147186 0.015816326530612247 0.06854256854256854
127 0.6668367346938776 0.4722222222222222 0.015306122448979593 0.07575757575757576
126 0.7079081632653061 0.4743867243867244 0.020918367346938777 0.08008658008658008
20 0.7303571428571429 0.45995670995670995 0.011734693877551022 0.04112554112554113
126 0.7841836734693878 0.4743867243867244 0.020408163265306124 0.08152958152958154
20 0.8063775510204082 0.45995670995670995 0.012755102040816327 0.04112554112554113
95 0.8681122448979592 0.4743867243867244 0.015816326530612247 0.08152958152958154
26 0.06658163265306123 0.5891053391053391 0.02602040816326531 0.10606060606060606
128 0.14234693877551022 0.5974025974025974 0.02142857142857143 0.06926406926406926
20 0.16479591836734694 0.5891053391053391 0.012244897959183675 0.04112554112554113
15 0.2198979591836735 0.6237373737373737 0.011224489795918368 0.048340548340548344
128 0.23698979591836736 0.597041847041847 0.020918367346938777 0.06854256854256854
20 0.25918367346938775 0.5891053391053391 0.012244897959183675 0.04112554112554113
15 0.3178571428571429 0.6240981240981242 0.011224489795918368 0.047619047619047616
128 0.3349489795918368 0.5974025974025974 0.020918367346938777 0.06782106782106782
20 0.35714285714285715 0.5894660894660895 0.012244897959183675 0.04184704184704185
15 0.41658163265306125 0.6233766233766234 0.010714285714285714 0.049062049062049064
128 0.43392857142857144 0.597041847041847 0.020918367346938777 0.06854256854256854
20 0.45612244897959187 0.5891053391053391 0.012244897959183675 0.04112554112554113
126 0.5176020408163265 0.6031746031746031 0.020918367346938777 0.0808080808080808
20 0.5403061224489797 0.5891053391053391 0.012244897959183675 0.04112554112554113
128 0.6170918367346939 0.5974025974025974 0.021938775510204084 0.06926406926406926
20 0.6395408163265307 0.5891053391053391 0.012755102040816327 0.04112554112554113
128 0.7076530612244899 0.5981240981240982 0.02142857142857143 0.06926406926406926
20 0.7303571428571429 0.5887445887445888 0.012755102040816327 0.04184704184704185
128 0.7836734693877552 0.5974025974025974 0.022448979591836737 0.06926406926406926
20 0.8063775510204082 0.5883838383838383 0.012755102040816327 0.04256854256854257
97 0.8673469387755103 0.597041847041847 0.015306122448979593 0.06998556998556998
28 0.06683673469387756 0.7164502164502164 0.02755102040816327 0.06782106782106782
136 0.13954081632653062 0.7204184704184704 0.01479591836734694 0.056998556998557
20 0.16505102040816327 0.7175324675324676 0.012755102040816327 0.04112554112554113
131 0.23698979591836736 0.7178932178932179 0.020918367346938777 0.05194805194805195
20 0.25918367346938775 0.7175324675324676 0.012244897959183675 0.04112554112554113
131 0.3349489795918368 0.7182539682539683 0.021938775510204084 0.051226551226551224
20 0.35714285714285715 0.7175324675324676 0.012244897959183675 0.04112554112554113
131 0.43367346938775514 0.7182539682539683 0.02142857142857143 0.051226551226551224
20 0.45586734693877556 0.7175324675324676 0.012755102040816327 0.04112554112554113
129 0.5183673469387755 0.7233044733044733 0.020408163265306124 0.06277056277056277
20 0.5400510204081633 0.7175324675324676 0.012755102040816327 0.04112554112554113
129 0.6178571428571429 0.7233044733044733 0.020408163265306124 0.06277056277056277
20 0.6395408163265307 0.7175324675324676 0.012755102040816327 0.04112554112554113
129 0.7084183673469389 0.724025974025974 0.019897959183673472 0.06277056277056277
20 0.7303571428571429 0.7175324675324676 0.012755102040816327 0.04112554112554113
129 0.7846938775510205 0.7236652236652237 0.020408163265306124 0.06349206349206349
21 0.8071428571428572 0.7175324675324676 0.01326530612244898 0.025252525252525252
21 0.8313775510204082 0.7171717171717171 0.013775510204081635 0.024531024531024532
98 0.8676020408163266 0.7236652236652237 0.013775510204081635 0.06349206349206349
27 0.06989795918367347 0.8780663780663781 0.0326530612244898 0.06060606060606061
20 0.13698979591836735 0.8766233766233766 0.012755102040816327 0.04184704184704185
131 0.18954081632653064 0.876984126984127 0.020918367346938777 0.051226551226551224
128 0.23673469387755103 0.8849206349206349 0.022448979591836737 0.06854256854256854
20 0.25918367346938775 0.8766233766233766 0.012244897959183675 0.04184704184704185
18 0.35306122448979593 0.8679653679653679 0.02142857142857143 0.01443001443001443
20 0.42806122448979594 0.876984126984127 0.012244897959183675 0.04112554112554113
128 0.4803571428571429 0.8849206349206349 0.021938775510204084 0.06854256854256854
131 0.5181122448979593 0.876984126984127 0.020918367346938777 0.051226551226551224
20 0.5403061224489797 0.876984126984127 0.012244897959183675 0.04112554112554113
18 0.6372448979591837 0.8679653679653679 0.02142857142857143 0.01443001443001443
18 0.7244897959183674 0.8679653679653679 0.02142857142857143 0.01443001443001443
18 0.806122448979592 0.8679653679653679 0.02142857142857143 0.01443001443001443
20 0.865561224489796 0.876984126984127 0.011734693877551022 0.04112554112554113
