0 0.09693877551020409 0.023088023088023088 0.028571428571428574 0.044733044733044736
12 0.047959183673469394 0.031746031746031744 0.0071428571428571435 0.049062049062049064
12 0.9515306122448981 0.031385281385281384 0.00816326530612245 0.048340548340548344
0 0.09642857142857143 0.1305916305916306 0.028571428571428574 0.05483405483405483
12 0.048469387755102046 0.13095238095238096 0.0071428571428571435 0.048340548340548344
12 0.9515306122448981 0.13131313131313133 0.00816326530612245 0.047619047619047616
14 0.3755102040816327 0.13744588744588745 0.006122448979591837 0.00937950937950938
14 0.5313775510204082 0.1370851370851371 0.005612244897959184 0.008658008658008658
0 0.09668367346938776 0.22258297258297258 0.029081632653061226 0.05555555555555555
12 0.048469387755102046 0.2233044733044733 0.006122448979591837 0.046897546897546896
12 0.9512755102040817 0.22366522366522368 0.008673469387755102 0.047619047619047616
0 0.09693877551020409 0.37445887445887444 0.028571428571428574 0.05483405483405483
12 0.047959183673469394 0.37626262626262624 0.00816326530612245 0.048340548340548344
12 0.30025510204081635 0.37626262626262624 0.00663265306122449 0.048340548340548344
12 0.45000000000000007 0.37626262626262624 0.00816326530612245 0.048340548340548344
0 0.09693877551020409 0.5054112554112554 0.02959183673469388 0.05555555555555555
12 0.048469387755102046 0.5068542568542569 0.0071428571428571435 0.048340548340548344
12 0.3005102040816327 0.5072150072150072 0.00816326530612245 0.047619047619047616
12 0.45000000000000007 0.5072150072150072 0.00816326530612245 0.047619047619047616
12 0.8619897959183674 0.5075757575757576 0.007653061224489797 0.048340548340548344
14 0.2150510204081633 0.512987012987013 0.005612244897959184 0.008658008658008658
14 0.3841836734693878 0.5133477633477633 0.005102040816326531 0.00937950937950938
14 0.4099489795918368 0.5133477633477633 0.005612244897959184 0.00937950937950938
14 0.5510204081632654 0.5133477633477633 0.006122448979591837 0.00937950937950938
0 0.09668367346938776 0.5984848484848485 0.028061224489795922 0.05411255411255411
12 0.048469387755102046 0.5988455988455988 0.006122448979591837 0.047619047619047616
12 0.8625 0.5988455988455988 0.007653061224489797 0.047619047619047616
12 0.3005102040816327 0.5995670995670995 0.00816326530612245 0.047619047619047616
12 0.45000000000000007 0.5995670995670995 0.0071428571428571435 0.047619047619047616
0 0.09719387755102042 0.6994949494949495 0.029081632653061226 0.05555555555555555
12 0.047704081632653064 0.7121212121212122 0.007653061224489797 0.049062049062049064
12 0.7984693877551021 0.7124819624819625 0.00816326530612245 0.048340548340548344
12 0.4329081632653062 0.7132034632034632 0.00663265306122449 0.046897546897546896
0 0.09668367346938776 0.8282828282828283 0.029081632653061226 0.05483405483405483
12 0.048469387755102046 0.829004329004329 0.0071428571428571435 0.049062049062049064
12 0.4323979591836735 0.8297258297258298 0.008673469387755102 0.049062049062049064
12 0.7982142857142858 0.829004329004329 0.008673469387755102 0.047619047619047616
0 0.09693877551020409 0.9206349206349206 0.028571428571428574 0.05483405483405483
12 0.048469387755102046 0.920995670995671 0.006122448979591837 0.046897546897546896
12 0.7984693877551021 0.9217171717171717 0.009183673469387756 0.048340548340548344
12 0.4323979591836735 0.9217171717171717 0.007653061224489797 0.04401154401154401
26 0.06479591836734694 0.03751803751803752 0.022448979591836737 0.0735930735930736
18 0.5311224489795919 0.010822510822510822 0.0163265306122449 0.012987012987012988
27 0.6275510204081634 0.031385281385281384 0.01938775510204082 0.051226551226551224
27 0.06479591836734694 0.1305916305916306 0.02448979591836735 0.050505050505050504
134 0.13698979591836735 0.1388888888888889 0.012755102040816327 0.06565656565656566
135 0.2372448979591837 0.13744588744588745 0.0163265306122449 0.06421356421356421
133 0.36811224489795924 0.12518037518037517 0.01683673469387755 0.06421356421356421
133 0.5214285714285715 0.12518037518037517 0.01326530612244898 0.06565656565656566
102 0.7614795918367347 0.12554112554112554 0.012755102040816327 0.06204906204906205
27 0.06479591836734694 0.22294372294372294 0.02448979591836735 0.050505050505050504
18 0.5311224489795919 0.2031024531024531 0.0163265306122449 0.013708513708513708
27 0.06454081632653062 0.37626262626262624 0.025 0.05266955266955267
26 0.15000000000000002 0.3795093795093795 0.018367346938775512 0.06782106782106782
18 0.20510204081632655 0.3546176046176046 0.0163265306122449 0.013708513708513708
27 0.2489795918367347 0.3759018759018759 0.020408163265306124 0.05194805194805195
21 0.27346938775510204 0.351010101010101 0.011224489795918368 0.023809523809523808
26 0.28852040816326535 0.3795093795093795 0.018877551020408164 0.06926406926406926
16 0.3073979591836735 0.37987012987012986 0.008673469387755102 0.032467532467532464
132 0.3209183673469388 0.3694083694083694 0.015306122448979593 0.06349206349206349
133 0.33265306122448984 0.37012987012987014 0.011224489795918368 0.06493506493506493
28 0.3461734693877551 0.3795093795093795 0.013775510204081635 0.047619047619047616
17 0.36352040816326536 0.4004329004329004 0.008673469387755102 0.03463203463203463
130 0.3755102040816327 0.373015873015873 0.01326530612244898 0.0707070707070707
133 0.3887755102040817 0.37157287157287155 0.01326530612244898 0.06637806637806638
16 0.3997448979591837 0.3935786435786436 0.008673469387755102 0.032467532467532464
130 0.41250000000000003 0.37337662337662336 0.012755102040816327 0.06998556998556998
141 0.4418367346938776 0.3401875901875902 0.014285714285714287 0.12481962481962482
145 0.4612244897959184 0.3401875901875902 0.015306122448979593 0.12193362193362194
17 0.5298469387755103 0.4004329004329004 0.008673469387755102 0.03463203463203463
16 0.5528061224489796 0.36327561327561325 0.008673469387755102 0.032467532467532464
165 0.5691326530612245 0.3661616161616162 0.019897959183673472 0.07575757575757576
165 0.5900510204081634 0.3445165945165945 0.011734693877551022 0.11904761904761904
16 0.6002551020408163 0.3935786435786436 0.008673469387755102 0.032467532467532464
17 0.6239795918367348 0.3098845598845599 0.009183673469387756 0.03535353535353535
16 0.7071428571428572 0.30916305916305914 0.009183673469387756 0.03391053391053391
17 0.7354591836734694 0.4007936507936508 0.008673469387755102 0.03391053391053391
17 0.7581632653061225 0.3823953823953824 0.00816326530612245 0.03463203463203463
163 0.7698979591836735 0.34523809523809523 0.012244897959183675 0.11616161616161616
16 0.7808673469387756 0.3935786435786436 0.008673469387755102 0.032467532467532464
130 0.7936224489795919 0.3492063492063492 0.012755102040816327 0.11976911976911978
16 0.8045918367346939 0.3629148629148629 0.009183673469387756 0.03318903318903319
135 0.817091836734694 0.3477633477633478 0.013775510204081635 0.1111111111111111
129 0.8408163265306123 0.3556998556998557 0.01326530612244898 0.11976911976911978
133 0.854591836734694 0.3481240981240981 0.012244897959183675 0.10894660894660894
130 0.8719387755102042 0.3528138528138528 0.01326530612244898 0.1111111111111111
133 0.8849489795918368 0.3499278499278499 0.013775510204081635 0.10678210678210678
160 0.9076530612244899 0.3556998556998557 0.014285714285714287 0.10966810966810966
163 0.925 0.37012987012987014 0.018367346938775512 0.06204906204906205
16 0.9400510204081634 0.38095238095238093 0.008673469387755102 0.03318903318903319
132 0.9545918367346939 0.36904761904761907 0.0163265306122449 0.06565656565656566
27 0.06505102040816327 0.5064935064935064 0.023979591836734697 0.05194805194805195
134 0.13852040816326533 0.4989177489177489 0.015816326530612247 0.06565656565656566
16 0.14872448979591837 0.5054112554112554 0.008673469387755102 0.032467532467532464
133 0.16096938775510206 0.5010822510822511 0.012755102040816327 0.06565656565656566
17 0.19362244897959185 0.5133477633477633 0.008673469387755102 0.03535353535353535
133 0.20714285714285716 0.5003607503607503 0.015306122448979593 0.06421356421356421
163 0.22551020408163266 0.5010822510822511 0.012244897959183675 0.06421356421356421
132 0.24005102040816328 0.5010822510822511 0.01479591836734694 0.06421356421356421
133 0.25204081632653064 0.5010822510822511 0.012244897959183675 0.06421356421356421
129 0.2755102040816327 0.5115440115440115 0.012244897959183675 0.06926406926406926
132 0.31862244897959185 0.5014430014430015 0.013775510204081635 0.06349206349206349
135 0.3321428571428572 0.49963924963924966 0.012244897959183675 0.06565656565656566
133 0.3755102040816327 0.5010822510822511 0.0163265306122449 0.06421356421356421
133 0.39948979591836736 0.5010822510822511 0.012244897959183675 0.06421356421356421
102 0.42525510204081635 0.5014430014430015 0.012755102040816327 0.06204906204906205
134 0.4612244897959184 0.49963924963924966 0.014285714285714287 0.06421356421356421
16 0.4714285714285715 0.5057720057720058 0.00816326530612245 0.031746031746031744
133 0.48443877551020414 0.5010822510822511 0.012755102040816327 0.06421356421356421
17 0.5298469387755103 0.5133477633477633 0.008673469387755102 0.03535353535353535
133 0.5433673469387755 0.5007215007215007 0.0163265306122449 0.06349206349206349
163 0.588265306122449 0.5 0.01326530612244898 0.06349206349206349
133 0.6135204081632654 0.5010822510822511 0.01683673469387755 0.06421356421356421
133 0.6505102040816327 0.5014430014430015 0.01326530612244898 0.06493506493506493
133 0.6693877551020408 0.5003607503607503 0.017346938775510204 0.06421356421356421
132 0.7234693877551021 0.49747474747474746 0.01326530612244898 0.07142857142857142
135 0.7461734693877552 0.4953102453102453 0.012755102040816327 0.07575757575757576
141 0.7926020408163266 0.49603174603174605 0.01479591836734694 0.07431457431457432
140 0.8160714285714287 0.49855699855699853 0.013775510204081635 0.06926406926406926
16 0.8275510204081633 0.4642857142857143 0.00816326530612245 0.032467532467532464
140 0.839795918367347 0.4981962481962482 0.01326530612244898 0.06998556998556998
139 0.8525510204081633 0.5014430014430015 0.01326530612244898 0.06204906204906205
138 0.8709183673469388 0.5046897546897547 0.012244897959183675 0.056998556998557
137 0.8831632653061225 0.5072150072150072 0.01326530612244898 0.050505050505050504
16 0.8954081632653063 0.4823232323232323 0.00816326530612245 0.031024531024531024
137 0.9081632653061226 0.5108225108225108 0.01326530612244898 0.05627705627705628
17 0.9392857142857144 0.5014430014430015 0.00816326530612245 0.03463203463203463
165 0.950765306122449 0.512987012987013 0.011734693877551022 0.05916305916305916
16 0.9625000000000001 0.4953102453102453 0.007653061224489797 0.031024531024531024
165 0.9729591836734695 0.5140692640692641 0.014285714285714287 0.06132756132756133
27 0.06479591836734694 0.5992063492063492 0.02448979591836735 0.051226551226551224
18 0.20510204081632655 0.5782828282828283 0.0163265306122449 0.013708513708513708
18 0.37525510204081636 0.5786435786435786 0.015816326530612247 0.012987012987012988
18 0.9739795918367348 0.577922077922078 0.011224489795918368 0.0101010101010101
26 0.06454081632653062 0.713924963924964 0.02295918367346939 0.08585858585858586
162 0.18137755102040817 0.7059884559884559 0.01683673469387755 0.06421356421356421
17 0.19183673469387758 0.7431457431457431 0.00816326530612245 0.03463203463203463
159 0.20306122448979594 0.7106782106782107 0.01326530612244898 0.0808080808080808
17 0.2142857142857143 0.7604617604617605 0.00816326530612245 0.03463203463203463
156 0.22551020408163266 0.7189754689754689 0.015306122448979593 0.10173160173160173
159 0.239030612244898 0.7031024531024531 0.013775510204081635 0.07287157287157287
172 0.29132653061224495 0.6976911976911977 0.014285714285714287 0.0808080808080808
169 0.30433673469387756 0.7070707070707071 0.012755102040816327 0.06349206349206349
166 0.31734693877551023 0.7128427128427128 0.012244897959183675 0.05194805194805195
16 0.32908163265306123 0.6875901875901876 0.00816326530612245 0.03318903318903319
167 0.33877551020408164 0.7128427128427128 0.0163265306122449 0.05194805194805195
17 0.35306122448979593 0.6944444444444444 0.00816326530612245 0.03535353535353535
167 0.36556122448979594 0.6962481962481962 0.015816326530612247 0.08658008658008658
26 0.3806122448979592 0.7157287157287158 0.017346938775510204 0.06782106782106782
158 0.3969387755102041 0.7085137085137085 0.01326530612244898 0.09812409812409813
162 0.4099489795918368 0.7002164502164502 0.012755102040816327 0.07431457431457432
164 0.42321428571428577 0.7012987012987013 0.012755102040816327 0.07215007215007214
162 0.48367346938775513 0.7113997113997114 0.0163265306122449 0.05483405483405483
17 0.4938775510204082 0.7427849927849928 0.00816326530612245 0.03535353535353535
159 0.5058673469387756 0.7178932178932179 0.012755102040816327 0.06637806637806638
17 0.5168367346938776 0.7604617604617605 0.00816326530612245 0.03463203463203463
156 0.5288265306122449 0.726911976911977 0.01479591836734694 0.08297258297258298
161 0.551530612244898 0.7132034632034632 0.01326530612244898 0.05411255411255411
158 0.5658163265306123 0.7377344877344877 0.0163265306122449 0.10028860028860029
167 0.588265306122449 0.7272727272727273 0.012244897959183675 0.0808080808080808
172 0.6020408163265306 0.7085137085137085 0.014285714285714287 0.10533910533910534
169 0.6204081632653062 0.715007215007215 0.0163265306122449 0.07936507936507936
166 0.639030612244898 0.6951659451659452 0.01785714285714286 0.08585858585858586
16 0.6474489795918368 0.6875901875901876 0.00816326530612245 0.03318903318903319
167 0.6599489795918368 0.6948051948051948 0.011734693877551022 0.08658008658008658
17 0.6714285714285715 0.6944444444444444 0.00816326530612245 0.03535353535353535
167 0.6829081632653062 0.6948051948051948 0.012755102040816327 0.08658008658008658
26 0.6992346938775511 0.7157287157287158 0.01785714285714286 0.06782106782106782
159 0.7158163265306123 0.7049062049062049 0.01326530612244898 0.10678210678210678
161 0.729591836734694 0.7063492063492064 0.01326530612244898 0.06493506493506493
164 0.7420918367346939 0.7063492063492064 0.012755102040816327 0.06204906204906205
16 0.753061224489796 0.7175324675324676 0.00816326530612245 0.032467532467532464
162 0.765561224489796 0.7063492063492064 0.012755102040816327 0.06349206349206349
16 0.776530612244898 0.7359307359307359 0.00816326530612245 0.031746031746031744
159 0.7895408163265307 0.7124819624819625 0.013775510204081635 0.0772005772005772
162 0.8502551020408164 0.7063492063492064 0.01683673469387755 0.06349206349206349
17 0.8602040816326532 0.7431457431457431 0.00816326530612245 0.03463203463203463
159 0.8721938775510205 0.7113997113997114 0.012755102040816327 0.07792207792207792
17 0.8829081632653062 0.7604617604617605 0.008673469387755102 0.03463203463203463
156 0.8948979591836735 0.7193362193362194 0.015306122448979593 0.09956709956709957
161 0.9176020408163266 0.7027417027417028 0.012755102040816327 0.0735930735930736
158 0.9308673469387756 0.7095959595959596 0.01479591836734694 0.09163059163059163
27 0.9466836734693879 0.7124819624819625 0.019897959183673472 0.051226551226551224
167 0.964030612244898 0.6998556998556998 0.012755102040816327 0.07647907647907648
172 0.9785714285714286 0.698051948051948 0.014285714285714287 0.08008658008658008
169 0.9964285714285716 0.7063492063492064 0.0071428571428571435 0.06493506493506493
27 0.06505102040816327 0.829004329004329 0.025 0.050505050505050504
17 0.12602040816326532 0.8246753246753247 0.00816326530612245 0.03463203463203463
165 0.13724489795918368 0.8412698412698413 0.012244897959183675 0.07215007215007214
16 0.18852040816326532 0.8174603174603174 0.008673469387755102 0.03318903318903319
165 0.19897959183673472 0.8423520923520923 0.0163265306122449 0.07142857142857142
134 0.22219387755102044 0.841991341991342 0.015816326530612247 0.07503607503607504
165 0.2448979591836735 0.8358585858585859 0.012244897959183675 0.06277056277056277
17 0.2653061224489796 0.8235930735930735 0.00816326530612245 0.03535353535353535
135 0.27627551020408164 0.8362193362193362 0.011734693877551022 0.06349206349206349
16 0.29183673469387755 0.8163780663780664 0.00816326530612245 0.032467532467532464
165 0.3005102040816327 0.8362193362193362 0.017346938775510204 0.06204906204906205
134 0.31760204081632654 0.8365800865800865 0.011734693877551022 0.06565656565656566
135 0.36071428571428577 0.8358585858585859 0.0163265306122449 0.06421356421356421
134 0.4089285714285715 0.8416305916305916 0.012755102040816327 0.07575757575757576
165 0.44030612244897965 0.8398268398268398 0.012244897959183675 0.07215007215007214
17 0.4926020408163266 0.8235930735930735 0.007653061224489797 0.03535353535353535
165 0.5017857142857143 0.8409090909090909 0.015816326530612247 0.06998556998556998
165 0.5270408163265307 0.8362193362193362 0.012244897959183675 0.06349206349206349
16 0.5385204081632654 0.8163780663780664 0.007653061224489797 0.032467532467532464
165 0.5484693877551021 0.8358585858585859 0.015306122448979593 0.06421356421356421
134 0.5625 0.8365800865800865 0.01479591836734694 0.06565656565656566
165 0.6000000000000001 0.8362193362193362 0.012244897959183675 0.06204906204906205
17 0.6119897959183674 0.8235930735930735 0.007653061224489797 0.03535353535353535
135 0.6232142857142857 0.8358585858585859 0.012755102040816327 0.06421356421356421
16 0.6459183673469389 0.8163780663780664 0.00816326530612245 0.032467532467532464
165 0.6551020408163266 0.8362193362193362 0.018367346938775512 0.06060606060606061
134 0.6813775510204082 0.8365800865800865 0.011734693877551022 0.06565656565656566
135 0.7255102040816327 0.8358585858585859 0.0163265306122449 0.06421356421356421
134 0.7637755102040817 0.8423520923520923 0.012244897959183675 0.07575757575757576
165 0.8063775510204082 0.8412698412698413 0.011734693877551022 0.0707070707070707
17 0.8589285714285715 0.8235930735930735 0.007653061224489797 0.03535353535353535
165 0.8681122448979592 0.8401875901875901 0.015816326530612247 0.07142857142857142
165 0.8931122448979593 0.8362193362193362 0.011734693877551022 0.06349206349206349
16 0.904591836734694 0.8163780663780664 0.00816326530612245 0.032467532467532464
135 0.9145408163265307 0.8362193362193362 0.01479591836734694 0.06493506493506493
134 0.9290816326530613 0.8365800865800865 0.014285714285714287 0.06565656565656566
165 0.9762755102040818 0.8354978354978355 0.011734693877551022 0.06349206349206349
17 0.9880102040816328 0.8232323232323232 0.007653061224489797 0.03607503607503607
27 0.06454081632653062 0.9217171717171717 0.025 0.051226551226551224
18 0.2711734693877551 0.9004329004329005 0.01683673469387755 0.01443001443001443
18 0.614795918367347 0.9004329004329005 0.0163265306122449 0.01443001443001443
18 0.9622448979591838 0.9004329004329005 0.0163265306122449 0.01443001443001443
145 0.4285714285714286 0.3383838383838384 0.017346938775510204 0.12987012987012986
159 0.4852040816326531 0.3466810966810967 0.01326530612244898 0.13347763347763347
163 0.4979591836734694 0.3409090909090909 0.012244897959183675 0.12337662337662338
160 0.5418367346938776 0.3437950937950938 0.012244897959183675 0.12914862914862915
160 0.6127551020408164 0.34235209235209235 0.01326530612244898 0.13203463203463203
140 0.6517857142857143 0.33044733044733043 0.013775510204081635 0.14285714285714285
175 0.6354591836734694 0.3354978354978355 0.011734693877551022 0.1341991341991342
144 0.6706632653061225 0.3416305916305916 0.019897959183673472 0.1204906204906205
160 0.7479591836734695 0.34595959595959597 0.01326530612244898 0.12193362193362194
133 0.2670918367346939 0.5061327561327561 0.013775510204081635 0.056998556998557
