7 0.1 0.2943722943722944 0.025510204081632654 0.06637806637806638
12 0.047959183673469394 0.3077200577200577 0.0071428571428571435 0.049783549783549784
12 0.7563775510204083 0.3077200577200577 0.008673469387755102 0.048340548340548344
12 0.9512755102040817 0.3077200577200577 0.00969387755102041 0.048340548340548344
12 0.5043367346938776 0.30808080808080807 0.007653061224489797 0.047619047619047616
0 0.09923469387755103 0.536075036075036 0.025 0.06637806637806638
12 0.047704081632653064 0.5378787878787878 0.007653061224489797 0.048340548340548344
12 0.5045918367346939 0.5378787878787878 0.009183673469387756 0.048340548340548344
12 0.9512755102040817 0.5378787878787878 0.00969387755102041 0.048340548340548344
12 0.7563775510204083 0.5382395382395382 0.008673469387755102 0.047619047619047616
26 0.06607142857142857 0.3077200577200577 0.02602040816326531 0.10606060606060606
96 0.13852040816326533 0.31926406926406925 0.015816326530612247 0.07575757575757576
99 0.2431122448979592 0.31096681096681095 0.012755102040816327 0.05916305916305916
95 0.32525510204081637 0.3217893217893218 0.01683673469387755 0.0808080808080808
98 0.42908163265306126 0.31385281385281383 0.014285714285714287 0.06493506493506493
98 0.5204081632653061 0.3142135642135642 0.014285714285714287 0.06421356421356421
159 0.5785714285714286 0.31385281385281383 0.017346938775510204 0.06349206349206349
161 0.604591836734694 0.30808080808080807 0.014285714285714287 0.05194805194805195
160 0.6308673469387756 0.31132756132756134 0.01479591836734694 0.05844155844155844
159 0.6568877551020409 0.31385281385281383 0.013775510204081635 0.06349206349206349
17 0.6755102040816328 0.3318903318903319 0.009183673469387756 0.05483405483405483
71 0.6882653061224491 0.31024531024531027 0.014285714285714287 0.05772005772005772
27 0.0691326530612245 0.5393217893217893 0.03214285714285715 0.05988455988455989
167 0.13775510204081634 0.5382395382395382 0.01326530612244898 0.05339105339105339
168 0.163265306122449 0.5353535353535354 0.01326530612244898 0.05772005772005772
167 0.1900510204081633 0.5378787878787878 0.013775510204081635 0.05266955266955267
166 0.21479591836734696 0.5378787878787878 0.0163265306122449 0.05266955266955267
137 0.24234693877551022 0.5382395382395382 0.01326530612244898 0.05194805194805195
140 0.28290816326530616 0.5295815295815296 0.018877551020408164 0.0707070707070707
166 0.3247448979591837 0.5396825396825397 0.012755102040816327 0.05483405483405483
167 0.35025510204081634 0.5393217893217893 0.013775510204081635 0.05555555555555555
166 0.37704081632653064 0.538961038961039 0.01326530612244898 0.05483405483405483
165 0.40127551020408164 0.5393217893217893 0.01683673469387755 0.05411255411255411
136 0.42908163265306126 0.5393217893217893 0.01326530612244898 0.05411255411255411
17 0.4581632653061225 0.509018759018759 0.009183673469387756 0.05555555555555555
139 0.46760204081632656 0.5331890331890332 0.01683673469387755 0.06637806637806638
55 0.5219387755102042 0.5288600288600288 0.018367346938775512 0.0707070707070707
