14 0.7449118046132972 0.008317338451695458 0.007236544549977386 0.010236724248240563
12 0.04816824966078698 0.0764555342290467 0.008593396653098146 0.042866282789507354
11 0.9491180461329715 0.07677543186180422 0.011307100859339666 0.04350607805502239
12 0.2937584803256445 0.07709532949456174 0.008593396653098146 0.042866282789507354
12 0.4739936680235188 0.07709532949456174 0.009045680687471733 0.042866282789507354
12 0.7944369063772049 0.07677543186180422 0.008593396653098146 0.04222648752399232
12 0.4739936680235188 0.1781829814459373 0.009045680687471733 0.042866282789507354
12 0.7946630483943917 0.1781829814459373 0.009045680687471733 0.042866282789507354
11 0.9488919041157847 0.1785028790786948 0.011759384893713252 0.04350607805502239
12 0.04862053369516056 0.1785028790786948 0.008593396653098146 0.04222648752399232
12 0.2937584803256445 0.1785028790786948 0.008593396653098146 0.04222648752399232
12 0.4739936680235188 0.2802303262955854 0.008141112618724558 0.04350607805502239
11 0.9491180461329715 0.2802303262955854 0.011307100859339666 0.04350607805502239
12 0.04839439167797377 0.281829814459373 0.008141112618724558 0.045425463851567496
12 0.2939846223428313 0.2802303262955854 0.008141112618724558 0.04222648752399232
12 0.7946630483943917 0.2802303262955854 0.008141112618724558 0.04222648752399232
12 0.04862053369516056 0.4027511196417146 0.007688828584350972 0.044145873320537425
12 0.4739936680235188 0.40339091490722967 0.008141112618724558 0.044145873320537425
12 0.7942107643600181 0.40339091490722967 0.007236544549977386 0.044145873320537425
13 0.949570330167345 0.4027511196417146 0.010402532790592492 0.042866282789507354
12 0.2937584803256445 0.40307101727447214 0.007688828584350972 0.04222648752399232
12 0.2944369063772049 0.5201535508637236 0.008141112618724558 0.04350607805502239
12 0.04839439167797377 0.5204734484964811 0.007236544549977386 0.042866282789507354
12 0.4735413839891452 0.5204734484964811 0.008141112618724558 0.042866282789507354
12 0.7944369063772049 0.5204734484964811 0.007688828584350972 0.042866282789507354
13 0.9491180461329715 0.5204734484964811 0.010402532790592492 0.042866282789507354
12 0.04816824966078698 0.646513115802943 0.008593396653098146 0.042866282789507354
12 0.2939846223428313 0.6468330134357005 0.007236544549977386 0.04350607805502239
12 0.7946630483943917 0.6468330134357005 0.007236544549977386 0.04350607805502239
13 0.949570330167345 0.6468330134357005 0.010402532790592492 0.04350607805502239
12 0.4739936680235188 0.6471529110684581 0.008141112618724558 0.04158669225847728
12 0.2937584803256445 0.7645553422904671 0.008593396653098146 0.04350607805502239
12 0.47467209407507915 0.7642354446577095 0.010402532790592492 0.042866282789507354
12 0.7946630483943917 0.7648752399232246 0.008141112618724558 0.044145873320537425
13 0.9491180461329715 0.7645553422904671 0.010402532790592492 0.04222648752399232
12 0.04839439167797377 0.7648752399232246 0.008141112618724558 0.04158669225847728
12 0.2939846223428313 0.8832373640435061 0.008141112618724558 0.042866282789507354
12 0.47444595205789236 0.8832373640435061 0.009950248756218905 0.042866282789507354
12 0.7948891904115785 0.8832373640435061 0.007688828584350972 0.042866282789507354
12 0.048846675712347354 0.8835572616762636 0.008141112618724558 0.04222648752399232
11 0.9493441881501583 0.8838771593090211 0.010854816824966078 0.042866282789507354
28 0.0639981908638625 0.07677543186180422 0.025780189959294438 0.061420345489443376
16 0.08751696065128901 0.07709532949456174 0.011307100859339666 0.04030710172744722
18 0.19063772048846675 0.05918106206014075 0.019448213478064226 0.013435700575815739
18 0.3817277250113071 0.05918106206014075 0.018995929443690638 0.013435700575815739
18 0.5461329715061058 0.05918106206014075 0.019448213478064226 0.013435700575815739
18 0.7175486205336952 0.05950095969289827 0.019448213478064226 0.014075495841330773
18 0.8688376300316599 0.05918106206014075 0.018995929443690638 0.013435700575815739
27 0.06784260515603799 0.17914267434420986 0.028946178199909543 0.05118362124120281
16 0.0877431026684758 0.18298144593730006 0.010854816824966078 0.03966730646193218
18 0.19041157847127996 0.17114523352527192 0.018995929443690638 0.013435700575815739
18 0.3819538670284939 0.17146513115802942 0.019448213478064226 0.014075495841330773
18 0.5463591135232926 0.17114523352527192 0.018995929443690638 0.013435700575815739
18 0.7175486205336952 0.17114523352527192 0.019448213478064226 0.013435700575815739
18 0.8688376300316599 0.17114523352527192 0.018995929443690638 0.013435700575815739
27 0.06829488919041157 0.2827895073576455 0.03075531433740389 0.05502239283429303
18 0.19041157847127996 0.2728726807421625 0.01990049751243781 0.013435700575815739
18 0.3819538670284939 0.2728726807421625 0.019448213478064226 0.014715291106845808
18 0.5463591135232926 0.2728726807421625 0.01990049751243781 0.014715291106845808
18 0.7175486205336952 0.2728726807421625 0.019448213478064226 0.013435700575815739
18 0.8688376300316599 0.272552783109405 0.018995929443690638 0.014075495841330773
26 0.06445047489823609 0.4040307101727447 0.023066485753052916 0.0927703134996801
16 0.08661239258254183 0.39763275751759436 0.009497964721845319 0.03902751119641715
112 0.11804613297150611 0.38803582853486884 0.013568521031207599 0.07869481765834932
144 0.1653098145635459 0.38515674984005116 0.014020805065581185 0.08061420345489444
145 0.18475802804161012 0.38227767114523353 0.014925373134328358 0.08637236084452975
111 0.20194482134780642 0.39091490722968647 0.013116236996834011 0.07165706973768393
86 0.3068747173224785 0.38291746641074853 0.014020805065581185 0.08765195137555981
143 0.3437358661239258 0.3877159309021113 0.012663952962460425 0.07677543186180422
141 0.3575305291723202 0.3931541906589891 0.014925373134328358 0.06717850287907869
82 0.3758480325644505 0.39379398592450415 0.013568521031207599 0.06845809341010876
16 0.42718227046585255 0.3714011516314779 0.007688828584350972 0.03902751119641715
139 0.43803708729081864 0.3989123480486244 0.011307100859339666 0.05566218809980806
16 0.4495703301673451 0.38611644273832374 0.008141112618724558 0.037747920665387076
136 0.4599728629579376 0.4053103007037748 0.013568521031207599 0.04670505438259757
16 0.48213478064224335 0.38643634037108127 0.008141112618724558 0.03838771593090211
77 0.4941203075531434 0.4056301983365323 0.012211668928086838 0.05118362124120281
134 0.5370872908186342 0.3982725527831094 0.014020805065581185 0.05694177863083813
132 0.5502035278154681 0.4001919385796545 0.011307100859339666 0.05310300703774792
73 0.5689733152419719 0.4017914267434421 0.012663952962460425 0.053742802303262956
130 0.6058344640434192 0.4056301983365323 0.014020805065581185 0.05118362124120281
128 0.6200814111261872 0.4113883557261676 0.013568521031207599 0.061420345489443376
104 0.6535504296698327 0.40818937939859246 0.011759384893713252 0.05630198336532309
20 0.675033921302578 0.40307101727447214 0.011307100859339666 0.03710812539987204
20 0.696969696969697 0.40339091490722967 0.011759384893713252 0.036468330134357005
74 0.7329262777023972 0.3982725527831094 0.012211668928086838 0.05566218809980806
132 0.7645861601085482 0.40115163147792704 0.014020805065581185 0.04990403071017274
131 0.7799638172772501 0.40339091490722967 0.011307100859339666 0.04926423544465771
72 0.8082315694255993 0.40307101727447214 0.012663952962460425 0.046065259117082535
20 0.8509724106739032 0.40339091490722967 0.011307100859339666 0.036468330134357005
69 0.8864767073722297 0.41074856046065256 0.012663952962460425 0.061420345489443376
127 0.9176843057440073 0.4142674344209853 0.014473089099954772 0.06589891234804862
126 0.933288104929896 0.41586692258477287 0.013116236996834011 0.07037747920665387
28 0.06445047489823609 0.6471529110684581 0.024875621890547265 0.060780550223928344
26 0.06467661691542288 0.5207933461292387 0.022614201718679332 0.09341010876519514
16 0.08683853459972862 0.5147152911068458 0.009950248756218905 0.03902751119641715
16 0.08706467661691543 0.646513115802943 0.009497964721845319 0.03902751119641715
16 0.10628674807779286 0.6145233525271913 0.008141112618724558 0.03902751119641715
77 0.11759384893713253 0.5233525271912988 0.011759384893713252 0.05118362124120281
137 0.1653098145635459 0.5207933461292387 0.011307100859339666 0.044785668586052464
17 0.176164631388512 0.6218809980806141 0.007688828584350972 0.044785668586052464
138 0.18430574400723654 0.5179142674344209 0.014925373134328358 0.05054382597568778
104 0.2021709633649932 0.5262316058861164 0.011759384893713252 0.05566218809980806
16 0.2302125734961556 0.6305182341650671 0.008141112618724558 0.03902751119641715
109 0.24151967435549526 0.5134357005758157 0.012663952962460425 0.06206014075495841
108 0.2695612844866576 0.5159948816378759 0.011759384893713252 0.05566218809980806
20 0.3048394391677974 0.6474728087012156 0.011759384893713252 0.03710812539987204
79 0.3064224332881049 0.5182341650671785 0.012211668928086838 0.052463211772232884
136 0.343509724106739 0.5243122200895713 0.011307100859339666 0.051823416506717845
134 0.3570782451379466 0.5262316058861164 0.014020805065581185 0.05694177863083813
75 0.37630031659882407 0.5281509916826616 0.012663952962460425 0.060780550223928344
16 0.4122568973315242 0.635956493921945 0.008593396653098146 0.03838771593090211
16 0.42695612844866576 0.5252719129878439 0.009045680687471733 0.03966730646193218
132 0.44029850746268656 0.5198336532309661 0.014020805065581185 0.04798464491362764
16 0.4493441881501583 0.5412667946257198 0.008593396653098146 0.03966730646193218
129 0.46155585707824515 0.5255918106206013 0.012211668928086838 0.05566218809980806
16 0.48190863862505656 0.5409468969929623 0.008593396653098146 0.03902751119641715
70 0.4947987336047038 0.5249520153550864 0.014473089099954772 0.05694177863083813
16 0.5090456806874717 0.63659628918746 0.010402532790592492 0.04094689699296225
127 0.5368611488014473 0.5300703774792066 0.015377657168701944 0.06717850287907869
125 0.5506558118498417 0.5351887396033269 0.013116236996834011 0.07869481765834932
73 0.5689733152419719 0.5188739603326935 0.012663952962460425 0.052463211772232884
130 0.6058344640434192 0.5227127319257837 0.014020805065581185 0.05118362124120281
128 0.6196291270918136 0.5284708893154191 0.013568521031207599 0.061420345489443376
104 0.6535504296698327 0.5255918106206013 0.011759384893713252 0.0582213691618682
20 0.6748077792853913 0.6471529110684581 0.011759384893713252 0.036468330134357005
20 0.675033921302578 0.5207933461292387 0.011307100859339666 0.03710812539987204
20 0.696969696969697 0.6474728087012156 0.010854816824966078 0.035828534868841966
20 0.6971958389868838 0.5207933461292387 0.011307100859339666 0.035828534868841966
74 0.7327001356852103 0.5159948816378759 0.012663952962460425 0.05694177863083813
75 0.7327001356852103 0.6541906589891234 0.012663952962460425 0.05950095969289827
132 0.7645861601085482 0.518554062699936 0.014020805065581185 0.05054382597568778
133 0.7645861601085482 0.6449136276391555 0.014020805065581185 0.04862444017914267
131 0.7801899592944369 0.5211132437619962 0.011759384893713252 0.04798464491362764
132 0.7801899592944369 0.645873320537428 0.010854816824966078 0.04798464491362764
72 0.8080054274084125 0.5207933461292387 0.013116236996834011 0.046065259117082535
73 0.8082315694255993 0.6449136276391555 0.012663952962460425 0.05118362124120281
20 0.8509724106739032 0.5211132437619962 0.011307100859339666 0.036468330134357005
20 0.8509724106739032 0.6474728087012156 0.011307100859339666 0.03710812539987204
69 0.8864767073722297 0.5291106845809341 0.012663952962460425 0.061420345489443376
73 0.8869289914066033 0.6449136276391555 0.012663952962460425 0.05118362124120281
127 0.9181365897783809 0.5313499680102367 0.014473089099954772 0.06717850287907869
131 0.9181365897783809 0.6471529110684581 0.014473089099954772 0.04670505438259757
126 0.9337403889642696 0.5329494561740243 0.012211668928086838 0.07037747920665387
130 0.9339665309814563 0.6497120921305182 0.010854816824966078 0.05054382597568778
27 0.06716417910447761 0.7667946257197696 0.027589326096788783 0.051823416506717845
16 0.08729081863410222 0.7693538067818297 0.009950248756218905 0.03902751119641715
17 0.10673903211216644 0.7767114523352527 0.008141112618724558 0.05118362124120281
20 0.3048394391677974 0.765195137555982 0.011759384893713252 0.03710812539987204
73 0.32948891904115785 0.7629558541266794 0.012211668928086838 0.05054382597568778
101 0.3760741745816373 0.7626359564939219 0.011307100859339666 0.05118362124120281
80 0.42379014020805067 0.7597568777991043 0.012663952962460425 0.05694177863083813
108 0.4936680235187698 0.7603966730646193 0.012211668928086838 0.05694177863083813
80 0.5201266395296246 0.7603966730646193 0.012663952962460425 0.05694177863083813
108 0.5673903211216644 0.7600767754318618 0.012211668928086838 0.05758157389635316
73 0.5900045228403438 0.7629558541266794 0.013116236996834011 0.051823416506717845
72 0.6544549977385798 0.7658349328214971 0.012663952962460425 0.0473448496481126
132 0.6994572591587517 0.7635956493921945 0.014020805065581185 0.04798464491362764
133 0.715513342379014 0.763275751759437 0.010854816824966078 0.05118362124120281
74 0.7329262777023972 0.7600767754318618 0.012211668928086838 0.05630198336532309
20 0.7614201718679331 0.765195137555982 0.011307100859339666 0.03710812539987204
72 0.8082315694255993 0.7655150351887395 0.013568521031207599 0.04670505438259757
132 0.8536861148801448 0.7635956493921945 0.014020805065581185 0.04798464491362764
133 0.8695160560832202 0.7629558541266794 0.010402532790592492 0.05054382597568778
74 0.8867028493894166 0.7600767754318618 0.012211668928086838 0.05502239283429303
20 0.9147444595205789 0.7648752399232246 0.011307100859339666 0.036468330134357005
37 0.0673903211216644 0.8899552143314139 0.02804161013116237 0.06269993602047344
16 0.08751696065128901 0.8886756238003839 0.009497964721845319 0.03838771593090211
17 0.10719131614654002 0.8950735764555342 0.008141112618724558 0.04862444017914267
73 0.1182722749886929 0.8816378758797184 0.012211668928086838 0.05118362124120281
74 0.1655359565807327 0.8790786948176583 0.012663952962460425 0.05502239283429303
77 0.24129353233830847 0.8870761356365963 0.011307100859339666 0.05054382597568778
20 0.30506558118498417 0.8845169545745362 0.011307100859339666 0.036468330134357005
73 0.32903663500678426 0.881957773512476 0.012211668928086838 0.05054382597568778
101 0.3760741745816373 0.8816378758797184 0.011307100859339666 0.05118362124120281
80 0.4233378561736771 0.8790786948176583 0.011759384893713252 0.05630198336532309
108 0.49344188150158297 0.8790786948176583 0.011759384893713252 0.05630198336532309
80 0.519674355495251 0.8793985924504159 0.012663952962460425 0.05566218809980806
108 0.5676164631388512 0.8790786948176583 0.011759384893713252 0.05630198336532309
73 0.5900045228403438 0.8816378758797184 0.012211668928086838 0.05118362124120281
72 0.654228855721393 0.8841970569417786 0.012211668928086838 0.046065259117082535
132 0.6996834011759385 0.882597568777991 0.013568521031207599 0.04798464491362764
133 0.7152872003618272 0.8822776711452335 0.010402532790592492 0.05118362124120281
74 0.7329262777023972 0.8790786948176583 0.012211668928086838 0.05630198336532309
20 0.7614201718679331 0.8841970569417786 0.011307100859339666 0.03710812539987204
79 0.8082315694255993 0.8816378758797184 0.012663952962460425 0.053742802303262956
139 0.8523292627770239 0.8784388995521433 0.011307100859339666 0.05630198336532309
140 0.8681592039800995 0.8765195137555982 0.014925373134328358 0.061420345489443376
81 0.8867028493894166 0.8771593090211132 0.014020805065581185 0.06397952655150352
20 0.9149706015377658 0.8841970569417786 0.010854816824966078 0.03710812539987204
116 0.24106739032112168 0.3771593090211132 0.013568521031207599 0.09660908509277032
115 0.2700135685210312 0.3797184900831734 0.015377657168701944 0.09149072296865003
