7 0.09362244897959185 0.10281385281385282 0.021938775510204084 0.05555555555555555
11 0.9477040816326532 0.11580086580086581 0.013775510204081635 0.049783549783549784
12 0.047959183673469394 0.11616161616161616 0.0071428571428571435 0.049062049062049064
12 0.39081632653061227 0.11580086580086581 0.009183673469387756 0.048340548340548344
12 0.8619897959183674 0.11544011544011544 0.00969387755102041 0.047619047619047616
7 0.09362244897959185 0.23232323232323232 0.020918367346938777 0.05483405483405483
11 0.9474489795918368 0.24567099567099568 0.01326530612244898 0.049783549783549784
12 0.048214285714285716 0.24603174603174602 0.007653061224489797 0.049062049062049064
12 0.3915816326530613 0.24603174603174602 0.008673469387755102 0.047619047619047616
12 0.667091836734694 0.24639249639249639 0.00663265306122449 0.048340548340548344
12 0.8619897959183674 0.24603174603174602 0.008673469387755102 0.047619047619047616
7 0.09336734693877552 0.3625541125541126 0.02142857142857143 0.05555555555555555
11 0.9474489795918368 0.37518037518037517 0.01326530612244898 0.049062049062049064
12 0.048214285714285716 0.37626262626262624 0.007653061224489797 0.049783549783549784
12 0.6673469387755102 0.37554112554112556 0.00816326530612245 0.048340548340548344
12 0.8619897959183674 0.37554112554112556 0.008673469387755102 0.048340548340548344
12 0.3910714285714286 0.37554112554112556 0.008673469387755102 0.046897546897546896
7 0.09362244897959185 0.5043290043290043 0.02295918367346939 0.05483405483405483
11 0.9474489795918368 0.5050505050505051 0.01326530612244898 0.049062049062049064
12 0.047959183673469394 0.5057720057720058 0.0071428571428571435 0.049062049062049064
12 0.8622448979591838 0.5054112554112554 0.00816326530612245 0.048340548340548344
12 0.3915816326530613 0.5057720057720058 0.00969387755102041 0.047619047619047616
26 0.06454081632653062 0.1176046176046176 0.02295918367346939 0.08513708513708514
131 0.13214285714285715 0.11616161616161616 0.017346938775510204 0.05194805194805195
129 0.1642857142857143 0.12157287157287157 0.014285714285714287 0.06421356421356421
133 0.1969387755102041 0.11580086580086581 0.01326530612244898 0.051226551226551224
129 0.2295918367346939 0.12193362193362194 0.014285714285714287 0.06493506493506493
131 0.2642857142857143 0.11616161616161616 0.017346938775510204 0.05194805194805195
129 0.29566326530612247 0.12193362193362194 0.01479591836734694 0.06493506493506493
133 0.32806122448979597 0.11580086580086581 0.01326530612244898 0.05266955266955267
129 0.36173469387755103 0.12193362193362194 0.014285714285714287 0.06493506493506493
130 0.4086734693877551 0.11832611832611832 0.017346938775510204 0.05772005772005772
128 0.4400510204081633 0.12481962481962482 0.015816326530612247 0.0707070707070707
132 0.4727040816326531 0.11544011544011544 0.012755102040816327 0.05194805194805195
128 0.505357142857143 0.12518037518037517 0.015816326530612247 0.06998556998556998
130 0.5408163265306123 0.11832611832611832 0.017346938775510204 0.05772005772005772
128 0.5714285714285715 0.12481962481962482 0.0163265306122449 0.0707070707070707
132 0.6040816326530613 0.11580086580086581 0.012244897959183675 0.051226551226551224
128 0.6377551020408164 0.12445887445887446 0.015306122448979593 0.06998556998556998
96 0.6831632653061225 0.12734487734487734 0.015306122448979593 0.0772005772005772
99 0.7285714285714286 0.11940836940836941 0.01326530612244898 0.05844155844155844
101 0.7747448979591838 0.11291486291486291 0.012755102040816327 0.056998556998557
106 0.8198979591836736 0.11580086580086581 0.01326530612244898 0.051226551226551224
52 0.8872448979591837 0.11616161616161616 0.017346938775510204 0.05194805194805195
26 0.06454081632653062 0.24711399711399712 0.02295918367346939 0.08585858585858586
98 0.13086734693877553 0.2518037518037518 0.013775510204081635 0.06349206349206349
99 0.1971938775510204 0.24855699855699856 0.012755102040816327 0.05844155844155844
100 0.26301020408163267 0.24639249639249639 0.013775510204081635 0.051226551226551224
101 0.3285714285714286 0.24314574314574314 0.01326530612244898 0.05772005772005772
97 0.40663265306122454 0.25432900432900435 0.014285714285714287 0.06854256854256854
98 0.4727040816326531 0.25216450216450215 0.013775510204081635 0.06421356421356421
99 0.539030612244898 0.24891774891774893 0.013775510204081635 0.05772005772005772
100 0.603826530612245 0.24603174603174602 0.013775510204081635 0.05194805194805195
99 0.6834183673469388 0.24891774891774893 0.013775510204081635 0.05772005772005772
101 0.7290816326530613 0.2435064935064935 0.01326530612244898 0.056998556998557
75 0.7737244897959185 0.2536075036075036 0.012755102040816327 0.06565656565656566
47 0.8869897959183675 0.2453102453102453 0.018877551020408164 0.05194805194805195
26 0.0642857142857143 0.376984126984127 0.022448979591836737 0.08441558441558442
166 0.13035714285714287 0.37734487734487737 0.012755102040816327 0.05483405483405483
167 0.14668367346938777 0.37662337662337664 0.012755102040816327 0.05483405483405483
168 0.16352040816326532 0.3740981240981241 0.012755102040816327 0.05988455988455989
166 0.17806122448979594 0.37662337662337664 0.015306122448979593 0.05339105339105339
167 0.19617346938775512 0.3759018759018759 0.012755102040816327 0.05194805194805195
168 0.21301020408163268 0.37337662337662336 0.012755102040816327 0.05844155844155844
166 0.22908163265306125 0.3759018759018759 0.012244897959183675 0.05194805194805195
167 0.2441326530612245 0.3759018759018759 0.015816326530612247 0.05194805194805195
168 0.2625 0.37337662337662336 0.012755102040816327 0.05844155844155844
166 0.2785714285714286 0.3759018759018759 0.012244897959183675 0.05194805194805195
167 0.29464285714285715 0.37554112554112556 0.012755102040816327 0.05266955266955267
168 0.30994897959183676 0.373015873015873 0.01479591836734694 0.05772005772005772
166 0.3275510204081633 0.3759018759018759 0.012244897959183675 0.05194805194805195
167 0.3438775510204082 0.37554112554112556 0.012244897959183675 0.05266955266955267
168 0.3589285714285715 0.37337662337662336 0.015816326530612247 0.056998556998557
22 0.37831632653061226 0.3813131313131313 0.012755102040816327 0.03391053391053391
165 0.4058673469387755 0.3823953823953824 0.012755102040816327 0.06349206349206349
166 0.4229591836734694 0.38203463203463206 0.012244897959183675 0.06421356421356421
167 0.43928571428571433 0.3813131313131313 0.012244897959183675 0.06565656565656566
165 0.4540816326530613 0.38203463203463206 0.015306122448979593 0.06277056277056277
166 0.47219387755102044 0.37734487734487737 0.012755102040816327 0.05483405483405483
167 0.489030612244898 0.376984126984127 0.012755102040816327 0.05555555555555555
165 0.5048469387755102 0.37734487734487737 0.012755102040816327 0.05483405483405483
166 0.5198979591836735 0.376984126984127 0.015306122448979593 0.05411255411255411
167 0.5385204081632654 0.37734487734487737 0.012755102040816327 0.05483405483405483
165 0.5543367346938776 0.37734487734487737 0.012755102040816327 0.05483405483405483
166 0.5711734693877552 0.376984126984127 0.012755102040816327 0.05411255411255411
167 0.5862244897959185 0.376984126984127 0.015306122448979593 0.05411255411255411
165 0.6035714285714286 0.3813131313131313 0.012244897959183675 0.06277056277056277
166 0.6204081632653062 0.3787878787878788 0.012244897959183675 0.05772005772005772
167 0.6352040816326531 0.37734487734487737 0.015306122448979593 0.05483405483405483
22 0.6545918367346939 0.38095238095238093 0.012244897959183675 0.03463203463203463
106 0.6831632653061225 0.3759018759018759 0.014285714285714287 0.050505050505050504
78 0.7280612244897959 0.3759018759018759 0.01326530612244898 0.050505050505050504
20 0.8188775510204083 0.37554112554112556 0.010204081632653062 0.03823953823953824
45 0.8872448979591837 0.37806637806637805 0.017346938775510204 0.05916305916305916
27 0.06505102040816327 0.5054112554112554 0.025 0.05266955266955267
72 0.13086734693877553 0.5061327561327561 0.013775510204081635 0.051226551226551224
72 0.263265306122449 0.5064935064935064 0.01326530612244898 0.05194805194805195
71 0.40663265306122454 0.5086580086580087 0.014285714285714287 0.05772005772005772
71 0.539030612244898 0.5086580086580087 0.013775510204081635 0.05772005772005772
128 0.6844387755102042 0.5140692640692641 0.018877551020408164 0.06998556998556998
129 0.7061224489795919 0.5115440115440115 0.01326530612244898 0.06349206349206349
130 0.728826530612245 0.5086580086580087 0.013775510204081635 0.05772005772005772
131 0.7517857142857144 0.5061327561327561 0.013775510204081635 0.05266955266955267
132 0.7760204081632653 0.5028860028860029 0.0163265306122449 0.05627705627705628
133 0.7974489795918368 0.5021645021645021 0.01326530612244898 0.05916305916305916
134 0.8209183673469389 0.5003607503607503 0.01326530612244898 0.06277056277056277
135 0.8431122448979592 0.4981962481962482 0.012755102040816327 0.06565656565656566
50 0.8872448979591837 0.5054112554112554 0.017346938775510204 0.051226551226551224
