14 0.166751012145749 0.05941302791696492 0.006578947368421052 0.010021474588403722
0 0.09893724696356275 0.08661417322834646 0.030870445344129555 0.05440229062276306
12 0.048582995951417005 0.08804581245526127 0.00708502024291498 0.048675733715103794
12 0.33046558704453444 0.08840372226198998 0.009109311740890687 0.047959914101646385
12 0.5432692307692307 0.08804581245526127 0.00860323886639676 0.047244094488188976
12 0.6275303643724697 0.08840372226198998 0.009109311740890687 0.047959914101646385
12 0.8701923076923077 0.08840372226198998 0.00860323886639676 0.047959914101646385
12 0.951163967611336 0.08804581245526127 0.00860323886639676 0.047244094488188976
14 0.6819331983805668 0.09448818897637795 0.006578947368421052 0.010021474588403722
0 0.09893724696356275 0.5186113099498926 0.03188259109311741 0.05654974946313529
14 0.8873987854251012 0.5035790980672871 0.006578947368421052 0.01073729420186113
12 0.04807692307692308 0.5325697924123121 0.00708502024291498 0.048675733715103794
12 0.20394736842105263 0.5329277022190407 0.009109311740890687 0.047959914101646385
12 0.40131578947368424 0.5329277022190407 0.009109311740890687 0.047959914101646385
12 0.47798582995951416 0.5332856120257695 0.00860323886639676 0.048675733715103794
12 0.5566801619433198 0.5336435218324982 0.009109311740890687 0.049391553328561204
12 0.6571356275303644 0.5332856120257695 0.00860323886639676 0.048675733715103794
12 0.8595647773279352 0.5329277022190407 0.00860323886639676 0.047959914101646385
14 0.3433704453441296 0.5153901216893343 0.007591093117408907 0.01145311381531854
14 0.4276315789473684 0.5504652827487473 0.00708502024291498 0.01145311381531854
14 0.3431174089068826 0.6241947029348603 0.00708502024291498 0.01145311381531854
0 0.09843117408906883 0.6624910522548317 0.030870445344129555 0.05511811023622047
12 0.8590587044534413 0.6642806012884753 0.009615384615384616 0.048675733715103794
12 0.04832995951417004 0.664638511095204 0.006578947368421052 0.047959914101646385
12 0.20394736842105263 0.6642806012884753 0.009109311740890687 0.047244094488188976
12 0.40106275303643724 0.664638511095204 0.009615384615384616 0.047959914101646385
12 0.47823886639676116 0.664638511095204 0.009109311740890687 0.047959914101646385
12 0.5566801619433198 0.664638511095204 0.009109311740890687 0.047959914101646385
12 0.6568825910931174 0.664638511095204 0.009109311740890687 0.047959914101646385
14 0.8049089068825911 0.7061560486757337 0.005566801619433199 0.01073729420186113
0 0.09817813765182186 0.794201861130995 0.03036437246963563 0.05368647100930565
12 0.04832995951417004 0.7956335003579098 0.006578947368421052 0.047959914101646385
12 0.2042004048582996 0.7956335003579098 0.00860323886639676 0.047959914101646385
12 0.40106275303643724 0.7963493199713672 0.00860323886639676 0.047959914101646385
12 0.4777327935222672 0.7963493199713672 0.008097165991902834 0.047959914101646385
12 0.8593117408906883 0.7963493199713672 0.008097165991902834 0.047959914101646385
12 0.5569331983805668 0.7963493199713672 0.00860323886639676 0.046528274874731566
12 0.6571356275303644 0.7963493199713672 0.00860323886639676 0.046528274874731566
14 0.8041497975708503 0.8024337866857552 0.006072874493927126 0.010021474588403722
27 0.06477732793522267 0.08876163206871868 0.024291497975708502 0.051539012168933425
17 0.12677125506072875 0.0658554044380816 0.006578947368421052 0.025769506084466712
108 0.15587044534412955 0.082319255547602 0.013157894736842105 0.06156048675733715
18 0.2742914979757085 0.07945597709377236 0.01720647773279352 0.012884753042233356
18 0.38790485829959515 0.07945597709377236 0.01771255060728745 0.012884753042233356
101 0.47798582995951416 0.08554044380816034 0.013663967611336033 0.05654974946313529
21 0.5182186234817814 0.08911954187544738 0.011133603238866398 0.025053686471009303
101 0.5604757085020243 0.08625626342161775 0.013663967611336033 0.05654974946313529
21 0.6027327935222672 0.08911954187544738 0.011133603238866398 0.025053686471009303
160 0.652580971659919 0.08947745168217609 0.020748987854251014 0.06156048675733715
133 0.6707995951417004 0.0819613457408733 0.012651821862348178 0.06227630637079456
21 0.7057186234817814 0.08911954187544738 0.01062753036437247 0.025053686471009303
98 0.8038967611336032 0.09448818897637795 0.013663967611336033 0.06299212598425197
21 0.8456477732793523 0.08911954187544738 0.011133603238866398 0.025053686471009303
98 0.8876518218623481 0.09448818897637795 0.013157894736842105 0.06299212598425197
21 0.9294028340080972 0.08911954187544738 0.011639676113360324 0.025053686471009303
26 0.06427125506072874 0.5314960629921259 0.02327935222672065 0.08947745168217609
17 0.12955465587044535 0.5329277022190407 0.008097165991902834 0.03937007874015748
103 0.14068825910931174 0.5408017179670723 0.012145748987854251 0.06657122405153901
133 0.18496963562753035 0.5272011453113815 0.018724696356275303 0.06227630637079456
101 0.22646761133603238 0.5300644237652111 0.013663967611336033 0.05654974946313529
21 0.2722672064777328 0.5336435218324982 0.010121457489878543 0.025053686471009303
105 0.3317307692307692 0.5357909806728705 0.012651821862348178 0.05654974946313529
99 0.4175101214574899 0.5357909806728705 0.013157894736842105 0.0579813886900501
20 0.493168016194332 0.5322118826055834 0.011639676113360324 0.03650680028632784
129 0.5377024291497976 0.5390121689334287 0.019736842105263157 0.06299212598425197
96 0.5723684210526316 0.5443808160343593 0.01417004048582996 0.07659269863994272
27 0.6136133603238867 0.5329277022190407 0.019736842105263157 0.050823192555476016
21 0.6338562753036437 0.5340014316392269 0.01062753036437247 0.024337866857551897
100 0.6730769230769231 0.5332856120257695 0.013157894736842105 0.050107372942018606
21 0.7122975708502024 0.5343593414459556 0.01062753036437247 0.025053686471009303
28 0.7345647773279352 0.5325697924123121 0.020748987854251014 0.050107372942018606
27 0.06477732793522267 0.6642806012884753 0.024291497975708502 0.051539012168933425
21 0.180414979757085 0.6653543307086613 0.01062753036437247 0.023622047244094488
17 0.2145748987854251 0.6184681460272011 0.00708502024291498 0.03865425912670007
111 0.22596153846153846 0.6503221188260558 0.01568825910931174 0.08088761632068718
21 0.2725202429149798 0.6649964209019327 0.01062753036437247 0.024337866857551897
110 0.3319838056680162 0.6535433070866141 0.015182186234817815 0.0744452397995705
18 0.4395242914979757 0.6567644953471725 0.01771255060728745 0.013600572655690766
109 0.4944331983805668 0.6564065855404437 0.015182186234817815 0.06871868289191124
21 0.5334008097165992 0.6649964209019327 0.011133603238866398 0.024337866857551897
162 0.5738866396761134 0.664638511095204 0.016194331983805668 0.050823192555476016
159 0.590080971659919 0.6714387974230493 0.013157894736842105 0.06299212598425197
21 0.6067813765182186 0.6660701503221188 0.010121457489878543 0.025053686471009303
133 0.6381578947368421 0.6589119541875447 0.019230769230769232 0.06227630637079456
18 0.6918016194331984 0.6560486757337151 0.018218623481781375 0.013600572655690766
96 0.7940283400809717 0.6760916249105225 0.015182186234817815 0.07659269863994272
18 0.8982793522267206 0.6564065855404437 0.018218623481781375 0.014316392269148173
27 0.06452429149797571 0.7959914101646385 0.02479757085020243 0.051539012168933425
99 0.14144736842105263 0.7995705082319255 0.012651821862348178 0.05726556907659269
21 0.180414979757085 0.7970651395848246 0.01062753036437247 0.025053686471009303
17 0.21432186234817813 0.7909806728704366 0.00860323886639676 0.03722261989978525
135 0.22747975708502025 0.7891911238367931 0.016700404858299597 0.06513958482462419
133 0.24974696356275303 0.7938439513242662 0.012651821862348178 0.05726556907659269
126 0.27378542510121456 0.8106657122405153 0.015182186234817815 0.08088761632068718
141 0.3327429149797571 0.795275590551181 0.01568825910931174 0.09735146743020759
134 0.35526315789473684 0.8070866141732284 0.013157894736842105 0.07229778095919828
99 0.41700404858299595 0.7999284180386542 0.01417004048582996 0.0579813886900501
128 0.45799595141700405 0.8049391553328561 0.02125506072874494 0.06943450250536864
100 0.49468623481781376 0.7970651395848246 0.013663967611336033 0.050823192555476016
21 0.5331477732793523 0.7970651395848246 0.01062753036437247 0.025053686471009303
21 0.5708502024291499 0.7970651395848246 0.011133603238866398 0.025053686471009303
132 0.611336032388664 0.794201861130995 0.019230769230769232 0.05511811023622047
21 0.6336032388663968 0.7970651395848246 0.011133603238866398 0.025053686471009303
98 0.6730769230769231 0.8027916964924838 0.01417004048582996 0.06227630637079456
21 0.7117914979757085 0.7974230493915533 0.01062753036437247 0.024337866857551897
101 0.7940283400809717 0.7931281317108089 0.013157894736842105 0.05583392984967788
143 0.8760121457489879 0.7788117394416607 0.016194331983805668 0.08589835361488904
105 0.9015688259109312 0.7995705082319255 0.013663967611336033 0.05726556907659269
108 0.875759109311741 0.5164638511095204 0.012651821862348178 0.08518253400143164
