8 0.0989795918367347 0.08261183261183261 0.0336734693877551 0.05844155844155844
12 0.048469387755102046 0.08946608946608947 0.0071428571428571435 0.049062049062049064
12 0.38086734693877555 0.08946608946608947 0.00969387755102041 0.049062049062049064
12 0.6839285714285714 0.0891053391053391 0.008673469387755102 0.048340548340548344
12 0.9512755102040817 0.08982683982683982 0.008673469387755102 0.048340548340548344
8 0.09923469387755103 0.5140692640692641 0.03214285714285715 0.056998556998557
12 0.9517857142857143 0.5328282828282829 0.007653061224489797 0.049783549783549784
12 0.048469387755102046 0.5328282828282829 0.00816326530612245 0.048340548340548344
12 0.39642857142857146 0.5328282828282829 0.00816326530612245 0.048340548340548344
12 0.6854591836734695 0.5328282828282829 0.00969387755102041 0.048340548340548344
12 0.6854591836734695 0.6652236652236653 0.00969387755102041 0.049062049062049064
12 0.0489795918367347 0.665945165945166 0.00816326530612245 0.049062049062049064
12 0.39617346938775516 0.6652236652236653 0.008673469387755102 0.047619047619047616
12 0.9510204081632654 0.6652236652236653 0.009183673469387756 0.047619047619047616
8 0.09923469387755103 0.6767676767676768 0.034183673469387756 0.05772005772005772
8 0.09948979591836736 0.7907647907647908 0.0336734693877551 0.05772005772005772
12 0.39642857142857146 0.7968975468975469 0.009183673469387756 0.048340548340548344
12 0.6852040816326531 0.7968975468975469 0.00816326530612245 0.048340548340548344
12 0.048469387755102046 0.7976190476190477 0.0071428571428571435 0.048340548340548344
12 0.9510204081632654 0.7976190476190477 0.009183673469387756 0.048340548340548344
27 0.06479591836734694 0.0891053391053391 0.023469387755102045 0.051226551226551224
135 0.14005102040816328 0.09487734487734488 0.010714285714285714 0.06277056277056277
21 0.19744897959183674 0.0891053391053391 0.011224489795918368 0.023809523809523808
21 0.26071428571428573 0.08946608946608947 0.011224489795918368 0.023088023088023088
15 0.3119897959183674 0.05988455988455989 0.00969387755102041 0.03463203463203463
139 0.32321428571428573 0.08405483405483405 0.010714285714285714 0.06277056277056277
170 0.39540816326530615 0.08044733044733045 0.01326530612244898 0.06854256854256854
171 0.4158163265306123 0.07792207792207792 0.012244897959183675 0.07503607503607504
172 0.4357142857142858 0.07503607503607504 0.0163265306122449 0.07936507936507936
171 0.4584183673469388 0.07756132756132757 0.012755102040816327 0.07431457431457432
170 0.4793367346938776 0.08116883116883117 0.012755102040816327 0.06854256854256854
172 0.5007653061224491 0.07503607503607504 0.015816326530612247 0.07936507936507936
28 0.5196428571428572 0.0891053391053391 0.018877551020408164 0.049783549783549784
190 0.5433673469387755 0.0955988455988456 0.012244897959183675 0.06277056277056277
15 0.5584183673469388 0.0772005772005772 0.00969387755102041 0.03318903318903319
191 0.5681122448979592 0.09451659451659451 0.012755102040816327 0.06204906204906205
167 0.5885204081632653 0.09451659451659451 0.010714285714285714 0.06349206349206349
167 0.6206632653061225 0.09343434343434344 0.010714285714285714 0.06277056277056277
166 0.6512755102040817 0.09379509379509379 0.01479591836734694 0.06060606060606061
135 0.6992346938775511 0.09523809523809523 0.010714285714285714 0.06204906204906205
21 0.7619897959183675 0.0891053391053391 0.011734693877551022 0.023809523809523808
27 0.8109693877551021 0.08946608946608947 0.018877551020408164 0.050505050505050504
21 0.8308673469387756 0.0891053391053391 0.011734693877551022 0.023809523809523808
136 0.8936224489795919 0.09271284271284272 0.010714285714285714 0.05844155844155844
26 0.06505102040816327 0.5335497835497836 0.02295918367346939 0.07431457431457432
137 0.1403061224489796 0.5328282828282829 0.011224489795918368 0.051226551226551224
169 0.17831632653061227 0.5263347763347763 0.01683673469387755 0.06277056277056277
142 0.20867346938775513 0.5173160173160173 0.01326530612244898 0.0808080808080808
169 0.24234693877551022 0.5263347763347763 0.0163265306122449 0.06277056277056277
137 0.2681122448979592 0.5328282828282829 0.010714285714285714 0.051226551226551224
166 0.30433673469387756 0.5339105339105339 0.01683673469387755 0.05483405483405483
15 0.3262755102040817 0.5147907647907648 0.010714285714285714 0.03535353535353535
137 0.3377551020408164 0.5328282828282829 0.011224489795918368 0.051226551226551224
17 0.36658163265306126 0.5025252525252525 0.008673469387755102 0.03535353535353535
169 0.3744897959183674 0.527056277056277 0.0163265306122449 0.06277056277056277
139 0.4130102040816327 0.5277777777777778 0.011734693877551022 0.06421356421356421
134 0.47040816326530616 0.5414862914862915 0.0163265306122449 0.06854256854256854
136 0.5413265306122449 0.5342712842712842 0.012244897959183675 0.05555555555555555
139 0.6043367346938776 0.527056277056277 0.015816326530612247 0.06277056277056277
136 0.7012755102040817 0.534992784992785 0.010714285714285714 0.056998556998557
168 0.739795918367347 0.5303030303030303 0.017346938775510204 0.05627705627705628
141 0.7701530612244899 0.5205627705627706 0.012755102040816327 0.07575757575757576
168 0.803826530612245 0.5295815295815296 0.01683673469387755 0.05627705627705628
136 0.8293367346938776 0.5396825396825397 0.010714285714285714 0.06493506493506493
165 0.865561224489796 0.54004329004329 0.01683673469387755 0.06565656565656566
136 0.8931122448979593 0.5353535353535354 0.011734693877551022 0.05772005772005772
15 0.9219387755102042 0.5144300144300145 0.010204081632653062 0.03463203463203463
167 0.930357142857143 0.5328282828282829 0.015816326530612247 0.05266955266955267
33 0.06505102040816327 0.676046176046176 0.023979591836734697 0.07503607503607504
134 0.14285714285714288 0.6587301587301587 0.015306122448979593 0.06349206349206349
132 0.20867346938775513 0.6626984126984127 0.011224489795918368 0.056998556998557
130 0.27040816326530615 0.6670274170274171 0.0163265306122449 0.05844155844155844
134 0.3377551020408164 0.658008658008658 0.011224489795918368 0.06637806637806638
131 0.4158163265306123 0.6652236652236653 0.017346938775510204 0.05194805194805195
21 0.4727040816326531 0.6648629148629148 0.011734693877551022 0.023809523809523808
21 0.5410714285714286 0.6648629148629148 0.011734693877551022 0.023809523809523808
131 0.6099489795918368 0.6652236652236653 0.01785714285714286 0.05194805194805195
138 0.7040816326530613 0.6475468975468975 0.0163265306122449 0.08874458874458875
131 0.7696428571428572 0.6583694083694084 0.011734693877551022 0.0670995670995671
129 0.8311224489795919 0.6706349206349206 0.015306122448979593 0.06277056277056277
133 0.8933673469387756 0.6634199134199135 0.012244897959183675 0.056998556998557
27 0.06454081632653062 0.7972582972582972 0.023979591836734697 0.050505050505050504
140 0.14005102040816328 0.788961038961039 0.012755102040816327 0.06854256854256854
21 0.2084183673469388 0.7968975468975469 0.011734693877551022 0.023809523809523808
21 0.2681122448979592 0.7968975468975469 0.010714285714285714 0.023809523809523808
140 0.3380102040816327 0.788961038961039 0.012755102040816327 0.06854256854256854
139 0.41250000000000003 0.7914862914862915 0.010714285714285714 0.06204906204906205
167 0.44744897959183677 0.7976190476190477 0.017346938775510204 0.051226551226551224
134 0.4727040816326531 0.8048340548340548 0.010714285714285714 0.06565656565656566
167 0.510969387755102 0.7994227994227994 0.01683673469387755 0.05483405483405483
139 0.5408163265306123 0.7914862914862915 0.011224489795918368 0.06204906204906205
171 0.5795918367346939 0.7857142857142857 0.018367346938775512 0.0735930735930736
140 0.6071428571428572 0.7882395382395382 0.012244897959183675 0.06854256854256854
169 0.6431122448979593 0.7911255411255411 0.01683673469387755 0.06277056277056277
34 0.6693877551020408 0.7936507936507936 0.01938775510204082 0.05772005772005772
139 0.700765306122449 0.7922077922077922 0.010714285714285714 0.06204906204906205
21 0.7696428571428572 0.7972582972582972 0.011734693877551022 0.023088023088023088
21 0.8295918367346939 0.7965367965367965 0.011224489795918368 0.023088023088023088
135 0.8931122448979593 0.8033910533910534 0.010714285714285714 0.06277056277056277
