0 0.11177207263619286 0.11824623560673163 0.038196618659987476 0.06997342781222321
12 0.9520976831559173 0.1328609388839681 0.008140262993112084 0.06023029229406555
12 0.04884157795867251 0.1337466784765279 0.008766437069505322 0.06023029229406555
12 0.5929868503443957 0.1337466784765279 0.010018785222291797 0.06023029229406555
12 0.7714464621164684 0.13330380868024802 0.008766437069505322 0.05934455270150576
12 0.2939887288666249 0.1337466784765279 0.010644959298685034 0.05845881310894597
12 0.4436443331246086 0.1337466784765279 0.010644959298685034 0.05845881310894597
0 0.11114589855979962 0.31089459698848537 0.038196618659987476 0.06908768821966342
12 0.7717595491546649 0.3117803365810452 0.00939261114589856 0.06023029229406555
12 0.04884157795867251 0.3122232063773251 0.007514088916718847 0.05934455270150576
12 0.2939887288666249 0.3122232063773251 0.00939261114589856 0.05934455270150576
12 0.44395742016280526 0.3122232063773251 0.008766437069505322 0.05934455270150576
12 0.5929868503443957 0.3122232063773251 0.010018785222291797 0.05934455270150576
12 0.9517845961177207 0.3184233835252436 0.008766437069505322 0.04871567759078831
0 0.11177207263619286 0.6465899025686448 0.038196618659987476 0.06908768821966342
12 0.9520976831559173 0.662533215234721 0.00939261114589856 0.06023029229406555
12 0.04852849092047589 0.6629760850310009 0.008140262993112084 0.05934455270150576
12 0.7041327489041953 0.6629760850310009 0.00939261114589856 0.05934455270150576
12 0.3512836568566061 0.6634189548272807 0.010018785222291797 0.05845881310894597
12 0.5419536631183469 0.6629760850310009 0.010644959298685034 0.057573073516386186
0 0.11177207263619286 0.8148804251550045 0.038196618659987476 0.06908768821966342
12 0.3515967438948027 0.8162090345438441 0.00939261114589856 0.05934455270150576
12 0.5422667501565435 0.816651904340124 0.010018785222291797 0.06023029229406555
12 0.7041327489041953 0.816651904340124 0.011897307451471509 0.06023029229406555
12 0.04915466499686913 0.8162090345438441 0.008140262993112084 0.057573073516386186
12 0.9517845961177207 0.816651904340124 0.010018785222291797 0.05845881310894597
26 0.07107075767063244 0.13020372010628875 0.029430181590482152 0.11160318866253321
103 0.1631183469004383 0.14304694419840566 0.015654351909830933 0.08060230292294066
20 0.20381966186599873 0.10141718334809566 0.011897307451471509 0.046944198405668734
17 0.23137132122730117 0.141718334809566 0.010644959298685034 0.047829937998228524
135 0.26988102692548527 0.14304694419840566 0.020037570444583593 0.08237378210806023
103 0.31308703819661865 0.14348981399468558 0.01628052598622417 0.07971656333038087
20 0.35316217908578584 0.10141718334809566 0.012523481527864746 0.04871567759078831
17 0.3813400125234815 0.141718334809566 0.011271133375078271 0.047829937998228524
135 0.4201628052598622 0.14348981399468558 0.020037570444583593 0.08148804251550044
103 0.46274264245460234 0.14348981399468558 0.01628052598622417 0.07971656333038087
20 0.5031308703819661 0.10141718334809566 0.013149655604257984 0.04871567759078831
136 0.5444583594239198 0.1355181576616475 0.015654351909830933 0.06731620903454384
135 0.5698184095178459 0.13684676705048715 0.020037570444583593 0.06820194862710363
134 0.6127113337507827 0.14304694419840566 0.015654351909830933 0.08060230292294066
135 0.6374452097683155 0.1412754650132861 0.020037570444583593 0.07883082373782108
136 0.6678146524733876 0.1355181576616475 0.015654351909830933 0.06731620903454384
135 0.6928616155291171 0.13684676705048715 0.019411396368190358 0.06820194862710363
134 0.7232310582341891 0.14348981399468558 0.015028177833437694 0.07971656333038087
135 0.7482780212899186 0.1412754650132861 0.020037570444583593 0.07883082373782108
134 0.7936756418284283 0.12488928255093003 0.019411396368190358 0.07971656333038087
133 0.8187226048841577 0.1266607617360496 0.015654351909830933 0.0779450841452613
132 0.8484658735128365 0.13153232949512844 0.01878522229179712 0.06643046944198405
133 0.8741390106449592 0.13108945969884855 0.015028177833437694 0.06908768821966342
132 0.9041953663118346 0.13197519929140833 0.020037570444583593 0.06554472984942428
131 0.9295554164057608 0.1341895482728078 0.015654351909830933 0.06465899025686449
27 0.06981840951784596 0.312666076173605 0.030682529743268627 0.0637732506643047
20 0.20350657482780213 0.2807794508414526 0.012523481527864746 0.047829937998228524
20 0.35347526612398245 0.28033658104517273 0.013149655604257984 0.04871567759078831
20 0.5037570444583594 0.2807794508414526 0.013149655604257984 0.047829937998228524
141 0.5447714464621164 0.29849424269264835 0.017532874139010644 0.09388839681133747
140 0.5713838447088291 0.3020372010628875 0.021916092673763304 0.08503100088573959
139 0.6120851596743895 0.30602302922940655 0.016906700062617408 0.07705934455270151
140 0.6383844708829054 0.30115146147032773 0.021916092673763304 0.08503100088573959
141 0.6681277395115842 0.29805137289636846 0.017532874139010644 0.09300265721877768
140 0.6938008766437069 0.3015943312666076 0.021289918597370068 0.08414526129317981
139 0.7232310582341891 0.30558015943312666 0.01628052598622417 0.07617360496014172
140 0.749530369442705 0.3020372010628875 0.022542266750156543 0.08325952170062002
139 0.7905447714464621 0.30602302922940655 0.015654351909830933 0.07705934455270151
138 0.8152786474639949 0.3095659875996457 0.021289918597370068 0.06997342781222321
137 0.8462742642454602 0.312666076173605 0.015654351909830933 0.06200177147918512
138 0.8710081402629931 0.3095659875996457 0.021289918597370068 0.06997342781222321
137 0.9020037570444583 0.31399468556244464 0.015654351909830933 0.06465899025686449
136 0.9276768941765811 0.3153232949512843 0.019411396368190358 0.06554472984942428
26 0.0707576706324358 0.6598759964570416 0.030056355666875388 0.11160318866253321
17 0.14965560425798372 0.6926483613817538 0.010018785222291797 0.047829937998228524
130 0.1662492172824045 0.6678476527900797 0.019411396368190358 0.06908768821966342
131 0.19536631183469003 0.6643046944198406 0.01628052598622417 0.0637732506643047
132 0.22886662492172824 0.6616474756421612 0.019411396368190358 0.06554472984942428
131 0.2582968065122104 0.6629760850310009 0.016906700062617408 0.06465899025686449
133 0.2943018159048215 0.6603188662533216 0.01878522229179712 0.06820194862710363
17 0.3105823418910457 0.7152347209920283 0.010018785222291797 0.04871567759078831
127 0.32498434564809014 0.6775907883082374 0.01628052598622417 0.09034543844109832
97 0.37006887914840325 0.6740478299379983 0.017532874139010644 0.08325952170062002
20 0.4214151534126487 0.6306465899025686 0.012523481527864746 0.047829937998228524
20 0.4956167814652473 0.6306465899025686 0.014402003757044458 0.049601417183348095
20 0.5591734502191609 0.6310894596988486 0.013775829680651221 0.04871567759078831
20 0.6077019411396368 0.6306465899025686 0.013149655604257984 0.047829937998228524
17 0.6449592986850344 0.6421612046058459 0.010018785222291797 0.047829937998228524
106 0.6590482154038823 0.6629760850310009 0.016906700062617408 0.06288751107174491
107 0.7244834063869755 0.6603188662533216 0.01628052598622417 0.07174490699734279
109 0.7770820288040075 0.6527900797165633 0.017532874139010644 0.08503100088573959
172 0.8550407013149656 0.6448184233835252 0.016906700062617408 0.09743135518157663
173 0.8753913587977458 0.6412754650132861 0.01628052598622417 0.10628875110717449
172 0.8963681903569192 0.645704162976085 0.016906700062617408 0.09743135518157663
171 0.9164057608015028 0.6492471213463242 0.016906700062617408 0.09211691762621789
172 0.9361302442078897 0.6452612931798052 0.021289918597370068 0.0983170947741364
27 0.06950532247964934 0.816651904340124 0.031308703819661866 0.0637732506643047
17 0.14965560425798372 0.8104517271922055 0.010018785222291797 0.047829937998228524
135 0.16343143393863493 0.8206377325066431 0.015028177833437694 0.06820194862710363
136 0.19254852849092047 0.8184233835252436 0.02066374452097683 0.06554472984942428
137 0.22667501565435189 0.817094774136404 0.015028177833437694 0.06465899025686449
136 0.25610519724483405 0.8184233835252436 0.020037570444583593 0.06554472984942428
138 0.2917971195992486 0.8188662533215235 0.015028177833437694 0.08060230292294066
17 0.31026925485284906 0.8312666076173605 0.010644959298685034 0.04517271922054916
132 0.3237319974953037 0.8303808680248007 0.01878522229179712 0.08945969884853854
102 0.3710081402629931 0.8108945969884854 0.014402003757044458 0.07528786536758193
109 0.423606762680025 0.8069087688219664 0.016906700062617408 0.08503100088573959
26 0.4658735128365685 0.8197519929140833 0.022542266750156543 0.09123117803365811
27 0.8202880400751409 0.817094774136404 0.025046963055729492 0.06288751107174491
