1 0.0989795918367347 0.14682539682539683 0.030612244897959186 0.06132756132756133
12 0.6701530612244898 0.15295815295815296 0.008673469387755102 0.049062049062049064
12 0.047704081632653064 0.15331890331890333 0.007653061224489797 0.048340548340548344
12 0.39234693877551025 0.15331890331890333 0.009183673469387756 0.048340548340548344
12 0.9517857142857143 0.15331890331890333 0.007653061224489797 0.046897546897546896
14 0.8418367346938777 0.14754689754689754 0.0071428571428571435 0.010822510822510822
27 0.06658163265306123 0.15331890331890333 0.025 0.049783549783549784
18 0.25204081632653064 0.1443001443001443 0.015306122448979593 0.011544011544011544
18 0.5193877551020408 0.14393939393939395 0.0163265306122449 0.012265512265512266
20 0.6959183673469388 0.15007215007215008 0.010204081632653062 0.03607503607503607
21 0.7829081632653062 0.15331890331890333 0.013775510204081635 0.023809523809523808
16 0.817857142857143 0.13997113997113997 0.010204081632653062 0.031746031746031744
76 0.8301020408163267 0.15836940836940838 0.012244897959183675 0.06132756132756133
