12 0.11938775510204083 0.23593073593073594 0.0071428571428571435 0.049062049062049064
12 0.5969387755102041 0.23593073593073594 0.00816326530612245 0.049062049062049064
12 0.29846938775510207 0.23593073593073594 0.00816326530612245 0.047619047619047616
12 0.43086734693877554 0.23593073593073594 0.008673469387755102 0.047619047619047616
12 0.7854591836734695 0.23556998556998557 0.008673469387755102 0.046897546897546896
12 0.9512755102040817 0.23593073593073594 0.008673469387755102 0.047619047619047616
12 0.11938775510204083 0.38275613275613274 0.0071428571428571435 0.048340548340548344
12 0.29846938775510207 0.3823953823953824 0.00816326530612245 0.047619047619047616
12 0.43086734693877554 0.3823953823953824 0.008673469387755102 0.047619047619047616
12 0.5971938775510205 0.3823953823953824 0.008673469387755102 0.047619047619047616
12 0.7857142857142858 0.38203463203463206 0.00816326530612245 0.046897546897546896
12 0.9512755102040817 0.38275613275613274 0.008673469387755102 0.048340548340548344
14 0.37219387755102046 0.37662337662337664 0.00663265306122449 0.0101010101010101
14 0.5056122448979592 0.4000721500721501 0.006122448979591837 0.010822510822510822
12 0.11989795918367348 0.5295815295815296 0.00816326530612245 0.049062049062049064
12 0.9515306122448981 0.5292207792207793 0.00816326530612245 0.048340548340548344
12 0.29846938775510207 0.5295815295815296 0.00816326530612245 0.047619047619047616
12 0.4311224489795919 0.5295815295815296 0.009183673469387756 0.047619047619047616
12 0.5971938775510205 0.5292207792207793 0.008673469387755102 0.046897546897546896
12 0.7857142857142858 0.5295815295815296 0.009183673469387756 0.047619047619047616
12 0.29846938775510207 0.6587301587301587 0.00816326530612245 0.049062049062049064
12 0.43086734693877554 0.6587301587301587 0.00969387755102041 0.049062049062049064
12 0.11964285714285715 0.6587301587301587 0.00663265306122449 0.047619047619047616
12 0.5969387755102041 0.6587301587301587 0.009183673469387756 0.047619047619047616
12 0.7854591836734695 0.6587301587301587 0.008673469387755102 0.047619047619047616
12 0.9512755102040817 0.6590909090909091 0.008673469387755102 0.048340548340548344
12 0.11989795918367348 0.8235930735930735 0.0071428571428571435 0.049783549783549784
12 0.43086734693877554 0.8232323232323232 0.008673469387755102 0.049062049062049064
12 0.9515306122448981 0.8232323232323232 0.00816326530612245 0.049062049062049064
12 0.29846938775510207 0.8235930735930735 0.00816326530612245 0.048340548340548344
12 0.5971938775510205 0.8235930735930735 0.008673469387755102 0.048340548340548344
12 0.7854591836734695 0.8235930735930735 0.008673469387755102 0.048340548340548344
26 0.1364795918367347 0.23737373737373738 0.023979591836734697 0.07503607503607504
18 0.2362244897959184 0.2269119769119769 0.017346938775510204 0.013708513708513708
55 0.3178571428571429 0.227994227994228 0.01938775510204082 0.06782106782106782
55 0.4512755102040817 0.22763347763347763 0.019897959183673472 0.06854256854256854
54 0.6173469387755103 0.2305194805194805 0.018367346938775512 0.06277056277056277
54 0.8056122448979592 0.23088023088023088 0.018367346938775512 0.06204906204906205
26 0.1364795918367347 0.3838383838383838 0.023979591836734697 0.07503607503607504
18 0.23596938775510207 0.373015873015873 0.01683673469387755 0.012987012987012988
104 0.31428571428571433 0.38924963924963923 0.011224489795918368 0.06421356421356421
76 0.3604591836734694 0.38924963924963923 0.01479591836734694 0.06277056277056277
100 0.44770408163265313 0.38275613275613274 0.011734693877551022 0.051226551226551224
72 0.49413265306122456 0.38311688311688313 0.01479591836734694 0.05194805194805195
101 0.614030612244898 0.3795093795093795 0.011734693877551022 0.05772005772005772
103 0.6584183673469388 0.3903318903318903 0.011734693877551022 0.06637806637806638
105 0.703061224489796 0.38636363636363635 0.011224489795918368 0.05844155844155844
103 0.7456632653061225 0.38997113997113997 0.011734693877551022 0.0670995670995671
106 0.8025510204081633 0.3823953823953824 0.012244897959183675 0.050505050505050504
103 0.8454081632653062 0.38961038961038963 0.011224489795918368 0.06637806637806638
78 0.8918367346938776 0.38275613275613274 0.014285714285714287 0.051226551226551224
26 0.13673469387755102 0.5299422799422799 0.023469387755102045 0.07431457431457432
18 0.23596938775510207 0.5202020202020202 0.01683673469387755 0.012987012987012988
18 0.3645408163265306 0.5205627705627706 0.01683673469387755 0.012265512265512266
20 0.4908163265306123 0.5248917748917749 0.012244897959183675 0.03535353535353535
19 0.5364795918367348 0.527056277056277 0.01683673469387755 0.013708513708513708
20 0.6571428571428573 0.5252525252525253 0.012244897959183675 0.03607503607503607
19 0.7045918367346939 0.527056277056277 0.017346938775510204 0.013708513708513708
106 0.8017857142857143 0.5295815295815296 0.011734693877551022 0.050505050505050504
20 0.8443877551020409 0.5256132756132756 0.01326530612244898 0.0367965367965368
19 0.8915816326530613 0.527056277056277 0.01683673469387755 0.013708513708513708
27 0.1364795918367347 0.6587301587301587 0.025 0.05194805194805195
18 0.23596938775510207 0.648989898989899 0.01683673469387755 0.013708513708513708
18 0.3645408163265306 0.6493506493506493 0.015816326530612247 0.012987012987012988
18 0.5137755102040816 0.6493506493506493 0.0163265306122449 0.012987012987012988
18 0.6913265306122449 0.6493506493506493 0.0163265306122449 0.012987012987012988
18 0.8683673469387756 0.6493506493506493 0.0163265306122449 0.012987012987012988
27 0.1364795918367347 0.8228715728715729 0.025 0.051226551226551224
18 0.23596938775510207 0.8138528138528138 0.01683673469387755 0.012987012987012988
18 0.3645408163265306 0.8145743145743146 0.01683673469387755 0.012987012987012988
18 0.514030612244898 0.8142135642135642 0.01683673469387755 0.013708513708513708
18 0.6913265306122449 0.8142135642135642 0.0163265306122449 0.013708513708513708
18 0.868622448979592 0.8142135642135642 0.01683673469387755 0.013708513708513708
