8 0.10382653061224491 0.06601731601731602 0.040306122448979596 0.06854256854256854
14 0.250765306122449 0.03968253968253968 0.00663265306122449 0.0101010101010101
14 0.6630102040816327 0.03968253968253968 0.00663265306122449 0.0101010101010101
12 0.9517857142857143 0.06962481962481963 0.007653061224489797 0.049783549783549784
12 0.04872448979591837 0.06998556998556998 0.007653061224489797 0.049062049062049064
12 0.3278061224489796 0.07034632034632035 0.008673469387755102 0.048340548340548344
14 0.3543367346938776 0.05194805194805195 0.007653061224489797 0.011544011544011544
12 0.5364795918367348 0.06998556998556998 0.007653061224489797 0.047619047619047616
12 0.7367346938775511 0.07034632034632035 0.00816326530612245 0.048340548340548344
14 0.7635204081632654 0.05230880230880231 0.00663265306122449 0.010822510822510822
14 0.44617346938775515 0.06349206349206349 0.007653061224489797 0.0101010101010101
14 0.8607142857142858 0.06349206349206349 0.0071428571428571435 0.0101010101010101
8 0.10357142857142858 0.1829004329004329 0.039795918367346944 0.06277056277056277
12 0.04872448979591837 0.1893939393939394 0.00663265306122449 0.048340548340548344
12 0.3267857142857143 0.1893939393939394 0.008673469387755102 0.048340548340548344
12 0.5364795918367348 0.18867243867243869 0.007653061224489797 0.046897546897546896
12 0.7362244897959185 0.1893939393939394 0.00816326530612245 0.046897546897546896
12 0.9515306122448981 0.19011544011544013 0.0071428571428571435 0.048340548340548344
14 0.7364795918367347 0.4422799422799423 0.007653061224489797 0.011544011544011544
14 0.5005102040816327 0.4549062049062049 0.00816326530612245 0.012265512265512266
12 0.9517857142857143 0.4837662337662338 0.007653061224489797 0.049783549783549784
12 0.31581632653061226 0.4837662337662338 0.00816326530612245 0.048340548340548344
12 0.47474489795918373 0.48412698412698413 0.008673469387755102 0.049062049062049064
12 0.6346938775510205 0.48412698412698413 0.009183673469387756 0.049062049062049064
12 0.048469387755102046 0.48448773448773447 0.0071428571428571435 0.048340548340548344
12 0.7915816326530613 0.48412698412698413 0.008673469387755102 0.047619047619047616
14 0.4158163265306123 0.4660894660894661 0.0071428571428571435 0.0101010101010101
8 0.10408163265306124 0.49567099567099565 0.039795918367346944 0.06060606060606061
14 0.7364795918367347 0.5627705627705628 0.007653061224489797 0.011544011544011544
14 0.5002551020408164 0.5743145743145743 0.007653061224489797 0.011544011544011544
14 0.1594387755102041 0.573953823953824 0.00663265306122449 0.00937950937950938
12 0.0489795918367347 0.6042568542568543 0.0071428571428571435 0.049783549783549784
12 0.31556122448979596 0.6031746031746031 0.008673469387755102 0.047619047619047616
12 0.4742346938775511 0.6035353535353535 0.008673469387755102 0.048340548340548344
14 0.4160714285714286 0.5858585858585859 0.007653061224489797 0.011544011544011544
12 0.6349489795918368 0.6038961038961039 0.008673469387755102 0.047619047619047616
12 0.7915816326530613 0.6035353535353535 0.008673469387755102 0.046897546897546896
12 0.9515306122448981 0.6046176046176046 0.0071428571428571435 0.049062049062049064
14 0.25612244897959185 0.5858585858585859 0.0071428571428571435 0.0101010101010101
8 0.10408163265306124 0.6150793650793651 0.04081632653061225 0.06132756132756133
14 0.25612244897959185 0.70995670995671 0.0071428571428571435 0.0101010101010101
8 0.10306122448979593 0.7485569985569985 0.04081632653061225 0.0670995670995671
12 0.04872448979591837 0.7521645021645021 0.007653061224489797 0.049783549783549784
12 0.4742346938775511 0.7518037518037518 0.007653061224489797 0.049062049062049064
12 0.6346938775510205 0.7507215007215007 0.00816326530612245 0.046897546897546896
12 0.7918367346938776 0.7521645021645021 0.00816326530612245 0.048340548340548344
12 0.31581632653061226 0.7528860028860029 0.00816326530612245 0.048340548340548344
14 0.8181122448979593 0.7456709956709957 0.00663265306122449 0.010822510822510822
14 0.7359693877551021 0.7572150072150072 0.00663265306122449 0.00937950937950938
8 0.10357142857142858 0.8658008658008658 0.039795918367346944 0.06349206349206349
12 0.6349489795918368 0.8712121212121212 0.007653061224489797 0.049783549783549784
12 0.04872448979591837 0.8715728715728716 0.00663265306122449 0.049062049062049064
12 0.4739795918367347 0.8712121212121212 0.00816326530612245 0.048340548340548344
12 0.31556122448979596 0.8715728715728716 0.008673469387755102 0.047619047619047616
12 0.7918367346938776 0.8726551226551227 0.00816326530612245 0.048340548340548344
12 0.9515306122448981 0.8715728715728716 0.00816326530612245 0.046176046176046176
34 0.06683673469387756 0.06313131313131314 0.025510204081632654 0.06132756132756133
133 0.1479591836734694 0.07756132756132757 0.01326530612244898 0.06565656565656566
135 0.17142857142857143 0.07431457431457432 0.012244897959183675 0.06060606060606061
136 0.1941326530612245 0.07215007215007214 0.012755102040816327 0.05627705627705628
137 0.21454081632653063 0.06998556998556998 0.015816326530612247 0.05194805194805195
107 0.239030612244898 0.06673881673881674 0.011734693877551022 0.056998556998557
137 0.30688775510204086 0.06926406926406926 0.012755102040816327 0.050505050505050504
105 0.34260204081632656 0.07215007215007214 0.011734693877551022 0.05627705627705628
135 0.4119897959183674 0.07539682539682539 0.012755102040816327 0.06277056277056277
103 0.43469387755102046 0.07792207792207792 0.012244897959183675 0.06637806637806638
133 0.5198979591836735 0.06457431457431458 0.01938775510204082 0.06277056277056277
132 0.5525510204081633 0.07972582972582973 0.01326530612244898 0.07142857142857142
136 0.5767857142857143 0.07683982683982683 0.012755102040816327 0.06565656565656566
137 0.5994897959183674 0.07323232323232323 0.01326530612244898 0.05988455988455989
15 0.6160714285714286 0.046176046176046176 0.010714285714285714 0.03896103896103896
138 0.6267857142857144 0.06782106782106782 0.015816326530612247 0.05916305916305916
108 0.651530612244898 0.06385281385281386 0.012244897959183675 0.06421356421356421
17 0.7071428571428572 0.046536796536796536 0.00816326530612245 0.03968253968253968
138 0.7186224489795919 0.06746031746031746 0.012755102040816327 0.056998556998557
106 0.7520408163265306 0.06926406926406926 0.01326530612244898 0.050505050505050504
136 0.8267857142857143 0.07215007215007214 0.012755102040816327 0.05627705627705628
104 0.8492346938775511 0.07611832611832611 0.012755102040816327 0.06277056277056277
15 0.9216836734693878 0.07106782106782107 0.011734693877551022 0.03968253968253968
134 0.9346938775510205 0.0772005772005772 0.012244897959183675 0.06637806637806638
27 0.06556122448979593 0.18903318903318903 0.025 0.05194805194805195
76 0.14846938775510204 0.19444444444444445 0.01326530612244898 0.05988455988455989
19 0.23954081632653063 0.18686868686868688 0.01479591836734694 0.011544011544011544
19 0.34260204081632656 0.1865079365079365 0.015816326530612247 0.012265512265512266
21 0.4352040816326531 0.19011544011544013 0.012244897959183675 0.025252525252525252
133 0.46454081632653066 0.19624819624819625 0.012755102040816327 0.06349206349206349
134 0.4869897959183674 0.19408369408369408 0.012755102040816327 0.06060606060606061
15 0.5035714285714287 0.18326118326118326 0.011224489795918368 0.03751803751803752
135 0.5145408163265307 0.1919191919191919 0.01683673469387755 0.05627705627705628
77 0.5525510204081633 0.19227994227994227 0.012244897959183675 0.05411255411255411
19 0.6520408163265307 0.18686868686868688 0.015306122448979593 0.011544011544011544
19 0.7517857142857144 0.18686868686868688 0.015816326530612247 0.012987012987012988
21 0.8494897959183674 0.19011544011544013 0.012244897959183675 0.025252525252525252
134 0.8755102040816327 0.19733044733044733 0.01326530612244898 0.06565656565656566
15 0.8920918367346939 0.18398268398268397 0.011734693877551022 0.03896103896103896
135 0.9048469387755103 0.19480519480519481 0.012755102040816327 0.06204906204906205
17 0.9232142857142858 0.17279942279942279 0.008673469387755102 0.03823953823953824
137 0.9329081632653062 0.19264069264069264 0.01479591836734694 0.05627705627705628
33 0.0663265306122449 0.49567099567099565 0.023469387755102045 0.0735930735930736
84 0.14872448979591837 0.4660894660894661 0.01683673469387755 0.08802308802308802
21 0.2448979591836735 0.48448773448773447 0.011224489795918368 0.025252525252525252
138 0.263265306122449 0.4816017316017316 0.012244897959183675 0.056998556998557
139 0.2823979591836735 0.47835497835497837 0.011734693877551022 0.06349206349206349
140 0.300765306122449 0.4754689754689755 0.015816326530612247 0.06926406926406926
82 0.3306122448979592 0.47113997113997114 0.015306122448979593 0.07503607503607504
106 0.4045918367346939 0.48412698412698413 0.012244897959183675 0.050505050505050504
138 0.4596938775510204 0.48088023088023085 0.012244897959183675 0.056998556998557
108 0.488265306122449 0.47763347763347763 0.012244897959183675 0.06349206349206349
140 0.5403061224489797 0.4751082251082251 0.01326530612244898 0.06854256854256854
82 0.5596938775510205 0.4722222222222222 0.015306122448979593 0.07575757575757576
83 0.6494897959183674 0.468975468975469 0.0163265306122449 0.08225108225108226
141 0.7250000000000001 0.47186147186147187 0.01326530612244898 0.07647907647907648
140 0.777295918367347 0.4754689754689755 0.013775510204081635 0.06926406926406926
80 0.8053571428571429 0.47799422799422797 0.012755102040816327 0.06421356421356421
139 0.8816326530612246 0.47835497835497837 0.012244897959183675 0.06349206349206349
138 0.9010204081632653 0.4816017316017316 0.012244897959183675 0.056998556998557
139 0.9198979591836736 0.4787157287157287 0.012244897959183675 0.06277056277056277
140 0.9385204081632654 0.4754689754689755 0.015816326530612247 0.06926406926406926
33 0.06658163265306123 0.6154401154401155 0.023979591836734697 0.07503607503607504
107 0.14770408163265308 0.6017316017316018 0.011734693877551022 0.05772005772005772
137 0.21836734693877552 0.6038961038961039 0.012244897959183675 0.050505050505050504
105 0.24464285714285716 0.6067821067821068 0.011734693877551022 0.05627705627705628
135 0.30127551020408166 0.6096681096681097 0.012755102040816327 0.06204906204906205
77 0.3306122448979592 0.6067821067821068 0.012244897959183675 0.05483405483405483
28 0.3844387755102041 0.6038961038961039 0.019897959183673472 0.049062049062049064
105 0.4045918367346939 0.6060606060606061 0.012244897959183675 0.05627705627705628
137 0.4596938775510204 0.6035353535353535 0.012244897959183675 0.049783549783549784
107 0.4880102040816327 0.6006493506493507 0.012755102040816327 0.056998556998557
139 0.539795918367347 0.5981240981240982 0.012244897959183675 0.06204906204906205
81 0.5599489795918368 0.5952380952380952 0.015816326530612247 0.06926406926406926
82 0.6489795918367347 0.5923520923520923 0.015306122448979593 0.07503607503607504
109 0.7250000000000001 0.5955988455988456 0.01326530612244898 0.06998556998556998
139 0.7762755102040817 0.5984848484848485 0.012755102040816327 0.06277056277056277
79 0.8058673469387756 0.601010101010101 0.012755102040816327 0.05772005772005772
138 0.8818877551020409 0.601010101010101 0.012755102040816327 0.05772005772005772
137 0.9010204081632653 0.6042568542568543 0.012244897959183675 0.051226551226551224
138 0.9198979591836736 0.6017316017316018 0.012244897959183675 0.05772005772005772
139 0.9375000000000001 0.5988455988455988 0.015816326530612247 0.06349206349206349
34 0.06709183673469388 0.7453102453102453 0.025 0.06204906204906205
133 0.1479591836734694 0.7582972582972582 0.01326530612244898 0.06493506493506493
137 0.1688775510204082 0.7546897546897547 0.012244897959183675 0.05627705627705628
15 0.18265306122448982 0.7283549783549783 0.011224489795918368 0.03823953823953824
138 0.19540816326530613 0.7496392496392497 0.012244897959183675 0.05772005772005772
17 0.20739795918367349 0.7168109668109668 0.008673469387755102 0.03968253968253968
140 0.21683673469387757 0.7435064935064936 0.015306122448979593 0.06998556998556998
15 0.23188775510204085 0.7168109668109668 0.010714285714285714 0.03968253968253968
140 0.2448979591836735 0.7442279942279942 0.01326530612244898 0.06854256854256854
139 0.30127551020408166 0.7467532467532467 0.012755102040816327 0.06349206349206349
138 0.3303571428571429 0.7492784992784993 0.012755102040816327 0.056998556998557
137 0.3494897959183674 0.7521645021645021 0.012244897959183675 0.051226551226551224
138 0.36811224489795924 0.7496392496392497 0.012755102040816327 0.05772005772005772
135 0.38392857142857145 0.7521645021645021 0.01479591836734694 0.051226551226551224
136 0.4045918367346939 0.7586580086580087 0.012244897959183675 0.06421356421356421
135 0.42321428571428577 0.759018759018759 0.012755102040816327 0.06637806637806638
136 0.44234693877551023 0.7597402597402597 0.012244897959183675 0.06782106782106782
134 0.45867346938775516 0.7604617604617605 0.015306122448979593 0.06782106782106782
133 0.49030612244897964 0.7492784992784993 0.015306122448979593 0.05555555555555555
132 0.5081632653061225 0.7503607503607503 0.012244897959183675 0.05483405483405483
131 0.5278061224489796 0.7518037518037518 0.013775510204081635 0.05194805194805195
131 0.5607142857142857 0.7518037518037518 0.0163265306122449 0.05194805194805195
130 0.5785714285714286 0.7550505050505051 0.01326530612244898 0.05844155844155844
131 0.5979591836734695 0.7514430014430015 0.01326530612244898 0.051226551226551224
133 0.6186224489795918 0.7514430014430015 0.012755102040816327 0.051226551226551224
133 0.6502551020408164 0.7492784992784993 0.015816326530612247 0.05555555555555555
132 0.6681122448979593 0.7503607503607503 0.012755102040816327 0.05483405483405483
131 0.6869897959183674 0.7507215007215007 0.013775510204081635 0.05411255411255411
132 0.7056122448979593 0.7510822510822511 0.012244897959183675 0.05194805194805195
102 0.7252551020408164 0.7467532467532467 0.012755102040816327 0.06060606060606061
134 0.7762755102040817 0.76010101010101 0.012755102040816327 0.0670995670995671
76 0.806122448979592 0.7575757575757576 0.01326530612244898 0.06204906204906205
100 0.9201530612244899 0.7521645021645021 0.012755102040816327 0.051226551226551224
27 0.0653061224489796 0.8715728715728716 0.025510204081632654 0.05194805194805195
78 0.14821428571428572 0.8712121212121212 0.012755102040816327 0.049783549783549784
19 0.24515306122448982 0.8690476190476191 0.015816326530612247 0.012265512265512266
20 0.3285714285714286 0.8701298701298701 0.011224489795918368 0.0404040404040404
105 0.36836734693877554 0.8751803751803752 0.012244897959183675 0.05772005772005772
106 0.4045918367346939 0.8715728715728716 0.01326530612244898 0.050505050505050504
104 0.44234693877551023 0.8784271284271284 0.012244897959183675 0.06277056277056277
20 0.4864795918367347 0.8697691197691197 0.010714285714285714 0.03968253968253968
102 0.527295918367347 0.8668831168831169 0.012755102040816327 0.06132756132756133
101 0.5602040816326531 0.8694083694083694 0.01326530612244898 0.05627705627705628
104 0.5971938775510205 0.8773448773448773 0.012755102040816327 0.06349206349206349
131 0.6502551020408164 0.8701298701298701 0.015816326530612247 0.05483405483405483
132 0.6676020408163266 0.8690476190476191 0.012755102040816327 0.056998556998557
133 0.6869897959183674 0.8676046176046176 0.012755102040816327 0.05988455988455989
134 0.7061224489795919 0.8658008658008658 0.012244897959183675 0.06349206349206349
135 0.7247448979591837 0.8744588744588745 0.012755102040816327 0.05627705627705628
136 0.7426020408163266 0.8733766233766234 0.015816326530612247 0.05411255411255411
106 0.7630102040816327 0.8715728715728716 0.012755102040816327 0.050505050505050504
137 0.8053571428571429 0.8737373737373737 0.012755102040816327 0.05483405483405483
136 0.8247448979591837 0.8748196248196248 0.012755102040816327 0.05844155844155844
135 0.8436224489795919 0.8762626262626263 0.012755102040816327 0.06132756132756133
134 0.8614795918367347 0.8780663780663781 0.01479591836734694 0.06349206349206349
74 0.8829081632653062 0.8658008658008658 0.013775510204081635 0.06204906204906205
