6 0.07811447811447812 0.06190476190476191 0.014141414141414142 0.037142857142857144
12 0.3070707070707071 0.06476190476190476 0.006734006734006735 0.03142857142857143
12 0.5227272727272727 0.065 0.007070707070707071 0.03190476190476191
12 0.7375420875420876 0.065 0.006397306397306398 0.03190476190476191
12 0.04814814814814815 0.06523809523809523 0.0053872053872053875 0.03142857142857143
12 0.9513468013468014 0.06523809523809523 0.007070707070707071 0.03142857142857143
6 0.07828282828282829 0.15428571428571428 0.013804713804713806 0.037142857142857144
12 0.04831649831649832 0.165 0.005050505050505051 0.03190476190476191
12 0.3069023569023569 0.165 0.006397306397306398 0.03190476190476191
12 0.5225589225589226 0.165 0.006734006734006735 0.03190476190476191
12 0.7373737373737375 0.165 0.006734006734006735 0.03190476190476191
12 0.9515151515151515 0.16476190476190475 0.006734006734006735 0.03142857142857143
6 0.07811447811447812 0.2419047619047619 0.014141414141414142 0.037142857142857144
12 0.048484848484848485 0.24476190476190476 0.0053872053872053875 0.03142857142857143
12 0.3070707070707071 0.245 0.006734006734006735 0.03190476190476191
12 0.5225589225589226 0.245 0.006734006734006735 0.03190476190476191
12 0.7373737373737375 0.245 0.006734006734006735 0.03190476190476191
12 0.9513468013468014 0.24523809523809523 0.007070707070707071 0.03142857142857143
6 0.07811447811447812 0.44261904761904763 0.01346801346801347 0.03666666666666667
12 0.9515151515151515 0.4530952380952381 0.006060606060606061 0.032857142857142856
12 0.04831649831649832 0.4530952380952381 0.005723905723905724 0.03190476190476191
12 0.302020202020202 0.45285714285714285 0.0053872053872053875 0.03142857142857143
12 0.5144781144781145 0.4530952380952381 0.006734006734006735 0.03190476190476191
12 0.7402356902356902 0.45357142857142857 0.005723905723905724 0.032857142857142856
6 0.07811447811447812 0.5245238095238095 0.01346801346801347 0.03761904761904762
12 0.7405723905723907 0.535 0.005723905723905724 0.032857142857142856
12 0.04814814814814815 0.5352380952380953 0.006060606060606061 0.03238095238095238
12 0.30185185185185187 0.535 0.005723905723905724 0.03190476190476191
12 0.5143097643097644 0.5354761904761904 0.006397306397306398 0.032857142857142856
12 0.9513468013468014 0.5352380952380953 0.006397306397306398 0.03238095238095238
14 0.4723905723905724 0.5235714285714286 0.004713804713804714 0.007142857142857143
6 0.07828282828282829 0.6283333333333333 0.013804713804713806 0.03666666666666667
12 0.5148148148148148 0.6347619047619047 0.006734006734006735 0.03333333333333333
12 0.04781144781144781 0.6345238095238095 0.006060606060606061 0.03190476190476191
12 0.30185185185185187 0.6345238095238095 0.006397306397306398 0.03190476190476191
12 0.7404040404040404 0.6347619047619047 0.006060606060606061 0.03238095238095238
12 0.9513468013468014 0.635 0.006397306397306398 0.032857142857142856
14 0.9102693602693603 0.6228571428571429 0.004377104377104377 0.006666666666666666
6 0.07811447811447812 0.7123809523809523 0.01346801346801347 0.037142857142857144
12 0.04814814814814815 0.715 0.0053872053872053875 0.03190476190476191
12 0.302020202020202 0.7147619047619047 0.006060606060606061 0.03142857142857143
12 0.5141414141414141 0.715 0.006734006734006735 0.03190476190476191
12 0.7404040404040404 0.715 0.006060606060606061 0.03190476190476191
12 0.9513468013468014 0.715 0.006397306397306398 0.03190476190476191
6 0.07811447811447812 0.8045238095238095 0.01346801346801347 0.03666666666666667
12 0.04831649831649832 0.815 0.005050505050505051 0.032857142857142856
12 0.9515151515151515 0.8147619047619048 0.006734006734006735 0.03238095238095238
12 0.7400673400673401 0.815 0.006060606060606061 0.03190476190476191
12 0.30185185185185187 0.815 0.005723905723905724 0.030952380952380953
12 0.5143097643097644 0.8152380952380952 0.006397306397306398 0.03142857142857143
6 0.07811447811447812 0.8921428571428571 0.014141414141414142 0.03666666666666667
12 0.048484848484848485 0.8947619047619048 0.0053872053872053875 0.03142857142857143
12 0.30218855218855223 0.895 0.006397306397306398 0.03190476190476191
12 0.5144781144781145 0.895 0.006734006734006735 0.03190476190476191
12 0.7404040404040404 0.895 0.006734006734006735 0.03190476190476191
12 0.9513468013468014 0.895 0.007070707070707071 0.03190476190476191
27 0.059932659932659935 0.065 0.016835016835016835 0.03380952380952381
103 0.10151515151515152 0.07 0.008417508417508417 0.04285714285714286
100 0.1553872053872054 0.06547619047619048 0.008417508417508417 0.032857142857142856
101 0.20673400673400674 0.0630952380952381 0.008754208754208754 0.03761904761904762
98 0.25707070707070706 0.0688095238095238 0.009090909090909092 0.04238095238095238
99 0.3175084175084175 0.06714285714285714 0.008754208754208754 0.0380952380952381
96 0.3681818181818182 0.07261904761904762 0.009764309764309765 0.05095238095238095
99 0.42104377104377105 0.06714285714285714 0.008417508417508417 0.0380952380952381
100 0.4730639730639731 0.06547619047619048 0.008754208754208754 0.03380952380952381
103 0.5335016835016835 0.06976190476190476 0.008417508417508417 0.043333333333333335
100 0.5851851851851853 0.06523809523809523 0.008754208754208754 0.03333333333333333
101 0.6375420875420875 0.06357142857142857 0.009090909090909092 0.03761904761904762
98 0.6892255892255893 0.0688095238095238 0.008754208754208754 0.04238095238095238
99 0.7484848484848485 0.06714285714285714 0.008754208754208754 0.0380952380952381
96 0.7984848484848486 0.07238095238095238 0.009764309764309765 0.05047619047619047
99 0.8489898989898991 0.06738095238095237 0.008417508417508417 0.03857142857142857
100 0.9013468013468013 0.06523809523809523 0.008754208754208754 0.03333333333333333
26 0.060101010101010106 0.16333333333333333 0.015824915824915825 0.06095238095238095
27 0.05976430976430977 0.2454761904761905 0.01717171717171717 0.03380952380952381
103 0.1016835016835017 0.24952380952380954 0.008754208754208754 0.04380952380952381
100 0.15555555555555556 0.2454761904761905 0.008754208754208754 0.03380952380952381
101 0.20690235690235692 0.2430952380952381 0.009090909090909092 0.03857142857142857
98 0.25707070707070706 0.2488095238095238 0.009090909090909092 0.04238095238095238
99 0.31767676767676767 0.24714285714285714 0.009090909090909092 0.0380952380952381
96 0.36835016835016837 0.2530952380952381 0.010101010101010102 0.05
99 0.42104377104377105 0.24714285714285714 0.008417508417508417 0.0380952380952381
100 0.4732323232323233 0.24571428571428572 0.009090909090909092 0.03428571428571429
103 0.5338383838383839 0.24952380952380954 0.008417508417508417 0.04380952380952381
100 0.5853535353535354 0.2454761904761905 0.009090909090909092 0.03380952380952381
101 0.6375420875420875 0.24333333333333335 0.009090909090909092 0.0380952380952381
98 0.6893939393939394 0.2488095238095238 0.009090909090909092 0.04238095238095238
99 0.7484848484848485 0.24714285714285714 0.008754208754208754 0.0380952380952381
96 0.7986531986531987 0.25261904761904763 0.010101010101010102 0.05095238095238095
99 0.8489898989898991 0.24738095238095237 0.008417508417508417 0.03857142857142857
100 0.9013468013468013 0.24571428571428572 0.008754208754208754 0.03428571428571429
26 0.060101010101010106 0.45166666666666666 0.016498316498316498 0.062380952380952384
166 0.1026936026936027 0.4442857142857143 0.010774410774410775 0.049523809523809526
165 0.11414141414141414 0.44452380952380954 0.00808080808080808 0.05
166 0.12676767676767678 0.445 0.008417508417508417 0.05
159 0.13787878787878788 0.4488095238095238 0.009090909090909092 0.05952380952380952
158 0.1511784511784512 0.4580952380952381 0.010774410774410775 0.045714285714285714
163 0.16447811447811447 0.45285714285714285 0.008417508417508417 0.03428571428571429
160 0.17575757575757578 0.455 0.008754208754208754 0.03857142857142857
161 0.1883838383838384 0.4530952380952381 0.008417508417508417 0.03380952380952381
159 0.20084175084175085 0.4661904761904762 0.007744107744107744 0.05904761904761905
166 0.21464646464646467 0.4635714285714286 0.008417508417508417 0.056666666666666664
165 0.22744107744107744 0.4623809523809524 0.008417508417508417 0.05333333333333333
164 0.2388888888888889 0.46166666666666667 0.010437710437710438 0.05095238095238095
165 0.2523569023569024 0.4569047619047619 0.008417508417508417 0.04238095238095238
168 0.26632996632996636 0.45285714285714285 0.008754208754208754 0.040952380952380955
170 0.28063973063973063 0.4471428571428571 0.009764309764309765 0.04666666666666667
171 0.2920875420875421 0.44547619047619047 0.011111111111111112 0.05095238095238095
169 0.3116161616161616 0.44952380952380955 0.008417508417508417 0.0419047619047619
168 0.32407407407407407 0.4514285714285714 0.008417508417508417 0.0380952380952381
167 0.3367003367003367 0.4533333333333333 0.008754208754208754 0.03428571428571429
169 0.3498316498316498 0.44952380952380955 0.011447811447811448 0.04285714285714286
168 0.363973063973064 0.4523809523809524 0.008754208754208754 0.040952380952380955
167 0.3765993265993266 0.45476190476190476 0.008417508417508417 0.039047619047619046
166 0.3893939393939394 0.45571428571428574 0.008417508417508417 0.040952380952380955
165 0.40101010101010104 0.4569047619047619 0.010774410774410775 0.04238095238095238
164 0.415993265993266 0.4488095238095238 0.010437710437710438 0.04238095238095238
163 0.42744107744107745 0.44976190476190475 0.008417508417508417 0.04047619047619048
162 0.4398989898989899 0.45095238095238094 0.008417508417508417 0.039047619047619046
161 0.4521885521885522 0.4523809523809524 0.008754208754208754 0.037142857142857144
160 0.46616161616161617 0.45476190476190476 0.011111111111111112 0.039047619047619046
162 0.4791245791245792 0.4530952380952381 0.008754208754208754 0.034761904761904765
161 0.4915824915824916 0.4530952380952381 0.008754208754208754 0.034761904761904765
160 0.5040404040404041 0.45476190476190476 0.008754208754208754 0.0380952380952381
159 0.5274410774410775 0.4569047619047619 0.010437710437710438 0.04238095238095238
160 0.5393939393939394 0.455 0.008754208754208754 0.03857142857142857
161 0.5518518518518519 0.4530952380952381 0.008754208754208754 0.034761904761904765
162 0.5634680134680135 0.4530952380952381 0.008417508417508417 0.034761904761904765
163 0.5772727272727273 0.44904761904761903 0.010437710437710438 0.04380952380952381
160 0.5888888888888889 0.45071428571428573 0.008754208754208754 0.047142857142857146
163 0.6018518518518519 0.4488095238095238 0.008417508417508417 0.04238095238095238
162 0.6265993265993266 0.4492857142857143 0.008754208754208754 0.04238095238095238
161 0.6404040404040404 0.44904761904761903 0.011447811447811448 0.04285714285714286
164 0.6533670033670034 0.4488095238095238 0.008417508417508417 0.04238095238095238
163 0.665993265993266 0.4488095238095238 0.008754208754208754 0.041428571428571426
162 0.6782828282828283 0.4488095238095238 0.008417508417508417 0.04238095238095238
163 0.6922558922558923 0.44857142857142857 0.010774410774410775 0.0419047619047619
162 0.7043771043771044 0.44976190476190475 0.008754208754208754 0.04047619047619048
161 0.7175084175084175 0.4511904761904762 0.008754208754208754 0.03857142857142857
160 0.7301346801346802 0.45380952380952383 0.008417508417508417 0.04
159 0.7513468013468014 0.4564285714285714 0.009764309764309765 0.04238095238095238
157 0.7621212121212122 0.4585714285714286 0.009090909090909092 0.054285714285714284
164 0.7757575757575758 0.4473809523809524 0.008754208754208754 0.04428571428571428
165 0.7887205387205387 0.445 0.008417508417508417 0.05
166 0.8011784511784512 0.45785714285714285 0.008417508417508417 0.04428571428571428
165 0.8138047138047139 0.45880952380952383 0.00808080808080808 0.04523809523809524
164 0.8264309764309765 0.46 0.008417508417508417 0.04857142857142857
163 0.838047138047138 0.46095238095238095 0.010101010101010102 0.049523809523809526
162 0.8526936026936027 0.44857142857142857 0.010437710437710438 0.0419047619047619
161 0.8643097643097644 0.4488095238095238 0.008754208754208754 0.043333333333333335
160 0.8771043771043772 0.4502380952380952 0.008754208754208754 0.047142857142857146
164 0.8904040404040404 0.4480952380952381 0.008417508417508417 0.04380952380952381
163 0.9038720538720539 0.44785714285714284 0.011111111111111112 0.043333333333333335
164 0.9164983164983166 0.4483333333333333 0.008754208754208754 0.043333333333333335
163 0.928956228956229 0.44857142857142857 0.008754208754208754 0.04285714285714286
162 0.9414141414141415 0.44904761904761903 0.00808080808080808 0.04285714285714286
26 0.060101010101010106 0.5335714285714286 0.016498316498316498 0.06142857142857143
131 0.10218855218855219 0.535 0.011111111111111112 0.034761904761904765
129 0.1265993265993266 0.5395238095238095 0.008754208754208754 0.0419047619047619
130 0.15185185185185185 0.5364285714285715 0.010774410774410775 0.039523809523809524
135 0.1755892255892256 0.53 0.008417508417508417 0.04476190476190476
136 0.20084175084175085 0.5354761904761904 0.008417508417508417 0.034761904761904765
138 0.2255892255892256 0.5335714285714286 0.011447811447811448 0.03857142857142857
140 0.25353535353535356 0.5211904761904762 0.012121212121212121 0.06428571428571428
133 0.280976430976431 0.5283333333333333 0.008417508417508417 0.05
134 0.3132996632996633 0.5314285714285715 0.011111111111111112 0.0419047619047619
132 0.33720538720538723 0.5335714285714286 0.008417508417508417 0.03857142857142857
133 0.3656565656565657 0.5316666666666666 0.011447811447811448 0.04238095238095238
131 0.3893939393939394 0.5338095238095238 0.009090909090909092 0.039047619047619046
129 0.4161616161616162 0.5373809523809524 0.012121212121212121 0.047142857142857146
136 0.43973063973063975 0.5276190476190477 0.008754208754208754 0.049523809523809526
136 0.46481481481481485 0.5395238095238095 0.008417508417508417 0.04285714285714286
165 0.5016835016835017 0.5407142857142857 0.012794612794612796 0.04428571428571428
166 0.5277777777777778 0.5269047619047619 0.010437710437710438 0.05
165 0.5393939393939394 0.5273809523809524 0.008754208754208754 0.05
166 0.5520202020202021 0.5269047619047619 0.008417508417508417 0.05
159 0.5638047138047139 0.5311904761904762 0.008417508417508417 0.05857142857142857
158 0.5771043771043771 0.5407142857142857 0.010774410774410775 0.04619047619047619
163 0.5890572390572391 0.535 0.008417508417508417 0.034761904761904765
160 0.6016835016835017 0.5371428571428571 0.008754208754208754 0.039047619047619046
161 0.6267676767676768 0.5352380952380953 0.008417508417508417 0.03428571428571429
159 0.6395622895622896 0.5488095238095239 0.007744107744107744 0.05857142857142857
166 0.6531986531986532 0.5461904761904762 0.00808080808080808 0.05619047619047619
165 0.6656565656565657 0.5445238095238095 0.00808080808080808 0.05380952380952381
164 0.6772727272727274 0.5435714285714286 0.010437710437710438 0.05095238095238095
165 0.6907407407407408 0.539047619047619 0.008417508417508417 0.0419047619047619
168 0.7038720538720539 0.5354761904761904 0.008417508417508417 0.041428571428571426
170 0.7175084175084175 0.5295238095238095 0.009427609427609429 0.045714285714285714
171 0.7292929292929293 0.5280952380952381 0.010774410774410775 0.05047619047619047
169 0.75 0.5316666666666666 0.008417508417508417 0.04238095238095238
168 0.7617845117845118 0.5335714285714286 0.008417508417508417 0.03857142857142857
167 0.7750841750841752 0.5354761904761904 0.008754208754208754 0.034761904761904765
169 0.7873737373737374 0.5316666666666666 0.010437710437710438 0.04238095238095238
168 0.8011784511784512 0.5345238095238095 0.008417508417508417 0.04047619047619048
167 0.8138047138047139 0.5371428571428571 0.008754208754208754 0.039047619047619046
166 0.8264309764309765 0.5378571428571428 0.008417508417508417 0.04047619047619048
165 0.838047138047138 0.5392857142857143 0.010774410774410775 0.04238095238095238
164 0.8528619528619529 0.5311904761904762 0.010774410774410775 0.04238095238095238
163 0.8644781144781145 0.5321428571428571 0.008417508417508417 0.04047619047619048
162 0.8771043771043772 0.5330952380952381 0.008754208754208754 0.03857142857142857
161 0.88989898989899 0.5342857142857143 0.008754208754208754 0.037142857142857144
160 0.9042087542087542 0.5371428571428571 0.011111111111111112 0.039047619047619046
162 0.9164983164983166 0.5352380952380953 0.008754208754208754 0.035238095238095235
161 0.9287878787878788 0.5352380952380953 0.008417508417508417 0.035238095238095235
160 0.9414141414141415 0.5371428571428571 0.008754208754208754 0.0380952380952381
28 0.06026936026936027 0.6345238095238095 0.017508417508417508 0.034761904761904765
135 0.10134680134680135 0.6388095238095238 0.008754208754208754 0.04238095238095238
137 0.1250841750841751 0.6364285714285715 0.011111111111111112 0.03761904761904762
139 0.15033670033670035 0.6311904761904762 0.008417508417508417 0.041428571428571426
138 0.17390572390572392 0.6333333333333333 0.011111111111111112 0.0380952380952381
137 0.20101010101010103 0.6371428571428571 0.008754208754208754 0.0380952380952381
135 0.2260942760942761 0.6388095238095238 0.011111111111111112 0.04238095238095238
137 0.2526936026936027 0.6352380952380953 0.008417508417508417 0.035238095238095235
136 0.2792929292929293 0.6359523809523809 0.011111111111111112 0.03761904761904762
135 0.31313131313131315 0.6307142857142857 0.010774410774410775 0.04238095238095238
133 0.33720538720538723 0.6333333333333333 0.008417508417508417 0.0380952380952381
135 0.36414141414141415 0.6364285714285715 0.008417508417508417 0.03666666666666667
139 0.3877104377104377 0.6311904761904762 0.011111111111111112 0.041428571428571426
138 0.41430976430976435 0.6333333333333333 0.008417508417508417 0.0380952380952381
140 0.4382154882154882 0.6295238095238095 0.011784511784511785 0.045714285714285714
139 0.46481481481481485 0.6311904761904762 0.008417508417508417 0.041428571428571426
138 0.4895622895622896 0.6333333333333333 0.011447811447811448 0.0380952380952381
137 0.5264309764309765 0.6369047619047619 0.008417508417508417 0.03857142857142857
135 0.5501683501683502 0.6390476190476191 0.011447811447811448 0.04285714285714286
136 0.5762626262626263 0.6359523809523809 0.008417508417508417 0.03571428571428571
141 0.5996632996632997 0.6269047619047619 0.012121212121212121 0.05
26 0.6132996632996633 0.6361904761904762 0.011784511784511785 0.049523809523809526
136 0.6392255892255893 0.6354761904761905 0.008417508417508417 0.034761904761904765
138 0.6641414141414141 0.6328571428571429 0.011111111111111112 0.0380952380952381
140 0.6922558922558923 0.62 0.012121212121212121 0.06666666666666667
133 0.7176767676767677 0.6257142857142857 0.009090909090909092 0.05523809523809524
134 0.7516835016835017 0.6311904761904762 0.011111111111111112 0.04238095238095238
132 0.7754208754208755 0.633095238095238 0.008754208754208754 0.03857142857142857
133 0.8028619528619529 0.6311904761904762 0.011111111111111112 0.04238095238095238
131 0.8264309764309765 0.6335714285714286 0.009090909090909092 0.03857142857142857
129 0.8533670033670034 0.6376190476190476 0.012457912457912458 0.04666666666666667
136 0.8771043771043772 0.6271428571428571 0.008754208754208754 0.05047619047619047
136 0.9026936026936028 0.6390476190476191 0.008754208754208754 0.04285714285714286
165 0.9388888888888889 0.6402380952380953 0.012457912457912458 0.04428571428571428
27 0.05976430976430977 0.7152380952380952 0.01717171717171717 0.03428571428571429
103 0.10151515151515152 0.72 0.008417508417508417 0.04380952380952381
100 0.15084175084175086 0.7152380952380952 0.008754208754208754 0.03428571428571429
101 0.2016835016835017 0.7135714285714285 0.008754208754208754 0.03857142857142857
98 0.2528619528619529 0.7185714285714285 0.008754208754208754 0.04285714285714286
99 0.31212121212121213 0.7171428571428572 0.008754208754208754 0.0380952380952381
96 0.36414141414141415 0.7226190476190476 0.009764309764309765 0.05095238095238095
99 0.41464646464646465 0.7169047619047619 0.008417508417508417 0.03857142857142857
100 0.46515151515151515 0.7154761904761905 0.009090909090909092 0.03380952380952381
103 0.5264309764309765 0.7202380952380952 0.008417508417508417 0.04428571428571428
100 0.5762626262626263 0.7152380952380952 0.009090909090909092 0.03428571428571429
101 0.6397306397306398 0.7133333333333334 0.008754208754208754 0.0380952380952381
98 0.6910774410774411 0.7188095238095238 0.009090909090909092 0.04238095238095238
99 0.7505050505050506 0.7171428571428572 0.008754208754208754 0.0380952380952381
96 0.8015151515151515 0.7228571428571429 0.009764309764309765 0.05047619047619047
99 0.852020202020202 0.7171428571428572 0.008417508417508417 0.0380952380952381
100 0.9028619528619529 0.7152380952380952 0.009090909090909092 0.03428571428571429
26 0.060101010101010106 0.8130952380952381 0.015824915824915825 0.06142857142857143
27 0.05976430976430977 0.8952380952380953 0.01717171717171717 0.03428571428571429
103 0.1016835016835017 0.8995238095238095 0.008754208754208754 0.04380952380952381
100 0.15067340067340068 0.8954761904761904 0.009090909090909092 0.03380952380952381
101 0.20151515151515154 0.8933333333333333 0.009090909090909092 0.0380952380952381
98 0.2526936026936027 0.8988095238095238 0.009090909090909092 0.04238095238095238
99 0.3122895622895623 0.8973809523809524 0.009090909090909092 0.03857142857142857
96 0.3643097643097643 0.9026190476190477 0.010101010101010102 0.05095238095238095
99 0.41464646464646465 0.8971428571428571 0.008417508417508417 0.0380952380952381
100 0.46515151515151515 0.8954761904761904 0.009090909090909092 0.03380952380952381
103 0.5267676767676768 0.9 0.008417508417508417 0.04380952380952381
100 0.5764309764309765 0.8954761904761904 0.008754208754208754 0.03380952380952381
101 0.63989898989899 0.8933333333333333 0.009090909090909092 0.0380952380952381
98 0.6910774410774411 0.8988095238095238 0.009090909090909092 0.04238095238095238
99 0.7505050505050506 0.8969047619047619 0.008754208754208754 0.03857142857142857
96 0.8013468013468014 0.9026190476190477 0.010101010101010102 0.05095238095238095
99 0.8518518518518519 0.8971428571428571 0.008754208754208754 0.0380952380952381
100 0.9028619528619529 0.8957142857142857 0.009090909090909092 0.03428571428571429
