10 0.10382653061224491 0.12121212121212122 0.0413265306122449 0.05916305916305916
12 0.048469387755102046 0.13095238095238096 0.0071428571428571435 0.048340548340548344
12 0.27066326530612245 0.13095238095238096 0.008673469387755102 0.046897546897546896
12 0.426530612244898 0.13167388167388167 0.009183673469387756 0.048340548340548344
12 0.7352040816326532 0.13167388167388167 0.009183673469387756 0.048340548340548344
12 0.9515306122448981 0.13131313131313133 0.00816326530612245 0.047619047619047616
10 0.10408163265306124 0.3124098124098124 0.04183673469387755 0.05916305916305916
12 0.04872448979591837 0.31024531024531027 0.00663265306122449 0.049062049062049064
12 0.426530612244898 0.31096681096681095 0.010204081632653062 0.049062049062049064
12 0.7352040816326532 0.3106060606060606 0.00816326530612245 0.048340548340548344
12 0.9512755102040817 0.31096681096681095 0.008673469387755102 0.049062049062049064
12 0.27066326530612245 0.31096681096681095 0.008673469387755102 0.047619047619047616
10 0.10382653061224491 0.5551948051948052 0.0413265306122449 0.05988455988455989
12 0.048214285714285716 0.5652958152958153 0.007653061224489797 0.049783549783549784
12 0.42602040816326536 0.5663780663780664 0.00816326530612245 0.049062049062049064
12 0.7354591836734694 0.566017316017316 0.008673469387755102 0.048340548340548344
12 0.9512755102040817 0.5663780663780664 0.008673469387755102 0.049062049062049064
12 0.27066326530612245 0.5663780663780664 0.008673469387755102 0.047619047619047616
2 0.0903061224489796 0.7864357864357865 0.015306122448979593 0.049062049062049064
12 0.9512755102040817 0.803030303030303 0.008673469387755102 0.049062049062049064
12 0.047959183673469394 0.8037518037518038 0.006122448979591837 0.049062049062049064
12 0.27066326530612245 0.803030303030303 0.008673469387755102 0.047619047619047616
12 0.42627551020408166 0.8033910533910534 0.008673469387755102 0.048340548340548344
12 0.7352040816326532 0.803030303030303 0.00816326530612245 0.047619047619047616
26 0.06505102040816327 0.1331168831168831 0.023979591836734697 0.08441558441558442
18 0.1971938775510204 0.11038961038961038 0.015816326530612247 0.012987012987012988
18 0.34846938775510206 0.11038961038961038 0.0163265306122449 0.012987012987012988
18 0.5806122448979593 0.11038961038961038 0.0163265306122449 0.01443001443001443
18 0.8433673469387756 0.11075036075036075 0.0163265306122449 0.013708513708513708
27 0.06479591836734694 0.3077200577200577 0.02448979591836735 0.046897546897546896
18 0.1971938775510204 0.3023088023088023 0.015816326530612247 0.012987012987012988
18 0.34821428571428575 0.30194805194805197 0.015816326530612247 0.012265512265512266
160 0.4446428571428572 0.3106060606060606 0.015816326530612247 0.05988455988455989
163 0.46352040816326534 0.3051948051948052 0.012755102040816327 0.06204906204906205
165 0.48188775510204085 0.30122655122655123 0.012755102040816327 0.07142857142857142
167 0.4997448979591837 0.29797979797979796 0.012755102040816327 0.07647907647907648
162 0.5181122448979593 0.3203463203463203 0.012755102040816327 0.07215007215007214
164 0.5357142857142858 0.3170995670995671 0.01326530612244898 0.06421356421356421
166 0.5553571428571429 0.3142135642135642 0.012755102040816327 0.05844155844155844
168 0.5721938775510205 0.30916305916305914 0.015816326530612247 0.056998556998557
163 0.5908163265306123 0.3207070707070707 0.012244897959183675 0.07142857142857142
165 0.6084183673469389 0.31746031746031744 0.012755102040816327 0.06637806637806638
167 0.6275510204081634 0.31457431457431456 0.012244897959183675 0.05916305916305916
169 0.6451530612244899 0.3055555555555556 0.015816326530612247 0.06421356421356421
164 0.664030612244898 0.31637806637806637 0.012755102040816327 0.06277056277056277
166 0.6829081632653062 0.3124098124098124 0.012755102040816327 0.05627705627705628
168 0.7020408163265307 0.30844155844155846 0.012244897959183675 0.05844155844155844
170 0.7206632653061226 0.30303030303030304 0.01683673469387755 0.06926406926406926
18 0.8433673469387756 0.3023088023088023 0.0163265306122449 0.012987012987012988
26 0.06556122448979593 0.5681818181818182 0.02602040816326531 0.0873015873015873
18 0.1971938775510204 0.556998556998557 0.015816326530612247 0.012987012987012988
18 0.34846938775510206 0.556998556998557 0.0163265306122449 0.012987012987012988
171 0.44311224489795925 0.5537518037518038 0.013775510204081635 0.07575757575757576
173 0.46326530612244904 0.5487012987012987 0.014285714285714287 0.0873015873015873
171 0.4811224489795919 0.5551948051948052 0.014285714285714287 0.0772005772005772
169 0.49897959183673474 0.5602453102453102 0.014285714285714287 0.06277056277056277
171 0.5183673469387755 0.5548340548340548 0.014285714285714287 0.07647907647907648
168 0.5359693877551021 0.5634920634920635 0.012755102040816327 0.05772005772005772
170 0.5568877551020409 0.5577200577200577 0.01479591836734694 0.0707070707070707
166 0.5729591836734694 0.5678210678210678 0.015306122448979593 0.05483405483405483
165 0.5933673469387756 0.5588023088023089 0.0163265306122449 0.06565656565656566
163 0.6096938775510204 0.5598845598845599 0.01326530612244898 0.06349206349206349
162 0.6285714285714287 0.5627705627705628 0.01326530612244898 0.05772005772005772
161 0.6469387755102042 0.5652958152958153 0.01326530612244898 0.05411255411255411
160 0.6660714285714286 0.5685425685425686 0.01785714285714286 0.05916305916305916
159 0.6834183673469388 0.5692640692640693 0.013775510204081635 0.06637806637806638
158 0.702295918367347 0.5692640692640693 0.01479591836734694 0.07792207792207792
165 0.7227040816326531 0.5588023088023089 0.012755102040816327 0.0670995670995671
18 0.8433673469387756 0.5573593073593074 0.0163265306122449 0.013708513708513708
29 0.06454081632653062 0.799062049062049 0.02295918367346939 0.09740259740259741
18 0.1971938775510204 0.7821067821067821 0.01683673469387755 0.01443001443001443
18 0.34846938775510206 0.7824675324675324 0.0163265306122449 0.013708513708513708
18 0.5808673469387755 0.7821067821067821 0.01683673469387755 0.01443001443001443
18 0.8436224489795919 0.7821067821067821 0.01683673469387755 0.01443001443001443
