14 0.5441326530612245 0.003968253968253968 0.00663265306122449 0.006493506493506494
14 0.4737244897959184 0.01443001443001443 0.007653061224489797 0.0101010101010101
14 0.5441326530612245 0.025974025974025976 0.00663265306122449 0.0101010101010101
14 0.47346938775510206 0.12481962481962482 0.0071428571428571435 0.0101010101010101
14 0.4737244897959184 0.13600288600288601 0.007653061224489797 0.00937950937950938
14 0.5443877551020408 0.13636363636363635 0.00816326530612245 0.0101010101010101
12 0.048469387755102046 0.16558441558441558 0.0071428571428571435 0.048340548340548344
12 0.4456632653061225 0.16594516594516595 0.008673469387755102 0.047619047619047616
14 0.5441326530612245 0.1479076479076479 0.007653061224489797 0.011544011544011544
12 0.7043367346938776 0.16594516594516595 0.007653061224489797 0.047619047619047616
12 0.9512755102040817 0.16594516594516595 0.008673469387755102 0.047619047619047616
12 0.047959183673469394 0.4989177489177489 0.00816326530612245 0.049783549783549784
11 0.9474489795918368 0.49855699855699853 0.01326530612244898 0.049062049062049064
12 0.4755102040816327 0.49927849927849927 0.00816326530612245 0.047619047619047616
12 0.048469387755102046 0.6605339105339105 0.00816326530612245 0.049783549783549784
11 0.9469387755102041 0.6605339105339105 0.014285714285714287 0.049783549783549784
12 0.4752551020408164 0.6612554112554112 0.008673469387755102 0.046897546897546896
12 0.04872448979591837 0.8275613275613276 0.007653061224489797 0.049062049062049064
11 0.9461734693877552 0.8272005772005772 0.013775510204081635 0.048340548340548344
12 0.4755102040816327 0.8275613275613276 0.009183673469387756 0.047619047619047616
15 0.200765306122449 0.03282828282828283 0.010714285714285714 0.03823953823953824
15 0.7607142857142858 0.016955266955266956 0.011224489795918368 0.032467532467532464
17 0.8841836734693879 0.016955266955266956 0.00816326530612245 0.032467532467532464
27 0.0653061224489796 0.16630591630591632 0.025510204081632654 0.05266955266955267
16 0.08903061224489797 0.1717171717171717 0.00969387755102041 0.03318903318903319
15 0.11020408163265308 0.1305916305916306 0.011224489795918368 0.03896103896103896
165 0.15790816326530613 0.17207792207792208 0.012755102040816327 0.06132756132756133
165 0.18010204081632655 0.17424242424242425 0.0163265306122449 0.06421356421356421
15 0.200765306122449 0.17279942279942279 0.011734693877551022 0.03823953823953824
17 0.23979591836734696 0.13672438672438672 0.009183673469387756 0.03968253968253968
21 0.4130102040816327 0.1424963924963925 0.012755102040816327 0.023809523809523808
15 0.5650510204081634 0.1305916305916306 0.011734693877551022 0.03896103896103896
16 0.6438775510204082 0.15331890331890333 0.009183673469387756 0.03391053391053391
16 0.6441326530612246 0.19552669552669552 0.00969387755102041 0.03463203463203463
17 0.8849489795918368 0.17784992784992784 0.00969387755102041 0.03968253968253968
15 0.8938775510204082 0.1544011544011544 0.012244897959183675 0.03896103896103896
26 0.06658163265306123 0.4963924963924964 0.025 0.09235209235209235
16 0.08852040816326531 0.49206349206349204 0.010714285714285714 0.03463203463203463
104 0.1316326530612245 0.5054112554112554 0.01326530612244898 0.06277056277056277
77 0.22704081632653064 0.5021645021645021 0.01326530612244898 0.05627705627705628
104 0.3859693877551021 0.5050505050505051 0.012755102040816327 0.06349206349206349
21 0.7923469387755103 0.49963924963924966 0.012244897959183675 0.025252525252525252
20 0.8558673469387756 0.4971139971139971 0.010714285714285714 0.03896103896103896
26 0.06658163265306123 0.6587301587301587 0.025 0.09235209235209235
16 0.08852040816326531 0.6544011544011544 0.010714285714285714 0.03463203463203463
15 0.21275510204081635 0.6796536796536796 0.012244897959183675 0.03896103896103896
21 0.5670918367346939 0.6374458874458875 0.012755102040816327 0.025252525252525252
21 0.792091836734694 0.6374458874458875 0.012755102040816327 0.025252525252525252
20 0.8558673469387756 0.6349206349206349 0.010714285714285714 0.03896103896103896
27 0.06607142857142857 0.8286435786435786 0.02602040816326531 0.05266955266955267
16 0.08852040816326531 0.8329725829725829 0.00969387755102041 0.03391053391053391
15 0.2135204081632653 0.8163780663780664 0.011734693877551022 0.03968253968253968
21 0.5673469387755102 0.8044733044733045 0.01326530612244898 0.025974025974025976
21 0.792091836734694 0.8041125541125541 0.012755102040816327 0.025252525252525252
20 0.8556122448979593 0.8008658008658008 0.011224489795918368 0.03896103896103896
