12 0.04865319865319866 0.12166666666666667 0.006397306397306398 0.032857142857142856
12 0.6781144781144781 0.12166666666666667 0.006734006734006735 0.03190476190476191
12 0.9515151515151515 0.12166666666666667 0.006060606060606061 0.03190476190476191
12 0.3804713804713805 0.1219047619047619 0.006734006734006735 0.03142857142857143
14 0.4373737373737374 0.11785714285714285 0.0053872053872053875 0.007142857142857143
14 0.5811447811447812 0.11785714285714285 0.0053872053872053875 0.007142857142857143
14 0.2550505050505051 0.11785714285714285 0.005723905723905724 0.006190476190476191
14 0.2892255892255892 0.1180952380952381 0.006060606060606061 0.006666666666666666
14 0.32323232323232326 0.11785714285714285 0.006060606060606061 0.006190476190476191
14 0.35723905723905724 0.11785714285714285 0.0053872053872053875 0.006190476190476191
14 0.4031986531986532 0.11785714285714285 0.005050505050505051 0.006190476190476191
14 0.17592592592592593 0.12571428571428572 0.005050505050505051 0.006666666666666666
14 0.21616161616161617 0.12571428571428572 0.0053872053872053875 0.006666666666666666
14 0.8397306397306398 0.12547619047619046 0.004713804713804714 0.006190476190476191
14 0.8784511784511785 0.12547619047619046 0.004713804713804714 0.006190476190476191
14 0.7311447811447812 0.13333333333333333 0.004377104377104377 0.006666666666666666
14 0.14074074074074075 0.1492857142857143 0.00404040404040404 0.006190476190476191
12 0.04882154882154882 0.225 0.006060606060606061 0.032857142857142856
12 0.9513468013468014 0.22476190476190477 0.006397306397306398 0.03238095238095238
12 0.6781144781144781 0.22523809523809524 0.006060606060606061 0.03238095238095238
12 0.3804713804713805 0.22523809523809524 0.006060606060606061 0.03142857142857143
14 0.21616161616161617 0.22904761904761906 0.0053872053872053875 0.006666666666666666
14 0.25521885521885523 0.22904761904761906 0.0053872053872053875 0.006666666666666666
14 0.2892255892255892 0.22904761904761906 0.0053872053872053875 0.006666666666666666
14 0.3234006734006734 0.22904761904761906 0.005723905723905724 0.006666666666666666
14 0.4033670033670034 0.22904761904761906 0.0053872053872053875 0.006666666666666666
14 0.4372053872053872 0.2292857142857143 0.005723905723905724 0.007142857142857143
14 0.4713804713804714 0.22904761904761906 0.0053872053872053875 0.006666666666666666
14 0.5055555555555555 0.22904761904761906 0.005050505050505051 0.006666666666666666
14 0.35740740740740745 0.2292857142857143 0.005050505050505051 0.006190476190476191
14 0.8031986531986532 0.24476190476190476 0.004377104377104377 0.006666666666666666
14 0.6535353535353535 0.2523809523809524 0.004713804713804714 0.006666666666666666
14 0.6533670033670034 0.3088095238095238 0.005050505050505051 0.007142857142857143
12 0.9511784511784512 0.3280952380952381 0.00808080808080808 0.03238095238095238
12 0.04831649831649832 0.3283333333333333 0.007070707070707071 0.03190476190476191
12 0.6781144781144781 0.3280952380952381 0.006060606060606061 0.03142857142857143
12 0.3803030303030303 0.3283333333333333 0.006397306397306398 0.030952380952380953
14 0.2550505050505051 0.31642857142857145 0.005050505050505051 0.006190476190476191
14 0.28905723905723907 0.31666666666666665 0.005050505050505051 0.006666666666666666
14 0.3228956228956229 0.31642857142857145 0.0053872053872053875 0.006190476190476191
14 0.3570707070707071 0.31666666666666665 0.005050505050505051 0.006666666666666666
14 0.4031986531986532 0.31666666666666665 0.005050505050505051 0.006666666666666666
14 0.4372053872053872 0.31642857142857145 0.005050505050505051 0.006190476190476191
14 0.47121212121212125 0.31642857142857145 0.005050505050505051 0.006190476190476191
14 0.5057239057239058 0.31666666666666665 0.0053872053872053875 0.006666666666666666
14 0.21632996632996634 0.3242857142857143 0.005050505050505051 0.006666666666666666
14 0.8033670033670034 0.34809523809523807 0.004713804713804714 0.006666666666666666
12 0.04831649831649832 0.4311904761904762 0.005723905723905724 0.032857142857142856
12 0.3804713804713805 0.4311904761904762 0.006734006734006735 0.03190476190476191
12 0.6782828282828283 0.43142857142857144 0.007070707070707071 0.03238095238095238
12 0.9511784511784512 0.43142857142857144 0.00808080808080808 0.03238095238095238
14 0.2548821548821549 0.43476190476190474 0.004713804713804714 0.006666666666666666
14 0.10016835016835017 0.43476190476190474 0.004377104377104377 0.005714285714285714
12 0.3803030303030303 0.534047619047619 0.007070707070707071 0.03190476190476191
12 0.04831649831649832 0.5347619047619048 0.005723905723905724 0.03238095238095238
12 0.6781144781144781 0.5345238095238095 0.007407407407407408 0.03190476190476191
12 0.9511784511784512 0.5345238095238095 0.007407407407407408 0.03190476190476191
14 0.2550505050505051 0.545952380952381 0.004377104377104377 0.006190476190476191
14 0.10084175084175084 0.5623809523809524 0.005050505050505051 0.007619047619047619
12 0.9510101010101011 0.6376190476190476 0.007744107744107744 0.03238095238095238
12 0.04831649831649832 0.6378571428571429 0.005723905723905724 0.03190476190476191
12 0.38063973063973067 0.6378571428571429 0.006397306397306398 0.03190476190476191
12 0.6784511784511785 0.6378571428571429 0.007407407407407408 0.03190476190476191
14 0.2550505050505051 0.6333333333333333 0.005050505050505051 0.006666666666666666
14 0.10033670033670034 0.6333333333333333 0.004713804713804714 0.005714285714285714
12 0.38063973063973067 0.7404761904761905 0.006397306397306398 0.03238095238095238
12 0.04814814814814815 0.7409523809523809 0.006060606060606061 0.03238095238095238
12 0.6784511784511785 0.7409523809523809 0.007407407407407408 0.03238095238095238
12 0.9511784511784512 0.7411904761904762 0.007407407407407408 0.032857142857142856
14 0.10033670033670034 0.7288095238095238 0.004713804713804714 0.007142857142857143
14 0.2550505050505051 0.7364285714285714 0.005050505050505051 0.007142857142857143
12 0.048484848484848485 0.8438095238095238 0.006060606060606061 0.03142857142857143
12 0.6781144781144781 0.844047619047619 0.006734006734006735 0.03190476190476191
12 0.9515151515151515 0.844047619047619 0.006060606060606061 0.03190476190476191
14 0.14074074074074075 0.8319047619047619 0.004713804713804714 0.006666666666666666
14 0.17592592592592593 0.8319047619047619 0.005050505050505051 0.006666666666666666
12 0.3808080808080808 0.8445238095238096 0.006060606060606061 0.030952380952380953
14 0.2550505050505051 0.84 0.005050505050505051 0.007619047619047619
14 0.21616161616161617 0.8402380952380952 0.0053872053872053875 0.007142857142857143
14 0.2892255892255892 0.8402380952380952 0.0053872053872053875 0.007142857142857143
14 0.3234006734006734 0.84 0.005050505050505051 0.006666666666666666
14 0.35723905723905724 0.84 0.0053872053872053875 0.006666666666666666
14 0.4031986531986532 0.84 0.005050505050505051 0.006666666666666666
14 0.4373737373737374 0.8402380952380952 0.0053872053872053875 0.007142857142857143
14 0.47154882154882155 0.84 0.005050505050505051 0.006666666666666666
14 0.5057239057239058 0.8402380952380952 0.0053872053872053875 0.007142857142857143
14 0.10067340067340068 0.8638095238095238 0.004713804713804714 0.006666666666666666
14 0.6535353535353535 0.8638095238095238 0.004713804713804714 0.006666666666666666
14 0.8037037037037037 0.8554761904761905 0.004713804713804714 0.007142857142857143
26 0.06043771043771044 0.12023809523809524 0.01717171717171717 0.062380952380952384
16 0.07441077441077441 0.11714285714285715 0.006734006734006735 0.022857142857142857
22 0.0936026936026936 0.12642857142857142 0.008754208754208754 0.023333333333333334
156 0.1132996632996633 0.13095238095238096 0.013131313131313133 0.054285714285714284
156 0.13333333333333333 0.1319047619047619 0.010774410774410775 0.05523809523809524
163 0.16885521885521887 0.13 0.008417508417508417 0.05047619047619047
188 0.19393939393939394 0.12904761904761905 0.01346801346801347 0.05047619047619047
163 0.2090909090909091 0.13 0.008754208754208754 0.05047619047619047
188 0.22828282828282828 0.12928571428571428 0.01346801346801347 0.05095238095238095
165 0.24781144781144782 0.1261904761904762 0.008754208754208754 0.04285714285714286
190 0.26683501683501687 0.12595238095238095 0.013131313131313133 0.041428571428571426
165 0.28181818181818186 0.12595238095238095 0.008754208754208754 0.04238095238095238
190 0.3011784511784512 0.12595238095238095 0.013131313131313133 0.04238095238095238
165 0.3156565656565657 0.1261904761904762 0.008417508417508417 0.0419047619047619
190 0.3351851851851852 0.12595238095238095 0.013131313131313133 0.041428571428571426
165 0.35000000000000003 0.1261904761904762 0.008417508417508417 0.0419047619047619
190 0.3693602693602694 0.12595238095238095 0.01346801346801347 0.04238095238095238
17 0.3885521885521886 0.1219047619047619 0.0053872053872053875 0.026666666666666665
164 0.3910774410774411 0.12428571428571429 0.009764309764309765 0.030476190476190476
164 0.39595959595959596 0.12857142857142856 0.00808080808080808 0.047619047619047616
189 0.414983164983165 0.1280952380952381 0.013131313131313133 0.047619047619047616
164 0.42996632996633 0.12857142857142856 0.008754208754208754 0.04857142857142857
189 0.448989898989899 0.12857142857142856 0.013131313131313133 0.04857142857142857
134 0.4654882154882155 0.11761904761904762 0.010437710437710438 0.0419047619047619
17 0.49074074074074076 0.14952380952380953 0.006397306397306398 0.025714285714285714
127 0.49882154882154883 0.12976190476190477 0.009090909090909092 0.04904761904761905
22 0.5373737373737374 0.12642857142857142 0.008754208754208754 0.023333333333333334
164 0.5555555555555556 0.12857142857142856 0.008754208754208754 0.04857142857142857
164 0.5737373737373738 0.12857142857142856 0.008754208754208754 0.04857142857142857
189 0.5932659932659933 0.12857142857142856 0.01346801346801347 0.047619047619047616
106 0.6094276094276094 0.12166666666666667 0.008754208754208754 0.03380952380952381
22 0.6872053872053873 0.12595238095238095 0.008754208754208754 0.023333333333333334
160 0.7072390572390572 0.12404761904761905 0.011784511784511785 0.03761904761904762
160 0.7240740740740741 0.12309523809523809 0.009090909090909092 0.03857142857142857
185 0.7457912457912458 0.12357142857142857 0.009427609427609429 0.03761904761904762
102 0.7587542087542088 0.12833333333333333 0.008417508417508417 0.047142857142857146
163 0.8324915824915825 0.1330952380952381 0.008417508417508417 0.056666666666666664
188 0.8518518518518519 0.13285714285714287 0.012794612794612796 0.058095238095238096
15 0.8631313131313132 0.12904761904761905 0.007070707070707071 0.025714285714285714
162 0.8713804713804715 0.13380952380952382 0.008754208754208754 0.06
15 0.8855218855218856 0.13380952380952382 0.007407407407407408 0.026666666666666665
186 0.892929292929293 0.13547619047619047 0.011447811447811448 0.06142857142857143
132 0.907912457912458 0.12166666666666667 0.010437710437710438 0.034761904761904765
130 0.9294612794612795 0.12404761904761905 0.009090909090909092 0.03857142857142857
26 0.06026936026936027 0.22357142857142856 0.01616161616161616 0.06142857142857143
16 0.07491582491582492 0.22047619047619046 0.007070707070707071 0.023809523809523808
102 0.09343434343434344 0.23047619047619047 0.009090909090909092 0.04666666666666667
22 0.1691919191919192 0.22976190476190475 0.009090909090909092 0.023333333333333334
163 0.1873737373737374 0.23285714285714285 0.008417508417508417 0.05047619047619047
163 0.2090909090909091 0.2330952380952381 0.008754208754208754 0.05
188 0.22845117845117846 0.23238095238095238 0.013131313131313133 0.049523809523809526
163 0.24781144781144782 0.23285714285714285 0.008754208754208754 0.05047619047619047
188 0.267003367003367 0.23238095238095238 0.012794612794612796 0.05047619047619047
163 0.28181818181818186 0.23285714285714285 0.008754208754208754 0.05047619047619047
188 0.30084175084175085 0.23261904761904761 0.013131313131313133 0.05095238095238095
163 0.3161616161616162 0.23285714285714285 0.008754208754208754 0.05047619047619047
188 0.33501683501683505 0.23261904761904761 0.012794612794612796 0.05
163 0.3501683501683502 0.23261904761904761 0.008754208754208754 0.05
188 0.36919191919191924 0.23238095238095238 0.013131313131313133 0.05047619047619047
163 0.39595959595959596 0.23261904761904761 0.008754208754208754 0.05
188 0.414983164983165 0.23238095238095238 0.013131313131313133 0.049523809523809526
163 0.42996632996633 0.2330952380952381 0.008754208754208754 0.05
188 0.448989898989899 0.23261904761904761 0.013131313131313133 0.05
163 0.4641414141414142 0.23333333333333334 0.008417508417508417 0.05047619047619047
188 0.48299663299663304 0.23238095238095238 0.013131313131313133 0.05047619047619047
163 0.4983164983164983 0.23285714285714285 0.008754208754208754 0.05047619047619047
188 0.5171717171717172 0.23238095238095238 0.012794612794612796 0.05047619047619047
15 0.5286195286195287 0.23285714285714285 0.007407407407407408 0.025714285714285714
101 0.5372053872053872 0.22357142857142856 0.008417508417508417 0.03857142857142857
22 0.6097643097643098 0.22976190476190475 0.008754208754208754 0.023333333333333334
17 0.6205387205387206 0.25285714285714284 0.006060606060606061 0.026666666666666665
157 0.6294612794612795 0.23261904761904761 0.011784511784511785 0.04904761904761905
157 0.6462962962962964 0.23261904761904761 0.010437710437710438 0.05
99 0.6872053872053873 0.22690476190476191 0.008754208754208754 0.03857142857142857
22 0.7592592592592593 0.22976190476190475 0.008754208754208754 0.023333333333333334
158 0.778956228956229 0.2307142857142857 0.012457912457912458 0.04619047619047619
158 0.7956228956228957 0.2307142857142857 0.009427609427609429 0.04619047619047619
17 0.8252525252525253 0.25214285714285717 0.006060606060606061 0.02619047619047619
96 0.8329966329966331 0.23261904761904761 0.009427609427609429 0.05
99 0.9065656565656566 0.22714285714285715 0.009090909090909092 0.039047619047619046
28 0.060101010101010106 0.32880952380952383 0.01717171717171717 0.034761904761904765
16 0.07491582491582492 0.32785714285714285 0.006397306397306398 0.02238095238095238
103 0.09292929292929293 0.3333333333333333 0.008754208754208754 0.04380952380952381
22 0.16936026936026938 0.3333333333333333 0.008754208754208754 0.023809523809523808
164 0.1873737373737374 0.3352380952380952 0.008417508417508417 0.047619047619047616
164 0.20925925925925928 0.3352380952380952 0.009090909090909092 0.047619047619047616
189 0.2287878787878788 0.33476190476190476 0.013804713804713806 0.047619047619047616
15 0.2395622895622896 0.31642857142857145 0.007070707070707071 0.025238095238095237
167 0.247979797979798 0.32880952380952383 0.008417508417508417 0.03380952380952381
192 0.26666666666666666 0.3292857142857143 0.012794612794612796 0.03380952380952381
167 0.28181818181818186 0.32857142857142857 0.008754208754208754 0.035238095238095235
167 0.31582491582491584 0.3283333333333333 0.00808080808080808 0.03380952380952381
192 0.33484848484848484 0.32880952380952383 0.012457912457912458 0.032857142857142856
167 0.3498316498316498 0.32904761904761903 0.008754208754208754 0.03428571428571429
15 0.38737373737373737 0.31666666666666665 0.007744107744107744 0.025714285714285714
167 0.3957912457912458 0.3283333333333333 0.007744107744107744 0.034761904761904765
192 0.41515151515151516 0.32904761904761903 0.012794612794612796 0.03238095238095238
167 0.43013468013468015 0.32880952380952383 0.008417508417508417 0.034761904761904765
167 0.4981481481481482 0.32904761904761903 0.008417508417508417 0.03428571428571429
192 0.5175084175084176 0.32880952380952383 0.012794612794612796 0.03380952380952381
105 0.5368686868686869 0.3302380952380952 0.008417508417508417 0.03761904761904762
22 0.6095959595959596 0.3330952380952381 0.008417508417508417 0.023333333333333334
15 0.6193602693602694 0.31214285714285717 0.007744107744107744 0.02619047619047619
168 0.627946127946128 0.3269047619047619 0.00808080808080808 0.03857142857142857
168 0.6461279461279461 0.32666666666666666 0.008754208754208754 0.0380952380952381
193 0.6654882154882156 0.3264285714285714 0.011784511784511785 0.03857142857142857
101 0.6873737373737374 0.3264285714285714 0.009090909090909092 0.03761904761904762
22 0.7592592592592593 0.33285714285714285 0.008754208754208754 0.023809523809523808
159 0.778956228956229 0.3323809523809524 0.011111111111111112 0.0419047619047619
159 0.795959595959596 0.33214285714285713 0.008754208754208754 0.04238095238095238
105 0.8324915824915825 0.3302380952380952 0.008417508417508417 0.03761904761904762
105 0.9067340067340068 0.32976190476190476 0.008754208754208754 0.03761904761904762
26 0.06043771043771044 0.42976190476190473 0.015824915824915825 0.06142857142857143
16 0.07474747474747476 0.42714285714285716 0.006734006734006735 0.022857142857142857
102 0.09343434343434344 0.43738095238095237 0.008417508417508417 0.047142857142857146
133 0.20925925925925928 0.4380952380952381 0.008417508417508417 0.047619047619047616
102 0.24781144781144782 0.4380952380952381 0.008754208754208754 0.04666666666666667
133 0.35000000000000003 0.4380952380952381 0.008417508417508417 0.047619047619047616
102 0.39612794612794616 0.43785714285714283 0.007744107744107744 0.04619047619047619
133 0.4641414141414142 0.43547619047619046 0.008417508417508417 0.04238095238095238
133 0.49680134680134685 0.435 0.011111111111111112 0.04238095238095238
15 0.5284511784511785 0.4392857142857143 0.007744107744107744 0.02619047619047619
101 0.5372053872053872 0.42976190476190473 0.008417508417508417 0.03857142857142857
101 0.6095959595959596 0.42952380952380953 0.008417508417508417 0.0380952380952381
18 0.8067340067340067 0.42547619047619045 0.010774410774410775 0.009047619047619047
26 0.06077441077441078 0.5321428571428571 0.016498316498316498 0.060476190476190475
16 0.07474747474747476 0.5297619047619048 0.006734006734006735 0.023333333333333334
95 0.0936026936026936 0.544047619047619 0.010101010101010102 0.05476190476190476
126 0.21161616161616162 0.5435714285714286 0.013804713804713806 0.05476190476190476
15 0.23922558922558923 0.5461904761904762 0.007070707070707071 0.024761904761904763
100 0.24814814814814817 0.5345238095238095 0.00808080808080808 0.03380952380952381
131 0.3528619528619529 0.5345238095238095 0.01346801346801347 0.03380952380952381
15 0.3872053872053872 0.5461904761904762 0.00808080808080808 0.025714285714285714
100 0.3962962962962963 0.5345238095238095 0.00808080808080808 0.03380952380952381
131 0.46582491582491586 0.5342857142857143 0.011784511784511785 0.03428571428571429
131 0.4981481481481482 0.5342857142857143 0.008417508417508417 0.03428571428571429
99 0.5370370370370371 0.5361904761904762 0.00808080808080808 0.0380952380952381
99 0.6092592592592593 0.5366666666666666 0.008417508417508417 0.0380952380952381
19 0.6870370370370371 0.5330952380952381 0.011111111111111112 0.01
20 0.8313131313131313 0.5333333333333333 0.007407407407407408 0.026666666666666665
99 0.9067340067340068 0.5364285714285715 0.008754208754208754 0.03857142857142857
26 0.06060606060606061 0.6357142857142857 0.01616161616161616 0.06190476190476191
16 0.07491582491582492 0.6333333333333333 0.007744107744107744 0.022857142857142857
104 0.0936026936026936 0.6414285714285715 0.009427609427609429 0.0419047619047619
135 0.2090909090909091 0.6416666666666667 0.008754208754208754 0.041428571428571426
104 0.247979797979798 0.6416666666666667 0.009090909090909092 0.041428571428571426
135 0.3501683501683502 0.6416666666666667 0.008754208754208754 0.041428571428571426
17 0.3883838383838384 0.6376190476190476 0.005723905723905724 0.026666666666666665
103 0.3957912457912458 0.6428571428571429 0.008417508417508417 0.04380952380952381
134 0.4641414141414142 0.643095238095238 0.009090909090909092 0.04428571428571428
134 0.49629629629629635 0.6428571428571429 0.012121212121212121 0.04380952380952381
103 0.5370370370370371 0.6433333333333333 0.00808080808080808 0.04380952380952381
103 0.6092592592592593 0.643095238095238 0.008417508417508417 0.04428571428571428
18 0.8067340067340067 0.6319047619047619 0.010774410774410775 0.009523809523809525
27 0.06144781144781145 0.7404761904761905 0.01851851851851852 0.03428571428571429
105 0.09377104377104378 0.7423809523809524 0.009090909090909092 0.037142857142857144
135 0.2095959595959596 0.7447619047619047 0.009764309764309765 0.0419047619047619
15 0.23973063973063974 0.7409523809523809 0.007407407407407408 0.025714285714285714
103 0.24814814814814817 0.7461904761904762 0.009427609427609429 0.04476190476190476
134 0.3501683501683502 0.7461904761904762 0.008754208754208754 0.04476190476190476
15 0.38737373737373737 0.7409523809523809 0.007744107744107744 0.026666666666666665
103 0.3957912457912458 0.7459523809523809 0.008417508417508417 0.04428571428571428
134 0.463973063973064 0.7461904761904762 0.008754208754208754 0.04380952380952381
134 0.49629629629629635 0.7459523809523809 0.012121212121212121 0.04428571428571428
104 0.5368686868686869 0.7452380952380953 0.008417508417508417 0.0419047619047619
104 0.6092592592592593 0.7447619047619047 0.008417508417508417 0.0419047619047619
18 0.8067340067340067 0.735 0.010774410774410775 0.009047619047619047
27 0.060101010101010106 0.844047619047619 0.01717171717171717 0.03380952380952381
159 0.09343434343434344 0.8590476190476191 0.008417508417508417 0.06571428571428571
191 0.11885521885521887 0.8571428571428571 0.012121212121212121 0.05904761904761905
166 0.1336700336700337 0.8547619047619047 0.008754208754208754 0.05619047619047619
191 0.15286195286195287 0.8519047619047619 0.012794612794612796 0.05142857142857143
166 0.16902356902356902 0.8476190476190476 0.00808080808080808 0.04
191 0.19410774410774412 0.8478571428571429 0.012457912457912458 0.04047619047619048
165 0.20892255892255893 0.8483333333333334 0.008417508417508417 0.041428571428571426
190 0.22845117845117846 0.849047619047619 0.013131313131313133 0.040952380952380955
15 0.2393939393939394 0.844047619047619 0.006734006734006735 0.024285714285714285
164 0.24781144781144782 0.8514285714285714 0.00808080808080808 0.047619047619047616
189 0.2673400673400674 0.8509523809523809 0.012794612794612796 0.047619047619047616
164 0.28215488215488216 0.8514285714285714 0.00808080808080808 0.047619047619047616
189 0.3015151515151515 0.8509523809523809 0.012457912457912458 0.047619047619047616
164 0.3161616161616162 0.8516666666666667 0.00808080808080808 0.048095238095238094
189 0.33501683501683505 0.8509523809523809 0.012121212121212121 0.04666666666666667
164 0.35033670033670034 0.8511904761904762 0.008417508417508417 0.047142857142857146
189 0.3693602693602694 0.8511904761904762 0.01346801346801347 0.047142857142857146
15 0.3875420875420876 0.8438095238095238 0.006734006734006735 0.025714285714285714
164 0.39612794612794616 0.8514285714285714 0.007744107744107744 0.047619047619047616
189 0.41531986531986537 0.8509523809523809 0.012457912457912458 0.047619047619047616
164 0.43013468013468015 0.8514285714285714 0.008417508417508417 0.047619047619047616
189 0.4491582491582492 0.8509523809523809 0.012794612794612796 0.047619047619047616
164 0.4641414141414142 0.8514285714285714 0.007744107744107744 0.047619047619047616
189 0.48333333333333334 0.8509523809523809 0.012457912457912458 0.047619047619047616
164 0.4983164983164983 0.8511904761904762 0.00808080808080808 0.048095238095238094
189 0.5175084175084176 0.8507142857142858 0.012794612794612796 0.048095238095238094
104 0.5368686868686869 0.8485714285714285 0.008417508417508417 0.0419047619047619
22 0.6097643097643098 0.8488095238095238 0.008754208754208754 0.023333333333333334
158 0.6291245791245792 0.85 0.012457912457912458 0.045714285714285714
158 0.6461279461279461 0.85 0.009427609427609429 0.045714285714285714
158 0.6680134680134681 0.85 0.009427609427609429 0.045714285714285714
102 0.6868686868686869 0.8504761904761905 0.008754208754208754 0.04666666666666667
22 0.7592592592592593 0.8485714285714285 0.008754208754208754 0.022857142857142857
161 0.7791245791245792 0.8442857142857143 0.011447811447811448 0.03428571428571429
161 0.7957912457912458 0.844047619047619 0.009090909090909092 0.034761904761904765
188 0.8175084175084175 0.844047619047619 0.008754208754208754 0.03380952380952381
104 0.8324915824915825 0.8478571428571429 0.008417508417508417 0.04238095238095238
28 0.8937710437710438 0.8438095238095238 0.013131313131313133 0.03238095238095238
105 0.9067340067340068 0.8457142857142858 0.00808080808080808 0.037142857142857144
27 0.9405723905723906 0.8442857142857143 0.014478114478114479 0.03428571428571429
181 0.15555555555555556 0.13214285714285715 0.009427609427609429 0.05285714285714286
182 0.6685185185185185 0.23261904761904761 0.009764309764309765 0.05
183 0.8181818181818182 0.23095238095238096 0.009427609427609429 0.04476190476190476
192 0.301010101010101 0.3283333333333333 0.012794612794612796 0.03380952380952381
192 0.36952861952861954 0.32880952380952383 0.012457912457912458 0.032857142857142856
192 0.4494949494949495 0.32857142857142857 0.012794612794612796 0.03238095238095238
192 0.4831649831649832 0.32857142857142857 0.012794612794612796 0.03238095238095238
167 0.4641414141414142 0.3295238095238095 0.008417508417508417 0.03428571428571429
184 0.8180134680134681 0.33214285714285713 0.009090909090909092 0.041428571428571426
