12 0.9515306122448981 0.13852813852813853 0.0071428571428571435 0.05194805194805195
12 0.047959183673469394 0.13816738816738816 0.0071428571428571435 0.049783549783549784
12 0.33852040816326534 0.13744588744588745 0.00969387755102041 0.048340548340548344
12 0.7477040816326531 0.1378066378066378 0.008673469387755102 0.049062049062049064
12 0.5428571428571429 0.13816738816738816 0.011224489795918368 0.048340548340548344
14 0.16173469387755104 0.15548340548340547 0.006122448979591837 0.00937950937950938
12 0.9515306122448981 0.2619047619047619 0.0071428571428571435 0.050505050505050504
12 0.048469387755102046 0.2615440115440115 0.0071428571428571435 0.048340548340548344
12 0.5441326530612245 0.2611832611832612 0.013775510204081635 0.047619047619047616
12 0.7474489795918368 0.26082251082251084 0.00816326530612245 0.046897546897546896
12 0.3377551020408164 0.2619047619047619 0.011224489795918368 0.047619047619047616
12 0.04872448979591837 0.37806637806637805 0.007653061224489797 0.049062049062049064
12 0.3380102040816327 0.37842712842712845 0.008673469387755102 0.049783549783549784
12 0.5436224489795919 0.37806637806637805 0.00969387755102041 0.049062049062049064
12 0.7471938775510205 0.3787878787878788 0.007653061224489797 0.049062049062049064
12 0.9515306122448981 0.3787878787878788 0.0071428571428571435 0.049062049062049064
12 0.9517857142857143 0.6323953823953824 0.007653061224489797 0.051226551226551224
12 0.047704081632653064 0.6323953823953824 0.00663265306122449 0.049783549783549784
12 0.33979591836734696 0.6320346320346321 0.009183673469387756 0.049062049062049064
12 0.5441326530612245 0.6316738816738817 0.008673469387755102 0.048340548340548344
12 0.7479591836734695 0.6320346320346321 0.00816326530612245 0.049062049062049064
12 0.9522959183673471 0.7561327561327561 0.007653061224489797 0.05194805194805195
12 0.048469387755102046 0.7554112554112554 0.0071428571428571435 0.049062049062049064
12 0.5446428571428572 0.7550505050505051 0.012755102040816327 0.048340548340548344
12 0.7477040816326531 0.7546897546897547 0.007653061224489797 0.047619047619047616
12 0.33979591836734696 0.7550505050505051 0.010204081632653062 0.046897546897546896
12 0.048469387755102046 0.8722943722943723 0.0071428571428571435 0.049062049062049064
12 0.33979591836734696 0.8726551226551227 0.009183673469387756 0.049783549783549784
12 0.5438775510204082 0.8722943722943723 0.010204081632653062 0.049062049062049064
12 0.7474489795918368 0.873015873015873 0.0071428571428571435 0.050505050505050504
12 0.9515306122448981 0.8726551226551227 0.0071428571428571435 0.049783549783549784
12 0.20408163265306123 0.8795093795093795 0.0071428571428571435 0.03318903318903319
31 0.06454081632653062 0.1443001443001443 0.02295918367346939 0.09668109668109669
19 0.15051020408163265 0.1590909090909091 0.014285714285714287 0.012265512265512266
104 0.15076530612244898 0.12950937950937952 0.012755102040816327 0.07287157287157287
21 0.19744897959183674 0.11255411255411256 0.012244897959183675 0.023088023088023088
134 0.22500000000000003 0.13023088023088022 0.01938775510204082 0.0670995670995671
135 0.24872448979591838 0.1305916305916306 0.015816326530612247 0.06493506493506493
134 0.27066326530612245 0.13131313131313133 0.012755102040816327 0.06349206349206349
136 0.29617346938775513 0.13816738816738816 0.015816326530612247 0.05844155844155844
136 0.3163265306122449 0.13924963924963926 0.0163265306122449 0.05339105339105339
132 0.37806122448979596 0.12987012987012986 0.01326530612244898 0.06926406926406926
136 0.40229591836734696 0.12734487734487734 0.013775510204081635 0.07431457431457432
136 0.4267857142857143 0.12518037518037517 0.012755102040816327 0.07864357864357864
132 0.45000000000000007 0.1323953823953824 0.015306122448979593 0.06565656565656566
132 0.47321428571428575 0.13131313131313133 0.012755102040816327 0.06926406926406926
136 0.4977040816326531 0.12698412698412698 0.013775510204081635 0.0735930735930736
136 0.5224489795918368 0.12481962481962482 0.012244897959183675 0.07792207792207792
132 0.5584183673469388 0.1518759018759019 0.013775510204081635 0.07864357864357864
132 0.5831632653061225 0.14898989898989898 0.01326530612244898 0.07287157287157287
136 0.6071428571428572 0.1461038961038961 0.01326530612244898 0.06854256854256854
136 0.6311224489795919 0.1443001443001443 0.017346938775510204 0.06493506493506493
132 0.6551020408163266 0.15079365079365079 0.01326530612244898 0.07647907647907648
132 0.678826530612245 0.1471861471861472 0.012755102040816327 0.06782106782106782
136 0.7025510204081633 0.14393939393939395 0.01326530612244898 0.06277056277056277
137 0.7255102040816327 0.14105339105339104 0.0163265306122449 0.056998556998557
132 0.7627551020408164 0.15223665223665223 0.01326530612244898 0.07936507936507936
132 0.7872448979591837 0.14898989898989898 0.01326530612244898 0.07287157287157287
136 0.8112244897959184 0.1461038961038961 0.01326530612244898 0.06854256854256854
136 0.8352040816326531 0.14393939393939395 0.017346938775510204 0.06421356421356421
132 0.8584183673469389 0.15223665223665223 0.013775510204081635 0.07936507936507936
132 0.8831632653061225 0.14935064935064934 0.01326530612244898 0.0735930735930736
136 0.9068877551020409 0.14646464646464646 0.013775510204081635 0.06926406926406926
136 0.9306122448979592 0.1443001443001443 0.017346938775510204 0.06493506493506493
26 0.06479591836734694 0.26262626262626265 0.023469387755102045 0.08513708513708514
27 0.06479591836734694 0.37806637806637805 0.025510204081632654 0.05194805194805195
127 0.1525510204081633 0.3906926406926407 0.018367346938775512 0.07575757575757576
127 0.17525510204081635 0.3903318903318903 0.015816326530612247 0.07503607503607504
127 0.1987244897959184 0.3903318903318903 0.015816326530612247 0.07503607503607504
127 0.22168367346938778 0.3903318903318903 0.015816326530612247 0.07503607503607504
127 0.24846938775510205 0.3903318903318903 0.018367346938775512 0.07503607503607504
127 0.2711734693877551 0.38997113997113997 0.015816326530612247 0.07575757575757576
127 0.2951530612244898 0.38997113997113997 0.015816326530612247 0.07575757575757576
127 0.3188775510204082 0.3906926406926407 0.015306122448979593 0.07575757575757576
123 0.3548469387755102 0.4018759018759019 0.019897959183673472 0.09956709956709957
130 0.37831632653061226 0.3813131313131313 0.013775510204081635 0.05844155844155844
123 0.40204081632653066 0.4018759018759019 0.0163265306122449 0.09956709956709957
130 0.4267857142857143 0.38167388167388167 0.013775510204081635 0.05772005772005772
123 0.450765306122449 0.4025974025974026 0.019897959183673472 0.09956709956709957
130 0.4737244897959184 0.3813131313131313 0.013775510204081635 0.05844155844155844
123 0.4979591836734694 0.4022366522366522 0.0163265306122449 0.10028860028860029
130 0.5227040816326531 0.3813131313131313 0.013775510204081635 0.05844155844155844
123 0.5607142857142857 0.4007936507936508 0.020408163265306124 0.10028860028860029
130 0.5839285714285715 0.3813131313131313 0.013775510204081635 0.05844155844155844
123 0.6079081632653062 0.4015151515151515 0.015816326530612247 0.10028860028860029
130 0.6326530612244898 0.38095238095238093 0.014285714285714287 0.05772005772005772
129 0.6568877551020409 0.3838383838383838 0.018877551020408164 0.06349206349206349
130 0.6795918367346939 0.38095238095238093 0.014285714285714287 0.05772005772005772
127 0.7033163265306123 0.38997113997113997 0.015816326530612247 0.07431457431457432
130 0.7285714285714286 0.38095238095238093 0.014285714285714287 0.05772005772005772
123 0.7647959183673471 0.4018759018759019 0.020408163265306124 0.09956709956709957
130 0.7880102040816327 0.38095238095238093 0.013775510204081635 0.05772005772005772
123 0.811734693877551 0.4018759018759019 0.0163265306122449 0.09956709956709957
130 0.8367346938775511 0.3813131313131313 0.014285714285714287 0.05844155844155844
123 0.8607142857142858 0.4018759018759019 0.020408163265306124 0.09956709956709957
130 0.8839285714285715 0.38167388167388167 0.013775510204081635 0.05772005772005772
123 0.9079081632653062 0.4018759018759019 0.015816326530612247 0.10101010101010101
130 0.9326530612244899 0.38095238095238093 0.01326530612244898 0.05772005772005772
31 0.06479591836734694 0.6385281385281385 0.023469387755102045 0.09668109668109669
133 0.15051020408163265 0.6385281385281385 0.01326530612244898 0.06493506493506493
133 0.17551020408163268 0.6381673881673882 0.01326530612244898 0.06421356421356421
136 0.19923469387755105 0.6385281385281385 0.013775510204081635 0.06493506493506493
133 0.2209183673469388 0.6385281385281385 0.0163265306122449 0.06493506493506493
133 0.24719387755102043 0.6403318903318903 0.012755102040816327 0.06854256854256854
133 0.2711734693877551 0.6378066378066378 0.012755102040816327 0.06349206349206349
136 0.29464285714285715 0.6356421356421357 0.012755102040816327 0.05916305916305916
137 0.31760204081632654 0.6338383838383839 0.015816326530612247 0.05411255411255411
132 0.35510204081632657 0.6457431457431457 0.01326530612244898 0.07792207792207792
132 0.3790816326530613 0.6432178932178932 0.01326530612244898 0.07287157287157287
136 0.403061224489796 0.6403318903318903 0.01326530612244898 0.06854256854256854
136 0.4267857142857143 0.6381673881673882 0.01785714285714286 0.06421356421356421
132 0.45025510204081637 0.6461038961038961 0.012755102040816327 0.07864357864357864
132 0.47474489795918373 0.6428571428571429 0.012755102040816327 0.0735930735930736
136 0.49897959183673474 0.6403318903318903 0.01326530612244898 0.06854256854256854
136 0.5224489795918368 0.6374458874458875 0.0163265306122449 0.06421356421356421
132 0.5589285714285714 0.6464646464646464 0.012755102040816327 0.07936507936507936
132 0.5834183673469389 0.6432178932178932 0.012755102040816327 0.07287157287157287
136 0.6076530612244898 0.6396103896103896 0.01326530612244898 0.06854256854256854
136 0.6311224489795919 0.6381673881673882 0.017346938775510204 0.06421356421356421
132 0.655357142857143 0.645021645021645 0.012755102040816327 0.07647907647907648
132 0.678826530612245 0.6410533910533911 0.012755102040816327 0.06854256854256854
136 0.7028061224489797 0.6378066378066378 0.012755102040816327 0.06349206349206349
137 0.725765306122449 0.6352813852813853 0.015816326530612247 0.056998556998557
132 0.7630102040816327 0.6461038961038961 0.013775510204081635 0.08008658008658008
132 0.7875000000000001 0.6428571428571429 0.013775510204081635 0.0735930735930736
136 0.8112244897959184 0.6406926406926406 0.01326530612244898 0.06926406926406926
136 0.8349489795918368 0.6385281385281385 0.01785714285714286 0.06493506493506493
132 0.8586734693877551 0.6461038961038961 0.014285714285714287 0.08008658008658008
132 0.8834183673469389 0.6432178932178932 0.013775510204081635 0.07287157287157287
136 0.9068877551020409 0.6406926406926406 0.013775510204081635 0.06926406926406926
136 0.9306122448979592 0.6385281385281385 0.017346938775510204 0.06493506493506493
26 0.0653061224489796 0.7572150072150072 0.02448979591836735 0.08585858585858586
27 0.0653061224489796 0.8701298701298701 0.025510204081632654 0.047619047619047616
123 0.15306122448979592 0.8961038961038961 0.020408163265306124 0.09956709956709957
130 0.17627551020408164 0.8755411255411255 0.013775510204081635 0.05844155844155844
123 0.19974489795918368 0.8964646464646464 0.015816326530612247 0.09884559884559885
130 0.22346938775510206 0.8751803751803752 0.014285714285714287 0.05916305916305916
129 0.24923469387755104 0.8777056277056277 0.018877551020408164 0.06277056277056277
130 0.27168367346938777 0.8751803751803752 0.01479591836734694 0.05772005772005772
127 0.29540816326530617 0.8841991341991342 0.015306122448979593 0.07431457431457432
130 0.3206632653061225 0.8751803751803752 0.01479591836734694 0.05772005772005772
123 0.3563775510204082 0.8957431457431457 0.019897959183673472 0.10028860028860029
130 0.37984693877551023 0.8751803751803752 0.013775510204081635 0.05916305916305916
123 0.40382653061224494 0.8961038961038961 0.015816326530612247 0.09812409812409813
130 0.42882653061224496 0.8755411255411255 0.013775510204081635 0.05844155844155844
123 0.452295918367347 0.8964646464646464 0.019897959183673472 0.10028860028860029
130 0.4752551020408164 0.8755411255411255 0.013775510204081635 0.05844155844155844
123 0.49923469387755104 0.8964646464646464 0.015816326530612247 0.09884559884559885
130 0.5242346938775511 0.8751803751803752 0.013775510204081635 0.05772005772005772
123 0.5609693877551021 0.895021645021645 0.019897959183673472 0.10028860028860029
130 0.5841836734693878 0.8755411255411255 0.01326530612244898 0.05844155844155844
123 0.6084183673469389 0.895021645021645 0.015816326530612247 0.10028860028860029
130 0.6329081632653062 0.8751803751803752 0.01479591836734694 0.05772005772005772
129 0.6571428571428573 0.8780663780663781 0.01938775510204082 0.06349206349206349
130 0.6798469387755103 0.8751803751803752 0.01479591836734694 0.05772005772005772
127 0.7035714285714286 0.8841991341991342 0.015306122448979593 0.07431457431457432
130 0.7285714285714286 0.8751803751803752 0.014285714285714287 0.05772005772005772
123 0.7650510204081633 0.8961038961038961 0.019897959183673472 0.09956709956709957
130 0.788265306122449 0.8751803751803752 0.014285714285714287 0.05772005772005772
123 0.8122448979591838 0.8961038961038961 0.0163265306122449 0.09956709956709957
130 0.8367346938775511 0.8755411255411255 0.014285714285714287 0.05844155844155844
123 0.8607142857142858 0.8961038961038961 0.020408163265306124 0.09956709956709957
130 0.8839285714285715 0.8759018759018758 0.013775510204081635 0.05772005772005772
123 0.9081632653061226 0.8961038961038961 0.015306122448979593 0.10101010101010101
130 0.9326530612244899 0.8755411255411255 0.01326530612244898 0.056998556998557
