12 0.11993927125506074 0.18718682891911237 0.008097165991902834 0.050823192555476016
13 0.30870445344129555 0.18718682891911237 0.010121457489878543 0.049391553328561204
12 0.8289473684210527 0.18754473872584107 0.00708502024291498 0.048675733715103794
12 0.5546558704453441 0.18790264853256977 0.00708502024291498 0.047959914101646385
12 0.9516700404858299 0.1882605583392985 0.007591093117408907 0.048675733715103794
12 0.4331983805668016 0.1882605583392985 0.00708502024291498 0.047244094488188976
12 0.1201923076923077 0.3103078024337867 0.007591093117408907 0.049391553328561204
13 0.30870445344129555 0.3103078024337867 0.011133603238866398 0.049391553328561204
12 0.8289473684210527 0.3103078024337867 0.008097165991902834 0.047959914101646385
12 0.43294534412955465 0.31066571224051537 0.007591093117408907 0.047244094488188976
12 0.5546558704453441 0.3103078024337867 0.00708502024291498 0.046528274874731566
12 0.7006578947368421 0.3110236220472441 0.007591093117408907 0.047959914101646385
12 0.9516700404858299 0.3110236220472441 0.007591093117408907 0.047959914101646385
12 0.047823886639676114 0.4523979957050823 0.006578947368421052 0.048675733715103794
12 0.19989878542510123 0.4520400858983536 0.00708502024291498 0.047959914101646385
12 0.6381578947368421 0.452755905511811 0.00708502024291498 0.049391553328561204
12 0.34286437246963564 0.4534717251252684 0.006578947368421052 0.047959914101646385
12 0.4256072874493927 0.4531138153185397 0.00708502024291498 0.047244094488188976
12 0.951417004048583 0.4534717251252684 0.00708502024291498 0.047959914101646385
14 0.3798076923076923 0.4828203292770222 0.007591093117408907 0.01073729420186113
12 0.047823886639676114 0.5758768790264853 0.006578947368421052 0.049391553328561204
12 0.5250506072874493 0.5751610594130279 0.007591093117408907 0.047959914101646385
12 0.6384109311740891 0.5751610594130279 0.007591093117408907 0.047959914101646385
12 0.34286437246963564 0.5755189692197566 0.007591093117408907 0.047244094488188976
12 0.4258603238866397 0.5755189692197566 0.007591093117408907 0.047244094488188976
12 0.951417004048583 0.5758768790264853 0.008097165991902834 0.047959914101646385
12 0.19964574898785425 0.5758768790264853 0.007591093117408907 0.046528274874731566
12 0.7540485829959515 0.5758768790264853 0.00708502024291498 0.046528274874731566
12 0.8524797570850202 0.5758768790264853 0.007591093117408907 0.046528274874731566
14 0.3793016194331984 0.5926986399427344 0.006578947368421052 0.010021474588403722
12 0.21204453441295545 0.7176091624910522 0.008097165991902834 0.049391553328561204
12 0.04757085020242915 0.7179670722977809 0.00708502024291498 0.048675733715103794
12 0.354251012145749 0.7186828919112384 0.00708502024291498 0.048675733715103794
12 0.6912955465587045 0.7179670722977809 0.00708502024291498 0.047244094488188976
12 0.8218623481781376 0.7179670722977809 0.00708502024291498 0.047244094488188976
12 0.9516700404858299 0.7183249821045097 0.007591093117408907 0.047959914101646385
12 0.04807692307692308 0.8468146027201146 0.00708502024291498 0.048675733715103794
12 0.2117914979757085 0.8464566929133858 0.00860323886639676 0.047959914101646385
12 0.4668522267206478 0.8464566929133858 0.007591093117408907 0.047959914101646385
12 0.5789473684210527 0.8460987831066571 0.00708502024291498 0.047244094488188976
12 0.6910425101214575 0.8457408732999284 0.007591093117408907 0.046528274874731566
12 0.35450404858299595 0.8464566929133858 0.006578947368421052 0.046528274874731566
12 0.8221153846153846 0.8460987831066571 0.007591093117408907 0.04581245526127416
12 0.9516700404858299 0.8464566929133858 0.007591093117408907 0.046528274874731566
12 0.04757085020242915 0.981746599856836 0.00708502024291498 0.035075161059413024
26 0.13739878542510123 0.18539727988546886 0.02479757085020243 0.09162491052254831
19 0.19610323886639677 0.18432355046528273 0.01568825910931174 0.012168933428775949
130 0.2525303643724696 0.1911238367931281 0.016194331983805668 0.05726556907659269
131 0.2866902834008097 0.1882605583392985 0.013663967611336033 0.051539012168933425
101 0.32818825910931176 0.18503937007874016 0.013663967611336033 0.05654974946313529
100 0.36361336032388664 0.18790264853256977 0.013663967611336033 0.050823192555476016
99 0.39979757085020245 0.1911238367931281 0.013157894736842105 0.05869720830350751
101 0.4509109311740891 0.18432355046528273 0.013157894736842105 0.05654974946313529
101 0.4868421052631579 0.18432355046528273 0.013157894736842105 0.05654974946313529
99 0.521255060728745 0.1907659269863994 0.013157894736842105 0.0579813886900501
100 0.5711032388663968 0.18754473872584107 0.013663967611336033 0.050107372942018606
101 0.6244939271255061 0.18432355046528273 0.013157894736842105 0.05654974946313529
99 0.667004048582996 0.1904080171796707 0.013157894736842105 0.05869720830350751
69 0.7173582995951417 0.19613457408732998 0.01568825910931174 0.06871868289191124
130 0.7760627530364372 0.1907659269863994 0.016700404858299597 0.05654974946313529
131 0.8092105263157895 0.18790264853256977 0.01417004048582996 0.052254831782390834
101 0.84665991902834 0.18468146027201143 0.013157894736842105 0.05726556907659269
100 0.882085020242915 0.18754473872584107 0.01417004048582996 0.051539012168933425
99 0.9182692307692307 0.1911238367931281 0.013663967611336033 0.05869720830350751
26 0.13739878542510123 0.30851825340014316 0.02479757085020243 0.09305654974946313
19 0.19610323886639677 0.30744452397995703 0.016700404858299597 0.012168933428775949
132 0.2527834008097166 0.30887616320687183 0.016700404858299597 0.05368647100930565
133 0.2866902834008097 0.30816034359341443 0.012651821862348178 0.05654974946313529
103 0.32793522267206476 0.3174659985683608 0.013157894736842105 0.06513958482462419
102 0.3641194331983806 0.3049391553328561 0.012651821862348178 0.06156048675733715
101 0.4000506072874494 0.30816034359341443 0.012651821862348178 0.05654974946313529
103 0.45040485829959515 0.31782390837508945 0.013157894736842105 0.0658554044380816
103 0.4865890688259109 0.3174659985683608 0.012651821862348178 0.06513958482462419
101 0.521255060728745 0.30780243378668576 0.013157894736842105 0.05726556907659269
102 0.5711032388663968 0.3049391553328561 0.012651821862348178 0.06156048675733715
103 0.6237348178137652 0.31782390837508945 0.012651821862348178 0.0658554044380816
101 0.6675101214574899 0.30816034359341443 0.013157894736842105 0.05654974946313529
71 0.7176113360323887 0.3131710808876163 0.01417004048582996 0.0579813886900501
132 0.7758097165991903 0.30887616320687183 0.01720647773279352 0.05368647100930565
133 0.8089574898785425 0.30851825340014316 0.012651821862348178 0.05583392984967788
103 0.8464068825910931 0.31782390837508945 0.012651821862348178 0.0658554044380816
102 0.882338056680162 0.3049391553328561 0.012651821862348178 0.06156048675733715
101 0.9185222672064778 0.30780243378668576 0.013157894736842105 0.05726556907659269
26 0.06553643724696356 0.45025053686471006 0.02479757085020243 0.09162491052254831
101 0.10172064777327935 0.4498926270579814 0.013157894736842105 0.0579813886900501
101 0.13562753036437247 0.44953471725125266 0.013157894736842105 0.05726556907659269
99 0.1680161943319838 0.45561918396564066 0.013157894736842105 0.0579813886900501
100 0.21558704453441296 0.4523979957050823 0.013157894736842105 0.050107372942018606
101 0.2689777327935223 0.4498926270579814 0.012651821862348178 0.05654974946313529
99 0.31199392712550605 0.45561918396564066 0.013663967611336033 0.0579813886900501
69 0.36791497975708504 0.46134574087329994 0.016194331983805668 0.06800286327845383
69 0.44205465587044535 0.4617036506800286 0.016700404858299597 0.06871868289191124
98 0.4934210526315789 0.45848246241947027 0.013157894736842105 0.06370794559770937
71 0.541244939271255 0.45561918396564066 0.014676113360323886 0.0579813886900501
130 0.5941295546558705 0.45561918396564066 0.016194331983805668 0.05654974946313529
130 0.6194331983805668 0.45597709377236934 0.013157894736842105 0.05726556907659269
100 0.6546052631578947 0.452755905511811 0.013663967611336033 0.050823192555476016
101 0.6887651821862348 0.4498926270579814 0.013157894736842105 0.05654974946313529
100 0.722419028340081 0.452755905511811 0.013663967611336033 0.050823192555476016
71 0.770242914979757 0.45526127415891193 0.01417004048582996 0.05726556907659269
98 0.8213562753036437 0.45848246241947027 0.013157894736842105 0.06370794559770937
69 0.8691801619433198 0.46134574087329994 0.01568825910931174 0.06800286327845383
98 0.9202935222672065 0.45848246241947027 0.013663967611336033 0.06370794559770937
26 0.06553643724696356 0.5730136005726557 0.02479757085020243 0.09234073013600572
103 0.10121457489878542 0.5837508947745168 0.012145748987854251 0.06657122405153901
103 0.1353744939271255 0.5830350751610593 0.012651821862348178 0.06513958482462419
101 0.16826923076923078 0.5726556907659269 0.012651821862348178 0.05583392984967788
102 0.215334008097166 0.5697924123120973 0.012651821862348178 0.06156048675733715
103 0.2682186234817814 0.5830350751610593 0.013157894736842105 0.06513958482462419
101 0.31224696356275305 0.5730136005726557 0.013157894736842105 0.05654974946313529
71 0.368168016194332 0.5787401574803149 0.014676113360323886 0.0579813886900501
71 0.4425607287449393 0.5783822476735863 0.014676113360323886 0.05869720830350751
100 0.4934210526315789 0.5758768790264853 0.01417004048582996 0.050823192555476016
73 0.541497975708502 0.5726556907659269 0.01417004048582996 0.05583392984967788
132 0.5938765182186235 0.5740873299928417 0.016700404858299597 0.052970651395848244
132 0.6194331983805668 0.5744452397995705 0.012145748987854251 0.05368647100930565
102 0.6546052631578947 0.570150322118826 0.012651821862348178 0.06084466714387974
103 0.688259109311741 0.5830350751610593 0.013157894736842105 0.06657122405153901
102 0.722419028340081 0.570150322118826 0.012651821862348178 0.06084466714387974
73 0.770242914979757 0.5730136005726557 0.01417004048582996 0.05654974946313529
100 0.8213562753036437 0.5758768790264853 0.01417004048582996 0.050823192555476016
71 0.8694331983805668 0.5783822476735863 0.01417004048582996 0.05726556907659269
100 0.9202935222672065 0.5755189692197566 0.013663967611336033 0.051539012168933425
26 0.06553643724696356 0.7151037938439513 0.02479757085020243 0.09162491052254831
71 0.10197368421052631 0.7211882605583393 0.014676113360323886 0.0579813886900501
130 0.16270242914979757 0.7211882605583393 0.016700404858299597 0.0579813886900501
130 0.19078947368421054 0.7211882605583393 0.013157894736842105 0.0579813886900501
100 0.2284919028340081 0.7179670722977809 0.013663967611336033 0.050107372942018606
101 0.27530364372469635 0.7147458840372226 0.013157894736842105 0.05654974946313529
100 0.3185728744939271 0.7179670722977809 0.013663967611336033 0.051539012168933425
71 0.37196356275303644 0.7204724409448818 0.01417004048582996 0.0579813886900501
98 0.4309210526315789 0.7236936292054402 0.013663967611336033 0.06299212598425197
69 0.4840587044534413 0.7265569076592698 0.01568825910931174 0.06871868289191124
98 0.5430161943319838 0.7233357193987114 0.013157894736842105 0.06370794559770937
71 0.5964068825910931 0.7204724409448818 0.014676113360323886 0.0579813886900501
99 0.6553643724696356 0.7204724409448818 0.013157894736842105 0.0579813886900501
101 0.7095141700404859 0.7151037938439513 0.013157894736842105 0.05726556907659269
100 0.7477226720647774 0.7179670722977809 0.013663967611336033 0.051539012168933425
99 0.7861842105263158 0.7211882605583393 0.013663967611336033 0.0579813886900501
101 0.840587044534413 0.7147458840372226 0.013157894736842105 0.05654974946313529
101 0.8790485829959515 0.7147458840372226 0.013157894736842105 0.05654974946313529
99 0.9157388663967612 0.7211882605583393 0.013663967611336033 0.0579813886900501
26 0.0652834008097166 0.8443092340730136 0.024291497975708502 0.09234073013600572
73 0.10222672064777329 0.8439513242662848 0.01417004048582996 0.05583392984967788
132 0.16219635627530365 0.8446671438797423 0.016700404858299597 0.052970651395848244
132 0.19053643724696356 0.845025053686471 0.012651821862348178 0.05368647100930565
102 0.22899797570850203 0.8407301360057265 0.012651821862348178 0.06084466714387974
103 0.27479757085020245 0.8536148890479599 0.013157894736842105 0.06513958482462419
102 0.3185728744939271 0.8407301360057265 0.012651821862348178 0.06084466714387974
73 0.3722165991902834 0.8432355046528275 0.014676113360323886 0.05583392984967788
100 0.4309210526315789 0.8468146027201146 0.013663967611336033 0.051539012168933425
71 0.48456477732793524 0.8489620615604867 0.013663967611336033 0.05726556907659269
100 0.5432692307692307 0.8468146027201146 0.013663967611336033 0.051539012168933425
73 0.5969129554655871 0.8432355046528275 0.014676113360323886 0.05583392984967788
101 0.6556174089068826 0.8439513242662848 0.013663967611336033 0.05583392984967788
103 0.7090080971659919 0.8539727988546886 0.013157894736842105 0.0658554044380816
102 0.7479757085020243 0.8403722261989978 0.013157894736842105 0.06156048675733715
101 0.7864372469635628 0.8435934144595562 0.013157894736842105 0.05654974946313529
103 0.8398279352226721 0.8539727988546886 0.012651821862348178 0.0658554044380816
103 0.8782894736842105 0.8536148890479599 0.012651821862348178 0.06513958482462419
101 0.9159919028340081 0.8439513242662848 0.013157894736842105 0.05726556907659269
