12 0.9515306122448981 0.1406926406926407 0.00816326530612245 0.047619047619047616
12 0.048214285714285716 0.14105339105339104 0.008673469387755102 0.046897546897546896
12 0.5188775510204082 0.14105339105339104 0.009183673469387756 0.046897546897546896
12 0.048469387755102046 0.26262626262626265 0.00816326530612245 0.047619047619047616
12 0.5186224489795919 0.262987012987013 0.008673469387755102 0.048340548340548344
12 0.9515306122448981 0.262987012987013 0.00816326530612245 0.046897546897546896
12 0.5183673469387755 0.3841991341991342 0.00816326530612245 0.046897546897546896
12 0.048469387755102046 0.38492063492063494 0.00816326530612245 0.046897546897546896
12 0.9512755102040817 0.38492063492063494 0.008673469387755102 0.046897546897546896
12 0.5186224489795919 0.5057720057720058 0.00969387755102041 0.049062049062049064
12 0.048469387755102046 0.5068542568542569 0.00816326530612245 0.046897546897546896
12 0.9515306122448981 0.5072150072150072 0.009183673469387756 0.047619047619047616
12 0.048469387755102046 0.6583694083694084 0.00816326530612245 0.048340548340548344
12 0.9515306122448981 0.6587301587301587 0.00816326530612245 0.047619047619047616
12 0.5186224489795919 0.6590909090909091 0.008673469387755102 0.046897546897546896
12 0.5186224489795919 0.7810245310245311 0.008673469387755102 0.048340548340548344
12 0.048214285714285716 0.7810245310245311 0.00663265306122449 0.046897546897546896
12 0.9512755102040817 0.7810245310245311 0.008673469387755102 0.046897546897546896
12 0.04872448979591837 0.9329004329004329 0.007653061224489797 0.050505050505050504
12 0.5186224489795919 0.9321789321789322 0.008673469387755102 0.047619047619047616
12 0.9512755102040817 0.9325396825396826 0.008673469387755102 0.046897546897546896
26 0.06709183673469388 0.13816738816738816 0.023979591836734697 0.09163059163059163
74 0.10382653061224491 0.13455988455988455 0.013775510204081635 0.06277056277056277
104 0.31250000000000006 0.1471861471861472 0.012755102040816327 0.06493506493506493
106 0.41785714285714287 0.14105339105339104 0.01326530612244898 0.051226551226551224
77 0.5352040816326531 0.14393939393939395 0.01326530612244898 0.056998556998557
103 0.7446428571428572 0.14862914862914864 0.012755102040816327 0.06782106782106782
105 0.8500000000000001 0.14393939393939395 0.012244897959183675 0.056998556998557
26 0.06709183673469388 0.2601010101010101 0.025 0.09163059163059163
163 0.10229591836734694 0.2694805194805195 0.012755102040816327 0.06565656565656566
165 0.12933673469387758 0.2662337662337662 0.012755102040816327 0.05772005772005772
167 0.15612244897959185 0.26334776334776333 0.01326530612244898 0.05339105339105339
170 0.1816326530612245 0.255050505050505 0.017346938775510204 0.06854256854256854
163 0.20739795918367349 0.2702020202020202 0.012755102040816327 0.06565656565656566
165 0.2344387755102041 0.26587301587301587 0.012755102040816327 0.05844155844155844
167 0.2612244897959184 0.2637085137085137 0.01326530612244898 0.05266955266955267
170 0.2869897959183674 0.2546897546897547 0.01785714285714286 0.06926406926406926
163 0.31250000000000006 0.2702020202020202 0.012755102040816327 0.06565656565656566
165 0.3392857142857143 0.2662337662337662 0.01326530612244898 0.05772005772005772
167 0.3660714285714286 0.2637085137085137 0.012755102040816327 0.05266955266955267
170 0.3913265306122449 0.2546897546897547 0.018367346938775512 0.06926406926406926
163 0.4170918367346939 0.2702020202020202 0.012755102040816327 0.06565656565656566
165 0.4438775510204082 0.2665945165945166 0.01326530612244898 0.05844155844155844
167 0.4709183673469388 0.26406926406926406 0.01326530612244898 0.05339105339105339
170 0.4964285714285715 0.255050505050505 0.017346938775510204 0.06998556998556998
162 0.5349489795918367 0.2748917748917749 0.012755102040816327 0.07503607503607504
164 0.5614795918367348 0.2709235209235209 0.013775510204081635 0.06854256854256854
167 0.588265306122449 0.26731601731601734 0.01326530612244898 0.06132756132756133
169 0.6135204081632654 0.25757575757575757 0.01683673469387755 0.06493506493506493
162 0.639795918367347 0.2741702741702742 0.01326530612244898 0.07503607503607504
164 0.6665816326530613 0.2702020202020202 0.013775510204081635 0.0670995670995671
167 0.6936224489795919 0.26731601731601734 0.013775510204081635 0.05988455988455989
169 0.7183673469387756 0.25793650793650796 0.0163265306122449 0.06421356421356421
162 0.7448979591836735 0.2741702741702742 0.01326530612244898 0.07503607503607504
164 0.7716836734693878 0.2702020202020202 0.013775510204081635 0.0670995670995671
167 0.7987244897959185 0.2676767676767677 0.013775510204081635 0.06060606060606061
169 0.8234693877551021 0.25793650793650796 0.017346938775510204 0.06421356421356421
162 0.8497448979591837 0.2741702741702742 0.013775510204081635 0.07503607503607504
164 0.8762755102040817 0.27056277056277056 0.013775510204081635 0.06782106782106782
167 0.9033163265306123 0.26695526695526695 0.013775510204081635 0.06060606060606061
169 0.928061224489796 0.25721500721500723 0.0163265306122449 0.06421356421356421
26 0.06683673469387756 0.3823953823953824 0.02448979591836735 0.09235209235209235
18 0.2994897959183674 0.37626262626262624 0.0163265306122449 0.013708513708513708
18 0.7352040816326532 0.37626262626262624 0.015306122448979593 0.013708513708513708
27 0.0663265306122449 0.5072150072150072 0.025510204081632654 0.05194805194805195
161 0.1028061224489796 0.5198412698412699 0.012755102040816327 0.0772005772005772
163 0.12933673469387758 0.5165945165945166 0.012755102040816327 0.06926406926406926
165 0.15612244897959185 0.5126262626262627 0.01326530612244898 0.06277056277056277
168 0.18035714285714288 0.5064935064935064 0.01683673469387755 0.06060606060606061
161 0.20739795918367349 0.5202020202020202 0.012755102040816327 0.07792207792207792
163 0.2341836734693878 0.5165945165945166 0.01326530612244898 0.0707070707070707
165 0.2612244897959184 0.5119047619047619 0.01326530612244898 0.06277056277056277
168 0.28571428571428575 0.5061327561327561 0.017346938775510204 0.05988455988455989
161 0.31250000000000006 0.5198412698412699 0.012755102040816327 0.0772005772005772
163 0.3392857142857143 0.5162337662337663 0.01326530612244898 0.06998556998556998
165 0.3660714285714286 0.5122655122655123 0.012755102040816327 0.06204906204906205
168 0.39056122448979597 0.5061327561327561 0.01683673469387755 0.05988455988455989
161 0.41760204081632657 0.5198412698412699 0.012755102040816327 0.0772005772005772
163 0.4441326530612245 0.5158730158730159 0.012755102040816327 0.06926406926406926
165 0.4709183673469388 0.5119047619047619 0.01326530612244898 0.06277056277056277
168 0.4954081632653062 0.5064935064935064 0.017346938775510204 0.06060606060606061
160 0.536734693877551 0.5086580086580087 0.018367346938775512 0.06204906204906205
162 0.5622448979591838 0.5021645021645021 0.014285714285714287 0.06204906204906205
165 0.5895408163265307 0.4981962481962482 0.013775510204081635 0.06998556998556998
167 0.6160714285714286 0.4945887445887446 0.013775510204081635 0.08008658008658008
160 0.6420918367346939 0.5082972582972582 0.018877551020408164 0.06277056277056277
162 0.6668367346938776 0.5025252525252525 0.014285714285714287 0.06277056277056277
165 0.6941326530612245 0.4981962481962482 0.013775510204081635 0.06998556998556998
167 0.7209183673469388 0.4945887445887446 0.01326530612244898 0.08008658008658008
160 0.7471938775510205 0.5082972582972582 0.018877551020408164 0.06277056277056277
162 0.7719387755102042 0.5021645021645021 0.014285714285714287 0.06204906204906205
165 0.7992346938775511 0.4981962481962482 0.013775510204081635 0.06998556998556998
167 0.825765306122449 0.4945887445887446 0.013775510204081635 0.08008658008658008
160 0.8520408163265307 0.5079365079365079 0.01938775510204082 0.06204906204906205
162 0.8770408163265306 0.5025252525252525 0.015306122448979593 0.06132756132756133
165 0.9043367346938777 0.4981962481962482 0.013775510204081635 0.06998556998556998
167 0.9316326530612246 0.4953102453102453 0.014285714285714287 0.07864357864357864
26 0.06709183673469388 0.6576479076479076 0.023979591836734697 0.09307359307359307
75 0.10306122448979593 0.6673881673881674 0.01326530612244898 0.06782106782106782
106 0.31250000000000006 0.6583694083694084 0.013775510204081635 0.051226551226551224
108 0.41760204081632657 0.652958152958153 0.012755102040816327 0.06349206349206349
75 0.5352040816326531 0.6663059163059163 0.01326530612244898 0.06565656565656566
105 0.7446428571428572 0.6616161616161617 0.012755102040816327 0.05772005772005772
15 0.8367346938775511 0.6345598845598845 0.012244897959183675 0.03968253968253968
107 0.8497448979591837 0.6554834054834054 0.012755102040816327 0.05844155844155844
26 0.0673469387755102 0.7795815295815296 0.02755102040816327 0.09740259740259741
68 0.10357142857142858 0.7922077922077922 0.015306122448979593 0.07503607503607504
99 0.313265306122449 0.7842712842712842 0.01326530612244898 0.05916305916305916
101 0.4188775510204082 0.7777777777777778 0.01326530612244898 0.05772005772005772
68 0.5357142857142858 0.7925685425685426 0.0163265306122449 0.07575757575757576
98 0.7456632653061225 0.7871572871572872 0.013775510204081635 0.06349206349206349
15 0.8369897959183674 0.7987012987012987 0.010714285714285714 0.03751803751803752
100 0.850765306122449 0.7813852813852814 0.012755102040816327 0.05194805194805195
26 0.06760204081632654 0.93001443001443 0.028061224489795922 0.09523809523809523
18 0.29923469387755103 0.9238816738816739 0.01683673469387755 0.013708513708513708
18 0.7352040816326532 0.9238816738816739 0.0163265306122449 0.013708513708513708
