12 0.047704081632653064 0.28823953823953824 0.00663265306122449 0.049783549783549784
13 0.33852040816326534 0.2878787878787879 0.011734693877551022 0.049062049062049064
12 0.5438775510204082 0.28823953823953824 0.009183673469387756 0.048340548340548344
12 0.7482142857142858 0.28823953823953824 0.00969387755102041 0.048340548340548344
12 0.9510204081632654 0.28823953823953824 0.009183673469387756 0.048340548340548344
8 0.10357142857142858 0.44696969696969696 0.039795918367346944 0.06132756132756133
13 0.3377551020408164 0.4527417027417027 0.012244897959183675 0.049783549783549784
12 0.7482142857142858 0.4527417027417027 0.008673469387755102 0.048340548340548344
12 0.9512755102040817 0.4531024531024531 0.008673469387755102 0.049062049062049064
12 0.048214285714285716 0.4538239538239538 0.007653061224489797 0.049062049062049064
12 0.5441326530612245 0.4527417027417027 0.008673469387755102 0.046897546897546896
8 0.10331632653061225 0.5992063492063492 0.03928571428571429 0.06132756132756133
12 0.9515306122448981 0.6172438672438673 0.00816326530612245 0.049783549783549784
12 0.048469387755102046 0.6176046176046176 0.0071428571428571435 0.049062049062049064
13 0.338265306122449 0.6179653679653679 0.011224489795918368 0.049783549783549784
12 0.5436224489795919 0.6176046176046176 0.008673469387755102 0.047619047619047616
12 0.7482142857142858 0.6179653679653679 0.008673469387755102 0.048340548340548344
8 0.10331632653061225 0.75 0.040306122448979596 0.06132756132756133
13 0.3377551020408164 0.7564935064935064 0.01326530612244898 0.049783549783549784
12 0.04872448979591837 0.7568542568542569 0.00663265306122449 0.049062049062049064
12 0.7484693877551021 0.7564935064935064 0.009183673469387756 0.048340548340548344
12 0.9512755102040817 0.7564935064935064 0.008673469387755102 0.048340548340548344
12 0.5438775510204082 0.7564935064935064 0.009183673469387756 0.046897546897546896
8 0.10306122448979593 0.2702020202020202 0.04183673469387755 0.05844155844155844
26 0.06683673469387756 0.28643578643578643 0.02448979591836735 0.09235209235209235
104 0.14821428571428572 0.2943722943722944 0.012755102040816327 0.06349206349206349
20 0.19438775510204084 0.28679653679653677 0.011224489795918368 0.03968253968253968
20 0.24260204081632655 0.28679653679653677 0.010714285714285714 0.03968253968253968
21 0.29260204081632657 0.2896825396825397 0.011734693877551022 0.025252525252525252
134 0.314795918367347 0.2972582972582973 0.01326530612244898 0.06637806637806638
108 0.35586734693877553 0.2828282828282828 0.012755102040816327 0.06349206349206349
108 0.40408163265306124 0.2824675324675325 0.01326530612244898 0.06421356421356421
80 0.45204081632653065 0.2828282828282828 0.014285714285714287 0.06493506493506493
20 0.5579081632653061 0.28715728715728717 0.010714285714285714 0.0404040404040404
138 0.6073979591836736 0.2860750360750361 0.012755102040816327 0.056998556998557
139 0.6285714285714287 0.2831890331890332 0.0163265306122449 0.06277056277056277
140 0.6558673469387756 0.27994227994227994 0.013775510204081635 0.06926406926406926
139 0.678826530612245 0.2828282828282828 0.012755102040816327 0.06204906204906205
138 0.703826530612245 0.2857142857142857 0.012755102040816327 0.05772005772005772
137 0.7255102040816327 0.2886002886002886 0.015306122448979593 0.050505050505050504
108 0.7637755102040817 0.2828282828282828 0.01326530612244898 0.06349206349206349
108 0.811734693877551 0.2828282828282828 0.01326530612244898 0.06493506493506493
80 0.8607142857142858 0.2828282828282828 0.014285714285714287 0.06493506493506493
27 0.06607142857142857 0.45346320346320346 0.02602040816326531 0.051226551226551224
79 0.14821428571428572 0.44985569985569984 0.012755102040816327 0.056998556998557
79 0.24438775510204083 0.44985569985569984 0.01326530612244898 0.05844155844155844
76 0.3561224489795919 0.4588744588744589 0.01326530612244898 0.06204906204906205
76 0.45204081632653065 0.4588744588744589 0.01326530612244898 0.06204906204906205
80 0.5599489795918368 0.4476911976911977 0.013775510204081635 0.06421356421356421
80 0.6563775510204082 0.4476911976911977 0.013775510204081635 0.06421356421356421
81 0.7645408163265307 0.4444444444444444 0.01479591836734694 0.0707070707070707
81 0.8607142857142858 0.4444444444444444 0.015306122448979593 0.0707070707070707
26 0.06709183673469388 0.6150793650793651 0.025 0.09163059163059163
21 0.14821428571428572 0.6186868686868687 0.012755102040816327 0.025252525252525252
21 0.19642857142857145 0.6186868686868687 0.01326530612244898 0.025252525252525252
21 0.24464285714285716 0.6190476190476191 0.012755102040816327 0.025974025974025976
21 0.29260204081632657 0.6186868686868687 0.012755102040816327 0.025252525252525252
21 0.3563775510204082 0.6186868686868687 0.012755102040816327 0.025252525252525252
21 0.4043367346938776 0.6186868686868687 0.012755102040816327 0.025252525252525252
21 0.452295918367347 0.6186868686868687 0.012755102040816327 0.025252525252525252
21 0.5002551020408164 0.6190476190476191 0.012755102040816327 0.025974025974025976
21 0.5596938775510205 0.6190476190476191 0.01326530612244898 0.025974025974025976
21 0.6081632653061225 0.6186868686868687 0.01326530612244898 0.025252525252525252
21 0.6563775510204082 0.6190476190476191 0.012755102040816327 0.025974025974025976
21 0.7045918367346939 0.6190476190476191 0.01326530612244898 0.025974025974025976
21 0.764030612244898 0.6186868686868687 0.012755102040816327 0.025252525252525252
21 0.8122448979591838 0.6190476190476191 0.01326530612244898 0.025974025974025976
21 0.8602040816326532 0.6190476190476191 0.01326530612244898 0.025974025974025976
21 0.9084183673469388 0.6183261183261183 0.012755102040816327 0.024531024531024532
27 0.06581632653061226 0.7568542568542569 0.025510204081632654 0.05194805194805195
79 0.14821428571428572 0.7532467532467533 0.012755102040816327 0.05772005772005772
79 0.24464285714285716 0.753968253968254 0.012755102040816327 0.05772005772005772
76 0.3561224489795919 0.7633477633477633 0.01326530612244898 0.06204906204906205
76 0.45204081632653065 0.7626262626262627 0.01326530612244898 0.06204906204906205
80 0.5599489795918368 0.7514430014430015 0.013775510204081635 0.06421356421356421
80 0.6566326530612245 0.7514430014430015 0.014285714285714287 0.06421356421356421
81 0.7647959183673471 0.7485569985569985 0.015306122448979593 0.07142857142857142
81 0.8609693877551021 0.7481962481962482 0.015816326530612247 0.0707070707070707
