12 0.04872448979591837 0.10822510822510822 0.008673469387755102 0.050505050505050504
12 0.22500000000000003 0.10786435786435787 0.009183673469387756 0.049783549783549784
12 0.3318877551020408 0.10714285714285714 0.00969387755102041 0.048340548340548344
12 0.6936224489795919 0.1075036075036075 0.00969387755102041 0.049062049062049064
12 0.7770408163265307 0.1075036075036075 0.009183673469387756 0.049062049062049064
12 0.8607142857142858 0.1075036075036075 0.009183673469387756 0.049062049062049064
11 0.9469387755102041 0.1075036075036075 0.01326530612244898 0.049062049062049064
12 0.44234693877551023 0.1075036075036075 0.009183673469387756 0.047619047619047616
12 0.5260204081632653 0.10786435786435787 0.009183673469387756 0.048340548340548344
12 0.6096938775510204 0.10786435786435787 0.00816326530612245 0.048340548340548344
6 0.09438775510204082 0.22113997113997114 0.020408163265306124 0.056998556998557
12 0.047959183673469394 0.237012987012987 0.0071428571428571435 0.049783549783549784
12 0.44234693877551023 0.237012987012987 0.009183673469387756 0.049783549783549784
12 0.6931122448979592 0.23665223665223664 0.008673469387755102 0.049062049062049064
12 0.7770408163265307 0.2362914862914863 0.00816326530612245 0.048340548340548344
11 0.9474489795918368 0.237012987012987 0.01326530612244898 0.049783549783549784
12 0.22500000000000003 0.237012987012987 0.00816326530612245 0.048340548340548344
12 0.5260204081632653 0.237012987012987 0.009183673469387756 0.048340548340548344
12 0.3318877551020408 0.237012987012987 0.008673469387755102 0.046897546897546896
12 0.6094387755102041 0.23737373737373738 0.008673469387755102 0.047619047619047616
12 0.8607142857142858 0.23665223665223664 0.009183673469387756 0.046176046176046176
12 0.04872448979591837 0.3661616161616162 0.008673469387755102 0.049783549783549784
11 0.9471938775510205 0.36544011544011545 0.013775510204081635 0.048340548340548344
12 0.22551020408163266 0.3661616161616162 0.010204081632653062 0.048340548340548344
12 0.4426020408163266 0.3658008658008658 0.00969387755102041 0.047619047619047616
12 0.6931122448979592 0.3661616161616162 0.008673469387755102 0.048340548340548344
12 0.7767857142857143 0.3661616161616162 0.008673469387755102 0.048340548340548344
12 0.8602040816326532 0.3658008658008658 0.009183673469387756 0.047619047619047616
12 0.3316326530612245 0.3661616161616162 0.00816326530612245 0.046897546897546896
12 0.5260204081632653 0.3661616161616162 0.00816326530612245 0.046897546897546896
12 0.6094387755102041 0.3661616161616162 0.008673469387755102 0.046897546897546896
12 0.3323979591836735 0.4751082251082251 0.00969387755102041 0.049783549783549784
12 0.4426020408163266 0.4751082251082251 0.008673469387755102 0.049783549783549784
12 0.7770408163265307 0.4751082251082251 0.009183673469387756 0.049783549783549784
12 0.22525510204081634 0.4754689754689755 0.00969387755102041 0.049062049062049064
12 0.6091836734693878 0.4754689754689755 0.00816326530612245 0.049062049062049064
12 0.6933673469387756 0.4751082251082251 0.009183673469387756 0.048340548340548344
11 0.9464285714285715 0.4754689754689755 0.01326530612244898 0.049062049062049064
12 0.048469387755102046 0.47655122655122656 0.00816326530612245 0.049783549783549784
12 0.5260204081632653 0.4758297258297258 0.009183673469387756 0.048340548340548344
12 0.8607142857142858 0.4754689754689755 0.009183673469387756 0.046176046176046176
12 0.6931122448979592 0.6046176046176046 0.007653061224489797 0.049062049062049064
12 0.7767857142857143 0.6042568542568543 0.007653061224489797 0.048340548340548344
12 0.8604591836734695 0.6042568542568543 0.007653061224489797 0.048340548340548344
11 0.9474489795918368 0.6046176046176046 0.01326530612244898 0.049062049062049064
12 0.048214285714285716 0.6053391053391053 0.007653061224489797 0.049062049062049064
12 0.2247448979591837 0.604978354978355 0.007653061224489797 0.048340548340548344
12 0.44234693877551023 0.6053391053391053 0.0071428571428571435 0.049062049062049064
12 0.525765306122449 0.6046176046176046 0.007653061224489797 0.047619047619047616
12 0.6094387755102041 0.6053391053391053 0.007653061224489797 0.049062049062049064
12 0.3318877551020408 0.604978354978355 0.007653061224489797 0.046897546897546896
11 0.9477040816326532 0.7334054834054834 0.013775510204081635 0.049783549783549784
12 0.44234693877551023 0.7341269841269841 0.00816326530612245 0.049783549783549784
12 0.04872448979591837 0.7344877344877345 0.008673469387755102 0.049062049062049064
12 0.22525510204081634 0.7341269841269841 0.008673469387755102 0.048340548340548344
12 0.3316326530612245 0.7341269841269841 0.00816326530612245 0.048340548340548344
12 0.7767857142857143 0.7337662337662337 0.008673469387755102 0.047619047619047616
12 0.5260204081632653 0.7344877344877345 0.00816326530612245 0.047619047619047616
12 0.6096938775510204 0.7348484848484849 0.00816326530612245 0.048340548340548344
12 0.6931122448979592 0.7344877344877345 0.008673469387755102 0.047619047619047616
12 0.8604591836734695 0.7348484848484849 0.008673469387755102 0.046897546897546896
12 0.776530612244898 0.8632756132756133 0.00816326530612245 0.049783549783549784
11 0.9474489795918368 0.862914862914863 0.01326530612244898 0.049062049062049064
12 0.04872448979591837 0.8636363636363636 0.008673469387755102 0.049062049062049064
12 0.2247448979591837 0.8636363636363636 0.008673469387755102 0.049062049062049064
12 0.44234693877551023 0.8632756132756133 0.00816326530612245 0.048340548340548344
12 0.525765306122449 0.8632756132756133 0.007653061224489797 0.048340548340548344
12 0.6094387755102041 0.8632756132756133 0.007653061224489797 0.048340548340548344
12 0.6933673469387756 0.8632756132756133 0.00816326530612245 0.048340548340548344
12 0.8604591836734695 0.8636363636363636 0.008673469387755102 0.049062049062049064
12 0.3318877551020408 0.8636363636363636 0.007653061224489797 0.047619047619047616
26 0.0673469387755102 0.10533910533910534 0.02653061224489796 0.09379509379509379
15 0.08979591836734695 0.0836940836940837 0.011224489795918368 0.03896103896103896
108 0.12117346938775511 0.1020923520923521 0.012755102040816327 0.06421356421356421
107 0.1525510204081633 0.10533910533910534 0.01326530612244898 0.05772005772005772
78 0.18418367346938777 0.10786435786435787 0.014285714285714287 0.05266955266955267
77 0.24464285714285716 0.11002886002886003 0.01479591836734694 0.05555555555555555
16 0.2778061224489796 0.0836940836940837 0.008673469387755102 0.03318903318903319
78 0.29158163265306125 0.10822510822510822 0.01479591836734694 0.05194805194805195
52 0.35714285714285715 0.10858585858585859 0.0163265306122449 0.05266955266955267
50 0.4678571428571429 0.10822510822510822 0.0163265306122449 0.050505050505050504
50 0.5517857142857143 0.10822510822510822 0.015816326530612247 0.05194805194805195
49 0.6349489795918368 0.10714285714285714 0.015816326530612247 0.051226551226551224
49 0.7188775510204082 0.10822510822510822 0.0163265306122449 0.05194805194805195
49 0.8028061224489796 0.10858585858585859 0.015816326530612247 0.051226551226551224
49 0.8864795918367347 0.10822510822510822 0.015816326530612247 0.05194805194805195
26 0.06709183673469388 0.23484848484848486 0.02602040816326531 0.09307359307359307
105 0.12142857142857144 0.24025974025974026 0.01326530612244898 0.05772005772005772
104 0.1525510204081633 0.2427849927849928 0.01326530612244898 0.06277056277056277
75 0.1844387755102041 0.24458874458874458 0.013775510204081635 0.06637806637806638
74 0.2448979591836735 0.23088023088023088 0.014285714285714287 0.06204906204906205
16 0.2780612244897959 0.23088023088023088 0.009183673469387756 0.03463203463203463
75 0.29132653061224495 0.24567099567099568 0.01326530612244898 0.06565656565656566
17 0.3433673469387755 0.23124098124098125 0.009183673469387756 0.03823953823953824
76 0.35586734693877553 0.2435064935064935 0.013775510204081635 0.06277056277056277
77 0.40229591836734696 0.24025974025974026 0.013775510204081635 0.05772005772005772
52 0.4686224489795919 0.23737373737373738 0.01683673469387755 0.05194805194805195
52 0.5517857142857143 0.23737373737373738 0.01785714285714286 0.05339105339105339
53 0.6354591836734694 0.23412698412698413 0.01785714285714286 0.056998556998557
53 0.7191326530612245 0.23484848484848486 0.01785714285714286 0.05844155844155844
53 0.8028061224489796 0.2344877344877345 0.01785714285714286 0.05772005772005772
26 0.0673469387755102 0.363997113997114 0.025510204081632654 0.09307359307359307
15 0.08954081632653062 0.3427128427128427 0.011734693877551022 0.03896103896103896
108 0.12091836734693878 0.36075036075036077 0.01326530612244898 0.06349206349206349
107 0.1525510204081633 0.363997113997114 0.01326530612244898 0.05844155844155844
78 0.18418367346938777 0.3665223665223665 0.014285714285714287 0.05194805194805195
77 0.24464285714285716 0.36796536796536794 0.013775510204081635 0.05627705627705628
16 0.2778061224489796 0.3416305916305916 0.00969387755102041 0.03391053391053391
78 0.2910714285714286 0.36688311688311687 0.01479591836734694 0.05266955266955267
17 0.3436224489795919 0.3430735930735931 0.008673469387755102 0.04112554112554113
79 0.35586734693877553 0.363997113997114 0.013775510204081635 0.05988455988455989
80 0.40204081632653066 0.3611111111111111 0.015306122448979593 0.06421356421356421
55 0.4681122448979592 0.35678210678210676 0.019897959183673472 0.0670995670995671
55 0.5520408163265307 0.35858585858585856 0.020408163265306124 0.0707070707070707
54 0.6352040816326531 0.36038961038961037 0.018367346938775512 0.06277056277056277
54 0.7191326530612245 0.36183261183261184 0.01785714285714286 0.06421356421356421
54 0.8028061224489796 0.36075036075036077 0.01785714285714286 0.06349206349206349
54 0.8859693877551021 0.36075036075036077 0.01785714285714286 0.06349206349206349
26 0.0673469387755102 0.4736652236652237 0.02653061224489796 0.09307359307359307
15 0.08979591836734695 0.45202020202020204 0.012244897959183675 0.03968253968253968
108 0.12091836734693878 0.4704184704184704 0.01326530612244898 0.06349206349206349
107 0.1525510204081633 0.4733044733044733 0.01326530612244898 0.05772005772005772
78 0.18392857142857144 0.4758297258297258 0.01479591836734694 0.051226551226551224
77 0.24464285714285716 0.4787157287157287 0.013775510204081635 0.05555555555555555
76 0.29132653061224495 0.481962481962482 0.014285714285714287 0.06060606060606061
77 0.35561224489795923 0.4787157287157287 0.014285714285714287 0.05844155844155844
16 0.38852040816326533 0.45202020202020204 0.008673469387755102 0.03391053391053391
78 0.40204081632653066 0.47619047619047616 0.014285714285714287 0.05194805194805195
51 0.4681122448979592 0.4758297258297258 0.01683673469387755 0.051226551226551224
51 0.5520408163265307 0.47655122655122656 0.017346938775510204 0.051226551226551224
51 0.6354591836734694 0.4758297258297258 0.01683673469387755 0.051226551226551224
51 0.7191326530612245 0.4758297258297258 0.01683673469387755 0.051226551226551224
51 0.8028061224489796 0.47619047619047616 0.01683673469387755 0.050505050505050504
51 0.8864795918367347 0.4758297258297258 0.01683673469387755 0.051226551226551224
26 0.06683673469387756 0.6024531024531025 0.025510204081632654 0.09379509379509379
15 0.08979591836734695 0.5811688311688312 0.01326530612244898 0.03968253968253968
18 0.16377551020408165 0.5959595959595959 0.0163265306122449 0.012987012987012988
18 0.2780612244897959 0.5966810966810967 0.0163265306122449 0.012987012987012988
18 0.3869897959183674 0.5963203463203464 0.01683673469387755 0.013708513708513708
18 0.4839285714285715 0.5963203463203464 0.01683673469387755 0.013708513708513708
18 0.5676020408163266 0.5966810966810967 0.01683673469387755 0.01443001443001443
18 0.6512755102040817 0.5963203463203464 0.01683673469387755 0.013708513708513708
18 0.7349489795918368 0.5966810966810967 0.01683673469387755 0.01443001443001443
18 0.8188775510204083 0.5966810966810967 0.017346938775510204 0.01443001443001443
18 0.9025510204081634 0.597041847041847 0.017346938775510204 0.015151515151515152
16 0.2780612244897959 0.6735209235209235 0.00816326530612245 0.032467532467532464
16 0.3420918367346939 0.6673881673881674 0.008673469387755102 0.03318903318903319
26 0.06683673469387756 0.7319624819624819 0.025510204081632654 0.09307359307359307
16 0.08826530612244898 0.727994227994228 0.010204081632653062 0.03463203463203463
114 0.12117346938775511 0.7113997113997114 0.01479591836734694 0.09956709956709957
113 0.15229591836734696 0.7146464646464646 0.01479591836734694 0.09307359307359307
84 0.18418367346938777 0.7175324675324676 0.015306122448979593 0.08874458874458875
83 0.2448979591836735 0.7189754689754689 0.015306122448979593 0.08152958152958154
84 0.29158163265306125 0.7175324675324676 0.01479591836734694 0.08585858585858586
113 0.3561224489795919 0.7135642135642135 0.0163265306122449 0.09379509379509379
26 0.06658163265306123 0.8607503607503607 0.025 0.09235209235209235
16 0.08877551020408164 0.8567821067821068 0.010204081632653062 0.03391053391053391
18 0.16377551020408165 0.8542568542568543 0.0163265306122449 0.012987012987012988
18 0.2780612244897959 0.8556998556998557 0.0163265306122449 0.012987012987012988
18 0.3869897959183674 0.8553391053391053 0.015816326530612247 0.012265512265512266
18 0.4841836734693878 0.8553391053391053 0.0163265306122449 0.013708513708513708
18 0.5673469387755102 0.8560606060606061 0.0163265306122449 0.013708513708513708
18 0.6512755102040817 0.8553391053391053 0.015816326530612247 0.013708513708513708
18 0.7352040816326532 0.8556998556998557 0.0163265306122449 0.01443001443001443
18 0.8188775510204083 0.8560606060606061 0.0163265306122449 0.015151515151515152
18 0.9025510204081634 0.8560606060606061 0.017346938775510204 0.015151515151515152
