14 0.42117346938775513 0.05483405483405483 0.00663265306122449 0.0101010101010101
14 0.15586734693877552 0.0670995670995671 0.00663265306122449 0.0101010101010101
0 0.8997448979591838 0.15476190476190477 0.029081632653061226 0.05266955266955267
12 0.048469387755102046 0.1562049062049062 0.00816326530612245 0.049783549783549784
13 0.8760204081632654 0.1562049062049062 0.010204081632653062 0.049783549783549784
0 0.09770408163265307 0.48737373737373735 0.029081632653061226 0.056998556998557
12 0.048214285714285716 0.5007215007215007 0.007653061224489797 0.05194805194805195
12 0.9181122448979593 0.5010822510822511 0.007653061224489797 0.048340548340548344
0 0.09770408163265307 0.6237373737373737 0.029081632653061226 0.05555555555555555
12 0.048214285714285716 0.6385281385281385 0.008673469387755102 0.049062049062049064
12 0.9178571428571429 0.6392496392496393 0.0071428571428571435 0.049062049062049064
14 0.5061224489795919 0.6439393939393939 0.006122448979591837 0.00937950937950938
14 0.5061224489795919 0.7337662337662337 0.006122448979591837 0.0101010101010101
0 0.09693877551020409 0.8452380952380952 0.028571428571428574 0.05411255411255411
12 0.048214285714285716 0.8463203463203464 0.00663265306122449 0.050505050505050504
12 0.9181122448979593 0.847041847041847 0.008673469387755102 0.047619047619047616
14 0.5415816326530613 0.05447330447330447 0.00663265306122449 0.010822510822510822
17 0.7400510204081633 0.04292929292929293 0.00969387755102041 0.03535353535353535
38 0.06403061224489796 0.16378066378066378 0.025 0.06782106782106782
16 0.0864795918367347 0.16017316017316016 0.008673469387755102 0.031746031746031744
28 0.9367346938775512 0.1562049062049062 0.02448979591836735 0.051226551226551224
26 0.0642857142857143 0.5018037518037518 0.022448979591836737 0.08585858585858586
21 0.1660714285714286 0.5003607503607503 0.010714285714285714 0.022366522366522368
135 0.20892857142857144 0.5072150072150072 0.013775510204081635 0.06349206349206349
135 0.2525510204081633 0.5075757575757576 0.01326530612244898 0.06421356421356421
135 0.29464285714285715 0.5072150072150072 0.01683673469387755 0.06349206349206349
106 0.34132653061224494 0.5010822510822511 0.01326530612244898 0.051226551226551224
104 0.41913265306122455 0.5064935064935064 0.013775510204081635 0.06349206349206349
50 0.49872448979591844 0.5007215007215007 0.01683673469387755 0.05194805194805195
21 0.7479591836734695 0.5 0.011224489795918368 0.023088023088023088
133 0.7928571428571429 0.49855699855699853 0.017346938775510204 0.05627705627705628
133 0.8346938775510205 0.49927849927849927 0.01326530612244898 0.05627705627705628
132 0.8778061224489797 0.49963924963924966 0.012755102040816327 0.05411255411255411
28 0.9359693877551021 0.5018037518037518 0.02295918367346939 0.051226551226551224
26 0.06479591836734694 0.6396103896103896 0.022448979591836737 0.08441558441558442
21 0.16581632653061226 0.6381673881673882 0.011224489795918368 0.022366522366522368
135 0.20867346938775513 0.6414141414141414 0.01326530612244898 0.05772005772005772
134 0.2525510204081633 0.6435786435786436 0.01326530612244898 0.06060606060606061
133 0.29438775510204085 0.6443001443001443 0.017346938775510204 0.06349206349206349
101 0.34158163265306124 0.6356421356421357 0.012755102040816327 0.05772005772005772
103 0.41913265306122455 0.6461038961038961 0.012755102040816327 0.0670995670995671
102 0.49617346938775514 0.6323953823953824 0.012755102040816327 0.06277056277056277
132 0.5964285714285715 0.6356421356421357 0.01938775510204082 0.05627705627705628
73 0.638265306122449 0.6356421356421357 0.01326530612244898 0.05627705627705628
21 0.7479591836734695 0.6378066378066378 0.011224489795918368 0.023088023088023088
133 0.7928571428571429 0.6363636363636364 0.017346938775510204 0.05627705627705628
133 0.8346938775510205 0.6367243867243867 0.01326530612244898 0.05555555555555555
132 0.8778061224489797 0.6374458874458875 0.012755102040816327 0.05411255411255411
28 0.9362244897959184 0.6388888888888888 0.02448979591836735 0.051226551226551224
38 0.06454081632653062 0.8556998556998557 0.02602040816326531 0.0707070707070707
21 0.16556122448979593 0.8459595959595959 0.012755102040816327 0.022366522366522368
21 0.7479591836734695 0.8455988455988456 0.012244897959183675 0.023088023088023088
117 0.14591836734693878 0.12373737373737374 0.0163265306122449 0.11616161616161616
149 0.2066326530612245 0.12085137085137085 0.017346938775510204 0.12337662337662338
90 0.2448979591836735 0.11796536796536797 0.0163265306122449 0.1277056277056277
90 0.3137755102040817 0.11724386724386725 0.0163265306122449 0.1277056277056277
119 0.41224489795918373 0.11724386724386725 0.0163265306122449 0.1277056277056277
149 0.501530612244898 0.12012987012987013 0.017346938775510204 0.12337662337662338
119 0.5311224489795919 0.11796536796536797 0.0163265306122449 0.1277056277056277
150 0.6107142857142858 0.11796536796536797 0.0163265306122449 0.1277056277056277
