12 0.048469387755102046 0.17424242424242425 0.00816326530612245 0.048340548340548344
12 0.3987244897959184 0.1738816738816739 0.008673469387755102 0.047619047619047616
12 0.9515306122448981 0.1746031746031746 0.00816326530612245 0.049062049062049064
12 0.6607142857142858 0.1738816738816739 0.00816326530612245 0.046176046176046176
14 0.13137755102040818 0.1681096681096681 0.007653061224489797 0.011544011544011544
14 0.28316326530612246 0.1681096681096681 0.0071428571428571435 0.0101010101010101
14 0.8752551020408164 0.18001443001443002 0.005612244897959184 0.00937950937950938
14 0.9196428571428572 0.19155844155844157 0.00663265306122449 0.010822510822510822
14 0.1316326530612245 0.3225108225108225 0.0071428571428571435 0.0101010101010101
14 0.28290816326530616 0.32287157287157287 0.00663265306122449 0.00937950937950938
12 0.048214285714285716 0.3528138528138528 0.007653061224489797 0.049062049062049064
12 0.3984693877551021 0.35245310245310246 0.00816326530612245 0.048340548340548344
12 0.6609693877551021 0.35245310245310246 0.008673469387755102 0.046897546897546896
12 0.9517857142857143 0.3531746031746032 0.008673469387755102 0.048340548340548344
14 0.8750000000000001 0.3347763347763348 0.0071428571428571435 0.0101010101010101
14 0.9193877551020408 0.35858585858585856 0.0071428571428571435 0.008658008658008658
12 0.6609693877551021 0.5310245310245311 0.008673469387755102 0.049062049062049064
12 0.048469387755102046 0.5317460317460317 0.00816326530612245 0.049062049062049064
12 0.3987244897959184 0.5310245310245311 0.008673469387755102 0.047619047619047616
12 0.9517857142857143 0.5317460317460317 0.008673469387755102 0.047619047619047616
14 0.13137755102040818 0.68001443001443 0.00663265306122449 0.010822510822510822
14 0.28290816326530616 0.6803751803751804 0.00663265306122449 0.0101010101010101
12 0.04872448979591837 0.7095959595959596 0.008673469387755102 0.048340548340548344
12 0.39821428571428574 0.7092352092352092 0.008673469387755102 0.047619047619047616
12 0.6609693877551021 0.7092352092352092 0.008673469387755102 0.047619047619047616
12 0.9515306122448981 0.70995670995671 0.00816326530612245 0.049062049062049064
14 0.8755102040816327 0.6919191919191919 0.006122448979591837 0.0101010101010101
14 0.9193877551020408 0.7038239538239538 0.0071428571428571435 0.00937950937950938
26 0.06479591836734694 0.17243867243867245 0.02448979591836735 0.08946608946608947
15 0.08852040816326531 0.15007215007215008 0.013775510204081635 0.0404040404040404
135 0.12040816326530614 0.1810966810966811 0.01326530612244898 0.06637806637806638
163 0.1642857142857143 0.18398268398268397 0.01938775510204082 0.07215007215007214
133 0.19489795918367347 0.1673881673881674 0.017346938775510204 0.06349206349206349
163 0.22551020408163266 0.1673881673881674 0.017346938775510204 0.06493506493506493
164 0.24795918367346942 0.16702741702741702 0.01326530612244898 0.0670995670995671
135 0.27423469387755106 0.16414141414141414 0.01683673469387755 0.07287157287157287
163 0.3178571428571429 0.16774891774891776 0.01326530612244898 0.06565656565656566
133 0.3418367346938776 0.18253968253968253 0.01326530612244898 0.06782106782106782
17 0.3619897959183674 0.15115440115440115 0.007653061224489797 0.03968253968253968
138 0.3716836734693878 0.17243867243867245 0.01683673469387755 0.05916305916305916
51 0.4142857142857143 0.17532467532467533 0.017346938775510204 0.05194805194805195
21 0.6721938775510204 0.1497113997113997 0.010714285714285714 0.025252525252525252
22 0.701530612244898 0.15800865800865802 0.01326530612244898 0.03607503607503607
163 0.729591836734694 0.16847041847041846 0.018367346938775512 0.06277056277056277
22 0.749234693877551 0.15728715728715728 0.012755102040816327 0.03607503607503607
163 0.7770408163265307 0.1681096681096681 0.01938775510204082 0.06204906204906205
21 0.7961734693877551 0.15115440115440115 0.010714285714285714 0.023809523809523808
15 0.8125000000000001 0.18001443001443002 0.011734693877551022 0.03823953823953824
102 0.826530612244898 0.16774891774891776 0.01326530612244898 0.06277056277056277
163 0.866326530612245 0.16630591630591632 0.017346938775510204 0.06565656565656566
184 0.890561224489796 0.17279942279942279 0.013775510204081635 0.0772005772005772
160 0.9084183673469388 0.17063492063492064 0.013775510204081635 0.07142857142857142
187 0.9387755102040817 0.16774891774891776 0.01326530612244898 0.06421356421356421
26 0.06505102040816327 0.35064935064935066 0.023979591836734697 0.08946608946608947
138 0.12015306122448981 0.3499278499278499 0.012755102040816327 0.05772005772005772
166 0.16454081632653061 0.3531746031746032 0.018877551020408164 0.05266955266955267
136 0.19260204081632654 0.354978354978355 0.012755102040816327 0.05772005772005772
166 0.22346938775510206 0.35425685425685427 0.01326530612244898 0.05483405483405483
167 0.24515306122448982 0.35425685425685427 0.01683673469387755 0.05483405483405483
138 0.27168367346938777 0.3499278499278499 0.012755102040816327 0.05772005772005772
166 0.314030612244898 0.35353535353535354 0.018877551020408164 0.05194805194805195
136 0.3418367346938776 0.3546176046176046 0.01326530612244898 0.05411255411255411
16 0.3604591836734694 0.3041125541125541 0.00969387755102041 0.032467532467532464
141 0.37117346938775514 0.3412698412698413 0.018877551020408164 0.07503607503607504
21 0.6721938775510204 0.3286435786435786 0.010714285714285714 0.025252525252525252
22 0.701530612244898 0.3365800865800866 0.01326530612244898 0.0367965367965368
166 0.7255102040816327 0.354978354978355 0.01326530612244898 0.05772005772005772
22 0.7494897959183674 0.3362193362193362 0.01326530612244898 0.03751803751803752
166 0.7732142857142857 0.354978354978355 0.013775510204081635 0.05772005772005772
21 0.7961734693877551 0.329004329004329 0.010714285714285714 0.024531024531024532
15 0.8127551020408164 0.3416305916305916 0.011224489795918368 0.03968253968253968
105 0.8260204081632654 0.35533910533910534 0.01326530612244898 0.056998556998557
166 0.8642857142857143 0.36796536796536794 0.01326530612244898 0.08513708513708514
187 0.8864795918367347 0.36904761904761907 0.019897959183673472 0.08441558441558442
163 0.9079081632653062 0.36904761904761907 0.013775510204081635 0.08441558441558442
190 0.9346938775510205 0.3686868686868687 0.020408163265306124 0.0836940836940837
27 0.06454081632653062 0.5313852813852814 0.025 0.05266955266955267
16 0.08750000000000001 0.5357142857142857 0.010714285714285714 0.03391053391053391
130 0.1229591836734694 0.5194805194805194 0.020408163265306124 0.08802308802308802
137 0.15357142857142858 0.5176767676767676 0.014285714285714287 0.08008658008658008
130 0.19285714285714287 0.5223665223665224 0.015306122448979593 0.08513708513708514
129 0.22397959183673471 0.5256132756132756 0.015306122448979593 0.09018759018759019
16 0.2584183673469388 0.5602453102453102 0.010714285714285714 0.03391053391053391
128 0.2739795918367347 0.5324675324675324 0.018367346938775512 0.08513708513708514
16 0.28979591836734697 0.5183982683982684 0.009183673469387756 0.032467532467532464
135 0.30331632653061225 0.5238095238095238 0.013775510204081635 0.06637806637806638
132 0.34234693877551026 0.5245310245310245 0.014285714285714287 0.06637806637806638
135 0.3734693877551021 0.5245310245310245 0.01326530612244898 0.06637806637806638
133 0.41352040816326535 0.5180375180375181 0.01785714285714286 0.07792207792207792
137 0.44311224489795925 0.5183982683982684 0.013775510204081635 0.07864357864357864
130 0.47346938775510206 0.5227272727272727 0.015306122448979593 0.08585858585858586
137 0.5045918367346939 0.5183982683982684 0.01326530612244898 0.07864357864357864
133 0.5438775510204082 0.5292207792207793 0.017346938775510204 0.056998556998557
130 0.5727040816326531 0.5328282828282829 0.01479591836734694 0.06277056277056277
131 0.6030612244897959 0.5299422799422799 0.015306122448979593 0.05555555555555555
132 0.6339285714285715 0.5303030303030303 0.013775510204081635 0.05483405483405483
133 0.6767857142857143 0.5252525252525253 0.019897959183673472 0.06204906204906205
21 0.7012755102040817 0.5321067821067821 0.011734693877551022 0.025252525252525252
126 0.7510204081632654 0.5454545454545454 0.017346938775510204 0.07936507936507936
133 0.7977040816326532 0.5288600288600288 0.012755102040816327 0.05627705627705628
16 0.3602040816326531 0.6554834054834054 0.009183673469387756 0.03391053391053391
27 0.0642857142857143 0.7095959595959596 0.025510204081632654 0.05266955266955267
16 0.08775510204081634 0.7146464646464646 0.010204081632653062 0.03391053391053391
139 0.12040816326530614 0.7038239538239538 0.01326530612244898 0.06277056277056277
167 0.16479591836734694 0.7103174603174603 0.01938775510204082 0.051226551226551224
137 0.19234693877551023 0.711038961038961 0.01326530612244898 0.05411255411255411
167 0.2229591836734694 0.7106782106782107 0.01326530612244898 0.05339105339105339
168 0.2448979591836735 0.7074314574314574 0.0163265306122449 0.056998556998557
139 0.27168367346938777 0.7041847041847041 0.012755102040816327 0.06349206349206349
167 0.314030612244898 0.70995670995671 0.018877551020408164 0.05194805194805195
137 0.34158163265306124 0.70995670995671 0.012755102040816327 0.05194805194805195
142 0.3704081632653062 0.6948051948051948 0.01938775510204082 0.0808080808080808
48 0.414030612244898 0.7103174603174603 0.01785714285714286 0.051226551226551224
21 0.6721938775510204 0.711038961038961 0.010714285714285714 0.025252525252525252
22 0.701530612244898 0.7168109668109668 0.012244897959183675 0.0367965367965368
167 0.7255102040816327 0.70995670995671 0.01326530612244898 0.05194805194805195
22 0.749234693877551 0.7168109668109668 0.012755102040816327 0.0367965367965368
167 0.7729591836734695 0.7103174603174603 0.01326530612244898 0.051226551226551224
21 0.7964285714285715 0.711038961038961 0.011224489795918368 0.025252525252525252
15 0.8125000000000001 0.6926406926406926 0.011734693877551022 0.03896103896103896
106 0.825765306122449 0.7095959595959596 0.013775510204081635 0.051226551226551224
167 0.8640306122448981 0.7218614718614719 0.013775510204081635 0.0772005772005772
188 0.8867346938775511 0.7215007215007215 0.01938775510204082 0.07503607503607504
164 0.9079081632653062 0.7222222222222222 0.013775510204081635 0.07647907647907648
191 0.9349489795918369 0.7218614718614719 0.018877551020408164 0.07575757575757576
