12 0.04786003470213996 0.07955010224948876 0.004916136495083863 0.02903885480572597
12 0.1661364950838635 0.07914110429447853 0.006072874493927125 0.02822085889570552
12 0.25694042799305955 0.07914110429447853 0.006072874493927125 0.02822085889570552
12 0.34456333140543666 0.07914110429447853 0.006072874493927125 0.02822085889570552
12 0.9512724117987276 0.07914110429447853 0.006072874493927125 0.02822085889570552
12 0.45300751879699247 0.07914110429447853 0.006072874493927125 0.027402862985685072
12 0.5452573742047426 0.07934560327198364 0.006072874493927125 0.027811860940695297
12 0.6320127241179873 0.07934560327198364 0.006072874493927125 0.027811860940695297
12 0.7896182764603816 0.07914110429447853 0.005494505494505494 0.027402862985685072
14 0.8909774436090225 0.08241308793456033 0.0034702139965297855 0.006134969325153374
14 0.8050896471949103 0.08241308793456033 0.0034702139965297855 0.005316973415132925
12 0.04843840370156159 0.17137014314928425 0.005494505494505494 0.027811860940695297
12 0.1662810873337189 0.17116564417177915 0.0063620589936379405 0.027402862985685072
12 0.25708502024291496 0.17116564417177915 0.0063620589936379405 0.027402862985685072
12 0.34441873915558124 0.17116564417177915 0.0063620589936379405 0.027402862985685072
12 0.4531521110468479 0.17116564417177915 0.0063620589936379405 0.027402862985685072
12 0.5451127819548872 0.17116564417177915 0.0063620589936379405 0.027402862985685072
12 0.6321573163678427 0.17116564417177915 0.0063620589936379405 0.027402862985685072
12 0.7896182764603816 0.17116564417177915 0.006651243493348756 0.027402862985685072
12 0.9512724117987276 0.17116564417177915 0.006072874493927125 0.027402862985685072
12 0.45300751879699247 0.2492842535787321 0.006651243493348756 0.02903885480572597
12 0.16642567958357432 0.2492842535787321 0.006651243493348756 0.02822085889570552
12 0.25708502024291496 0.2492842535787321 0.0063620589936379405 0.02822085889570552
12 0.34456333140543666 0.2492842535787321 0.006651243493348756 0.02822085889570552
12 0.5451127819548872 0.2492842535787321 0.006940427993059571 0.02822085889570552
12 0.9511278195488722 0.2492842535787321 0.0063620589936379405 0.02822085889570552
12 0.04800462695199537 0.2492842535787321 0.005205320994794678 0.027402862985685072
12 0.6321573163678427 0.24969325153374233 0.006940427993059571 0.02822085889570552
12 0.7894736842105262 0.24948875255623723 0.006940427993059571 0.027811860940695297
12 0.45300751879699247 0.32719836400818 0.006072874493927125 0.028629856850715747
12 0.04800462695199537 0.32740286298568505 0.005205320994794678 0.02822085889570552
12 0.16642567958357432 0.32740286298568505 0.006651243493348756 0.02822085889570552
12 0.5452573742047426 0.32740286298568505 0.006651243493348756 0.02822085889570552
12 0.7896182764603816 0.3276073619631902 0.006072874493927125 0.028629856850715747
12 0.2572296124927704 0.3276073619631902 0.006651243493348756 0.027811860940695297
12 0.6317235396182764 0.3276073619631902 0.006072874493927125 0.027811860940695297
12 0.9512724117987276 0.3278118609406953 0.006072874493927125 0.02822085889570552
12 0.34456333140543666 0.32842535787321064 0.006072874493927125 0.026175869120654397
14 0.08314054366685945 0.3239263803680982 0.0037593984962406013 0.0057259713701431495
14 0.8050896471949103 0.3243353783231084 0.004048582995951417 0.0057259713701431495
14 0.40630422209369577 0.3239263803680982 0.0034702139965297855 0.00408997955010225
14 0.6766917293233082 0.32413087934560325 0.0034702139965297855 0.004498977505112475
14 0.8921341816078657 0.3243353783231084 0.0034702139965297855 0.0049079754601227
14 0.38475997686524 0.3441717791411043 0.0037593984962406013 0.005316973415132925
12 0.25708502024291496 0.40858895705521475 0.006940427993059571 0.027811860940695297
12 0.45300751879699247 0.40858895705521475 0.006651243493348756 0.027811860940695297
12 0.5449681897050318 0.40858895705521475 0.006651243493348756 0.027811860940695297
12 0.6317235396182764 0.40858895705521475 0.006651243493348756 0.027811860940695297
12 0.7894736842105262 0.40858895705521475 0.0063620589936379405 0.027811860940695297
12 0.9512724117987276 0.40858895705521475 0.006072874493927125 0.027811860940695297
12 0.04800462695199537 0.4087934560327198 0.005205320994794678 0.027402862985685072
12 0.1661364950838635 0.4087934560327198 0.006651243493348756 0.027402862985685072
12 0.34456333140543666 0.4087934560327198 0.006651243493348756 0.027402862985685072
14 0.20213996529786002 0.46359918200409 0.004048582995951417 0.006134969325153374
14 0.6769809138230191 0.4701431492842536 0.004048582995951417 0.005316973415132925
14 0.8052342394447657 0.4701431492842536 0.004337767495662232 0.005316973415132925
12 0.1662810873337189 0.4869120654396728 0.0063620589936379405 0.02822085889570552
12 0.2573742047426258 0.4869120654396728 0.006940427993059571 0.02822085889570552
12 0.34456333140543666 0.4869120654396728 0.006072874493927125 0.02822085889570552
12 0.4531521110468479 0.4867075664621677 0.0063620589936379405 0.027811860940695297
12 0.5451127819548872 0.4869120654396728 0.0063620589936379405 0.02822085889570552
12 0.6323019086176981 0.4869120654396728 0.006072874493927125 0.02822085889570552
12 0.04786003470213996 0.4869120654396728 0.005494505494505494 0.027402862985685072
12 0.789762868710237 0.4869120654396728 0.0063620589936379405 0.027402862985685072
12 0.9512724117987276 0.48711656441717793 0.006072874493927125 0.027811860940695297
14 0.38475997686524 0.49038854805725973 0.004337767495662232 0.0057259713701431495
12 0.25708502024291496 0.5650306748466257 0.0063620589936379405 0.02822085889570552
12 0.34441873915558124 0.5650306748466257 0.0063620589936379405 0.02822085889570552
12 0.45300751879699247 0.5650306748466257 0.006651243493348756 0.02822085889570552
12 0.04786003470213996 0.5652351738241309 0.005494505494505494 0.027811860940695297
12 0.1662810873337189 0.5652351738241309 0.0063620589936379405 0.027811860940695297
12 0.5451127819548872 0.5652351738241309 0.0063620589936379405 0.027811860940695297
12 0.6318681318681318 0.565439672801636 0.0063620589936379405 0.02822085889570552
12 0.7896182764603816 0.5652351738241309 0.006651243493348756 0.027811860940695297
12 0.9511278195488722 0.565439672801636 0.0063620589936379405 0.02822085889570552
12 0.048293811451706185 0.667280163599182 0.00578368999421631 0.02822085889570552
12 0.1662810873337189 0.6674846625766871 0.0063620589936379405 0.027811860940695297
12 0.25708502024291496 0.6674846625766871 0.0063620589936379405 0.027811860940695297
12 0.34441873915558124 0.6674846625766871 0.0063620589936379405 0.027811860940695297
12 0.45286292654713706 0.667280163599182 0.0063620589936379405 0.027402862985685072
12 0.7896182764603816 0.667280163599182 0.006651243493348756 0.027402862985685072
12 0.9512724117987276 0.667280163599182 0.006072874493927125 0.027402862985685072
12 0.5451127819548872 0.6674846625766871 0.0063620589936379405 0.026993865030674847
12 0.6321573163678427 0.6676891615541922 0.0063620589936379405 0.027402862985685072
12 0.1662810873337189 0.7456032719836401 0.0063620589936379405 0.027811860940695297
12 0.25679583574320414 0.7456032719836401 0.0063620589936379405 0.027811860940695297
12 0.34441873915558124 0.7456032719836401 0.0063620589936379405 0.027811860940695297
12 0.45286292654713706 0.7456032719836401 0.0063620589936379405 0.027811860940695297
12 0.5449681897050318 0.7456032719836401 0.006072874493927125 0.027811860940695297
12 0.6320127241179873 0.7458077709611453 0.006651243493348756 0.02822085889570552
12 0.7896182764603816 0.7456032719836401 0.006651243493348756 0.027811860940695297
12 0.9512724117987276 0.7458077709611453 0.006651243493348756 0.02822085889570552
12 0.04757085020242915 0.7462167689161554 0.005494505494505494 0.02822085889570552
12 0.1661364950838635 0.8478527607361963 0.006072874493927125 0.027811860940695297
12 0.25708502024291496 0.8478527607361963 0.00578368999421631 0.027811860940695297
12 0.34456333140543666 0.8478527607361963 0.006072874493927125 0.027811860940695297
12 0.45300751879699247 0.8478527607361963 0.006072874493927125 0.027811860940695297
12 0.5452573742047426 0.8478527607361963 0.006072874493927125 0.027811860940695297
12 0.6320127241179873 0.8478527607361963 0.006072874493927125 0.027811860940695297
12 0.789762868710237 0.8478527607361963 0.0063620589936379405 0.027811860940695297
12 0.9512724117987276 0.8480572597137015 0.006651243493348756 0.02822085889570552
12 0.047715442452284554 0.8482617586912066 0.00578368999421631 0.027811860940695297
12 0.04786003470213996 0.939877300613497 0.004916136495083863 0.028629856850715747
12 0.1662810873337189 0.939877300613497 0.0063620589936379405 0.027811860940695297
12 0.25708502024291496 0.940081799591002 0.0063620589936379405 0.02822085889570552
12 0.34456333140543666 0.940081799591002 0.006072874493927125 0.02822085889570552
12 0.4531521110468479 0.940081799591002 0.0063620589936379405 0.02822085889570552
12 0.6321573163678427 0.940081799591002 0.0063620589936379405 0.02822085889570552
12 0.7896182764603816 0.940081799591002 0.006651243493348756 0.02822085889570552
12 0.9512724117987276 0.940081799591002 0.006651243493348756 0.02822085889570552
12 0.5452573742047426 0.9402862985685072 0.006072874493927125 0.027811860940695297
31 0.05740312319259687 0.08282208588957056 0.013591671486408328 0.04948875255623722
18 0.11466165413533834 0.07402862985685071 0.009543088490456911 0.0081799591002045
18 0.21153846153846154 0.07423312883435583 0.009543088490456911 0.007770961145194274
18 0.3007518796992481 0.07423312883435583 0.009253903990746095 0.007770961145194274
18 0.39864083285135915 0.07423312883435583 0.009543088490456911 0.007770961145194274
18 0.4989878542510121 0.07423312883435583 0.009543088490456911 0.007770961145194274
18 0.58155002891845 0.07423312883435583 0.009832272990167727 0.007770961145194274
21 0.6408328513591671 0.07914110429447853 0.0063620589936379405 0.013496932515337423
134 0.655002891844997 0.08384458077709611 0.0063620589936379405 0.03844580777096115
134 0.6713418160786582 0.0834355828220859 0.006072874493927125 0.03844580777096115
135 0.6878253325621746 0.08261758691206544 0.008386350491613648 0.03680981595092025
136 0.7076344707923655 0.08077709611451943 0.0063620589936379405 0.033128834355828224
134 0.726286871023713 0.08139059304703476 0.006072874493927125 0.03353783231083845
134 0.746096009253904 0.08241308793456033 0.0063620589936379405 0.03558282208588957
133 0.7718334297281665 0.08282208588957056 0.009253903990746095 0.03803680981595092
133 0.8007518796992481 0.0754601226993865 0.008675534991324464 0.03721881390593047
163 0.822006940427993 0.0754601226993865 0.006651243493348756 0.03721881390593047
133 0.8428282244071718 0.0754601226993865 0.008386350491613648 0.03721881390593047
133 0.8637941006362059 0.07566462167689161 0.0063620589936379405 0.0376278118609407
133 0.8869288606130711 0.07443762781186095 0.008675534991324464 0.04008179959100205
134 0.9091960670908039 0.07321063394683026 0.006940427993059571 0.04171779141104295
103 0.9369577790630421 0.08261758691206544 0.00578368999421631 0.0376278118609407
29 0.05725853094274146 0.16830265848670756 0.012724117987275881 0.05112474437627812
18 0.11466165413533834 0.16625766871165645 0.009543088490456911 0.007770961145194274
18 0.21168305378831692 0.16625766871165645 0.009832272990167727 0.007770961145194274
18 0.3006072874493927 0.16625766871165645 0.009543088490456911 0.007770961145194274
18 0.39864083285135915 0.16625766871165645 0.009543088490456911 0.007770961145194274
18 0.4991324465008675 0.16625766871165645 0.009832272990167727 0.007770961145194274
18 0.58155002891845 0.16625766871165645 0.009832272990167727 0.007770961145194274
18 0.7105263157894737 0.16646216768916156 0.009832272990167727 0.0081799591002045
18 0.8704453441295545 0.16625766871165645 0.009832272990167727 0.007770961145194274
26 0.05754771544245228 0.25030674846625767 0.013302486986697512 0.0425357873210634
19 0.0785135916714864 0.24785276073619633 0.010121457489878543 0.007361963190184049
15 0.12218045112781954 0.23231083844580777 0.005494505494505494 0.0196319018404908
139 0.1286871023713129 0.24621676891615543 0.0063620589936379405 0.03517382413087935
143 0.1401098901098901 0.2394683026584867 0.008386350491613648 0.04948875255623722
111 0.15211104684788895 0.24171779141104294 0.008097165991902834 0.045807770961145196
142 0.17510121457489877 0.24171779141104294 0.007807981492192018 0.045807770961145196
140 0.18609022556390975 0.24478527607361963 0.007807981492192018 0.03885480572597137
137 0.19664545980335452 0.24948875255623723 0.0063620589936379405 0.029447852760736196
140 0.20806824754193173 0.24478527607361963 0.00896471949103528 0.03885480572597137
106 0.2184788895315211 0.24989775051124744 0.006651243493348756 0.029447852760736196
137 0.23684210526315788 0.24969325153374233 0.0063620589936379405 0.02903885480572597
138 0.24739733950260265 0.24785276073619633 0.007807981492192018 0.032719836400818
106 0.2647484094852516 0.24989775051124744 0.006651243493348756 0.029447852760736196
20 0.2813765182186235 0.247239263803681 0.006940427993059571 0.020858895705521473
19 0.3046558704453441 0.24826175869120654 0.010121457489878543 0.00899795501022495
130 0.35425101214574894 0.25071574642126787 0.008097165991902834 0.031083844580777096
133 0.36509543088490454 0.24867075664621677 0.006072874493927125 0.031083844580777096
104 0.3791208791208791 0.25296523517382413 0.0063620589936379405 0.03640081799591002
135 0.40080971659919024 0.24989775051124744 0.0063620589936379405 0.029447852760736196
139 0.41844997108155 0.24642126789366053 0.0063620589936379405 0.03558282208588957
138 0.4329091960670908 0.24805725971370143 0.0063620589936379405 0.033128834355828224
137 0.4427414690572585 0.24969325153374233 0.007518796992481203 0.02903885480572597
106 0.4616830537883169 0.24948875255623723 0.006651243493348756 0.029447852760736196
20 0.48293811451706187 0.24683026584867077 0.0063620589936379405 0.020040899795501024
19 0.5059282822440717 0.24785276073619633 0.009543088490456911 0.0081799591002045
19 0.557836899942163 0.24805725971370143 0.010410641989589357 0.008588957055214725
19 0.6013591671486408 0.24805725971370143 0.009543088490456911 0.007770961145194274
18 0.7105263157894737 0.24458077709611453 0.009832272990167727 0.0081799591002045
18 0.8704453441295545 0.24458077709611453 0.009832272990167727 0.0081799591002045
26 0.05754771544245228 0.32883435582822085 0.013302486986697512 0.0425357873210634
104 0.07735685367264314 0.330879345603272 0.006072874493927125 0.0359918200408998
132 0.11321573163678426 0.3261758691206544 0.009543088490456911 0.032310838445807774
103 0.1286871023713129 0.33210633946830265 0.0063620589936379405 0.03844580777096115
20 0.1512434933487565 0.3112474437627812 0.0063620589936379405 0.0196319018404908
18 0.21153846153846154 0.31574642126789365 0.009543088490456911 0.007361963190184049
19 0.265615962984384 0.3122699386503068 0.010121457489878543 0.009406952965235174
132 0.3046558704453441 0.3259713701431493 0.008386350491613648 0.03353783231083845
135 0.31607865818392133 0.3235173824130879 0.0063620589936379405 0.0376278118609407
16 0.32287449392712547 0.31492842535787324 0.004916136495083863 0.016359918200409
106 0.32995951417004044 0.3278118609406953 0.0063620589936379405 0.02985685071574642
16 0.3720358588779641 0.3390593047034765 0.004916136495083863 0.016359918200409
16 0.3721804511278195 0.3141104294478528 0.005205320994794678 0.01717791411042945
137 0.3795546558704453 0.3179959100204499 0.006072874493927125 0.04376278118609407
136 0.39010989010989006 0.3194274028629857 0.0063620589936379405 0.044989775051124746
104 0.40095430884904565 0.32188139059304705 0.006072874493927125 0.0392638036809816
16 0.41179872758820124 0.32515337423312884 0.004626951995373048 0.01717791411042945
134 0.4183053788316946 0.3319018404907976 0.006072874493927125 0.03558282208588957
16 0.4258241758241758 0.3276073619631902 0.004916136495083863 0.016359918200409
133 0.43262001156737995 0.332719836400818 0.0063620589936379405 0.03885480572597137
20 0.48279352226720645 0.33865030674846625 0.006072874493927125 0.0196319018404908
20 0.48293811451706187 0.31104294478527605 0.00578368999421631 0.019222903885480574
16 0.4982648930017351 0.32842535787321064 0.005205320994794678 0.01717791411042945
20 0.5261711972238288 0.33844580777096117 0.006072874493927125 0.019222903885480574
20 0.5263157894736842 0.31104294478527605 0.00578368999421631 0.019222903885480574
20 0.5780798149219202 0.33865030674846625 0.00578368999421631 0.0196319018404908
20 0.578368999421631 0.3114519427402863 0.00578368999421631 0.020040899795501024
19 0.6016483516483516 0.3118609406952965 0.009543088490456911 0.008588957055214725
19 0.6016483516483516 0.3394683026584867 0.009543088490456911 0.0081799591002045
28 0.6224696356275303 0.32801635991820044 0.011278195488721804 0.028629856850715747
21 0.6406882591093117 0.3132924335378323 0.006072874493927125 0.012269938650306749
16 0.647917871602082 0.32883435582822085 0.004916136495083863 0.016359918200409
16 0.6824754193175245 0.31758691206543965 0.005205320994794678 0.016768916155419224
136 0.6895604395604396 0.3216768916155419 0.006651243493348756 0.04130879345603272
137 0.7087912087912087 0.32085889570552145 0.008097165991902834 0.04376278118609407
164 0.8221515326778485 0.32188139059304705 0.006940427993059571 0.0408997955010225
134 0.8429728166570272 0.3235173824130879 0.008675534991324464 0.0376278118609407
16 0.8789762868710237 0.3188139059304704 0.005494505494505494 0.017586912065439674
165 0.9090514748409485 0.3216768916155419 0.006651243493348756 0.04049079754601227
20 0.9363794100636206 0.3456032719836401 0.0063620589936379405 0.02044989775051125
104 0.9372469635627529 0.32085889570552145 0.0063620589936379405 0.03721881390593047
26 0.05754771544245228 0.4098159509202454 0.013302486986697512 0.0425357873210634
18 0.11466165413533834 0.40388548057259716 0.009543088490456911 0.007770961145194274
18 0.21168305378831692 0.40408997955010223 0.009253903990746095 0.007361963190184049
18 0.3007518796992481 0.40408997955010223 0.009253903990746095 0.007361963190184049
18 0.39864083285135915 0.40388548057259716 0.009543088490456911 0.007770961145194274
18 0.4989878542510121 0.40388548057259716 0.009543088490456911 0.007770961145194274
18 0.58155002891845 0.40429447852760736 0.009832272990167727 0.007770961145194274
18 0.7105263157894737 0.40408997955010223 0.009832272990167727 0.0081799591002045
18 0.87058993637941 0.40408997955010223 0.009543088490456911 0.007361963190184049
27 0.057836899942163095 0.48711656441717793 0.013302486986697512 0.029447852760736196
20 0.09976865240023135 0.49795501022494887 0.0063620589936379405 0.019222903885480574
20 0.09991324465008675 0.47075664621676894 0.006072874493927125 0.0196319018404908
15 0.12232504337767494 0.4768916155419223 0.00578368999421631 0.02044989775051125
20 0.1510989010989011 0.47075664621676894 0.006072874493927125 0.0196319018404908
20 0.1512434933487565 0.4977505112474438 0.0063620589936379405 0.0196319018404908
135 0.17481203007518795 0.48813905930470347 0.006072874493927125 0.03067484662576687
138 0.1847888953152111 0.48568507157464214 0.008097165991902834 0.032310838445807774
109 0.19679005205320993 0.48261758691206547 0.007229612492770387 0.0392638036809816
138 0.22729901677270098 0.48588957055214727 0.0063620589936379405 0.032719836400818
135 0.23684210526315788 0.487321063394683 0.0063620589936379405 0.02985685071574642
138 0.24710815500289182 0.485480572597137 0.008386350491613648 0.032719836400818
106 0.2647484094852516 0.487321063394683 0.006651243493348756 0.02903885480572597
140 0.28195488721804507 0.4822085889570552 0.007518796992481203 0.04008179959100205
141 0.29222093695777906 0.48057259713701433 0.00896471949103528 0.043353783231083846
111 0.3039329091960671 0.47955010224948874 0.008097165991902834 0.04621676891615542
20 0.32952573742047425 0.4705521472392638 0.006072874493927125 0.020040899795501024
128 0.3532388663967611 0.49877300613496933 0.007807981492192018 0.05276073619631902
100 0.3640832851359167 0.49652351738241307 0.007518796992481203 0.048261758691206545
102 0.3791208791208791 0.49222903885480573 0.0063620589936379405 0.04049079754601227
18 0.39864083285135915 0.4750511247443763 0.010121457489878543 0.008588957055214725
130 0.4187391555812608 0.4971370143149284 0.00578368999421631 0.05030674846625767
129 0.43276460381723536 0.49836400817995913 0.006072874493927125 0.05194274028629857
128 0.4431752458068247 0.49938650306748467 0.00896471949103528 0.054805725971370144
20 0.48279352226720645 0.4703476482617587 0.006072874493927125 0.0196319018404908
20 0.48293811451706187 0.4977505112474438 0.0063620589936379405 0.0196319018404908
20 0.5261711972238288 0.4703476482617587 0.006072874493927125 0.0196319018404908
20 0.5263157894736842 0.4977505112474438 0.0063620589936379405 0.0196319018404908
15 0.5507518796992481 0.4770961145194274 0.006072874493927125 0.020858895705521473
20 0.5782244071717756 0.47075664621676894 0.006072874493927125 0.02044989775051125
20 0.5782244071717756 0.498159509202454 0.006072874493927125 0.0196319018404908
20 0.616685945633314 0.47075664621676894 0.006072874493927125 0.0196319018404908
20 0.6168305378831694 0.498159509202454 0.0063620589936379405 0.0196319018404908
20 0.9365240023134759 0.4705521472392638 0.006072874493927125 0.020040899795501024
20 0.9365240023134759 0.49795501022494887 0.006072874493927125 0.019222903885480574
27 0.05769230769230769 0.5656441717791411 0.013591671486408328 0.030265848670756646
18 0.11466165413533834 0.5603271983640082 0.009543088490456911 0.0081799591002045
18 0.21168305378831692 0.560122699386503 0.009253903990746095 0.007770961145194274
18 0.3007518796992481 0.560122699386503 0.009253903990746095 0.007770961145194274
18 0.39864083285135915 0.560122699386503 0.009543088490456911 0.007770961145194274
18 0.4989878542510121 0.560122699386503 0.009543088490456911 0.007770961145194274
18 0.58155002891845 0.560122699386503 0.009832272990167727 0.007770961145194274
18 0.7105263157894737 0.560122699386503 0.009832272990167727 0.007770961145194274
18 0.8703007518796992 0.560122699386503 0.009543088490456911 0.007770961145194274
26 0.05740312319259687 0.6685071574642127 0.013013302486986697 0.04294478527607362
18 0.11466165413533834 0.6560327198364009 0.009543088490456911 0.0081799591002045
18 0.21153846153846154 0.6556237218813906 0.009543088490456911 0.007361963190184049
18 0.3007518796992481 0.6558282208588957 0.009253903990746095 0.007770961145194274
18 0.39864083285135915 0.6558282208588957 0.009543088490456911 0.007770961145194274
18 0.4989878542510121 0.6556237218813906 0.009543088490456911 0.007361963190184049
18 0.5816946211683054 0.6558282208588957 0.009543088490456911 0.007770961145194274
18 0.7106709080393291 0.6558282208588957 0.009543088490456911 0.007770961145194274
18 0.8703007518796992 0.6560327198364009 0.009543088490456911 0.0081799591002045
28 0.05711393869288606 0.7456032719836401 0.014170040485829958 0.028629856850715747
18 0.11466165413533834 0.7337423312883435 0.009543088490456911 0.0081799591002045
18 0.21153846153846154 0.7337423312883435 0.009543088490456911 0.0081799591002045
18 0.58155002891845 0.7337423312883435 0.009832272990167727 0.0081799591002045
18 0.7108155002891845 0.7337423312883435 0.009832272990167727 0.0081799591002045
18 0.8704453441295545 0.7339468302658487 0.009832272990167727 0.008588957055214725
27 0.05754771544245228 0.8478527607361963 0.013302486986697512 0.029447852760736196
18 0.11466165413533834 0.8429447852760736 0.009543088490456911 0.0081799591002045
18 0.21153846153846154 0.8427402862985686 0.009543088490456911 0.007770961145194274
18 0.3006072874493927 0.8429447852760736 0.009543088490456911 0.007361963190184049
18 0.39849624060150374 0.8427402862985686 0.009832272990167727 0.007770961145194274
18 0.4989878542510121 0.8427402862985686 0.009543088490456911 0.007770961145194274
18 0.58155002891845 0.8427402862985686 0.009832272990167727 0.007770961145194274
18 0.7106709080393291 0.8425357873210634 0.009543088490456911 0.0081799591002045
18 0.8703007518796992 0.8427402862985686 0.009543088490456911 0.008588957055214725
26 0.05740312319259687 0.9402862985685072 0.013013302486986697 0.0425357873210634
18 0.11466165413533834 0.9349693251533743 0.009543088490456911 0.0081799591002045
18 0.21153846153846154 0.9351738241308793 0.009543088490456911 0.007770961145194274
18 0.3006072874493927 0.9351738241308793 0.009543088490456911 0.007770961145194274
18 0.39864083285135915 0.9351738241308793 0.009543088490456911 0.007770961145194274
18 0.4991324465008675 0.9351738241308793 0.009832272990167727 0.007770961145194274
18 0.58155002891845 0.9351738241308793 0.009832272990167727 0.007770961145194274
18 0.7106709080393291 0.9349693251533743 0.009543088490456911 0.0081799591002045
18 0.87058993637941 0.9349693251533743 0.009543088490456911 0.0081799591002045
