12 0.04831649831649832 0.08761904761904762 0.005723905723905724 0.03333333333333333
12 0.9515151515151515 0.08761904761904762 0.007407407407407408 0.03238095238095238
12 0.36632996632996634 0.08785714285714286 0.006734006734006735 0.03190476190476191
12 0.6375420875420875 0.08785714285714286 0.007070707070707071 0.03190476190476191
14 0.2090909090909091 0.07571428571428572 0.0053872053872053875 0.006666666666666666
14 0.17053872053872055 0.07595238095238095 0.005050505050505051 0.006190476190476191
14 0.13552188552188552 0.10761904761904761 0.004377104377104377 0.006666666666666666
12 0.04831649831649832 0.1911904761904762 0.005723905723905724 0.032857142857142856
12 0.9516835016835017 0.1911904761904762 0.007070707070707071 0.032857142857142856
12 0.36599326599326604 0.1911904761904762 0.006734006734006735 0.03190476190476191
12 0.6377104377104378 0.1911904761904762 0.006734006734006735 0.03190476190476191
14 0.20892255892255893 0.20238095238095238 0.004377104377104377 0.006666666666666666
14 0.24663299663299665 0.20238095238095238 0.004377104377104377 0.006666666666666666
14 0.2787878787878788 0.20238095238095238 0.004713804713804714 0.006666666666666666
14 0.9154882154882156 0.20261904761904762 0.004713804713804714 0.006190476190476191
14 0.7676767676767677 0.21071428571428572 0.004713804713804714 0.007142857142857143
12 0.04814814814814815 0.29428571428571426 0.006734006734006735 0.03238095238095238
12 0.3661616161616162 0.29404761904761906 0.006397306397306398 0.03190476190476191
12 0.6375420875420875 0.29404761904761906 0.007070707070707071 0.03190476190476191
12 0.951851851851852 0.29428571428571426 0.006734006734006735 0.03238095238095238
14 0.2090909090909091 0.29023809523809524 0.0053872053872053875 0.007142857142857143
14 0.9154882154882156 0.2907142857142857 0.0053872053872053875 0.007142857142857143
14 0.7675084175084176 0.29714285714285715 0.005050505050505051 0.008571428571428572
14 0.24663299663299665 0.2978571428571429 0.005050505050505051 0.006190476190476191
14 0.27912457912457916 0.29833333333333334 0.0053872053872053875 0.006190476190476191
12 0.04831649831649832 0.3973809523809524 0.005723905723905724 0.032857142857142856
12 0.9516835016835017 0.3973809523809524 0.006397306397306398 0.032857142857142856
12 0.36632996632996634 0.3973809523809524 0.006734006734006735 0.03190476190476191
12 0.6373737373737374 0.3976190476190476 0.006734006734006735 0.03238095238095238
14 0.24663299663299665 0.3854761904761905 0.005050505050505051 0.007142857142857143
14 0.10033670033670034 0.3852380952380952 0.004713804713804714 0.005714285714285714
14 0.6540404040404041 0.3933333333333333 0.005050505050505051 0.006666666666666666
14 0.8016835016835018 0.3933333333333333 0.004713804713804714 0.006666666666666666
12 0.36632996632996634 0.5002380952380953 0.006060606060606061 0.03190476190476191
12 0.6373737373737374 0.5002380952380953 0.006734006734006735 0.03190476190476191
12 0.04831649831649832 0.5007142857142857 0.005723905723905724 0.03190476190476191
12 0.9516835016835017 0.5007142857142857 0.006397306397306398 0.03190476190476191
14 0.10016835016835017 0.5119047619047619 0.004377104377104377 0.005714285714285714
14 0.24629629629629632 0.5121428571428571 0.004377104377104377 0.006190476190476191
12 0.04831649831649832 0.6035714285714285 0.005723905723905724 0.03190476190476191
12 0.36649831649831655 0.6035714285714285 0.006397306397306398 0.03190476190476191
12 0.6373737373737374 0.6035714285714285 0.006734006734006735 0.03190476190476191
12 0.951851851851852 0.6038095238095238 0.007407407407407408 0.03238095238095238
14 0.10050505050505051 0.5914285714285714 0.005050505050505051 0.006666666666666666
14 0.24646464646464647 0.5992857142857143 0.004713804713804714 0.006190476190476191
14 0.8018518518518519 0.5997619047619047 0.004377104377104377 0.006190476190476191
14 0.10033670033670034 0.6885714285714286 0.004713804713804714 0.006666666666666666
14 0.6540404040404041 0.6888095238095238 0.004377104377104377 0.006190476190476191
14 0.8018518518518519 0.6888095238095238 0.004377104377104377 0.006190476190476191
12 0.36649831649831655 0.7083333333333334 0.006397306397306398 0.03190476190476191
12 0.951851851851852 0.7085714285714285 0.006734006734006735 0.03238095238095238
12 0.04797979797979798 0.7088095238095238 0.005723905723905724 0.03190476190476191
12 0.6375420875420875 0.7085714285714285 0.006397306397306398 0.03142857142857143
14 0.24629629629629632 0.6966666666666667 0.004377104377104377 0.006666666666666666
14 0.4478114478114478 0.7916666666666666 0.0053872053872053875 0.008095238095238095
14 0.20875420875420878 0.7916666666666666 0.004713804713804714 0.007142857142857143
14 0.41515151515151516 0.7916666666666666 0.0053872053872053875 0.007142857142857143
14 0.382996632996633 0.7919047619047619 0.005050505050505051 0.006666666666666666
12 0.6375420875420875 0.8114285714285714 0.007070707070707071 0.03238095238095238
12 0.048484848484848485 0.8114285714285714 0.0053872053872053875 0.03142857142857143
12 0.36632996632996634 0.8114285714285714 0.006734006734006735 0.03142857142857143
14 0.48013468013468014 0.7997619047619048 0.0053872053872053875 0.008095238095238095
12 0.951851851851852 0.8119047619047619 0.006734006734006735 0.03238095238095238
14 0.27895622895622896 0.7995238095238095 0.005050505050505051 0.006666666666666666
14 0.3112794612794613 0.7995238095238095 0.005050505050505051 0.006666666666666666
14 0.34393939393939393 0.7995238095238095 0.005050505050505051 0.006666666666666666
14 0.24646464646464647 0.7997619047619048 0.004713804713804714 0.006190476190476191
14 0.5178451178451179 0.8076190476190476 0.0053872053872053875 0.006666666666666666
14 0.5501683501683502 0.8078571428571428 0.0053872053872053875 0.007142857142857143
14 0.5828282828282828 0.8076190476190476 0.0053872053872053875 0.006666666666666666
14 0.6151515151515152 0.8076190476190476 0.0053872053872053875 0.006666666666666666
14 0.9153198653198654 0.8235714285714286 0.004377104377104377 0.006190476190476191
26 0.06060606060606061 0.08666666666666667 0.016835016835016835 0.06285714285714286
16 0.07457912457912458 0.08285714285714285 0.006397306397306398 0.021904761904761906
22 0.0936026936026936 0.09214285714285714 0.008754208754208754 0.023333333333333334
159 0.1122895622895623 0.09166666666666666 0.011111111111111112 0.04238095238095238
159 0.12828282828282828 0.0911904761904762 0.008754208754208754 0.04238095238095238
166 0.16346801346801348 0.0911904761904762 0.008417508417508417 0.043333333333333335
191 0.18686868686868688 0.09142857142857143 0.01346801346801347 0.04380952380952381
166 0.2016835016835017 0.0919047619047619 0.008754208754208754 0.04285714285714286
191 0.2196969696969697 0.0919047619047619 0.013131313131313133 0.04285714285714286
166 0.23922558922558923 0.09166666666666666 0.009090909090909092 0.043333333333333335
191 0.25723905723905727 0.09142857142857143 0.012794612794612796 0.04285714285714286
166 0.2718855218855219 0.09166666666666666 0.009090909090909092 0.043333333333333335
191 0.28989898989898993 0.09166666666666666 0.012794612794612796 0.04238095238095238
166 0.3043771043771044 0.0919047619047619 0.008754208754208754 0.04285714285714286
191 0.32222222222222224 0.09166666666666666 0.012794612794612796 0.04238095238095238
166 0.3370370370370371 0.0919047619047619 0.008754208754208754 0.04285714285714286
191 0.3552188552188552 0.09166666666666666 0.01346801346801347 0.04238095238095238
165 0.3760942760942761 0.09238095238095238 0.008754208754208754 0.04285714285714286
190 0.39410774410774413 0.0919047619047619 0.013131313131313133 0.0419047619047619
165 0.4085858585858586 0.09214285714285714 0.008417508417508417 0.04238095238095238
190 0.4267676767676768 0.0919047619047619 0.013131313131313133 0.0419047619047619
165 0.44074074074074077 0.09261904761904761 0.00808080808080808 0.043333333333333335
190 0.4590909090909091 0.09214285714285714 0.013131313131313133 0.04238095238095238
166 0.4732323232323233 0.0919047619047619 0.008417508417508417 0.04285714285714286
191 0.4914141414141414 0.0919047619047619 0.013131313131313133 0.04285714285714286
106 0.5107744107744108 0.0880952380952381 0.008754208754208754 0.03428571428571429
99 0.5755892255892257 0.08952380952380952 0.008417508417508417 0.0380952380952381
22 0.646969696969697 0.09238095238095238 0.008417508417508417 0.023809523809523808
167 0.6644781144781146 0.0880952380952381 0.008417508417508417 0.03619047619047619
167 0.6910774410774411 0.0880952380952381 0.009090909090909092 0.035238095238095235
192 0.7097643097643098 0.0880952380952381 0.01346801346801347 0.035238095238095235
109 0.7254208754208754 0.08190476190476191 0.009764309764309765 0.045714285714285714
22 0.794949494949495 0.09261904761904761 0.008754208754208754 0.024285714285714285
167 0.8122895622895623 0.08833333333333333 0.008417508417508417 0.03571428571428571
167 0.8388888888888889 0.0880952380952381 0.009090909090909092 0.035238095238095235
192 0.8575757575757577 0.08785714285714286 0.01346801346801347 0.034761904761904765
109 0.8734006734006734 0.08214285714285714 0.009427609427609429 0.04619047619047619
26 0.06060606060606061 0.18976190476190477 0.016835016835016835 0.062380952380952384
16 0.07491582491582492 0.18619047619047618 0.006397306397306398 0.022857142857142857
100 0.0930976430976431 0.1911904761904762 0.009090909090909092 0.03380952380952381
22 0.16363636363636364 0.1957142857142857 0.008754208754208754 0.022857142857142857
161 0.1824915824915825 0.19095238095238096 0.011447811447811448 0.03428571428571429
161 0.2016835016835017 0.19071428571428573 0.008754208754208754 0.034761904761904765
186 0.22222222222222224 0.1911904761904762 0.009427609427609429 0.034761904761904765
161 0.24074074074074076 0.1911904761904762 0.011447811447811448 0.03380952380952381
186 0.2595959595959596 0.19071428571428573 0.009427609427609429 0.034761904761904765
161 0.2718855218855219 0.19071428571428573 0.008417508417508417 0.034761904761904765
186 0.2919191919191919 0.19166666666666668 0.008754208754208754 0.034761904761904765
161 0.3058922558922559 0.19047619047619047 0.011784511784511785 0.03619047619047619
186 0.3245791245791246 0.19071428571428573 0.008754208754208754 0.03571428571428571
160 0.3368686868686869 0.19238095238095237 0.008417508417508417 0.039047619047619046
185 0.3570707070707071 0.1930952380952381 0.009090909090909092 0.03761904761904762
160 0.3777777777777778 0.19285714285714287 0.011447811447811448 0.0380952380952381
185 0.39663299663299667 0.1926190476190476 0.009427609427609429 0.03761904761904762
160 0.4085858585858586 0.19238095238095237 0.008417508417508417 0.0380952380952381
185 0.42878787878787883 0.19285714285714287 0.008417508417508417 0.039047619047619046
160 0.44292929292929295 0.18833333333333332 0.012457912457912458 0.047142857142857146
185 0.4612794612794613 0.18714285714285714 0.008754208754208754 0.049523809523809526
163 0.4732323232323233 0.18476190476190477 0.007744107744107744 0.047619047619047616
188 0.49343434343434345 0.1830952380952381 0.007744107744107744 0.05095238095238095
15 0.5023569023569023 0.19833333333333333 0.006734006734006735 0.02619047619047619
162 0.5122895622895624 0.1869047619047619 0.011111111111111112 0.043333333333333335
187 0.530976430976431 0.18666666666666668 0.00808080808080808 0.04285714285714286
162 0.5437710437710438 0.1869047619047619 0.00808080808080808 0.04238095238095238
187 0.5632996632996633 0.1869047619047619 0.008754208754208754 0.043333333333333335
162 0.5772727272727273 0.18666666666666668 0.011111111111111112 0.04285714285714286
187 0.595959595959596 0.18666666666666668 0.00808080808080808 0.04285714285714286
162 0.6082491582491583 0.1869047619047619 0.007744107744107744 0.04238095238095238
187 0.6284511784511785 0.18666666666666668 0.008417508417508417 0.04285714285714286
99 0.6471380471380471 0.19285714285714287 0.008754208754208754 0.039047619047619046
22 0.7255892255892257 0.1957142857142857 0.008754208754208754 0.022857142857142857
158 0.7444444444444445 0.19666666666666666 0.012121212121212121 0.04666666666666667
158 0.7601010101010102 0.19666666666666666 0.009764309764309765 0.04666666666666667
104 0.7946127946127947 0.19523809523809524 0.008754208754208754 0.04285714285714286
22 0.8735690235690237 0.19547619047619047 0.009090909090909092 0.023333333333333334
160 0.8927609427609428 0.19285714285714287 0.011784511784511785 0.0380952380952381
160 0.9084175084175085 0.19238095238095237 0.009427609427609429 0.0380952380952381
185 0.9419191919191919 0.19285714285714287 0.008417508417508417 0.037142857142857144
28 0.059932659932659935 0.29428571428571426 0.016835016835016835 0.03428571428571429
16 0.07508417508417509 0.2930952380952381 0.006060606060606061 0.02238095238095238
104 0.09292929292929293 0.29833333333333334 0.008754208754208754 0.04238095238095238
22 0.16380471380471381 0.2988095238095238 0.008417508417508417 0.023333333333333334
164 0.18097643097643099 0.30095238095238097 0.009090909090909092 0.047619047619047616
164 0.20185185185185187 0.3011904761904762 0.009090909090909092 0.048095238095238094
189 0.22003367003367005 0.3007142857142857 0.013131313131313133 0.048095238095238094
17 0.23164983164983166 0.2976190476190476 0.0053872053872053875 0.02761904761904762
163 0.23922558922558923 0.30214285714285716 0.008417508417508417 0.05
188 0.25723905723905727 0.3019047619047619 0.012794612794612796 0.05047619047619047
163 0.2718855218855219 0.30214285714285716 0.009090909090909092 0.05
188 0.2897306397306397 0.3019047619047619 0.013131313131313133 0.05047619047619047
163 0.3043771043771044 0.30238095238095236 0.008754208754208754 0.05047619047619047
188 0.3223905723905724 0.3016666666666667 0.013131313131313133 0.05
163 0.3368686868686869 0.30214285714285716 0.009090909090909092 0.05
188 0.35505050505050506 0.3019047619047619 0.013131313131313133 0.05047619047619047
164 0.3760942760942761 0.30095238095238097 0.008754208754208754 0.047619047619047616
189 0.39377104377104377 0.30023809523809525 0.013131313131313133 0.048095238095238094
164 0.40875420875420876 0.30095238095238097 0.008754208754208754 0.047619047619047616
189 0.42643097643097644 0.3007142857142857 0.013131313131313133 0.048095238095238094
164 0.4409090909090909 0.3026190476190476 0.008417508417508417 0.05095238095238095
189 0.45892255892255895 0.3028571428571429 0.014141414141414142 0.05238095238095238
162 0.47340067340067343 0.30428571428571427 0.009427609427609429 0.054285714285714284
187 0.49090909090909096 0.30428571428571427 0.014141414141414142 0.05523809523809524
17 0.5026936026936027 0.2978571428571429 0.0053872053872053875 0.025238095238095237
163 0.5104377104377105 0.30238095238095236 0.008754208754208754 0.05047619047619047
188 0.5284511784511785 0.30214285714285716 0.012457912457912458 0.05
163 0.5430976430976431 0.30238095238095236 0.008754208754208754 0.05047619047619047
188 0.560942760942761 0.30214285714285716 0.012794612794612796 0.05
163 0.5754208754208755 0.30238095238095236 0.008754208754208754 0.05047619047619047
188 0.5932659932659933 0.3019047619047619 0.012794612794612796 0.05047619047619047
163 0.6077441077441078 0.30238095238095236 0.008754208754208754 0.05047619047619047
188 0.625925925925926 0.3019047619047619 0.012794612794612796 0.05047619047619047
103 0.6466329966329967 0.29928571428571427 0.008417508417508417 0.04428571428571428
22 0.7257575757575758 0.2985714285714286 0.009090909090909092 0.023809523809523808
162 0.7447811447811448 0.2897619047619048 0.011447811447811448 0.04238095238095238
162 0.7606060606060606 0.29 0.008754208754208754 0.04285714285714286
187 0.780976430976431 0.29 0.008417508417508417 0.04285714285714286
108 0.7944444444444445 0.2897619047619048 0.008417508417508417 0.04238095238095238
22 0.8734006734006734 0.29904761904761906 0.008754208754208754 0.023809523809523808
164 0.8907407407407408 0.30095238095238097 0.009090909090909092 0.047619047619047616
164 0.9082491582491583 0.3011904761904762 0.009090909090909092 0.048095238095238094
189 0.9395622895622896 0.3007142857142857 0.013131313131313133 0.048095238095238094
26 0.06026936026936027 0.3961904761904762 0.015488215488215488 0.06095238095238095
16 0.07474747474747476 0.39285714285714285 0.006060606060606061 0.021904761904761906
105 0.0930976430976431 0.3995238095238095 0.009090909090909092 0.039047619047619046
136 0.20151515151515154 0.3995238095238095 0.008417508417508417 0.039047619047619046
105 0.23905723905723908 0.3995238095238095 0.008754208754208754 0.039047619047619046
136 0.33653198653198657 0.3992857142857143 0.008417508417508417 0.03857142857142857
104 0.3760942760942761 0.4007142857142857 0.008754208754208754 0.041428571428571426
135 0.4409090909090909 0.39880952380952384 0.009090909090909092 0.03761904761904762
136 0.4708754208754209 0.3976190476190476 0.012457912457912458 0.035238095238095235
106 0.5106060606060606 0.39714285714285713 0.009090909090909092 0.03428571428571429
106 0.5754208754208755 0.3969047619047619 0.008754208754208754 0.03380952380952381
165 0.6468013468013468 0.4045238095238095 0.008754208754208754 0.048095238095238094
17 0.6656565656565657 0.39666666666666667 0.0053872053872053875 0.026666666666666665
189 0.6717171717171717 0.405 0.011447811447811448 0.048095238095238094
133 0.69006734006734 0.40523809523809523 0.011111111111111112 0.05142857142857143
20 0.7240740740740741 0.39595238095238094 0.007070707070707071 0.02619047619047619
165 0.7946127946127947 0.4045238095238095 0.008754208754208754 0.04904761904761905
189 0.818855218855219 0.405 0.012794612794612796 0.05
133 0.8378787878787879 0.40523809523809523 0.011111111111111112 0.05047619047619047
21 0.8730639730639731 0.3976190476190476 0.007407407407407408 0.01619047619047619
160 0.9095959595959596 0.3992857142857143 0.011784511784511785 0.03857142857142857
160 0.9331649831649832 0.3995238095238095 0.009090909090909092 0.039047619047619046
26 0.06043771043771044 0.49952380952380954 0.015824915824915825 0.06095238095238095
16 0.07474747474747476 0.4961904761904762 0.006060606060606061 0.021904761904761906
100 0.09326599326599327 0.5004761904761905 0.008754208754208754 0.03333333333333333
131 0.20471380471380474 0.5007142857142857 0.014141414141414142 0.03380952380952381
100 0.2393939393939394 0.5007142857142857 0.008754208754208754 0.032857142857142856
130 0.3393939393939394 0.5023809523809524 0.012794612794612796 0.037142857142857144
99 0.3760942760942761 0.5026190476190476 0.008754208754208754 0.03761904761904762
130 0.4422558922558923 0.5023809523809524 0.010437710437710438 0.0380952380952381
131 0.4732323232323233 0.5002380952380953 0.008417508417508417 0.03380952380952381
17 0.503030303030303 0.5276190476190477 0.006060606060606061 0.023809523809523808
96 0.5107744107744108 0.5083333333333333 0.009427609427609429 0.05095238095238095
96 0.5752525252525252 0.5085714285714286 0.009764309764309765 0.05047619047619047
160 0.6484848484848486 0.5028571428571429 0.011447811447811448 0.0380952380952381
184 0.6732323232323233 0.5047619047619047 0.008417508417508417 0.040952380952380955
128 0.6915824915824916 0.5064285714285715 0.009427609427609429 0.04523809523809524
20 0.7239057239057239 0.4990476190476191 0.006734006734006735 0.026666666666666665
160 0.7957912457912458 0.5026190476190476 0.011784511784511785 0.03857142857142857
188 0.8212121212121213 0.5047619047619047 0.009427609427609429 0.0419047619047619
128 0.8395622895622896 0.5064285714285715 0.009764309764309765 0.04523809523809524
21 0.8732323232323232 0.5007142857142857 0.007744107744107744 0.015714285714285715
158 0.9095959595959596 0.5066666666666667 0.012457912457912458 0.04666666666666667
158 0.932996632996633 0.5069047619047619 0.010101010101010102 0.047142857142857146
26 0.06043771043771044 0.6023809523809524 0.015824915824915825 0.06095238095238095
16 0.07457912457912458 0.5995238095238096 0.006397306397306398 0.022857142857142857
105 0.09343434343434344 0.6052380952380952 0.008417508417508417 0.0380952380952381
135 0.20185185185185187 0.6078571428571429 0.009090909090909092 0.04238095238095238
17 0.23164983164983166 0.6038095238095238 0.006060606060606061 0.026666666666666665
103 0.2393939393939394 0.6088095238095238 0.008754208754208754 0.04428571428571428
134 0.3367003367003367 0.6092857142857143 0.008754208754208754 0.04523809523809524
104 0.37592592592592594 0.6073809523809524 0.008417508417508417 0.041428571428571426
135 0.44074074074074077 0.6057142857142858 0.008754208754208754 0.0380952380952381
133 0.47154882154882155 0.6076190476190476 0.011111111111111112 0.04285714285714286
15 0.5016835016835017 0.6116666666666667 0.007407407407407408 0.025238095238095237
101 0.5104377104377105 0.6107142857142858 0.008754208754208754 0.05
101 0.5750841750841751 0.6111904761904762 0.008754208754208754 0.05
163 0.6483164983164984 0.5995238095238096 0.011111111111111112 0.04285714285714286
185 0.6734006734006734 0.6035714285714285 0.009427609427609429 0.04047619047619048
130 0.6915824915824916 0.6054761904761905 0.008754208754208754 0.039523809523809524
20 0.7240740740740741 0.6021428571428571 0.007070707070707071 0.02619047619047619
165 0.795959595959596 0.5959523809523809 0.011447811447811448 0.05095238095238095
185 0.8212121212121213 0.6009523809523809 0.009427609427609429 0.047619047619047616
130 0.8393939393939395 0.6035714285714285 0.008754208754208754 0.04238095238095238
21 0.8730639730639731 0.604047619047619 0.00808080808080808 0.015714285714285715
163 0.9084175084175085 0.61 0.008754208754208754 0.047619047619047616
163 0.9314814814814816 0.6097619047619047 0.011784511784511785 0.048095238095238094
27 0.06060606060606061 0.7085714285714285 0.018181818181818184 0.03428571428571429
16 0.08484848484848485 0.684047619047619 0.006060606060606061 0.02238095238095238
108 0.0930976430976431 0.7047619047619048 0.009090909090909092 0.0419047619047619
138 0.20202020202020204 0.7071428571428572 0.008754208754208754 0.0380952380952381
15 0.23080808080808082 0.6966666666666667 0.007070707070707071 0.025714285714285714
106 0.2393939393939394 0.7083333333333334 0.008754208754208754 0.03380952380952381
137 0.3370370370370371 0.7088095238095238 0.009427609427609429 0.03380952380952381
107 0.3757575757575758 0.7066666666666667 0.008754208754208754 0.0380952380952381
138 0.44074074074074077 0.7066666666666667 0.008754208754208754 0.0380952380952381
136 0.47104377104377104 0.7088095238095238 0.011447811447811448 0.034761904761904765
104 0.5104377104377105 0.7121428571428572 0.008754208754208754 0.041428571428571426
104 0.5754208754208755 0.7123809523809523 0.008754208754208754 0.0419047619047619
168 0.6481481481481481 0.695952380952381 0.011447811447811448 0.062380952380952384
186 0.6732323232323233 0.6997619047619048 0.009090909090909092 0.05380952380952381
131 0.6912457912457913 0.7030952380952381 0.008754208754208754 0.04619047619047619
20 0.7240740740740741 0.7071428571428572 0.007070707070707071 0.025714285714285714
168 0.7957912457912458 0.6961904761904761 0.011111111111111112 0.06285714285714286
186 0.8210437710437711 0.6997619047619048 0.009090909090909092 0.05285714285714286
131 0.8392255892255893 0.7030952380952381 0.009090909090909092 0.04619047619047619
21 0.872895622895623 0.7088095238095238 0.007744107744107744 0.015714285714285715
167 0.9080808080808082 0.7088095238095238 0.008754208754208754 0.03571428571428571
167 0.9313131313131313 0.709047619047619 0.011447811447811448 0.035238095238095235
27 0.06026936026936027 0.8123809523809524 0.018181818181818184 0.035238095238095235
16 0.08451178451178451 0.7876190476190477 0.006060606060606061 0.021904761904761906
108 0.0930976430976431 0.8080952380952381 0.008417508417508417 0.0419047619047619
22 0.16380471380471381 0.8166666666666667 0.009090909090909092 0.023809523809523808
168 0.18131313131313131 0.8107142857142857 0.008417508417508417 0.03857142857142857
168 0.2016835016835017 0.8104761904761905 0.008754208754208754 0.0380952380952381
15 0.230976430976431 0.7997619047619048 0.007407407407407408 0.02619047619047619
167 0.23905723905723908 0.8121428571428572 0.008754208754208754 0.034761904761904765
192 0.25757575757575757 0.8119047619047619 0.01346801346801347 0.03428571428571429
167 0.27171717171717175 0.8121428571428572 0.008754208754208754 0.034761904761904765
192 0.2897306397306397 0.8119047619047619 0.012457912457912458 0.03333333333333333
167 0.30404040404040406 0.8121428571428572 0.008754208754208754 0.034761904761904765
192 0.3223905723905724 0.8119047619047619 0.012457912457912458 0.03333333333333333
167 0.3367003367003367 0.8121428571428572 0.008754208754208754 0.034761904761904765
192 0.3548821548821549 0.8121428571428572 0.012794612794612796 0.03380952380952381
168 0.3757575757575758 0.81 0.008754208754208754 0.0380952380952381
193 0.39377104377104377 0.81 0.012457912457912458 0.0380952380952381
168 0.40841750841750846 0.8102380952380952 0.008754208754208754 0.03857142857142857
193 0.42643097643097644 0.8102380952380952 0.012457912457912458 0.03761904761904762
168 0.4409090909090909 0.8102380952380952 0.008417508417508417 0.03857142857142857
166 0.4732323232323233 0.8135714285714286 0.008417508417508417 0.03857142857142857
191 0.4910774410774411 0.8145238095238095 0.013131313131313133 0.039523809523809524
165 0.5104377104377105 0.8161904761904762 0.008754208754208754 0.0419047619047619
190 0.5282828282828284 0.8161904761904762 0.012794612794612796 0.040952380952380955
165 0.5429292929292929 0.8161904761904762 0.008417508417508417 0.0419047619047619
190 0.560942760942761 0.8164285714285714 0.012794612794612796 0.04238095238095238
165 0.5752525252525252 0.8161904761904762 0.008417508417508417 0.0419047619047619
190 0.5932659932659933 0.815952380952381 0.012794612794612796 0.041428571428571426
165 0.607912457912458 0.8161904761904762 0.008417508417508417 0.0419047619047619
190 0.6260942760942761 0.8161904761904762 0.013131313131313133 0.0419047619047619
100 0.646969696969697 0.8119047619047619 0.009090909090909092 0.03428571428571429
22 0.7255892255892257 0.8161904761904762 0.008754208754208754 0.023809523809523808
161 0.7446127946127946 0.8116666666666666 0.011784511784511785 0.034761904761904765
161 0.7606060606060606 0.8116666666666666 0.009427609427609429 0.03571428571428571
186 0.780976430976431 0.8119047619047619 0.009090909090909092 0.03428571428571429
99 0.794949494949495 0.814047619047619 0.008754208754208754 0.03857142857142857
22 0.8735690235690237 0.8161904761904762 0.009090909090909092 0.023809523809523808
160 0.8925925925925926 0.8135714285714286 0.012121212121212121 0.03857142857142857
160 0.9084175084175085 0.8130952380952381 0.008754208754208754 0.03857142857142857
185 0.9420875420875421 0.8128571428571428 0.008754208754208754 0.0380952380952381
184 0.148989898989899 0.0919047619047619 0.008417508417508417 0.0419047619047619
183 0.780976430976431 0.19666666666666666 0.010437710437710438 0.04476190476190476
193 0.45892255892255895 0.8107142857142857 0.012121212121212121 0.039523809523809524
