10 0.10867346938775511 0.17604617604617603 0.0489795918367347 0.06204906204906205
11 0.9477040816326532 0.18542568542568544 0.012755102040816327 0.047619047619047616
12 0.41938775510204085 0.18686868686868688 0.0071428571428571435 0.049062049062049064
12 0.8808673469387756 0.18614718614718614 0.008673469387755102 0.047619047619047616
12 0.2852040816326531 0.1865079365079365 0.00816326530612245 0.046897546897546896
12 0.6061224489795919 0.1865079365079365 0.009183673469387756 0.046897546897546896
12 0.7573979591836736 0.18686868686868688 0.008673469387755102 0.047619047619047616
12 0.048214285714285716 0.18722943722943722 0.007653061224489797 0.046897546897546896
10 0.10841836734693878 0.3142135642135642 0.04948979591836735 0.06277056277056277
12 0.28469387755102044 0.3246753246753247 0.00816326530612245 0.049062049062049064
12 0.41913265306122455 0.3232323232323232 0.007653061224489797 0.046176046176046176
12 0.7576530612244898 0.32431457431457433 0.0071428571428571435 0.048340548340548344
11 0.9474489795918368 0.32431457431457433 0.012244897959183675 0.048340548340548344
12 0.6068877551020408 0.325036075036075 0.008673469387755102 0.048340548340548344
12 0.047959183673469394 0.325036075036075 0.00816326530612245 0.046897546897546896
12 0.8808673469387756 0.3246753246753247 0.008673469387755102 0.046176046176046176
10 0.10867346938775511 0.4531024531024531 0.05 0.06349206349206349
12 0.2852040816326531 0.46320346320346323 0.00816326530612245 0.049062049062049064
12 0.41938775510204085 0.46176046176046176 0.00816326530612245 0.046176046176046176
11 0.9474489795918368 0.4624819624819625 0.012244897959183675 0.047619047619047616
12 0.6061224489795919 0.46320346320346323 0.009183673469387756 0.047619047619047616
12 0.7576530612244898 0.46284271284271283 0.00816326530612245 0.046897546897546896
12 0.8808673469387756 0.46284271284271283 0.008673469387755102 0.046897546897546896
12 0.047959183673469394 0.46356421356421357 0.00816326530612245 0.046897546897546896
10 0.10867346938775511 0.5912698412698413 0.0489795918367347 0.06277056277056277
11 0.9471938775510205 0.6013708513708513 0.011734693877551022 0.048340548340548344
12 0.28494897959183674 0.601010101010101 0.008673469387755102 0.046176046176046176
12 0.6056122448979593 0.6017316017316018 0.009183673469387756 0.047619047619047616
12 0.7576530612244898 0.6017316017316018 0.009183673469387756 0.047619047619047616
12 0.880357142857143 0.6013708513708513 0.008673469387755102 0.046897546897546896
12 0.047959183673469394 0.6020923520923521 0.00816326530612245 0.046897546897546896
12 0.41938775510204085 0.6020923520923521 0.009183673469387756 0.046897546897546896
10 0.10867346938775511 0.7413419913419913 0.047959183673469394 0.06132756132756133
12 0.6061224489795919 0.7402597402597403 0.00816326530612245 0.049062049062049064
12 0.047959183673469394 0.73989898989899 0.00816326530612245 0.046897546897546896
12 0.2852040816326531 0.73989898989899 0.009183673469387756 0.046897546897546896
12 0.4196428571428572 0.73989898989899 0.007653061224489797 0.046897546897546896
12 0.7576530612244898 0.7402597402597403 0.00816326530612245 0.047619047619047616
12 0.8806122448979593 0.73989898989899 0.00816326530612245 0.046897546897546896
11 0.9469387755102041 0.73989898989899 0.012244897959183675 0.046897546897546896
26 0.06683673469387756 0.1847041847041847 0.02448979591836735 0.09235209235209235
51 0.16122448979591839 0.18759018759018758 0.0163265306122449 0.05194805194805195
105 0.3048469387755102 0.1893939393939394 0.011734693877551022 0.056998556998557
105 0.3318877551020408 0.19011544011544013 0.012755102040816327 0.056998556998557
106 0.35867346938775513 0.1865079365079365 0.01326530612244898 0.051226551226551224
137 0.38571428571428573 0.18722943722943722 0.012244897959183675 0.051226551226551224
136 0.403061224489796 0.18867243867243869 0.015306122448979593 0.05266955266955267
51 0.4438775510204082 0.18686868686868688 0.0163265306122449 0.05194805194805195
108 0.6206632653061225 0.1810966810966811 0.012755102040816327 0.06349206349206349
139 0.6471938775510204 0.18073593073593072 0.012755102040816327 0.06277056277056277
140 0.6655612244897959 0.17784992784992784 0.01683673469387755 0.06854256854256854
141 0.6859693877551021 0.1746031746031746 0.01479591836734694 0.07503607503607504
139 0.7053571428571429 0.1810966810966811 0.013775510204081635 0.06349206349206349
141 0.7267857142857144 0.17496392496392496 0.01479591836734694 0.07575757575757576
142 0.7438775510204082 0.17135642135642135 0.018367346938775512 0.08008658008658008
58 0.7864795918367348 0.1681096681096681 0.020918367346938777 0.08658008658008658
58 0.9035714285714287 0.16847041847041846 0.020408163265306124 0.08874458874458875
26 0.06683673469387756 0.3232323232323232 0.02448979591836735 0.09379509379509379
105 0.1584183673469388 0.32792207792207795 0.012755102040816327 0.056998556998557
136 0.1852040816326531 0.3264790764790765 0.012244897959183675 0.05411255411255411
135 0.20255102040816328 0.32792207792207795 0.015306122448979593 0.05555555555555555
103 0.2229591836734694 0.3333333333333333 0.012244897959183675 0.06637806637806638
133 0.251530612244898 0.3225108225108225 0.015306122448979593 0.05627705627705628
132 0.2691326530612245 0.3235930735930736 0.012755102040816327 0.05411255411255411
102 0.3053571428571429 0.3185425685425685 0.012755102040816327 0.06132756132756133
102 0.3323979591836735 0.3185425685425685 0.012755102040816327 0.06132756132756133
103 0.3589285714285715 0.33261183261183264 0.012755102040816327 0.06637806637806638
134 0.38801020408163267 0.31673881673881676 0.015816326530612247 0.06349206349206349
133 0.40484693877551026 0.3185425685425685 0.012755102040816327 0.06277056277056277
132 0.4438775510204082 0.3217893217893218 0.017346938775510204 0.05627705627705628
133 0.47602040816326535 0.3203463203463203 0.01326530612244898 0.06060606060606061
134 0.4954081632653062 0.31926406926406925 0.01326530612244898 0.06277056277056277
135 0.5145408163265307 0.3181818181818182 0.012755102040816327 0.06637806637806638
105 0.5334183673469388 0.32792207792207795 0.012755102040816327 0.056998556998557
105 0.5719387755102041 0.32756132756132755 0.01326530612244898 0.05772005772005772
106 0.6206632653061225 0.325036075036075 0.013775510204081635 0.051226551226551224
137 0.6474489795918368 0.325036075036075 0.012244897959183675 0.051226551226551224
138 0.6650510204081633 0.3225108225108225 0.015816326530612247 0.05772005772005772
139 0.6859693877551021 0.31962481962481964 0.013775510204081635 0.06349206349206349
137 0.7053571428571429 0.3253968253968254 0.012755102040816327 0.05194805194805195
139 0.7260204081632654 0.31962481962481964 0.01326530612244898 0.06349206349206349
140 0.7441326530612246 0.3170995670995671 0.01785714285714286 0.06854256854256854
54 0.7859693877551022 0.3189033189033189 0.01785714285714286 0.06349206349206349
54 0.9033163265306123 0.31962481962481964 0.01785714285714286 0.06204906204906205
26 0.06683673469387756 0.46176046176046176 0.025510204081632654 0.09379509379509379
17 0.1469387755102041 0.4574314574314574 0.00816326530612245 0.03751803751803752
104 0.15867346938775512 0.47005772005772006 0.012244897959183675 0.06277056277056277
135 0.1852040816326531 0.4696969696969697 0.012244897959183675 0.06493506493506493
134 0.20255102040816328 0.4707792207792208 0.015306122448979593 0.06565656565656566
102 0.22346938775510206 0.45707070707070707 0.01326530612244898 0.06132756132756133
17 0.23877551020408166 0.4751082251082251 0.00816326530612245 0.03823953823953824
132 0.25178571428571433 0.46176046176046176 0.015816326530612247 0.05339105339105339
131 0.26887755102040817 0.46320346320346323 0.01326530612244898 0.05194805194805195
17 0.2936224489795919 0.474025974025974 0.008673469387755102 0.03751803751803752
101 0.3056122448979592 0.4603174603174603 0.01326530612244898 0.05772005772005772
101 0.3323979591836735 0.45995670995670995 0.013775510204081635 0.056998556998557
102 0.3591836734693878 0.45670995670995673 0.01326530612244898 0.06204906204906205
133 0.3872448979591837 0.45995670995670995 0.015306122448979593 0.05411255411255411
132 0.40510204081632656 0.4613997113997114 0.01326530612244898 0.05411255411255411
131 0.4438775510204082 0.46176046176046176 0.018367346938775512 0.05483405483405483
17 0.4642857142857143 0.47474747474747475 0.00816326530612245 0.03751803751803752
132 0.47602040816326535 0.4595959595959596 0.01326530612244898 0.05772005772005772
133 0.4951530612244898 0.45851370851370854 0.013775510204081635 0.05988455988455989
134 0.5145408163265307 0.45707070707070707 0.012755102040816327 0.06277056277056277
73 0.5352040816326531 0.4603174603174603 0.014285714285714287 0.05772005772005772
74 0.6216836734693878 0.4574314574314574 0.01479591836734694 0.06349206349206349
17 0.6744897959183674 0.4574314574314574 0.009183673469387756 0.03896103896103896
76 0.6864795918367348 0.4696969696969697 0.013775510204081635 0.06349206349206349
52 0.7862244897959184 0.46284271284271283 0.018367346938775512 0.05266955266955267
52 0.9033163265306123 0.46356421356421357 0.01785714285714286 0.051226551226551224
26 0.06658163265306123 0.59992784992785 0.025 0.09307359307359307
48 0.1604591836734694 0.6017316017316018 0.015816326530612247 0.050505050505050504
17 0.2936224489795919 0.6367243867243867 0.008673469387755102 0.03968253968253968
129 0.44362244897959185 0.6075036075036075 0.01785714285714286 0.06349206349206349
130 0.47576530612244905 0.604978354978355 0.013775510204081635 0.056998556998557
131 0.4954081632653062 0.6017316017316018 0.01326530612244898 0.05194805194805195
132 0.514030612244898 0.6013708513708513 0.012755102040816327 0.051226551226551224
133 0.5354591836734695 0.5992063492063492 0.015816326530612247 0.05555555555555555
132 0.553061224489796 0.601010101010101 0.01326530612244898 0.05339105339105339
131 0.5721938775510205 0.6020923520923521 0.013775510204081635 0.05266955266955267
130 0.5918367346938777 0.6046176046176046 0.01326530612244898 0.05772005772005772
70 0.6214285714285714 0.6071428571428571 0.015306122448979593 0.06277056277056277
72 0.6872448979591838 0.6017316017316018 0.014285714285714287 0.05194805194805195
98 0.7846938775510205 0.6075036075036075 0.014285714285714287 0.06204906204906205
17 0.8119897959183674 0.6367243867243867 0.008673469387755102 0.03823953823953824
97 0.8237244897959184 0.6103896103896104 0.01479591836734694 0.06926406926406926
67 0.8487244897959184 0.6165223665223665 0.01683673469387755 0.08008658008658008
41 0.9033163265306123 0.6161616161616161 0.021938775510204084 0.0808080808080808
27 0.0653061224489796 0.7406204906204906 0.02653061224489796 0.051226551226551224
53 0.16096938775510206 0.7388167388167388 0.01785714285714286 0.05772005772005772
51 0.30688775510204086 0.7413419913419913 0.01683673469387755 0.051226551226551224
135 0.4415816326530613 0.7427849927849928 0.012755102040816327 0.05555555555555555
136 0.47576530612244905 0.740981240981241 0.012755102040816327 0.05194805194805195
137 0.49464285714285716 0.7402597402597403 0.012755102040816327 0.050505050505050504
138 0.5125000000000001 0.737012987012987 0.015816326530612247 0.056998556998557
139 0.5334183673469388 0.7348484848484849 0.012755102040816327 0.06277056277056277
138 0.552295918367347 0.7377344877344877 0.012755102040816327 0.056998556998557
137 0.5716836734693878 0.7406204906204906 0.012755102040816327 0.051226551226551224
136 0.589795918367347 0.740981240981241 0.0163265306122449 0.05194805194805195
104 0.6206632653061225 0.7463924963924964 0.012755102040816327 0.06277056277056277
135 0.6474489795918368 0.7427849927849928 0.012244897959183675 0.05555555555555555
136 0.6653061224489797 0.7420634920634921 0.015306122448979593 0.05411255411255411
137 0.6859693877551021 0.7413419913419913 0.012755102040816327 0.05411255411255411
135 0.7053571428571429 0.7417027417027418 0.012755102040816327 0.05194805194805195
137 0.725765306122449 0.7406204906204906 0.012755102040816327 0.051226551226551224
138 0.743622448979592 0.7377344877344877 0.01683673469387755 0.05844155844155844
99 0.7841836734693878 0.7431457431457431 0.014285714285714287 0.05772005772005772
98 0.8232142857142858 0.7456709956709957 0.013775510204081635 0.06277056277056277
68 0.8487244897959184 0.7507215007215007 0.015816326530612247 0.07431457431457432
45 0.9035714285714287 0.7431457431457431 0.017346938775510204 0.05772005772005772
