12 0.048214285714285716 0.1919191919191919 0.007653061224489797 0.049062049062049064
12 0.46198979591836736 0.19155844155844157 0.00969387755102041 0.048340548340548344
12 0.9517857142857143 0.1911976911976912 0.008673469387755102 0.047619047619047616
12 0.27448979591836736 0.1919191919191919 0.009183673469387756 0.047619047619047616
12 0.6571428571428573 0.19155844155844157 0.00816326530612245 0.046897546897546896
12 0.047959183673469394 0.32756132756132755 0.00816326530612245 0.049062049062049064
12 0.27423469387755106 0.32756132756132755 0.008673469387755102 0.049062049062049064
12 0.46147959183673476 0.32756132756132755 0.008673469387755102 0.049062049062049064
12 0.6573979591836735 0.3272005772005772 0.007653061224489797 0.048340548340548344
12 0.9515306122448981 0.32756132756132755 0.00816326530612245 0.047619047619047616
12 0.2739795918367347 0.46284271284271283 0.009183673469387756 0.049783549783549784
12 0.46173469387755106 0.46284271284271283 0.009183673469387756 0.049783549783549784
12 0.047704081632653064 0.46284271284271283 0.008673469387755102 0.048340548340548344
12 0.6571428571428573 0.46320346320346323 0.00816326530612245 0.047619047619047616
14 0.6872448979591838 0.44552669552669555 0.009183673469387756 0.012265512265512266
12 0.9512755102040817 0.46320346320346323 0.008673469387755102 0.047619047619047616
14 0.7926020408163266 0.4574314574314574 0.008673469387755102 0.011544011544011544
12 0.27423469387755106 0.5988455988455988 0.008673469387755102 0.049062049062049064
12 0.46147959183673476 0.5988455988455988 0.008673469387755102 0.049062049062049064
12 0.6571428571428573 0.5992063492063492 0.00816326530612245 0.048340548340548344
12 0.9512755102040817 0.5992063492063492 0.008673469387755102 0.048340548340548344
12 0.048214285714285716 0.6013708513708513 0.008673469387755102 0.049783549783549784
12 0.27448979591836736 0.7756132756132756 0.00816326530612245 0.047619047619047616
12 0.46173469387755106 0.7756132756132756 0.00816326530612245 0.047619047619047616
12 0.6571428571428573 0.7756132756132756 0.00816326530612245 0.047619047619047616
12 0.9515306122448981 0.775974025974026 0.00816326530612245 0.048340548340548344
12 0.047959183673469394 0.775974025974026 0.0071428571428571435 0.046897546897546896
26 0.06709183673469388 0.19227994227994227 0.02602040816326531 0.10461760461760462
50 0.10459183673469388 0.1919191919191919 0.017346938775510204 0.05194805194805195
77 0.29132653061224495 0.1937229437229437 0.014285714285714287 0.056998556998557
108 0.3793367346938776 0.18542568542568544 0.012755102040816327 0.06349206349206349
106 0.4229591836734694 0.1911976911976912 0.01326530612244898 0.050505050505050504
76 0.4783163265306123 0.19733044733044733 0.013775510204081635 0.06277056277056277
105 0.564795918367347 0.19408369408369408 0.012244897959183675 0.05772005772005772
140 0.6145408163265307 0.1829004329004329 0.013775510204081635 0.06854256854256854
141 0.6354591836734694 0.18037518037518038 0.01785714285714286 0.07503607503607504
57 0.6760204081632654 0.1764069264069264 0.020408163265306124 0.08152958152958154
26 0.06760204081632654 0.32792207792207795 0.027040816326530614 0.10606060606060606
129 0.10688775510204082 0.3336940836940837 0.020918367346938777 0.06421356421356421
98 0.12882653061224492 0.3336940836940837 0.01479591836734694 0.06277056277056277
129 0.16964285714285715 0.3333333333333333 0.021938775510204084 0.06349206349206349
128 0.19464285714285717 0.33585858585858586 0.02295918367346939 0.06998556998556998
97 0.2170918367346939 0.3373015873015873 0.015816326530612247 0.07142857142857142
128 0.2566326530612245 0.3354978354978355 0.022448979591836737 0.06926406926406926
132 0.2948979591836735 0.3246753246753247 0.020408163265306124 0.05627705627705628
101 0.31734693877551023 0.325036075036075 0.014285714285714287 0.05844155844155844
132 0.35688775510204085 0.325036075036075 0.019897959183673472 0.05555555555555555
132 0.38265306122448983 0.325036075036075 0.020408163265306124 0.05555555555555555
101 0.4053571428571429 0.3253968253968254 0.013775510204081635 0.05772005772005772
132 0.44438775510204087 0.3246753246753247 0.020408163265306124 0.05627705627705628
132 0.48188775510204085 0.325036075036075 0.019897959183673472 0.05555555555555555
101 0.5048469387755102 0.3253968253968254 0.013775510204081635 0.05772005772005772
132 0.5446428571428572 0.3253968253968254 0.020918367346938777 0.05627705627705628
129 0.5693877551020409 0.3344155844155844 0.020408163265306124 0.06277056277056277
21 0.5892857142857143 0.3282828282828283 0.01326530612244898 0.025974025974025976
133 0.6160714285714286 0.3217893217893218 0.01683673469387755 0.06349206349206349
134 0.6385204081632654 0.3207070707070707 0.013775510204081635 0.06565656565656566
163 0.6752551020408164 0.32106782106782106 0.01785714285714286 0.06349206349206349
163 0.6913265306122449 0.32106782106782106 0.01326530612244898 0.06493506493506493
164 0.7091836734693878 0.3207070707070707 0.01326530612244898 0.06565656565656566
164 0.726530612244898 0.3203463203463203 0.01326530612244898 0.06637806637806638
163 0.7459183673469388 0.3207070707070707 0.017346938775510204 0.06421356421356421
163 0.7619897959183675 0.32106782106782106 0.013775510204081635 0.06493506493506493
164 0.7798469387755103 0.3207070707070707 0.013775510204081635 0.06565656565656566
164 0.7969387755102042 0.3203463203463203 0.01326530612244898 0.06637806637806638
163 0.8160714285714287 0.3207070707070707 0.01785714285714286 0.06421356421356421
163 0.8323979591836735 0.32106782106782106 0.013775510204081635 0.06493506493506493
164 0.8502551020408164 0.3203463203463203 0.013775510204081635 0.06493506493506493
164 0.8673469387755103 0.3203463203463203 0.01326530612244898 0.06637806637806638
163 0.8869897959183675 0.32106782106782106 0.01785714285714286 0.06493506493506493
163 0.903061224489796 0.32106782106782106 0.01326530612244898 0.06493506493506493
164 0.9209183673469389 0.3207070707070707 0.01326530612244898 0.06565656565656566
164 0.9382653061224491 0.31998556998557 0.01326530612244898 0.06565656565656566
28 0.06709183673469388 0.46284271284271283 0.028061224489795922 0.0670995670995671
133 0.10612244897959185 0.45851370851370854 0.01938775510204082 0.06132756132756133
102 0.12908163265306125 0.4574314574314574 0.014285714285714287 0.06204906204906205
133 0.1688775510204082 0.45815295815295815 0.01938775510204082 0.06204906204906205
132 0.19489795918367347 0.4603174603174603 0.01938775510204082 0.05627705627705628
101 0.21760204081632656 0.461038961038961 0.01479591836734694 0.05772005772005772
132 0.2571428571428572 0.4606782106782107 0.020408163265306124 0.056998556998557
136 0.2910714285714286 0.46645021645021645 0.015816326530612247 0.056998556998557
105 0.3160714285714286 0.4653679653679654 0.01479591836734694 0.05772005772005772
136 0.35382653061224495 0.46645021645021645 0.01479591836734694 0.056998556998557
136 0.3788265306122449 0.46645021645021645 0.01479591836734694 0.056998556998557
105 0.4043367346938776 0.4660894660894661 0.01479591836734694 0.05772005772005772
136 0.4410714285714286 0.46645021645021645 0.01479591836734694 0.056998556998557
136 0.478061224489796 0.4657287157287157 0.015306122448979593 0.056998556998557
105 0.5035714285714287 0.4653679653679654 0.014285714285714287 0.05772005772005772
136 0.5413265306122449 0.46645021645021645 0.014285714285714287 0.056998556998557
102 0.5660714285714287 0.45815295815295815 0.013775510204081635 0.06349206349206349
20 0.6119897959183674 0.4401154401154401 0.012755102040816327 0.0404040404040404
105 0.6737244897959185 0.465007215007215 0.013775510204081635 0.056998556998557
104 0.7788265306122449 0.46933621933621933 0.013775510204081635 0.06421356421356421
107 0.8846938775510205 0.4606782106782107 0.014285714285714287 0.05844155844155844
27 0.06989795918367347 0.6002886002886003 0.03469387755102041 0.06204906204906205
134 0.1028061224489796 0.6078643578643579 0.015816326530612247 0.06854256854256854
103 0.12806122448979593 0.6071428571428571 0.015306122448979593 0.06998556998556998
134 0.16581632653061226 0.6078643578643579 0.015306122448979593 0.06854256854256854
133 0.19464285714285717 0.5937950937950938 0.019897959183673472 0.06204906204906205
102 0.21734693877551023 0.5934343434343434 0.014285714285714287 0.06277056277056277
133 0.2571428571428572 0.5937950937950938 0.020408163265306124 0.06204906204906205
137 0.2910714285714286 0.59992784992785 0.01479591836734694 0.051226551226551224
106 0.3163265306122449 0.5984848484848485 0.014285714285714287 0.051226551226551224
137 0.35382653061224495 0.6002886002886003 0.01479591836734694 0.05194805194805195
137 0.3790816326530613 0.59992784992785 0.014285714285714287 0.051226551226551224
106 0.4045918367346939 0.5984848484848485 0.014285714285714287 0.049783549783549784
137 0.4410714285714286 0.6002886002886003 0.013775510204081635 0.05194805194805195
138 0.47882653061224495 0.5966810966810967 0.01479591836734694 0.05627705627705628
107 0.5040816326530613 0.5959595959595959 0.014285714285714287 0.05772005772005772
138 0.5413265306122449 0.5974025974025974 0.014285714285714287 0.05772005772005772
108 0.5653061224489796 0.5937950937950938 0.014285714285714287 0.06349206349206349
20 0.6119897959183674 0.5995670995670995 0.013775510204081635 0.04184704184704185
105 0.6742346938775511 0.6020923520923521 0.01479591836734694 0.056998556998557
109 0.7441326530612246 0.5905483405483406 0.015816326530612247 0.06998556998556998
112 0.814795918367347 0.5822510822510822 0.015306122448979593 0.08802308802308802
37 0.06964285714285715 0.7817460317460317 0.03316326530612245 0.06998556998556998
134 0.1028061224489796 0.7835497835497836 0.01479591836734694 0.06637806637806638
103 0.1278061224489796 0.7835497835497836 0.013775510204081635 0.06926406926406926
134 0.16556122448979593 0.7842712842712842 0.01479591836734694 0.06782106782106782
133 0.1941326530612245 0.7705627705627706 0.019897959183673472 0.06204906204906205
102 0.21683673469387757 0.7702020202020202 0.014285714285714287 0.06277056277056277
133 0.2573979591836735 0.7709235209235209 0.019897959183673472 0.06277056277056277
137 0.2910714285714286 0.7766955266955267 0.01479591836734694 0.051226551226551224
106 0.3160714285714286 0.775974025974026 0.013775510204081635 0.051226551226551224
137 0.35408163265306125 0.777056277056277 0.015306122448979593 0.05194805194805195
137 0.3793367346938776 0.7763347763347763 0.01479591836734694 0.05194805194805195
106 0.4045918367346939 0.7763347763347763 0.01326530612244898 0.050505050505050504
137 0.4413265306122449 0.777056277056277 0.014285714285714287 0.05194805194805195
138 0.4783163265306123 0.7734487734487735 0.01479591836734694 0.05627705627705628
107 0.5038265306122449 0.7734487734487735 0.013775510204081635 0.05772005772005772
138 0.5413265306122449 0.7738095238095238 0.014285714285714287 0.056998556998557
108 0.5650510204081634 0.7705627705627706 0.013775510204081635 0.06349206349206349
20 0.6119897959183674 0.7766955266955267 0.012755102040816327 0.04112554112554113
105 0.6744897959183674 0.7781385281385281 0.015306122448979593 0.05555555555555555
109 0.7443877551020409 0.7673160173160173 0.015306122448979593 0.06998556998556998
112 0.8142857142857144 0.7586580086580087 0.014285714285714287 0.0873015873015873
106 0.8849489795918368 0.7756132756132756 0.013775510204081635 0.050505050505050504
