12 0.048469387755102046 0.11580086580086581 0.00816326530612245 0.049783549783549784
12 0.3984693877551021 0.11580086580086581 0.00816326530612245 0.048340548340548344
12 0.6607142857142858 0.11544011544011544 0.00816326530612245 0.047619047619047616
12 0.9515306122448981 0.11616161616161616 0.00816326530612245 0.049062049062049064
14 0.1316326530612245 0.11002886002886003 0.0071428571428571435 0.010822510822510822
14 0.28316326530612246 0.10966810966810966 0.0071428571428571435 0.0101010101010101
14 0.8752551020408164 0.12193362193362194 0.005612244897959184 0.008658008658008658
14 0.9196428571428572 0.1331168831168831 0.00663265306122449 0.010822510822510822
6 0.09311224489795919 0.2795815295815296 0.019897959183673472 0.05411255411255411
14 0.13137755102040818 0.2644300144300144 0.00663265306122449 0.010822510822510822
14 0.28290816326530616 0.2647907647907648 0.00663265306122449 0.0101010101010101
12 0.047959183673469394 0.2950937950937951 0.0071428571428571435 0.049062049062049064
12 0.39821428571428574 0.2943722943722944 0.008673469387755102 0.047619047619047616
12 0.6607142857142858 0.294011544011544 0.00816326530612245 0.046897546897546896
12 0.9517857142857143 0.2950937950937951 0.008673469387755102 0.049062049062049064
14 0.8755102040816327 0.2766955266955267 0.006122448979591837 0.010822510822510822
14 0.9196428571428572 0.28823953823953824 0.00663265306122449 0.00937950937950938
12 0.048469387755102046 0.4733044733044733 0.00816326530612245 0.049062049062049064
12 0.3987244897959184 0.47294372294372294 0.008673469387755102 0.048340548340548344
12 0.6607142857142858 0.4725829725829726 0.00816326530612245 0.047619047619047616
12 0.9515306122448981 0.4733044733044733 0.00816326530612245 0.049062049062049064
14 0.1316326530612245 0.4668109668109668 0.0071428571428571435 0.0101010101010101
14 0.28316326530612246 0.4671717171717172 0.0071428571428571435 0.00937950937950938
14 0.8752551020408164 0.4787157287157287 0.00663265306122449 0.00937950937950938
14 0.9196428571428572 0.5021645021645021 0.00663265306122449 0.0101010101010101
12 0.04872448979591837 0.6518759018759018 0.007653061224489797 0.049783549783549784
12 0.3987244897959184 0.6518759018759018 0.008673469387755102 0.048340548340548344
12 0.9515306122448981 0.6525974025974026 0.00816326530612245 0.049783549783549784
12 0.6607142857142858 0.6525974025974026 0.00816326530612245 0.046897546897546896
14 0.13188775510204082 0.6453823953823954 0.00663265306122449 0.010822510822510822
14 0.28316326530612246 0.6453823953823954 0.0071428571428571435 0.00937950937950938
14 0.8752551020408164 0.6572871572871573 0.00663265306122449 0.0101010101010101
14 0.13188775510204082 0.6576479076479076 0.00663265306122449 0.00937950937950938
14 0.8752551020408164 0.6695526695526696 0.00663265306122449 0.008658008658008658
14 0.13188775510204082 0.6814574314574314 0.00663265306122449 0.00937950937950938
14 0.8752551020408164 0.6814574314574314 0.00663265306122449 0.00937950937950938
14 0.9198979591836736 0.6814574314574314 0.0071428571428571435 0.00937950937950938
12 0.04872448979591837 0.799062049062049 0.007653061224489797 0.049783549783549784
12 0.3987244897959184 0.7983405483405484 0.008673469387755102 0.048340548340548344
12 0.6607142857142858 0.797979797979798 0.00816326530612245 0.047619047619047616
12 0.9512755102040817 0.799062049062049 0.008673469387755102 0.048340548340548344
26 0.06454081632653062 0.11435786435786435 0.023979591836734697 0.09018759018759019
15 0.08826530612244898 0.09271284271284272 0.01326530612244898 0.03968253968253968
135 0.12015306122448981 0.12301587301587301 0.012755102040816327 0.0670995670995671
163 0.1642857142857143 0.1259018759018759 0.01938775510204082 0.07287157287157287
133 0.1951530612244898 0.10966810966810966 0.01683673469387755 0.06349206349206349
163 0.22525510204081634 0.10894660894660894 0.01785714285714286 0.06493506493506493
164 0.24795918367346942 0.10858585858585859 0.01326530612244898 0.06565656565656566
135 0.27423469387755106 0.10533910533910534 0.01683673469387755 0.07215007215007214
163 0.31760204081632654 0.10930735930735931 0.013775510204081635 0.06565656565656566
133 0.3418367346938776 0.1240981240981241 0.01326530612244898 0.06782106782106782
17 0.36173469387755103 0.09307359307359307 0.00816326530612245 0.0404040404040404
138 0.3716836734693878 0.11435786435786435 0.01683673469387755 0.05988455988455989
15 0.5181122448979593 0.13997113997113997 0.010714285714285714 0.03896103896103896
15 0.5288265306122449 0.12842712842712842 0.010714285714285714 0.03896103896103896
21 0.6721938775510204 0.09235209235209235 0.010714285714285714 0.024531024531024532
22 0.701530612244898 0.09956709956709957 0.01326530612244898 0.03607503607503607
163 0.7293367346938776 0.10966810966810966 0.018877551020408164 0.06204906204906205
22 0.749234693877551 0.09956709956709957 0.012755102040816327 0.03607503607503607
163 0.7767857142857143 0.10930735930735931 0.018877551020408164 0.06277056277056277
21 0.7964285714285715 0.09271284271284272 0.011224489795918368 0.023809523809523808
15 0.8125000000000001 0.12193362193362194 0.011734693877551022 0.03896103896103896
102 0.8262755102040817 0.10930735930735931 0.013775510204081635 0.06277056277056277
163 0.8660714285714286 0.10822510822510822 0.01683673469387755 0.06637806637806638
184 0.890561224489796 0.11507936507936507 0.013775510204081635 0.07864357864357864
160 0.9081632653061226 0.11255411255411256 0.01326530612244898 0.07215007215007214
187 0.9387755102040817 0.11038961038961038 0.01326530612244898 0.06493506493506493
26 0.06454081632653062 0.2925685425685426 0.023979591836734697 0.09018759018759019
139 0.12015306122448981 0.28823953823953824 0.012755102040816327 0.06277056277056277
167 0.16454081632653061 0.2950937950937951 0.019897959183673472 0.05194805194805195
137 0.19234693877551023 0.2958152958152958 0.01326530612244898 0.05339105339105339
167 0.2229591836734694 0.29545454545454547 0.01326530612244898 0.05266955266955267
168 0.2448979591836735 0.29184704184704185 0.017346938775510204 0.056998556998557
139 0.27168367346938777 0.2886002886002886 0.012755102040816327 0.06349206349206349
167 0.3137755102040817 0.2943722943722944 0.01938775510204082 0.05194805194805195
137 0.34158163265306124 0.294011544011544 0.012755102040816327 0.051226551226551224
17 0.3619897959183674 0.24783549783549783 0.008673469387755102 0.03968253968253968
142 0.37117346938775514 0.2784992784992785 0.018877551020408164 0.0808080808080808
55 0.414030612244898 0.2857142857142857 0.019897959183673472 0.0707070707070707
21 0.6727040816326532 0.27056277056277056 0.010714285714285714 0.024531024531024532
22 0.7017857142857143 0.27813852813852813 0.012755102040816327 0.0367965367965368
167 0.7255102040816327 0.2943722943722944 0.01326530612244898 0.05194805194805195
22 0.749234693877551 0.2777777777777778 0.012755102040816327 0.03607503607503607
167 0.7732142857142857 0.29473304473304474 0.013775510204081635 0.051226551226551224
21 0.7961734693877551 0.2712842712842713 0.010714285714285714 0.024531024531024532
15 0.8125000000000001 0.27705627705627706 0.011734693877551022 0.03896103896103896
106 0.8260204081632654 0.294011544011544 0.014285714285714287 0.051226551226551224
167 0.8640306122448981 0.30627705627705626 0.013775510204081635 0.0772005772005772
188 0.8864795918367347 0.3059163059163059 0.019897959183673472 0.07647907647907648
164 0.9079081632653062 0.306998556998557 0.013775510204081635 0.0772005772005772
191 0.9344387755102042 0.30663780663780665 0.018877551020408164 0.07503607503607504
26 0.06479591836734694 0.4715007215007215 0.02448979591836735 0.09018759018759019
16 0.08724489795918368 0.4653679653679654 0.010204081632653062 0.03318903318903319
134 0.12321428571428572 0.46284271284271283 0.01785714285714286 0.07287157287157287
162 0.16862244897959186 0.46645021645021645 0.013775510204081635 0.06421356421356421
132 0.19438775510204084 0.4668109668109668 0.017346938775510204 0.06349206349206349
162 0.22500000000000003 0.4668109668109668 0.017346938775510204 0.06493506493506493
163 0.2477040816326531 0.46645021645021645 0.013775510204081635 0.06565656565656566
134 0.27423469387755106 0.46320346320346323 0.01785714285714286 0.07215007215007214
162 0.31760204081632654 0.4668109668109668 0.013775510204081635 0.06493506493506493
132 0.3418367346938776 0.4834054834054834 0.01326530612244898 0.0707070707070707
16 0.3604591836734694 0.44841269841269843 0.008673469387755102 0.032467532467532464
137 0.3706632653061225 0.47655122655122656 0.01683673469387755 0.05844155844155844
15 0.5181122448979593 0.5036075036075036 0.010714285714285714 0.03896103896103896
15 0.5290816326530613 0.49206349206349204 0.010204081632653062 0.03896103896103896
21 0.6721938775510204 0.4494949494949495 0.010714285714285714 0.024531024531024532
22 0.7017857142857143 0.45670995670995673 0.012755102040816327 0.03607503607503607
162 0.7293367346938776 0.4707792207792208 0.018877551020408164 0.056998556998557
22 0.749234693877551 0.45670995670995673 0.012755102040816327 0.03607503607503607
162 0.776530612244898 0.47005772005772006 0.01938775510204082 0.056998556998557
21 0.7964285714285715 0.45021645021645024 0.011224489795918368 0.024531024531024532
101 0.8262755102040817 0.4696969696969697 0.013775510204081635 0.05772005772005772
162 0.8660714285714286 0.4653679653679654 0.01785714285714286 0.06637806637806638
183 0.8903061224489797 0.47474747474747475 0.015306122448979593 0.0836940836940837
159 0.9086734693877552 0.4722222222222222 0.01326530612244898 0.0772005772005772
186 0.9385204081632654 0.4660894660894661 0.01479591836734694 0.06493506493506493
26 0.06479591836734694 0.6504329004329005 0.02448979591836735 0.09018759018759019
16 0.08750000000000001 0.6446608946608947 0.011734693877551022 0.03391053391053391
162 0.16862244897959186 0.645021645021645 0.013775510204081635 0.06493506493506493
132 0.19464285714285717 0.6453823953823954 0.01683673469387755 0.06277056277056277
162 0.22525510204081634 0.6453823953823954 0.01785714285714286 0.06565656565656566
163 0.2477040816326531 0.645021645021645 0.013775510204081635 0.06637806637806638
134 0.27423469387755106 0.6417748917748918 0.01785714285714286 0.07142857142857142
162 0.31760204081632654 0.645021645021645 0.013775510204081635 0.06493506493506493
132 0.3418367346938776 0.661976911976912 0.01326530612244898 0.06998556998556998
16 0.3604591836734694 0.6266233766233766 0.008673469387755102 0.032467532467532464
137 0.3704081632653062 0.6558441558441559 0.017346938775510204 0.05916305916305916
15 0.5178571428571429 0.6829004329004329 0.010204081632653062 0.03823953823953824
15 0.5288265306122449 0.670995670995671 0.010714285714285714 0.03751803751803752
21 0.6721938775510204 0.6284271284271284 0.010714285714285714 0.024531024531024532
22 0.701530612244898 0.6356421356421357 0.012244897959183675 0.03607503607503607
22 0.7494897959183674 0.6352813852813853 0.012244897959183675 0.0367965367965368
21 0.7961734693877551 0.6284271284271284 0.010714285714285714 0.024531024531024532
15 0.8127551020408164 0.6637806637806638 0.012244897959183675 0.03896103896103896
183 0.890561224489796 0.6525974025974026 0.01479591836734694 0.08441558441558442
159 0.9086734693877552 0.6507936507936508 0.01326530612244898 0.07647907647907648
186 0.9385204081632654 0.645021645021645 0.013775510204081635 0.06349206349206349
27 0.06454081632653062 0.799062049062049 0.025 0.05266955266955267
16 0.08775510204081634 0.8026695526695526 0.011224489795918368 0.03391053391053391
130 0.1229591836734694 0.7875180375180375 0.020408163265306124 0.08585858585858586
130 0.19285714285714287 0.7893217893217893 0.015306122448979593 0.0836940836940837
129 0.22346938775510206 0.7925685425685426 0.015306122448979593 0.09018759018759019
16 0.2584183673469388 0.8282828282828283 0.010714285714285714 0.03463203463203463
128 0.2737244897959184 0.7997835497835498 0.01785714285714286 0.08441558441558442
16 0.28979591836734697 0.7857142857142857 0.009183673469387756 0.03318903318903319
135 0.30306122448979594 0.7911255411255411 0.01326530612244898 0.0670995670995671
132 0.3420918367346939 0.7918470418470418 0.013775510204081635 0.06565656565656566
135 0.3734693877551021 0.7914862914862915 0.01326530612244898 0.06637806637806638
133 0.413265306122449 0.7853535353535354 0.017346938775510204 0.07864357864357864
130 0.47346938775510206 0.7896825396825397 0.014285714285714287 0.08585858585858586
133 0.5438775510204082 0.7965367965367965 0.017346938775510204 0.05627705627705628
130 0.5724489795918368 0.8005050505050505 0.014285714285714287 0.06277056277056277
131 0.6028061224489797 0.7976190476190477 0.01479591836734694 0.05555555555555555
132 0.6339285714285715 0.7972582972582972 0.013775510204081635 0.05483405483405483
133 0.676530612244898 0.7929292929292929 0.01938775510204082 0.06204906204906205
21 0.7010204081632654 0.7994227994227994 0.011224489795918368 0.024531024531024532
126 0.7512755102040817 0.8131313131313131 0.01785714285714286 0.0808080808080808
133 0.7977040816326532 0.7965367965367965 0.012755102040816327 0.05627705627705628
16 0.28979591836734697 0.9819624819624819 0.009183673469387756 0.03318903318903319
21 0.701530612244898 0.9917027417027418 0.011224489795918368 0.015151515151515152
