2 0.09285714285714286 0.09848484848484848 0.0163265306122449 0.051226551226551224
12 0.5466836734693878 0.11544011544011544 0.008673469387755102 0.047619047619047616
12 0.9515306122448981 0.11544011544011544 0.00816326530612245 0.047619047619047616
12 0.047959183673469394 0.11580086580086581 0.0071428571428571435 0.046897546897546896
2 0.09285714285714286 0.20815295815295815 0.0163265306122449 0.051226551226551224
12 0.5469387755102041 0.22402597402597402 0.00816326530612245 0.046897546897546896
12 0.047959183673469394 0.22546897546897546 0.0071428571428571435 0.048340548340548344
12 0.9512755102040817 0.22474747474747475 0.008673469387755102 0.046897546897546896
2 0.09285714285714286 0.3373015873015873 0.0163265306122449 0.051226551226551224
12 0.04872448979591837 0.354978354978355 0.00663265306122449 0.049062049062049064
12 0.9515306122448981 0.35425685425685427 0.00816326530612245 0.047619047619047616
14 0.14744897959183675 0.3484848484848485 0.00816326530612245 0.0101010101010101
14 0.8244897959183675 0.3834776334776335 0.0071428571428571435 0.00937950937950938
2 0.09285714285714286 0.44696969696969696 0.0163265306122449 0.049783549783549784
12 0.5471938775510204 0.46320346320346323 0.008673469387755102 0.047619047619047616
12 0.04872448979591837 0.4639249639249639 0.00663265306122449 0.047619047619047616
12 0.9515306122448981 0.46320346320346323 0.00816326530612245 0.046176046176046176
14 0.6293367346938776 0.5613275613275613 0.007653061224489797 0.011544011544011544
2 0.09260204081632654 0.5865800865800865 0.015816326530612247 0.050505050505050504
12 0.048214285714285716 0.6028138528138528 0.007653061224489797 0.048340548340548344
12 0.5466836734693878 0.6035353535353535 0.008673469387755102 0.048340548340548344
12 0.9515306122448981 0.6028138528138528 0.00816326530612245 0.046897546897546896
2 0.09285714285714286 0.7012987012987013 0.0163265306122449 0.050505050505050504
12 0.5469387755102041 0.7124819624819625 0.009183673469387756 0.049783549783549784
12 0.9512755102040817 0.7124819624819625 0.008673469387755102 0.048340548340548344
12 0.047959183673469394 0.7124819624819625 0.00816326530612245 0.046897546897546896
2 0.09260204081632654 0.8174603174603174 0.015816326530612247 0.050505050505050504
12 0.5466836734693878 0.8221500721500722 0.008673469387755102 0.048340548340548344
12 0.047959183673469394 0.8225108225108225 0.0071428571428571435 0.047619047619047616
12 0.9512755102040817 0.8225108225108225 0.008673469387755102 0.047619047619047616
2 0.09234693877551022 0.9271284271284271 0.0163265306122449 0.049062049062049064
12 0.048214285714285716 0.9307359307359307 0.007653061224489797 0.046176046176046176
12 0.5469387755102041 0.9310966810966811 0.00816326530612245 0.046897546897546896
12 0.9512755102040817 0.9314574314574314 0.008673469387755102 0.047619047619047616
26 0.0663265306122449 0.11291486291486291 0.02448979591836735 0.09307359307359307
18 0.32321428571428573 0.10642135642135642 0.015816326530612247 0.013708513708513708
18 0.749234693877551 0.10678210678210678 0.015816326530612247 0.012987012987012988
26 0.0663265306122449 0.22294372294372294 0.025510204081632654 0.09235209235209235
18 0.3234693877551021 0.21608946608946608 0.0163265306122449 0.013708513708513708
18 0.7494897959183674 0.21608946608946608 0.0163265306122449 0.013708513708513708
26 0.06658163265306123 0.35173160173160173 0.025 0.09307359307359307
103 0.13596938775510206 0.3625541125541126 0.012755102040816327 0.0670995670995671
165 0.27984693877551026 0.36147186147186144 0.012755102040816327 0.06493506493506493
164 0.30892857142857144 0.36183261183261184 0.01683673469387755 0.06565656565656566
133 0.3446428571428572 0.35425685425685427 0.01683673469387755 0.05194805194805195
131 0.3941326530612245 0.354978354978355 0.013775510204081635 0.05194805194805195
129 0.44617346938775515 0.36038961038961037 0.013775510204081635 0.06421356421356421
131 0.49897959183673474 0.35425685425685427 0.01326530612244898 0.05194805194805195
131 0.5691326530612245 0.3546176046176046 0.020918367346938777 0.051226551226551224
101 0.6178571428571429 0.3513708513708514 0.01326530612244898 0.05772005772005772
132 0.7122448979591838 0.35173160173160173 0.01938775510204082 0.05555555555555555
131 0.7642857142857143 0.3546176046176046 0.02142857142857143 0.051226551226551224
98 0.8127551020408164 0.36002886002886003 0.01326530612244898 0.06349206349206349
31 0.06683673469387756 0.4671717171717172 0.025510204081632654 0.10461760461760462
27 0.12015306122448981 0.46284271284271283 0.019897959183673472 0.049783549783549784
130 0.13903061224489796 0.4660894660894661 0.01683673469387755 0.05916305916305916
134 0.1903061224489796 0.45707070707070707 0.01326530612244898 0.06565656565656566
106 0.24387755102040817 0.4639249639249639 0.01326530612244898 0.05194805194805195
129 0.34413265306122454 0.47005772005772006 0.01683673469387755 0.06277056277056277
133 0.3943877551020408 0.4613997113997114 0.01326530612244898 0.056998556998557
105 0.4454081632653062 0.46645021645021645 0.012244897959183675 0.056998556998557
128 0.5663265306122449 0.47294372294372294 0.017346938775510204 0.06854256854256854
132 0.6181122448979592 0.4624819624819625 0.012755102040816327 0.05339105339105339
106 0.6716836734693878 0.4639249639249639 0.013775510204081635 0.050505050505050504
129 0.7617346938775511 0.4696969696969697 0.0163265306122449 0.06349206349206349
132 0.8132653061224491 0.4624819624819625 0.012244897959183675 0.05483405483405483
103 0.865561224489796 0.4715007215007215 0.012755102040816327 0.06565656565656566
26 0.06658163265306123 0.6006493506493507 0.025 0.09307359307359307
84 0.1362244897959184 0.5858585858585859 0.015306122448979593 0.08802308802308802
143 0.3418367346938776 0.5854978354978355 0.015306122448979593 0.0873015873015873
143 0.3938775510204082 0.5854978354978355 0.015306122448979593 0.0873015873015873
142 0.4456632653061225 0.5887445887445888 0.01479591836734694 0.08225108225108226
141 0.4956632653061225 0.5909090909090909 0.01785714285714286 0.07647907647907648
140 0.5650510204081634 0.5945165945165946 0.013775510204081635 0.06926406926406926
82 0.6176020408163266 0.5916305916305916 0.01479591836734694 0.07503607503607504
169 0.9007653061224491 0.597041847041847 0.011734693877551022 0.06421356421356421
170 0.9306122448979592 0.5945165945165946 0.017346938775510204 0.06926406926406926
28 0.06658163265306123 0.7124819624819625 0.027040816326530614 0.051226551226551224
18 0.3234693877551021 0.7038239538239538 0.0163265306122449 0.013708513708513708
18 0.7489795918367348 0.7038239538239538 0.0163265306122449 0.013708513708513708
27 0.06607142857142857 0.8221500721500722 0.027040816326530614 0.051226551226551224
18 0.32321428571428573 0.8131313131313131 0.01683673469387755 0.01443001443001443
18 0.7494897959183674 0.8127705627705628 0.0163265306122449 0.013708513708513708
37 0.0663265306122449 0.9383116883116883 0.025510204081632654 0.06565656565656566
18 0.3234693877551021 0.9227994227994228 0.0163265306122449 0.01443001443001443
18 0.7494897959183674 0.9227994227994228 0.0163265306122449 0.01443001443001443
