1 0.0979591836734694 0.12734487734487734 0.030612244897959186 0.05988455988455989
12 0.3479591836734694 0.1443001443001443 0.00816326530612245 0.047619047619047616
13 0.7698979591836735 0.14502164502164502 0.011224489795918368 0.049062049062049064
12 0.9512755102040817 0.14502164502164502 0.008673469387755102 0.047619047619047616
1 0.0979591836734694 0.27056277056277056 0.030612244897959186 0.06060606060606061
11 0.8331632653061225 0.28823953823953824 0.014285714285714287 0.049783549783549784
12 0.314795918367347 0.2878787878787879 0.00816326530612245 0.047619047619047616
12 0.48265306122448987 0.2878787878787879 0.00816326530612245 0.047619047619047616
12 0.6443877551020408 0.28823953823953824 0.00816326530612245 0.046897546897546896
26 0.06505102040816327 0.14357864357864358 0.023979591836734697 0.09090909090909091
130 0.1410714285714286 0.14213564213564214 0.018877551020408164 0.0707070707070707
135 0.16862244897959186 0.1388888888888889 0.013775510204081635 0.06421356421356421
135 0.19668367346938778 0.1388888888888889 0.013775510204081635 0.06421356421356421
135 0.22500000000000003 0.1388888888888889 0.01326530612244898 0.06421356421356421
104 0.25229591836734694 0.15115440115440115 0.013775510204081635 0.06421356421356421
135 0.29744897959183675 0.1518759018759019 0.01326530612244898 0.06421356421356421
135 0.3237244897959184 0.1518759018759019 0.01683673469387755 0.06421356421356421
134 0.364795918367347 0.15331890331890333 0.01326530612244898 0.0670995670995671
105 0.3928571428571429 0.14862914862914864 0.01326530612244898 0.05772005772005772
136 0.4380102040816327 0.14826839826839827 0.013775510204081635 0.056998556998557
77 0.46632653061224494 0.1479076479076479 0.01326530612244898 0.05627705627705628
130 0.5579081632653061 0.14177489177489178 0.018877551020408164 0.07431457431457432
134 0.5854591836734694 0.1388888888888889 0.013775510204081635 0.06565656565656566
134 0.6135204081632654 0.13852813852813853 0.013775510204081635 0.06637806637806638
134 0.641326530612245 0.13816738816738816 0.01326530612244898 0.06565656565656566
103 0.6691326530612246 0.15295815295815296 0.012755102040816327 0.06637806637806638
133 0.7165816326530613 0.14285714285714285 0.01683673469387755 0.05627705627705628
132 0.7426020408163266 0.14393939393939395 0.012755102040816327 0.05411255411255411
131 0.791326530612245 0.1453823953823954 0.020408163265306124 0.051226551226551224
99 0.8173469387755102 0.14862914862914864 0.014285714285714287 0.05772005772005772
130 0.8660714285714286 0.14826839826839827 0.018877551020408164 0.056998556998557
71 0.8923469387755103 0.14862914862914864 0.014285714285714287 0.05772005772005772
26 0.0653061224489796 0.28715728715728717 0.02448979591836735 0.09090909090909091
130 0.14056122448979594 0.2857142857142857 0.018877551020408164 0.0707070707070707
135 0.1642857142857143 0.2821067821067821 0.01326530612244898 0.06349206349206349
135 0.188265306122449 0.2824675324675325 0.01326530612244898 0.06421356421356421
135 0.2122448979591837 0.2821067821067821 0.01326530612244898 0.06349206349206349
104 0.23571428571428574 0.2943722943722944 0.01326530612244898 0.06349206349206349
135 0.2724489795918368 0.29473304473304474 0.01326530612244898 0.06421356421356421
135 0.29464285714285715 0.29473304473304474 0.015816326530612247 0.06421356421356421
134 0.32984693877551025 0.2968975468975469 0.013775510204081635 0.0670995670995671
105 0.35382653061224495 0.29148629148629146 0.012755102040816327 0.05772005772005772
105 0.39056122448979597 0.29148629148629146 0.012755102040816327 0.05772005772005772
135 0.4275510204081633 0.29473304473304474 0.01326530612244898 0.06277056277056277
105 0.4512755102040817 0.29148629148629146 0.012755102040816327 0.05627705627705628
106 0.49872448979591844 0.2886002886002886 0.013775510204081635 0.050505050505050504
20 0.5438775510204082 0.2875180375180375 0.011224489795918368 0.03823953823953824
20 0.5775510204081633 0.2875180375180375 0.011224489795918368 0.03823953823953824
104 0.613265306122449 0.294011544011544 0.01326530612244898 0.06277056277056277
102 0.6594387755102041 0.2831890331890332 0.012755102040816327 0.06277056277056277
20 0.7040816326530613 0.28715728715728717 0.011224489795918368 0.03751803751803752
19 0.7408163265306124 0.2857142857142857 0.018367346938775512 0.01443001443001443
