14 0.6994897959183675 0.07431457431457432 0.006122448979591837 0.0101010101010101
14 0.5086734693877552 0.08621933621933622 0.006122448979591837 0.00937950937950938
14 0.5969387755102041 0.08658008658008658 0.006122448979591837 0.0101010101010101
2 0.09005102040816328 0.12301587301587301 0.015816326530612247 0.049783549783549784
12 0.9512755102040817 0.1396103896103896 0.008673469387755102 0.051226551226551224
12 0.24821428571428575 0.1396103896103896 0.008673469387755102 0.048340548340548344
12 0.5706632653061225 0.1396103896103896 0.008673469387755102 0.048340548340548344
12 0.7612244897959184 0.1396103896103896 0.009183673469387756 0.048340548340548344
12 0.048214285714285716 0.13997113997113997 0.007653061224489797 0.047619047619047616
12 0.3729591836734694 0.13997113997113997 0.009183673469387756 0.047619047619047616
14 0.5971938775510205 0.2334054834054834 0.00663265306122449 0.010822510822510822
14 0.5086734693877552 0.2334054834054834 0.006122448979591837 0.00937950937950938
2 0.09005102040816328 0.25721500721500723 0.015816326530612247 0.049783549783549784
14 0.7875000000000001 0.24458874458874458 0.00663265306122449 0.0101010101010101
12 0.5709183673469388 0.2741702741702742 0.009183673469387756 0.049062049062049064
12 0.7614795918367347 0.2741702741702742 0.00969387755102041 0.049062049062049064
12 0.9510204081632654 0.2745310245310245 0.009183673469387756 0.049783549783549784
12 0.24846938775510205 0.2745310245310245 0.009183673469387756 0.048340548340548344
12 0.37244897959183676 0.2745310245310245 0.009183673469387756 0.048340548340548344
12 0.048214285714285716 0.2748917748917749 0.007653061224489797 0.047619047619047616
14 0.5086734693877552 0.36796536796536794 0.006122448979591837 0.0101010101010101
14 0.5971938775510205 0.36832611832611833 0.00663265306122449 0.010822510822510822
14 0.7875000000000001 0.36796536796536794 0.00663265306122449 0.0101010101010101
12 0.5706632653061225 0.4090909090909091 0.00969387755102041 0.050505050505050504
12 0.9510204081632654 0.40945165945165946 0.00816326530612245 0.051226551226551224
12 0.24872448979591838 0.4090909090909091 0.00969387755102041 0.049062049062049064
12 0.3727040816326531 0.4090909090909091 0.00969387755102041 0.049062049062049064
12 0.7612244897959184 0.40945165945165946 0.009183673469387756 0.049783549783549784
12 0.048214285714285716 0.40945165945165946 0.007653061224489797 0.048340548340548344
2 0.0903061224489796 0.5396825396825397 0.015306122448979593 0.049062049062049064
12 0.9512755102040817 0.5440115440115441 0.007653061224489797 0.050505050505050504
12 0.24846938775510205 0.5440115440115441 0.00816326530612245 0.049062049062049064
12 0.3727040816326531 0.5440115440115441 0.00969387755102041 0.049062049062049064
12 0.5704081632653062 0.5447330447330447 0.00816326530612245 0.050505050505050504
12 0.7612244897959184 0.5443722943722944 0.00816326530612245 0.049783549783549784
12 0.047959183673469394 0.5454545454545454 0.00816326530612245 0.050505050505050504
12 0.04872448979591837 0.7186147186147186 0.008673469387755102 0.049062049062049064
12 0.9515306122448981 0.7186147186147186 0.00816326530612245 0.049062049062049064
12 0.24821428571428575 0.7189754689754689 0.008673469387755102 0.048340548340548344
12 0.3727040816326531 0.7189754689754689 0.008673469387755102 0.048340548340548344
12 0.5706632653061225 0.7189754689754689 0.008673469387755102 0.048340548340548344
12 0.7612244897959184 0.7186147186147186 0.00816326530612245 0.047619047619047616
12 0.048469387755102046 0.8542568542568543 0.00816326530612245 0.050505050505050504
12 0.24795918367346942 0.8535353535353535 0.00816326530612245 0.049062049062049064
12 0.3727040816326531 0.8535353535353535 0.008673469387755102 0.049062049062049064
12 0.5704081632653062 0.8535353535353535 0.00816326530612245 0.049062049062049064
12 0.7612244897959184 0.8538961038961039 0.00816326530612245 0.048340548340548344
12 0.9512755102040817 0.8538961038961039 0.007653061224489797 0.048340548340548344
26 0.06454081632653062 0.14105339105339104 0.02295918367346939 0.08441558441558442
18 0.17244897959183675 0.1305916305916306 0.0163265306122449 0.012987012987012988
18 0.3104591836734694 0.13095238095238096 0.015816326530612247 0.012265512265512266
138 0.3931122448979592 0.1370851370851371 0.012755102040816327 0.05627705627705628
139 0.41913265306122455 0.13383838383838384 0.012755102040816327 0.06277056277056277
140 0.4454081632653062 0.13167388167388167 0.014285714285714287 0.06854256854256854
141 0.4696428571428572 0.12806637806637808 0.01785714285714286 0.07575757575757576
111 0.49897959183673474 0.1259018759018759 0.0163265306122449 0.08152958152958154
141 0.5492346938775511 0.12842712842712842 0.013775510204081635 0.07647907647907648
111 0.5875 0.12518037518037517 0.015816326530612247 0.08152958152958154
141 0.6377551020408164 0.12734487734487734 0.014285714285714287 0.07575757575757576
142 0.664030612244898 0.12554112554112554 0.01479591836734694 0.0808080808080808
113 0.6900510204081634 0.11940836940836941 0.015816326530612247 0.09163059163059163
84 0.7775510204081634 0.12193362193362194 0.015306122448979593 0.08802308802308802
139 0.8535714285714286 0.13383838383838384 0.012244897959183675 0.06277056277056277
140 0.8801020408163266 0.13095238095238096 0.01326530612244898 0.06998556998556998
141 0.9061224489795919 0.1277056277056277 0.014285714285714287 0.07647907647907648
142 0.9306122448979592 0.12518037518037517 0.017346938775510204 0.08152958152958154
26 0.06454081632653062 0.2756132756132756 0.02295918367346939 0.0836940836940837
18 0.17244897959183675 0.26551226551226553 0.0163265306122449 0.012987012987012988
18 0.3104591836734694 0.26587301587301587 0.015816326530612247 0.012265512265512266
135 0.3928571428571429 0.2763347763347763 0.01326530612244898 0.05627705627705628
136 0.41913265306122455 0.27525252525252525 0.012755102040816327 0.05266955266955267
137 0.44515306122448983 0.2748917748917749 0.012755102040816327 0.05194805194805195
138 0.4688775510204082 0.27200577200577203 0.0163265306122449 0.05772005772005772
110 0.4984693877551021 0.262987012987013 0.014285714285714287 0.07575757575757576
140 0.5497448979591837 0.2662337662337662 0.01479591836734694 0.06926406926406926
110 0.5864795918367347 0.262987012987013 0.01479591836734694 0.07575757575757576
140 0.6377551020408164 0.26587301587301587 0.014285714285714287 0.06854256854256854
141 0.6637755102040817 0.2619047619047619 0.014285714285714287 0.07647907647907648
140 0.6895408163265306 0.26587301587301587 0.012755102040816327 0.06998556998556998
139 0.715561224489796 0.26875901875901875 0.012755102040816327 0.06277056277056277
138 0.7392857142857143 0.27164502164502163 0.0163265306122449 0.056998556998557
108 0.777295918367347 0.2691197691197691 0.012755102040816327 0.06349206349206349
140 0.8283163265306123 0.2662337662337662 0.013775510204081635 0.06926406926406926
141 0.8540816326530613 0.26226551226551226 0.014285714285714287 0.07575757575757576
140 0.8798469387755102 0.26551226551226553 0.012755102040816327 0.06926406926406926
139 0.9058673469387756 0.26875901875901875 0.012755102040816327 0.06277056277056277
138 0.9295918367346939 0.27200577200577203 0.0163265306122449 0.05772005772005772
26 0.06505102040816327 0.41053391053391053 0.023979591836734697 0.08513708513708514
18 0.17219387755102042 0.4004329004329004 0.015816326530612247 0.012987012987012988
18 0.3104591836734694 0.4000721500721501 0.015816326530612247 0.012265512265512266
137 0.3928571428571429 0.4083694083694084 0.014285714285714287 0.05194805194805195
138 0.41913265306122455 0.4069264069264069 0.013775510204081635 0.05772005772005772
139 0.44489795918367353 0.40404040404040403 0.01326530612244898 0.06349206349206349
140 0.4696428571428572 0.4004329004329004 0.018877551020408164 0.06926406926406926
110 0.49872448979591844 0.39826839826839827 0.01479591836734694 0.07503607503607504
140 0.5497448979591837 0.40115440115440115 0.015816326530612247 0.06926406926406926
110 0.5867346938775511 0.39790764790764793 0.014285714285714287 0.07575757575757576
140 0.6380102040816327 0.40115440115440115 0.01479591836734694 0.06926406926406926
138 0.6635204081632654 0.4069264069264069 0.012755102040816327 0.05772005772005772
139 0.6892857142857144 0.40404040404040403 0.01326530612244898 0.06349206349206349
140 0.7153061224489796 0.4007936507936508 0.014285714285714287 0.06998556998556998
141 0.7395408163265307 0.39754689754689754 0.01785714285714286 0.07647907647907648
110 0.777295918367347 0.39790764790764793 0.01479591836734694 0.07575757575757576
140 0.828061224489796 0.40115440115440115 0.015306122448979593 0.06926406926406926
141 0.853826530612245 0.39754689754689754 0.01479591836734694 0.07503607503607504
140 0.8798469387755102 0.4007936507936508 0.013775510204081635 0.06998556998556998
139 0.9058673469387756 0.4036796536796537 0.012755102040816327 0.06277056277056277
138 0.9298469387755103 0.4065656565656566 0.01683673469387755 0.056998556998557
27 0.06556122448979593 0.5443722943722944 0.025 0.051226551226551224
18 0.17219387755102042 0.534992784992785 0.015816326530612247 0.013708513708513708
18 0.3104591836734694 0.5346320346320347 0.015816326530612247 0.011544011544011544
18 0.4716836734693878 0.534992784992785 0.015816326530612247 0.012265512265512266
18 0.6658163265306123 0.5346320346320347 0.0163265306122449 0.012987012987012988
18 0.8563775510204082 0.5346320346320347 0.015816326530612247 0.012987012987012988
26 0.06454081632653062 0.7204184704184704 0.02295918367346939 0.08441558441558442
16 0.08698979591836735 0.7113997113997114 0.00969387755102041 0.03318903318903319
18 0.17244897959183675 0.70995670995671 0.0163265306122449 0.012987012987012988
18 0.3104591836734694 0.70995670995671 0.015816326530612247 0.012987012987012988
18 0.4716836734693878 0.70995670995671 0.015816326530612247 0.012987012987012988
18 0.6658163265306123 0.70995670995671 0.0163265306122449 0.012987012987012988
18 0.8563775510204082 0.70995670995671 0.015816326530612247 0.012987012987012988
26 0.06403061224489796 0.8546176046176046 0.02295918367346939 0.08585858585858586
16 0.08673469387755103 0.8459595959595959 0.009183673469387756 0.032467532467532464
18 0.17244897959183675 0.8445165945165946 0.0163265306122449 0.013708513708513708
18 0.3104591836734694 0.8445165945165946 0.015816326530612247 0.012265512265512266
18 0.4716836734693878 0.8445165945165946 0.015816326530612247 0.012265512265512266
18 0.6658163265306123 0.8445165945165946 0.0163265306122449 0.012265512265512266
18 0.8566326530612246 0.8441558441558441 0.0163265306122449 0.012987012987012988
