2 0.9418367346938776 0.15476190476190477 0.0163265306122449 0.049783549783549784
12 0.27015306122448984 0.17063492063492064 0.008673469387755102 0.048340548340548344
12 0.450765306122449 0.17063492063492064 0.008673469387755102 0.048340548340548344
13 0.9237244897959185 0.17063492063492064 0.011734693877551022 0.048340548340548344
12 0.048469387755102046 0.17135642135642135 0.00816326530612245 0.048340548340548344
12 0.7395408163265307 0.170995670995671 0.008673469387755102 0.047619047619047616
2 0.941326530612245 0.31782106782106784 0.0163265306122449 0.051226551226551224
12 0.0489795918367347 0.3344155844155844 0.00816326530612245 0.049783549783549784
12 0.27015306122448984 0.3336940836940837 0.008673469387755102 0.048340548340548344
12 0.450765306122449 0.3336940836940837 0.008673469387755102 0.048340548340548344
13 0.9237244897959185 0.3336940836940837 0.011734693877551022 0.048340548340548344
12 0.7395408163265307 0.33405483405483405 0.008673469387755102 0.047619047619047616
2 0.941326530612245 0.48088023088023085 0.0163265306122449 0.049783549783549784
12 0.048214285714285716 0.4917027417027417 0.008673469387755102 0.049783549783549784
12 0.27040816326530615 0.49098124098124096 0.00816326530612245 0.048340548340548344
12 0.450765306122449 0.4906204906204906 0.008673469387755102 0.047619047619047616
13 0.9237244897959185 0.49098124098124096 0.011734693877551022 0.048340548340548344
12 0.7395408163265307 0.49134199134199136 0.008673469387755102 0.047619047619047616
2 0.941326530612245 0.6396103896103896 0.015306122448979593 0.051226551226551224
13 0.9237244897959185 0.6435786435786436 0.011734693877551022 0.049062049062049064
12 0.048214285714285716 0.6443001443001443 0.007653061224489797 0.049062049062049064
12 0.27015306122448984 0.6435786435786436 0.007653061224489797 0.047619047619047616
12 0.45102040816326533 0.6435786435786436 0.00816326530612245 0.047619047619047616
12 0.7395408163265307 0.6439393939393939 0.008673469387755102 0.046897546897546896
2 0.9415816326530613 0.7918470418470418 0.015816326530612247 0.049783549783549784
13 0.9237244897959185 0.7958152958152959 0.010714285714285714 0.049062049062049064
12 0.047959183673469394 0.7961760461760462 0.0071428571428571435 0.048340548340548344
12 0.27040816326530615 0.7961760461760462 0.00816326530612245 0.046897546897546896
12 0.45051020408163267 0.7961760461760462 0.00816326530612245 0.046897546897546896
12 0.5961734693877552 0.7961760461760462 0.008673469387755102 0.046897546897546896
12 0.7392857142857143 0.7968975468975469 0.0071428571428571435 0.046897546897546896
26 0.06479591836734694 0.1717171717171717 0.02448979591836735 0.08513708513708514
132 0.10408163265306124 0.15115440115440115 0.017346938775510204 0.09018759018759019
139 0.12525510204081633 0.15079365079365079 0.01479591836734694 0.09090909090909091
132 0.14515306122448982 0.15151515151515152 0.012755102040816327 0.09090909090909091
139 0.16785714285714287 0.15223665223665223 0.014285714285714287 0.09090909090909091
131 0.19081632653061226 0.15476190476190477 0.020408163265306124 0.08441558441558442
138 0.2104591836734694 0.15548340548340547 0.013775510204081635 0.08441558441558442
131 0.23010204081632654 0.15584415584415584 0.014285714285714287 0.08513708513708514
138 0.25306122448979596 0.15512265512265513 0.01326530612244898 0.08513708513708514
130 0.2852040816326531 0.16125541125541126 0.018367346938775512 0.08441558441558442
137 0.3066326530612245 0.15800865800865802 0.01326530612244898 0.07792207792207792
130 0.3262755102040817 0.1616161616161616 0.01479591836734694 0.0836940836940837
137 0.3489795918367347 0.15800865800865802 0.01326530612244898 0.07647907647907648
129 0.3698979591836735 0.1738816738816739 0.018367346938775512 0.0707070707070707
136 0.3918367346938776 0.16197691197691197 0.01326530612244898 0.07287157287157287
20 0.4114795918367347 0.17063492063492064 0.011734693877551022 0.03968253968253968
18 0.8306122448979593 0.16197691197691197 0.0163265306122449 0.013708513708513708
26 0.06505102040816327 0.3347763347763348 0.023979591836734697 0.08513708513708514
132 0.10433673469387757 0.3142135642135642 0.01683673469387755 0.09018759018759019
139 0.12525510204081633 0.31457431457431456 0.01479591836734694 0.09090909090909091
132 0.14515306122448982 0.31493506493506496 0.012755102040816327 0.09018759018759019
139 0.16760204081632654 0.3152958152958153 0.013775510204081635 0.08946608946608947
131 0.1903061224489796 0.3181818181818182 0.020408163265306124 0.08513708513708514
138 0.21071428571428574 0.31782106782106784 0.01326530612244898 0.08441558441558442
131 0.23010204081632654 0.3189033189033189 0.014285714285714287 0.08513708513708514
138 0.25306122448979596 0.3181818181818182 0.01326530612244898 0.08513708513708514
130 0.2852040816326531 0.32431457431457433 0.018367346938775512 0.08441558441558442
137 0.3066326530612245 0.32106782106782106 0.01326530612244898 0.07792207792207792
130 0.3262755102040817 0.3246753246753247 0.01479591836734694 0.08513708513708514
137 0.3489795918367347 0.3207070707070707 0.01326530612244898 0.0772005772005772
129 0.3698979591836735 0.33694083694083693 0.018367346938775512 0.0707070707070707
136 0.3918367346938776 0.32431457431457433 0.01326530612244898 0.07287157287157287
20 0.4114795918367347 0.3336940836940837 0.011734693877551022 0.03968253968253968
18 0.8306122448979593 0.325036075036075 0.0163265306122449 0.013708513708513708
28 0.0663265306122449 0.49134199134199136 0.02653061224489796 0.050505050505050504
131 0.10510204081632654 0.4743867243867244 0.01938775510204082 0.08441558441558442
138 0.125765306122449 0.4754689754689755 0.013775510204081635 0.0836940836940837
131 0.14540816326530615 0.4754689754689755 0.014285714285714287 0.0836940836940837
138 0.16785714285714287 0.4754689754689755 0.01326530612244898 0.08513708513708514
130 0.1900510204081633 0.48124098124098125 0.018877551020408164 0.0836940836940837
137 0.2104591836734694 0.47835497835497837 0.012755102040816327 0.07792207792207792
130 0.23010204081632654 0.4816017316017316 0.014285714285714287 0.08441558441558442
137 0.2528061224489796 0.47835497835497837 0.012755102040816327 0.07792207792207792
129 0.28469387755102044 0.48665223665223667 0.01938775510204082 0.08585858585858586
136 0.30688775510204086 0.48124098124098125 0.01479591836734694 0.07215007215007214
129 0.325765306122449 0.487012987012987 0.01479591836734694 0.08513708513708514
136 0.3487244897959184 0.48088023088023085 0.013775510204081635 0.07287157287157287
128 0.3709183673469388 0.49747474747474746 0.020408163265306124 0.07431457431457432
135 0.3918367346938776 0.48268398268398266 0.01326530612244898 0.06782106782106782
20 0.4117346938775511 0.49134199134199136 0.011224489795918368 0.03896103896103896
18 0.8303571428571429 0.4816017316017316 0.015816326530612247 0.013708513708513708
27 0.0681122448979592 0.6435786435786436 0.03112244897959184 0.05194805194805195
130 0.10510204081632654 0.6334776334776335 0.020408163265306124 0.0836940836940837
137 0.125765306122449 0.6309523809523809 0.013775510204081635 0.07864357864357864
130 0.14540816326530615 0.6341991341991342 0.015306122448979593 0.08513708513708514
137 0.16785714285714287 0.6305916305916306 0.01326530612244898 0.07792207792207792
129 0.188265306122449 0.6388888888888888 0.018367346938775512 0.08585858585858586
136 0.2104591836734694 0.6341991341991342 0.013775510204081635 0.0735930735930736
129 0.2298469387755102 0.6396103896103896 0.01479591836734694 0.08441558441558442
136 0.25229591836734694 0.6338383838383839 0.013775510204081635 0.07142857142857142
128 0.28494897959183674 0.6453823953823954 0.020918367346938777 0.08441558441558442
135 0.30714285714285716 0.6363636363636364 0.014285714285714287 0.06637806637806638
128 0.325765306122449 0.6453823953823954 0.01683673469387755 0.08441558441558442
135 0.3492346938775511 0.6367243867243867 0.012755102040816327 0.06565656565656566
127 0.3698979591836735 0.6544011544011544 0.018367346938775512 0.07792207792207792
134 0.3918367346938776 0.6356421356421357 0.01326530612244898 0.06782106782106782
20 0.4112244897959184 0.6435786435786436 0.010204081632653062 0.03896103896103896
18 0.8308673469387756 0.6345598845598845 0.015816326530612247 0.013708513708513708
37 0.06479591836734694 0.8037518037518038 0.025510204081632654 0.06637806637806638
130 0.10357142857142858 0.7857142857142857 0.020408163265306124 0.08513708513708514
137 0.12525510204081633 0.7835497835497836 0.013775510204081635 0.07792207792207792
130 0.14489795918367349 0.7864357864357865 0.015306122448979593 0.08513708513708514
137 0.16785714285714287 0.7835497835497836 0.01326530612244898 0.07792207792207792
129 0.188265306122449 0.7922077922077922 0.017346938775510204 0.08513708513708514
136 0.21020408163265308 0.7864357864357865 0.01326530612244898 0.0735930735930736
129 0.2295918367346939 0.7929292929292929 0.014285714285714287 0.08658008658008658
136 0.2528061224489796 0.7864357864357865 0.013775510204081635 0.0735930735930736
135 0.2826530612244898 0.7994227994227994 0.01326530612244898 0.05772005772005772
142 0.3063775510204082 0.7842712842712842 0.015816326530612247 0.08658008658008658
135 0.32551020408163267 0.7987012987012987 0.01326530612244898 0.05772005772005772
142 0.3464285714285715 0.7842712842712842 0.020408163265306124 0.08658008658008658
134 0.36811224489795924 0.8044733044733045 0.012755102040816327 0.06637806637806638
141 0.3918367346938776 0.7925685425685426 0.015306122448979593 0.09018759018759019
134 0.41224489795918373 0.8044733044733045 0.01326530612244898 0.06637806637806638
141 0.43188775510204086 0.7922077922077922 0.021938775510204084 0.09090909090909091
133 0.46479591836734696 0.7817460317460317 0.0163265306122449 0.08297258297258298
140 0.4862244897959184 0.7756132756132756 0.015306122448979593 0.09523809523809523
20 0.5066326530612245 0.7968975468975469 0.010204081632653062 0.03823953823953824
19 0.55 0.7940115440115441 0.0163265306122449 0.013708513708513708
137 0.6094387755102041 0.7972582972582972 0.012755102040816327 0.05194805194805195
137 0.6285714285714287 0.7972582972582972 0.0163265306122449 0.05194805194805195
20 0.65 0.7968975468975469 0.010204081632653062 0.03823953823953824
19 0.6933673469387756 0.7940115440115441 0.017346938775510204 0.013708513708513708
133 0.7538265306122449 0.7940115440115441 0.015816326530612247 0.05555555555555555
133 0.7734693877551021 0.7961760461760462 0.01326530612244898 0.05266955266955267
130 0.7931122448979593 0.7994227994227994 0.013775510204081635 0.05772005772005772
130 0.814030612244898 0.7997835497835498 0.013775510204081635 0.05844155844155844
16 0.8252551020408164 0.7997835497835498 0.00969387755102041 0.031024531024531024
132 0.8400510204081634 0.7954545454545454 0.01785714285714286 0.05555555555555555
132 0.8586734693877551 0.7961760461760462 0.01326530612244898 0.05555555555555555
17 0.8704081632653062 0.8088023088023089 0.009183673469387756 0.03607503607503607
132 0.8821428571428572 0.7954545454545454 0.01326530612244898 0.05411255411255411
132 0.9033163265306123 0.7954545454545454 0.012755102040816327 0.05411255411255411
