1 0.07923655292076344 0.018404907975460124 0.01850780798149219 0.0359918200408998
12 0.04814921920185078 0.017382413087934562 0.004337767495662232 0.031492842535787324
12 0.9512724117987276 0.017382413087934562 0.006651243493348756 0.02985685071574642
12 0.2132735685367264 0.017586912065439674 0.006072874493927125 0.029447852760736196
12 0.31680161943319834 0.017791411042944787 0.006072874493927125 0.02903885480572597
12 0.38360323886639675 0.017791411042944787 0.006072874493927125 0.02903885480572597
12 0.4650086755349913 0.017791411042944787 0.0063620589936379405 0.02903885480572597
12 0.5827067669172932 0.017791411042944787 0.0063620589936379405 0.02903885480572597
12 0.6859456333140543 0.017791411042944787 0.0063620589936379405 0.02903885480572597
12 0.7523134759976865 0.017791411042944787 0.006072874493927125 0.02903885480572597
12 0.8341526894158473 0.017791411042944787 0.006072874493927125 0.02903885480572597
1 0.07938114517061885 0.10858895705521472 0.018796992481203006 0.04294478527607362
12 0.04786003470213996 0.12024539877300613 0.004337767495662232 0.027811860940695297
12 0.9512724117987276 0.12024539877300613 0.006072874493927125 0.027811860940695297
12 0.21341816078658182 0.12044989775051125 0.0063620589936379405 0.027402862985685072
12 0.38360323886639675 0.12044989775051125 0.006072874493927125 0.027402862985685072
12 0.4651532677848467 0.12044989775051125 0.006072874493927125 0.027402862985685072
12 0.5827067669172932 0.12044989775051125 0.0063620589936379405 0.027402862985685072
12 0.6858010410641989 0.12044989775051125 0.006072874493927125 0.027402862985685072
12 0.7524580682475419 0.12065439672801637 0.00578368999421631 0.027811860940695297
12 0.8341526894158473 0.12044989775051125 0.006072874493927125 0.027402862985685072
12 0.3165124349334875 0.12065439672801637 0.006072874493927125 0.026993865030674847
1 0.07952573742047425 0.18691206543967281 0.019086176980913822 0.043353783231083846
12 0.21341816078658182 0.19877300613496932 0.0063620589936379405 0.027811860940695297
12 0.31665702718334293 0.19877300613496932 0.0063620589936379405 0.027811860940695297
12 0.38374783111625216 0.19877300613496932 0.0063620589936379405 0.027811860940695297
12 0.4650086755349913 0.19877300613496932 0.0063620589936379405 0.027811860940695297
12 0.5827067669172932 0.19877300613496932 0.006940427993059571 0.027811860940695297
12 0.6858010410641989 0.19877300613496932 0.006651243493348756 0.027811860940695297
12 0.7524580682475419 0.19877300613496932 0.0063620589936379405 0.027811860940695297
12 0.8341526894158473 0.19877300613496932 0.006651243493348756 0.027811860940695297
12 0.9512724117987276 0.19877300613496932 0.006072874493927125 0.027811860940695297
12 0.04742625795257374 0.19877300613496932 0.004626951995373048 0.026993865030674847
1 0.07967032967032966 0.269120654396728 0.019375361480624638 0.043353783231083846
12 0.04742625795257374 0.2768916155419223 0.005205320994794678 0.028629856850715747
12 0.21341816078658182 0.2770961145194274 0.0063620589936379405 0.02822085889570552
12 0.31665702718334293 0.2770961145194274 0.0063620589936379405 0.02822085889570552
12 0.38374783111625216 0.2770961145194274 0.0063620589936379405 0.02822085889570552
12 0.4651532677848467 0.2770961145194274 0.006651243493348756 0.02822085889570552
12 0.5827067669172932 0.2770961145194274 0.0063620589936379405 0.02822085889570552
12 0.6858010410641989 0.2768916155419223 0.006651243493348756 0.027811860940695297
12 0.7526026604973973 0.2770961145194274 0.006072874493927125 0.02822085889570552
12 0.8342972816657026 0.2770961145194274 0.0063620589936379405 0.02822085889570552
12 0.9512724117987276 0.2770961145194274 0.006072874493927125 0.02822085889570552
1 0.07952573742047425 0.3505112474437628 0.01792943898207056 0.045807770961145196
12 0.047715442452284554 0.35501022494887524 0.005205320994794678 0.027811860940695297
12 0.2132735685367264 0.35521472392638037 0.006651243493348756 0.02822085889570552
12 0.31665702718334293 0.35501022494887524 0.0063620589936379405 0.027811860940695297
12 0.38374783111625216 0.35521472392638037 0.0063620589936379405 0.02822085889570552
12 0.4651532677848467 0.35521472392638037 0.006651243493348756 0.02822085889570552
12 0.5827067669172932 0.35501022494887524 0.006940427993059571 0.027811860940695297
12 0.6858010410641989 0.35501022494887524 0.006651243493348756 0.027811860940695297
12 0.7524580682475419 0.35501022494887524 0.0063620589936379405 0.027811860940695297
12 0.8341526894158473 0.35521472392638037 0.006651243493348756 0.02822085889570552
12 0.9512724117987276 0.35521472392638037 0.006072874493927125 0.02822085889570552
1 0.07995951417004048 0.4292433537832311 0.018796992481203006 0.04458077709611452
12 0.9512724117987276 0.4331288343558282 0.006072874493927125 0.027811860940695297
12 0.04786003470213996 0.434560327198364 0.004916136495083863 0.02985685071574642
12 0.2132735685367264 0.43333333333333335 0.006072874493927125 0.027402862985685072
12 0.31680161943319834 0.43333333333333335 0.006072874493927125 0.027402862985685072
12 0.38360323886639675 0.43333333333333335 0.006072874493927125 0.027402862985685072
12 0.4651532677848467 0.43333333333333335 0.006072874493927125 0.027402862985685072
12 0.5827067669172932 0.43333333333333335 0.0063620589936379405 0.027402862985685072
12 0.6858010410641989 0.43333333333333335 0.006072874493927125 0.027402862985685072
12 0.7526026604973973 0.43333333333333335 0.006072874493927125 0.027402862985685072
12 0.8341526894158473 0.43333333333333335 0.006072874493927125 0.027402862985685072
1 0.07938114517061885 0.5239263803680981 0.018796992481203006 0.043353783231083846
12 0.04786003470213996 0.5355828220858896 0.004337767495662232 0.02822085889570552
12 0.4647194910352805 0.5357873210633947 0.00578368999421631 0.028629856850715747
12 0.8341526894158473 0.5357873210633947 0.006072874493927125 0.028629856850715747
12 0.951417004048583 0.5355828220858896 0.00578368999421631 0.02822085889570552
12 0.21356275303643724 0.5355828220858896 0.006072874493927125 0.027402862985685072
12 0.31665702718334293 0.5357873210633947 0.005205320994794678 0.027811860940695297
12 0.38345864661654133 0.5357873210633947 0.00578368999421631 0.027811860940695297
12 0.5827067669172932 0.5357873210633947 0.0063620589936379405 0.027811860940695297
12 0.6858010410641989 0.5357873210633947 0.005494505494505494 0.027811860940695297
12 0.7524580682475419 0.5355828220858896 0.00578368999421631 0.027402862985685072
1 0.07952573742047425 0.6020449897750512 0.01850780798149219 0.0425357873210634
12 0.21356275303643724 0.6137014314928425 0.006072874493927125 0.02822085889570552
12 0.4647194910352805 0.6153374233128834 0.00578368999421631 0.031492842535787324
12 0.5827067669172932 0.6137014314928425 0.0063620589936379405 0.02822085889570552
12 0.8338635049161365 0.6157464212678937 0.006072874493927125 0.032310838445807774
12 0.9511278195488722 0.6139059304703477 0.005205320994794678 0.028629856850715747
12 0.04757085020242915 0.6139059304703477 0.004337767495662232 0.027811860940695297
12 0.31665702718334293 0.6139059304703477 0.005205320994794678 0.027811860940695297
12 0.3833140543666859 0.6137014314928425 0.005494505494505494 0.027402862985685072
12 0.6858010410641989 0.6139059304703477 0.005494505494505494 0.027811860940695297
12 0.7523134759976865 0.6139059304703477 0.005494505494505494 0.027811860940695297
1 0.07952573742047425 0.6840490797546013 0.01850780798149219 0.04294478527607362
12 0.8338635049161365 0.69079754601227 0.005494505494505494 0.026175869120654397
12 0.9509832272990167 0.6920245398773006 0.005494505494505494 0.028629856850715747
12 0.04742625795257374 0.6922290388548057 0.004626951995373048 0.02822085889570552
12 0.21356275303643724 0.6920245398773006 0.006072874493927125 0.027811860940695297
12 0.38345864661654133 0.6924335378323109 0.00578368999421631 0.028629856850715747
12 0.46457489878542507 0.6912065439672802 0.005494505494505494 0.026175869120654397
12 0.5825621746674378 0.6920245398773006 0.006072874493927125 0.027811860940695297
12 0.6859456333140543 0.6920245398773006 0.00578368999421631 0.027811860940695297
12 0.7523134759976865 0.6922290388548057 0.005494505494505494 0.02822085889570552
12 0.31665702718334293 0.6922290388548057 0.00578368999421631 0.027402862985685072
1 0.07967032967032966 0.7656441717791411 0.018218623481781375 0.04171779141104295
12 0.21341816078658182 0.7699386503067485 0.00578368999421631 0.027402862985685072
12 0.38360323886639675 0.7701431492842535 0.006072874493927125 0.027811860940695297
12 0.5825621746674378 0.7699386503067485 0.006072874493927125 0.027402862985685072
12 0.7526026604973973 0.7699386503067485 0.006072874493927125 0.027402862985685072
12 0.9512724117987276 0.7703476482617587 0.005494505494505494 0.02822085889570552
12 0.04757085020242915 0.7699386503067485 0.004916136495083863 0.026584867075664622
12 0.3165124349334875 0.7701431492842535 0.006072874493927125 0.026993865030674847
12 0.4647194910352805 0.7701431492842535 0.00578368999421631 0.026993865030674847
12 0.6856564488143435 0.7703476482617587 0.0063620589936379405 0.027402862985685072
12 0.8340080971659919 0.7703476482617587 0.00578368999421631 0.027402862985685072
1 0.07995951417004048 0.8433537832310839 0.018218623481781375 0.04171779141104295
12 0.9512724117987276 0.8484662576687116 0.006072874493927125 0.02822085889570552
12 0.047715442452284554 0.8484662576687116 0.004626951995373048 0.027402862985685072
12 0.21341816078658182 0.8484662576687116 0.00578368999421631 0.027402862985685072
12 0.3165124349334875 0.8484662576687116 0.006072874493927125 0.027402862985685072
12 0.38360323886639675 0.8484662576687116 0.006072874493927125 0.027402862985685072
12 0.4648640832851359 0.8482617586912066 0.005494505494505494 0.026993865030674847
12 0.5825621746674378 0.8486707566462168 0.006072874493927125 0.027811860940695297
12 0.6856564488143435 0.8486707566462168 0.0063620589936379405 0.027811860940695297
12 0.7524580682475419 0.8484662576687116 0.00578368999421631 0.027402862985685072
12 0.8342972816657026 0.8482617586912066 0.00578368999421631 0.026993865030674847
27 0.06015037593984962 0.01901840490797546 0.01792943898207056 0.034764826175869123
18 0.14878542510121456 0.006952965235173824 0.012434933487565065 0.00899795501022495
18 0.26373626373626374 0.006952965235173824 0.01214574898785425 0.00899795501022495
18 0.34861191440138806 0.006748466257668712 0.012434933487565065 0.008588957055214725
18 0.42293233082706766 0.006748466257668712 0.012434933487565065 0.008588957055214725
18 0.5224117987275881 0.006952965235173824 0.012434933487565065 0.00899795501022495
18 0.6325910931174089 0.006748466257668712 0.012434933487565065 0.008588957055214725
18 0.717755928282244 0.006748466257668712 0.01214574898785425 0.008588957055214725
18 0.7917871602082128 0.006748466257668712 0.01214574898785425 0.008588957055214725
18 0.8912666281087334 0.006952965235173824 0.01214574898785425 0.00899795501022495
26 0.05855986119144013 0.12065439672801637 0.015326778484673221 0.06216768916155419
18 0.14864083285135915 0.11595092024539877 0.01214574898785425 0.008588957055214725
18 0.26359167148640833 0.11595092024539877 0.011856564488143435 0.008588957055214725
18 0.34846732215153264 0.11574642126789367 0.01214574898785425 0.0081799591002045
18 0.42278773857721225 0.11595092024539877 0.01214574898785425 0.008588957055214725
18 0.5222672064777327 0.11574642126789367 0.01214574898785425 0.00899795501022495
18 0.6324465008675535 0.11595092024539877 0.01214574898785425 0.008588957055214725
18 0.7174667437825332 0.11574642126789367 0.01214574898785425 0.0081799591002045
18 0.7917871602082128 0.11595092024539877 0.01214574898785425 0.008588957055214725
18 0.8912666281087334 0.11595092024539877 0.01214574898785425 0.008588957055214725
26 0.05855986119144013 0.1985685071574642 0.015326778484673221 0.06094069529652352
18 0.14878542510121456 0.19386503067484662 0.011856564488143435 0.00899795501022495
18 0.26373626373626374 0.19386503067484662 0.01214574898785425 0.00899795501022495
18 0.34861191440138806 0.19406952965235175 0.012434933487565065 0.008588957055214725
18 0.42278773857721225 0.19406952965235175 0.01214574898785425 0.008588957055214725
18 0.5222672064777327 0.19406952965235175 0.01214574898785425 0.008588957055214725
18 0.6327356853672643 0.19406952965235175 0.01214574898785425 0.008588957055214725
18 0.7176113360323886 0.19406952965235175 0.011856564488143435 0.008588957055214725
18 0.7919317524580682 0.19406952965235175 0.011856564488143435 0.008588957055214725
18 0.8912666281087334 0.19406952965235175 0.01214574898785425 0.008588957055214725
28 0.058415268941584726 0.27648261758691206 0.016772700983227296 0.0392638036809816
18 0.14878542510121456 0.2721881390593047 0.012434933487565065 0.008588957055214725
18 0.26359167148640833 0.2721881390593047 0.011856564488143435 0.008588957055214725
18 0.34861191440138806 0.2721881390593047 0.012434933487565065 0.008588957055214725
18 0.42278773857721225 0.2721881390593047 0.01214574898785425 0.008588957055214725
18 0.5222672064777327 0.2719836400817996 0.01214574898785425 0.00899795501022495
18 0.6325910931174089 0.2721881390593047 0.011856564488143435 0.008588957055214725
18 0.717755928282244 0.2721881390593047 0.01214574898785425 0.008588957055214725
18 0.7917871602082128 0.2721881390593047 0.01214574898785425 0.008588957055214725
18 0.8912666281087334 0.2719836400817996 0.01214574898785425 0.00899795501022495
27 0.06029496818970503 0.3558282208588957 0.018218623481781375 0.03353783231083845
18 0.14864083285135915 0.3503067484662577 0.01214574898785425 0.008588957055214725
18 0.26359167148640833 0.3503067484662577 0.011856564488143435 0.008588957055214725
18 0.34861191440138806 0.3503067484662577 0.011856564488143435 0.008588957055214725
18 0.42278773857721225 0.3503067484662577 0.01214574898785425 0.008588957055214725
18 0.5222672064777327 0.35010224948875257 0.01214574898785425 0.00899795501022495
18 0.6325910931174089 0.3503067484662577 0.011856564488143435 0.008588957055214725
18 0.7176113360323886 0.3503067484662577 0.011856564488143435 0.008588957055214725
18 0.7917871602082128 0.3503067484662577 0.01156737998843262 0.008588957055214725
18 0.8912666281087334 0.35010224948875257 0.01214574898785425 0.00899795501022495
37 0.06015037593984962 0.43701431492842535 0.01792943898207056 0.04049079754601227
18 0.14864083285135915 0.42862985685071575 0.01214574898785425 0.00899795501022495
18 0.26373626373626374 0.4284253578732106 0.01214574898785425 0.008588957055214725
18 0.34861191440138806 0.4284253578732106 0.011856564488143435 0.008588957055214725
18 0.42278773857721225 0.4284253578732106 0.01214574898785425 0.008588957055214725
18 0.5222672064777327 0.42862985685071575 0.01214574898785425 0.00899795501022495
18 0.6325910931174089 0.4284253578732106 0.011856564488143435 0.008588957055214725
18 0.7174667437825332 0.4284253578732106 0.01156737998843262 0.008588957055214725
18 0.7917871602082128 0.4284253578732106 0.01156737998843262 0.008588957055214725
18 0.8912666281087334 0.4284253578732106 0.01214574898785425 0.009406952965235174
26 0.058415268941584726 0.5355828220858896 0.015615962984384037 0.06175869120654397
18 0.14878542510121456 0.5306748466257669 0.011856564488143435 0.008588957055214725
19 0.2261422787738577 0.5341513292433538 0.010989010989010988 0.0081799591002045
20 0.28672643146327353 0.5361963190184049 0.006651243493348756 0.023721881390593048
136 0.29973973395026027 0.5361963190184049 0.006651243493348756 0.030265848670756646
135 0.3084152689415847 0.5366053169734152 0.008386350491613648 0.031083844580777096
104 0.3286581839213418 0.5388548057259713 0.007229612492770387 0.03640081799591002
104 0.34109311740890685 0.5388548057259713 0.007229612492770387 0.03640081799591002
134 0.35352805089647193 0.5396728016359919 0.007229612492770387 0.03803680981595092
134 0.3622035858877964 0.5396728016359919 0.008386350491613648 0.03721881390593047
103 0.37275882012724115 0.540081799591002 0.006940427993059571 0.03803680981595092
19 0.39705031810294966 0.5341513292433538 0.010989010989010988 0.00899795501022495
136 0.42018507807981487 0.5357873210633947 0.006940427993059571 0.029447852760736196
135 0.4440427993059572 0.5366053169734152 0.008386350491613648 0.03190184049079755
104 0.45445344129554655 0.5386503067484663 0.006651243493348756 0.0359918200408998
76 0.4723828802776171 0.5386503067484663 0.007229612492770387 0.0359918200408998
19 0.5277617119722382 0.5343558282208589 0.010410641989589357 0.007770961145194274
19 0.5952862926547137 0.5343558282208589 0.010699826489300172 0.008588957055214725
20 0.6555812608444187 0.5359918200408998 0.006940427993059571 0.023312883435582823
136 0.6687391555812608 0.5361963190184049 0.007229612492770387 0.030265848670756646
135 0.6775592828224407 0.5368098159509203 0.008675534991324464 0.031492842535787324
104 0.6975130133024869 0.5386503067484663 0.006940427993059571 0.0359918200408998
104 0.7100925390399074 0.5386503067484663 0.007229612492770387 0.0359918200408998
134 0.7225274725274725 0.5396728016359919 0.007229612492770387 0.03803680981595092
134 0.731203007518797 0.5396728016359919 0.008386350491613648 0.03721881390593047
103 0.7417582417582417 0.540081799591002 0.006940427993059571 0.03803680981595092
19 0.7659051474840948 0.5341513292433538 0.010699826489300172 0.00899795501022495
136 0.7894736842105262 0.5357873210633947 0.006940427993059571 0.029447852760736196
135 0.8130422209369578 0.5368098159509203 0.008386350491613648 0.032310838445807774
104 0.8235974551764025 0.5384458077709612 0.006940427993059571 0.03558282208588957
76 0.8413823019086176 0.5388548057259713 0.007807981492192018 0.03558282208588957
19 0.8966165413533834 0.5343558282208589 0.010699826489300172 0.007770961145194274
26 0.05855986119144013 0.6141104294478528 0.015326778484673221 0.06175869120654397
21 0.10251590514748408 0.6139059304703477 0.007807981492192018 0.015541922290388548
160 0.11307113938692885 0.6157464212678937 0.009253903990746095 0.033128834355828224
160 0.12174667437825332 0.6155419222903885 0.007518796992481203 0.032719836400818
133 0.13172353961827646 0.6110429447852761 0.009543088490456911 0.0376278118609407
160 0.1401098901098901 0.6128834355828221 0.008386350491613648 0.03721881390593047
160 0.14893001735106998 0.6137014314928425 0.007518796992481203 0.03558282208588957
133 0.1590514748409485 0.6104294478527608 0.009253903990746095 0.03640081799591002
160 0.16700404858299595 0.6130879345603272 0.008386350491613648 0.03844580777096115
160 0.1756795835743204 0.6139059304703477 0.007807981492192018 0.0359918200408998
102 0.18522267206477733 0.6102249488752556 0.007807981492192018 0.0359918200408998
19 0.2259976865240023 0.6124744376278118 0.011278195488721804 0.008588957055214725
20 0.28672643146327353 0.6141104294478528 0.007229612492770387 0.024130879345603273
131 0.3006072874493927 0.6141104294478528 0.00896471949103528 0.02985685071574642
130 0.30942741469057256 0.6159509202453988 0.007518796992481203 0.03190184049079755
99 0.3289473684210526 0.6153374233128834 0.007807981492192018 0.033128834355828224
99 0.3413823019086177 0.6153374233128834 0.007807981492192018 0.033128834355828224
130 0.35454019664545977 0.6151329243353784 0.008675534991324464 0.032719836400818
130 0.36336032388663964 0.6151329243353784 0.007229612492770387 0.032719836400818
99 0.373048004626952 0.6153374233128834 0.008097165991902834 0.033128834355828224
17 0.38953152111046846 0.6239263803680982 0.005205320994794678 0.02903885480572597
100 0.3966165413533834 0.6137014314928425 0.007229612492770387 0.02985685071574642
19 0.40948525159051474 0.6122699386503068 0.010410641989589357 0.00899795501022495
99 0.4547426257952573 0.6153374233128834 0.007807981492192018 0.033128834355828224
130 0.47339502602660494 0.6153374233128834 0.009253903990746095 0.033128834355828224
160 0.4820705610179294 0.6153374233128834 0.008097165991902834 0.033128834355828224
160 0.49089068825910925 0.6157464212678937 0.007807981492192018 0.033128834355828224
133 0.500722961249277 0.610838445807771 0.009543088490456911 0.03721881390593047
160 0.5089647194910353 0.6130879345603272 0.008675534991324464 0.0376278118609407
160 0.5177848467322151 0.6137014314928425 0.007807981492192018 0.03558282208588957
133 0.5279063042220936 0.6102249488752556 0.00896471949103528 0.03680981595092025
160 0.5360034702139965 0.6130879345603272 0.008386350491613648 0.03844580777096115
160 0.544679005205321 0.6139059304703477 0.007807981492192018 0.0359918200408998
102 0.5542220936957779 0.6106339468302658 0.007807981492192018 0.0359918200408998
19 0.5952862926547137 0.6124744376278118 0.010699826489300172 0.008588957055214725
20 0.6555812608444187 0.6141104294478528 0.006940427993059571 0.023312883435582823
131 0.6696067090803932 0.6141104294478528 0.00896471949103528 0.02985685071574642
130 0.6784268363215731 0.6157464212678937 0.007518796992481203 0.031492842535787324
99 0.6978021978021978 0.6155419222903885 0.008097165991902834 0.032719836400818
99 0.7103817235396183 0.6153374233128834 0.007807981492192018 0.033128834355828224
130 0.7235396182764603 0.6153374233128834 0.008675534991324464 0.033128834355828224
130 0.7325043377674956 0.6151329243353784 0.007518796992481203 0.032719836400818
99 0.7419028340080971 0.6153374233128834 0.007807981492192018 0.033128834355828224
17 0.758530942741469 0.6233128834355828 0.005205320994794678 0.029447852760736196
100 0.7654713707345285 0.6132924335378324 0.007518796992481203 0.02985685071574642
19 0.7786292654713707 0.6122699386503068 0.010121457489878543 0.00899795501022495
99 0.8240312319259687 0.6157464212678937 0.007807981492192018 0.033128834355828224
160 0.8421052631578947 0.6153374233128834 0.009253903990746095 0.033128834355828224
160 0.85106998264893 0.6151329243353784 0.008097165991902834 0.032719836400818
160 0.8597455176402544 0.6155419222903885 0.007518796992481203 0.032719836400818
133 0.869866975130133 0.610838445807771 0.009253903990746095 0.03721881390593047
160 0.8779641411220358 0.6130879345603272 0.008675534991324464 0.0376278118609407
160 0.8869288606130711 0.6137014314928425 0.007518796992481203 0.03558282208588957
133 0.8970503181029497 0.6104294478527608 0.009253903990746095 0.03640081799591002
160 0.905002891844997 0.6130879345603272 0.008386350491613648 0.03844580777096115
160 0.9136784268363215 0.6139059304703477 0.007807981492192018 0.0359918200408998
102 0.9232215153267784 0.6102249488752556 0.007807981492192018 0.0359918200408998
28 0.058415268941584726 0.6918200408997955 0.016194331983805668 0.03885480572597137
21 0.10251590514748408 0.6916155419222904 0.007807981492192018 0.014723926380368098
159 0.11307113938692885 0.6955010224948875 0.009253903990746095 0.03721881390593047
159 0.12189126662810873 0.6955010224948875 0.007229612492770387 0.03640081799591002
132 0.13172353961827646 0.6916155419222904 0.00896471949103528 0.028629856850715747
159 0.1399652978600347 0.6955010224948875 0.008097165991902834 0.03558282208588957
159 0.14878542510121456 0.6957055214723926 0.007807981492192018 0.0359918200408998
132 0.1587622903412377 0.6918200408997955 0.009253903990746095 0.02903885480572597
159 0.16685945633314053 0.6955010224948875 0.008097165991902834 0.03640081799591002
159 0.17596876807403122 0.6957055214723926 0.007807981492192018 0.0359918200408998
101 0.1853672643146327 0.6899795501022495 0.007518796992481203 0.032719836400818
18 0.26359167148640833 0.687321063394683 0.011856564488143435 0.008588957055214725
101 0.3289473684210526 0.6901840490797546 0.007807981492192018 0.033128834355828224
101 0.3415268941584731 0.6901840490797546 0.007518796992481203 0.032310838445807774
131 0.35425101214574894 0.6918200408997955 0.008675534991324464 0.02985685071574642
131 0.3630711393869288 0.6920245398773006 0.007229612492770387 0.030265848670756646
100 0.37290341237709657 0.6922290388548057 0.007807981492192018 0.02903885480572597
100 0.3961827646038172 0.6918200408997955 0.008097165991902834 0.02903885480572597
19 0.40934065934065933 0.6901840490797546 0.010699826489300172 0.008588957055214725
101 0.45503181029496814 0.6903885480572597 0.007807981492192018 0.032719836400818
132 0.4732504337767495 0.6916155419222904 0.00896471949103528 0.029447852760736196
159 0.481925968768074 0.6957055214723926 0.008386350491613648 0.0359918200408998
159 0.49089068825910925 0.6955010224948875 0.007807981492192018 0.03640081799591002
132 0.5008675534991324 0.6920245398773006 0.009253903990746095 0.028629856850715747
159 0.5091093117408907 0.6952965235173825 0.008386350491613648 0.0359918200408998
159 0.5177848467322151 0.6952965235173825 0.007807981492192018 0.0359918200408998
132 0.5277617119722382 0.6918200408997955 0.009253903990746095 0.02903885480572597
159 0.5358588779641411 0.6955010224948875 0.008097165991902834 0.03558282208588957
159 0.5448235974551764 0.6955010224948875 0.007518796992481203 0.03640081799591002
101 0.5543666859456333 0.6901840490797546 0.007518796992481203 0.033128834355828224
18 0.6327356853672643 0.687321063394683 0.01214574898785425 0.008588957055214725
101 0.6980913823019086 0.6901840490797546 0.008097165991902834 0.033128834355828224
101 0.7105263157894737 0.6903885480572597 0.007518796992481203 0.032719836400818
131 0.7232504337767495 0.6918200408997955 0.008675534991324464 0.02985685071574642
131 0.7322151532677847 0.6920245398773006 0.007518796992481203 0.030265848670756646
100 0.7420474262579525 0.6920245398773006 0.007518796992481203 0.029447852760736196
100 0.7651821862348177 0.6918200408997955 0.008097165991902834 0.02903885480572597
19 0.7784846732215153 0.6899795501022495 0.010410641989589357 0.0081799591002045
101 0.8238866396761133 0.6903885480572597 0.008097165991902834 0.032719836400818
132 0.8422498554077501 0.6916155419222904 0.00896471949103528 0.028629856850715747
159 0.8509253903990746 0.6952965235173825 0.008386350491613648 0.0359918200408998
159 0.8597455176402544 0.6955010224948875 0.007518796992481203 0.03640081799591002
132 0.869866975130133 0.6916155419222904 0.009253903990746095 0.028629856850715747
159 0.8781087333718912 0.6952965235173825 0.008386350491613648 0.03517382413087935
159 0.8820127241179873 0.6957055214723926 0.01792943898207056 0.0343558282208589
159 0.8870734528629265 0.6952965235173825 0.007807981492192018 0.03517382413087935
132 0.8967611336032388 0.6918200408997955 0.009253903990746095 0.02903885480572597
159 0.9048582995951416 0.6952965235173825 0.008097165991902834 0.0359918200408998
159 0.9138230190861769 0.6957055214723926 0.007518796992481203 0.0359918200408998
101 0.9233661075766338 0.6901840490797546 0.007518796992481203 0.032310838445807774
27 0.06015037593984962 0.7709611451942741 0.01792943898207056 0.03353783231083845
168 0.10309427414690572 0.7701431492842535 0.007229612492770387 0.0359918200408998
165 0.11191440138808559 0.7723926380368098 0.006940427993059571 0.033128834355828224
165 0.12073452862926547 0.7734151329243354 0.00896471949103528 0.0359918200408998
138 0.1307113938692886 0.7703476482617587 0.007518796992481203 0.03640081799591002
165 0.13909774436090225 0.7728016359918201 0.006940427993059571 0.033946830265848674
165 0.14285714285714285 0.7732106339468303 0.015037593984962405 0.033946830265848674
165 0.1479178716020821 0.7736196319018405 0.00896471949103528 0.03558282208588957
138 0.15803932909196067 0.7703476482617587 0.007229612492770387 0.03640081799591002
165 0.1661364950838635 0.7728016359918201 0.007229612492770387 0.034764826175869123
165 0.17495662232504336 0.7736196319018405 0.008675534991324464 0.034764826175869123
107 0.18464430306535567 0.7683026584867075 0.007229612492770387 0.032310838445807774
18 0.26359167148640833 0.7591002044989775 0.011856564488143435 0.00899795501022495
50 0.3298149219201851 0.7701431492842535 0.009543088490456911 0.029447852760736196
103 0.3958935801041064 0.774437627811861 0.007518796992481203 0.03803680981595092
20 0.40775014459224984 0.7572597137014315 0.006940427993059571 0.023312883435582823
19 0.4207634470792365 0.7552147239263803 0.010410641989589357 0.008588957055214725
21 0.47165991902834004 0.756441717791411 0.007518796992481203 0.014314928425357873
165 0.48091382301908614 0.7738241308793457 0.006940427993059571 0.0359918200408998
165 0.4898785425101214 0.7736196319018405 0.008675534991324464 0.03640081799591002
168 0.4997108155002892 0.7703476482617587 0.007518796992481203 0.03640081799591002
165 0.5080971659919028 0.7723926380368098 0.006940427993059571 0.033946830265848674
165 0.5167727009832273 0.7732106339468303 0.008675534991324464 0.03558282208588957
168 0.5270387507229612 0.7703476482617587 0.007229612492770387 0.03640081799591002
165 0.5352805089647195 0.772597137014315 0.006940427993059571 0.0343558282208589
165 0.5441006362058993 0.7736196319018405 0.00896471949103528 0.03558282208588957
107 0.5539329091960671 0.7685071574642127 0.007229612492770387 0.032719836400818
18 0.6327356853672643 0.7591002044989775 0.01214574898785425 0.00899795501022495
50 0.6991035280508964 0.7701431492842535 0.009543088490456911 0.029447852760736196
103 0.7650375939849624 0.7746421267893661 0.007229612492770387 0.03844580777096115
20 0.776604973973395 0.7570552147239263 0.007229612492770387 0.022903885480572598
19 0.7900520532099479 0.7548057259713702 0.010410641989589357 0.008588957055214725
21 0.840803932909196 0.7566462167689162 0.007229612492770387 0.014723926380368098
165 0.8500578368999421 0.7738241308793457 0.007229612492770387 0.0359918200408998
165 0.8590225563909774 0.7736196319018405 0.00896471949103528 0.03640081799591002
138 0.8688548293811451 0.7703476482617587 0.007229612492770387 0.03558282208588957
165 0.8770965876229033 0.772597137014315 0.006940427993059571 0.03353783231083845
165 0.8857721226142278 0.7734151329243354 0.008675534991324464 0.03517382413087935
138 0.8960381723539618 0.7703476482617587 0.007229612492770387 0.03640081799591002
165 0.90427993059572 0.7723926380368098 0.006940427993059571 0.034764826175869123
165 0.912810873337189 0.7734151329243354 0.00896471949103528 0.03517382413087935
107 0.9227877385772122 0.7680981595092025 0.006940427993059571 0.03190184049079755
37 0.06015037593984962 0.8517382413087935 0.017351069982648928 0.03885480572597137
21 0.1026604973973395 0.8484662576687116 0.007518796992481203 0.014314928425357873
165 0.11176980913823019 0.8521472392638036 0.007229612492770387 0.03640081799591002
165 0.12073452862926547 0.8519427402862986 0.00896471949103528 0.0359918200408998
138 0.1307113938692886 0.8484662576687116 0.006940427993059571 0.03558282208588957
165 0.13909774436090225 0.8505112474437628 0.006940427993059571 0.033946830265848674
165 0.1479178716020821 0.8515337423312883 0.00896471949103528 0.0359918200408998
138 0.15789473684210525 0.8486707566462168 0.007518796992481203 0.03680981595092025
165 0.1661364950838635 0.850920245398773 0.007229612492770387 0.034764826175869123
165 0.17524580682475419 0.8519427402862986 0.008675534991324464 0.0359918200408998
107 0.1847888953152111 0.8466257668711656 0.006940427993059571 0.032719836400818
18 0.26359167148640833 0.843558282208589 0.011856564488143435 0.008588957055214725
18 0.34861191440138806 0.843558282208589 0.011856564488143435 0.008588957055214725
18 0.42264314632735683 0.843762781186094 0.011856564488143435 0.0081799591002045
21 0.4715153267784846 0.8486707566462168 0.007229612492770387 0.014723926380368098
165 0.48091382301908614 0.8517382413087935 0.006940427993059571 0.03640081799591002
165 0.4898785425101214 0.8519427402862986 0.008675534991324464 0.0359918200408998
168 0.49956622325043376 0.8482617586912066 0.007229612492770387 0.0359918200408998
165 0.5080971659919028 0.8507157464212679 0.006940427993059571 0.0343558282208589
165 0.5169172932330827 0.8515337423312883 0.00896471949103528 0.0359918200408998
168 0.5268941584731058 0.8486707566462168 0.007518796992481203 0.03680981595092025
165 0.5352805089647195 0.8507157464212679 0.006940427993059571 0.03517382413087935
165 0.5442452284557547 0.8515337423312883 0.008675534991324464 0.0359918200408998
107 0.5539329091960671 0.8464212678936606 0.007229612492770387 0.033128834355828224
18 0.6325910931174089 0.843558282208589 0.011856564488143435 0.008588957055214725
18 0.7174667437825332 0.843558282208589 0.01156737998843262 0.008588957055214725
18 0.7916425679583574 0.843558282208589 0.011856564488143435 0.008588957055214725
21 0.8405147484094851 0.8484662576687116 0.007229612492770387 0.015132924335378323
165 0.8499132446500867 0.8523517382413088 0.006940427993059571 0.0376278118609407
165 0.8590225563909774 0.8515337423312883 0.00896471949103528 0.0359918200408998
138 0.8687102371312897 0.8484662576687116 0.006940427993059571 0.03558282208588957
165 0.8770965876229033 0.8511247443762782 0.006940427993059571 0.0343558282208589
165 0.8859167148640832 0.8515337423312883 0.00896471949103528 0.0359918200408998
168 0.8957489878542509 0.8484662576687116 0.007229612492770387 0.03640081799591002
165 0.90427993059572 0.8505112474437628 0.007518796992481203 0.034764826175869123
165 0.9129554655870444 0.8517382413087935 0.008675534991324464 0.03558282208588957
107 0.9227877385772122 0.8466257668711656 0.006940427993059571 0.032719836400818
