12 0.04793926247288503 0.01871165644171779 0.00737527114967462 0.03619631901840491
7 0.08915401301518437 0.018404907975460124 0.018655097613882864 0.03558282208588957
12 0.4425162689804772 0.018404907975460124 0.007809110629067245 0.03558282208588957
12 0.7045553145336225 0.018404907975460124 0.007809110629067245 0.03558282208588957
12 0.951409978308026 0.01871165644171779 0.007809110629067245 0.03619631901840491
7 0.08872017353579176 0.11226993865030675 0.020390455531453362 0.046625766871165646
12 0.04880694143167028 0.11349693251533743 0.00824295010845987 0.04171779141104295
12 0.7047722342733188 0.11288343558282209 0.00824295010845987 0.04049079754601227
12 0.4422993492407809 0.11349693251533743 0.00737527114967462 0.04049079754601227
12 0.9516268980477223 0.11349693251533743 0.00737527114967462 0.04049079754601227
14 0.32776572668112797 0.11840490797546013 0.006507592190889371 0.0098159509202454
7 0.08872017353579176 0.2622699386503068 0.019522776572668113 0.047239263803680986
12 0.04793926247288503 0.27791411042944786 0.006507592190889371 0.04049079754601227
12 0.34468546637744035 0.2782208588957055 0.00737527114967462 0.04110429447852761
12 0.5626898047722343 0.2782208588957055 0.007809110629067245 0.04110429447852761
12 0.7108459869848156 0.2782208588957055 0.00824295010845987 0.04110429447852761
12 0.951409978308026 0.2782208588957055 0.007809110629067245 0.04110429447852761
14 0.8787418655097613 0.35061349693251537 0.006507592190889371 0.009202453987730062
7 0.08850325379609544 0.3745398773006135 0.01908893709327549 0.04601226993865031
12 0.04815618221258134 0.3760736196319019 0.007809110629067245 0.04171779141104295
12 0.344468546637744 0.3760736196319019 0.006941431670281995 0.04171779141104295
12 0.5626898047722343 0.37638036809815956 0.006073752711496746 0.04233128834355829
12 0.9516268980477223 0.3760736196319019 0.00737527114967462 0.04171779141104295
12 0.7106290672451193 0.3760736196319019 0.007809110629067245 0.04049079754601227
14 0.7249457700650759 0.5052147239263804 0.006073752711496746 0.009202453987730062
14 0.9125813449023861 0.5052147239263804 0.005639913232104121 0.009202453987730062
14 0.5223427331887202 0.5058282208588958 0.006073752711496746 0.009202453987730062
7 0.08893709327548807 0.5343558282208589 0.019956616052060738 0.04785276073619632
12 0.04772234273318872 0.5407975460122699 0.006941431670281995 0.04110429447852761
12 0.5774403470715835 0.5404907975460123 0.006073752711496746 0.04049079754601227
12 0.9516268980477223 0.5411042944785276 0.006507592190889371 0.04171779141104295
12 0.36919739696312365 0.5407975460122699 0.006073752711496746 0.03987730061349694
12 0.7650759219088937 0.5411042944785276 0.006507592190889371 0.04049079754601227
7 0.08893709327548807 0.6377300613496932 0.019956616052060738 0.04601226993865031
12 0.9516268980477223 0.6386503067484663 0.006507592190889371 0.04294478527607362
12 0.04793926247288503 0.638957055214724 0.00737527114967462 0.04110429447852761
12 0.5776572668112798 0.6383435582822087 0.006507592190889371 0.03987730061349694
12 0.7650759219088937 0.6386503067484663 0.00737527114967462 0.04049079754601227
12 0.368763557483731 0.638957055214724 0.006941431670281995 0.03987730061349694
14 0.5984815618221258 0.643558282208589 0.005639913232104121 0.00736196319018405
14 0.7863340563991322 0.643558282208589 0.005639913232104121 0.00736196319018405
14 0.38242950108459867 0.7573619631901841 0.006507592190889371 0.009202453987730062
14 0.34989154013015183 0.7576687116564418 0.005639913232104121 0.00736196319018405
14 0.3175704989154013 0.7582822085889571 0.005206073752711497 0.00736196319018405
14 0.7216919739696313 0.7677914110429448 0.005639913232104121 0.009202453987730062
14 0.9117136659436008 0.7677914110429448 0.005639913232104121 0.009202453987730062
14 0.14511930585683297 0.7677914110429448 0.006507592190889371 0.007975460122699387
14 0.28524945770065074 0.7680981595092025 0.005639913232104121 0.00736196319018405
7 0.08915401301518437 0.7978527607361964 0.020390455531453362 0.04846625766871166
14 0.24273318872017352 0.7779141104294479 0.005639913232104121 0.008588957055214725
14 0.17462039045553143 0.7779141104294479 0.005639913232104121 0.00736196319018405
12 0.9516268980477223 0.802760736196319 0.006507592190889371 0.04110429447852761
12 0.04793926247288503 0.8033742331288344 0.00737527114967462 0.04110429447852761
14 0.21301518438177874 0.7874233128834356 0.006073752711496746 0.009202453987730062
12 0.3841648590021692 0.8033742331288344 0.00737527114967462 0.04110429447852761
12 0.5726681127982646 0.8030674846625767 0.006941431670281995 0.04049079754601227
12 0.7629067245119305 0.8033742331288344 0.006507592190889371 0.04110429447852761
7 0.08893709327548807 0.9 0.019956616052060738 0.046625766871165646
12 0.9518438177874187 0.900920245398773 0.006941431670281995 0.04233128834355829
12 0.04793926247288503 0.900920245398773 0.00737527114967462 0.04110429447852761
12 0.3839479392624729 0.9006134969325154 0.007809110629067245 0.04049079754601227
12 0.5726681127982646 0.9006134969325154 0.006941431670281995 0.04049079754601227
12 0.7626898047722342 0.9006134969325154 0.006941431670281995 0.04049079754601227
14 0.5941431670281996 0.9058282208588958 0.005639913232104121 0.007975460122699387
14 0.7839479392624729 0.9064417177914111 0.006073752711496746 0.007975460122699387
28 0.06399132321041215 0.01932515337423313 0.02212581344902386 0.03742331288343558
27 0.0633405639913232 0.11288343558282209 0.022559652928416486 0.04539877300613497
136 0.12169197396963123 0.11595092024539878 0.011713665943600867 0.049079754601226995
134 0.1579175704989154 0.11687116564417178 0.011279826464208243 0.05092024539877301
135 0.19566160520607376 0.11809815950920247 0.011279826464208243 0.05337423312883436
133 0.2316702819956616 0.1187116564417178 0.01475054229934924 0.054601226993865035
132 0.2754880694143167 0.1088957055214724 0.01475054229934924 0.05337423312883436
162 0.3193058568329718 0.1088957055214724 0.01388286334056399 0.05337423312883436
187 0.34360086767895875 0.10858895705521474 0.011279826464208243 0.05521472392638037
132 0.36616052060737525 0.11165644171779142 0.01735357917570499 0.04785276073619632
21 0.41757049891540127 0.0941717791411043 0.010845986984815618 0.02147239263803681
21 0.4555314533622559 0.09386503067484663 0.010412147505422993 0.020858895705521473
131 0.48546637744034704 0.1138036809815951 0.01475054229934924 0.04478527607361964
131 0.5127982646420824 0.11411042944785277 0.012147505422993492 0.044171779141104296
131 0.5509761388286334 0.11411042944785277 0.012147505422993492 0.044171779141104296
130 0.5937093275488069 0.11687116564417178 0.014316702819956615 0.049693251533742336
131 0.6212581344902386 0.1138036809815951 0.012147505422993492 0.04478527607361964
130 0.6503253796095444 0.11656441717791412 0.012147505422993492 0.05030674846625767
131 0.6789587852494576 0.11411042944785277 0.011279826464208243 0.044171779141104296
132 0.7251626898047722 0.11196319018404909 0.014316702819956615 0.047239263803680986
131 0.7527114967462039 0.11288343558282209 0.012147505422993492 0.04785276073619632
130 0.7813449023861171 0.11595092024539878 0.012147505422993492 0.051533742331288344
131 0.8106290672451193 0.1138036809815951 0.011713665943600867 0.04478527607361964
132 0.8412147505422993 0.11196319018404909 0.01475054229934924 0.047239263803680986
131 0.8685466377440346 0.11288343558282209 0.012147505422993492 0.04785276073619632
130 0.8973969631236443 0.11595092024539878 0.012581344902386117 0.051533742331288344
131 0.9264642082429501 0.1138036809815951 0.011713665943600867 0.04478527607361964
34 0.06377440347071583 0.2726993865030675 0.021691973969631236 0.05337423312883436
111 0.12147505422993492 0.26533742331288346 0.012147505422993492 0.06932515337423313
171 0.17331887201735358 0.26809815950920246 0.012581344902386117 0.0638036809815951
170 0.1913232104121475 0.27085889570552146 0.012147505422993492 0.05828220858895706
169 0.20802603036876355 0.27331288343558285 0.010845986984815618 0.05337423312883436
168 0.22407809110629065 0.27607361963190186 0.013449023861171366 0.04785276073619632
137 0.2438177874186551 0.2782208588957055 0.010412147505422993 0.04355828220858896
138 0.26963123644251624 0.2763803680981595 0.010845986984815618 0.04846625766871166
137 0.29587852494577005 0.27883435582822086 0.011279826464208243 0.04355828220858896
138 0.31973969631236443 0.27607361963190186 0.01475054229934924 0.049079754601226995
139 0.35748373101952274 0.27423312883435585 0.010412147505422993 0.053987730061349694
138 0.38351409978308026 0.2763803680981595 0.011279826464208243 0.049693251533742336
137 0.409761388286334 0.27883435582822086 0.010845986984815618 0.04355828220858896
138 0.4336225596529284 0.2763803680981595 0.014316702819956615 0.04846625766871166
139 0.461822125813449 0.2739263803680982 0.010845986984815618 0.054601226993865035
138 0.48785249457700647 0.2763803680981595 0.010845986984815618 0.04846625766871166
137 0.513882863340564 0.27883435582822086 0.010845986984815618 0.04355828220858896
138 0.5379609544468547 0.2766871165644172 0.01475054229934924 0.049079754601226995
104 0.5752711496746203 0.28404907975460125 0.011279826464208243 0.053987730061349694
105 0.6097613882863341 0.28128834355828225 0.010845986984815618 0.049693251533742336
106 0.6453362255965293 0.27883435582822086 0.010845986984815618 0.04355828220858896
107 0.6798264642082429 0.27607361963190186 0.011279826464208243 0.049079754601226995
139 0.7234273318872017 0.2736196319018405 0.010845986984815618 0.053987730061349694
140 0.747939262472885 0.27116564417177913 0.01475054229934924 0.0588957055214724
28 0.7668112798264641 0.27883435582822086 0.016919739696312365 0.04233128834355829
17 0.7811279826464208 0.2533742331288344 0.006507592190889371 0.0343558282208589
139 0.7908893709327548 0.2736196319018405 0.010412147505422993 0.053987730061349694
140 0.8149674620390455 0.27085889570552146 0.014316702819956615 0.05828220858895706
141 0.8429501084598698 0.26809815950920246 0.012147505422993492 0.06625766871165645
111 0.9052060737527114 0.2659509202453988 0.012581344902386117 0.06932515337423313
27 0.0633405639913232 0.37576687116564417 0.022559652928416486 0.04478527607361964
130 0.12342733188720173 0.3785276073619632 0.015184381778741865 0.049079754601226995
130 0.1477223427331887 0.3788343558282209 0.011713665943600867 0.04846625766871166
130 0.1735357917570499 0.3788343558282209 0.011279826464208243 0.04846625766871166
130 0.2088937093275488 0.3788343558282209 0.011713665943600867 0.049693251533742336
129 0.24511930585683295 0.3815950920245399 0.01475054229934924 0.053987730061349694
130 0.27006507592190887 0.3788343558282209 0.011713665943600867 0.04846625766871166
129 0.2960954446854664 0.38128834355828223 0.011713665943600867 0.054601226993865035
130 0.32234273318872014 0.37914110429447856 0.011279826464208243 0.049079754601226995
131 0.35900216919739697 0.3769938650306749 0.014316702819956615 0.04355828220858896
130 0.38373101952277655 0.37914110429447856 0.011713665943600867 0.049079754601226995
129 0.409761388286334 0.3815950920245399 0.011713665943600867 0.053987730061349694
130 0.4360086767895878 0.3794478527607362 0.011279826464208243 0.04846625766871166
131 0.4633405639913232 0.3766871165644172 0.01388286334056399 0.044171779141104296
130 0.4882863340563991 0.37914110429447856 0.011713665943600867 0.049079754601226995
129 0.5143167028199566 0.38128834355828223 0.011713665943600867 0.054601226993865035
128 0.5405639913232104 0.38404907975460123 0.013015184381778741 0.0588957055214724
96 0.5748373101952278 0.38619631901840495 0.013015184381778741 0.06687116564417178
97 0.6097613882863341 0.38374233128834356 0.012581344902386117 0.05950920245398773
101 0.6455531453362255 0.3736196319018405 0.011279826464208243 0.049079754601226995
102 0.6800433839479393 0.3717791411042945 0.010845986984815618 0.053987730061349694
134 0.7232104121475054 0.38190184049079756 0.011279826464208243 0.054601226993865035
135 0.7492407809110628 0.38006134969325156 0.011279826464208243 0.052147239263803685
136 0.7906724511930585 0.3785276073619632 0.010845986984815618 0.049079754601226995
137 0.8145336225596529 0.3769938650306749 0.014316702819956615 0.04601226993865031
138 0.8427331887201734 0.37392638036809817 0.010845986984815618 0.04846625766871166
168 0.8689804772234273 0.37423312883435583 0.010412147505422993 0.049079754601226995
192 0.8882863340563991 0.3769938650306749 0.015184381778741865 0.04233128834355829
138 0.9047722342733189 0.37423312883435583 0.010845986984815618 0.049079754601226995
138 0.9284164859002169 0.3736196319018405 0.01475054229934924 0.049079754601226995
28 0.06377440347071583 0.5411042944785276 0.022559652928416486 0.044171779141104296
173 0.1229934924078091 0.5257668711656442 0.011713665943600867 0.0736196319018405
171 0.13665943600867678 0.5309815950920246 0.011279826464208243 0.06441717791411043
17 0.14685466377440345 0.5156441717791411 0.006507592190889371 0.03251533742331288
169 0.15488069414316702 0.5355828220858896 0.012147505422993492 0.053987730061349694
166 0.1665943600867679 0.5411042944785276 0.010412147505422993 0.04294478527607362
169 0.18026030368763557 0.5358895705521473 0.012581344902386117 0.05337423312883436
167 0.193058568329718 0.5414110429447853 0.010412147505422993 0.04355828220858896
169 0.20672451193058566 0.5358895705521473 0.012581344902386117 0.05337423312883436
16 0.21865509761388285 0.5153374233128835 0.007809110629067245 0.0294478527607362
168 0.22906724511930585 0.5383435582822086 0.010412147505422993 0.04846625766871166
169 0.24164859002169195 0.5358895705521473 0.012147505422993492 0.05337423312883436
173 0.25748373101952277 0.5254601226993866 0.011713665943600867 0.07177914110429448
171 0.2709327548806941 0.5303680981595092 0.010845986984815618 0.06564417177914111
169 0.28156182212581343 0.5361963190184049 0.011279826464208243 0.05276073619631902
166 0.29284164859002165 0.5407975460122699 0.010412147505422993 0.04355828220858896
169 0.30650759219088936 0.5361963190184049 0.012581344902386117 0.053987730061349694
167 0.31908893709327546 0.5407975460122699 0.010845986984815618 0.04355828220858896
169 0.3331887201735358 0.5358895705521473 0.013015184381778741 0.05337423312883436
168 0.3475054229934924 0.5386503067484663 0.010412147505422993 0.04785276073619632
169 0.35986984815618217 0.5358895705521473 0.012581344902386117 0.05337423312883436
173 0.37982646420824295 0.5260736196319019 0.011713665943600867 0.07423312883435583
171 0.3934924078091106 0.5312883435582823 0.011279826464208243 0.0638036809815951
17 0.4036876355748373 0.5156441717791411 0.006507592190889371 0.03251533742331288
169 0.41149674620390453 0.5358895705521473 0.012581344902386117 0.05337423312883436
166 0.4234273318872017 0.5417177914110429 0.010412147505422993 0.04294478527607362
169 0.4370932754880694 0.5358895705521473 0.012581344902386117 0.05337423312883436
167 0.4498915401301518 0.5414110429447853 0.010412147505422993 0.04355828220858896
169 0.4635574837310195 0.5361963190184049 0.012581344902386117 0.053987730061349694
16 0.47527114967462036 0.5150306748466258 0.00824295010845987 0.02883435582822086
168 0.48590021691973967 0.5383435582822086 0.010412147505422993 0.04846625766871166
169 0.4982646420824295 0.5358895705521473 0.012581344902386117 0.05337423312883436
104 0.5127982646420824 0.5457055214723927 0.010412147505422993 0.054601226993865035
169 0.5329718004338394 0.5214723926380368 0.010845986984815618 0.08466257668711658
21 0.5642082429501084 0.5208588957055215 0.009978308026030369 0.020858895705521473
170 0.588937093275488 0.5334355828220859 0.012581344902386117 0.05950920245398773
169 0.6017353579175705 0.5358895705521473 0.010412147505422993 0.054601226993865035
167 0.6130151843817787 0.5411042944785276 0.010412147505422993 0.044171779141104296
165 0.6242950108459869 0.5423312883435583 0.012147505422993492 0.04539877300613497
166 0.6386117136659436 0.5417177914110429 0.010412147505422993 0.04539877300613497
168 0.6537960954446854 0.5386503067484663 0.010412147505422993 0.049079754601226995
170 0.6689804772234273 0.5331288343558283 0.011279826464208243 0.0588957055214724
172 0.6826464208242949 0.5291411042944786 0.014316702819956615 0.06932515337423313
143 0.6978308026030369 0.5266871165644172 0.012581344902386117 0.07423312883435583
137 0.733405639913232 0.5407975460122699 0.010845986984815618 0.04355828220858896
136 0.7498915401301518 0.5411042944785276 0.013449023861171366 0.044171779141104296
170 0.7767895878524945 0.5334355828220859 0.012581344902386117 0.05950920245398773
169 0.789587852494577 0.5358895705521473 0.010412147505422993 0.054601226993865035
167 0.8008676789587852 0.5411042944785276 0.010412147505422993 0.044171779141104296
165 0.8121475054229934 0.5423312883435583 0.012147505422993492 0.04539877300613497
166 0.8262472885032538 0.5417177914110429 0.010845986984815618 0.04539877300613497
168 0.8412147505422993 0.5386503067484663 0.010412147505422993 0.049079754601226995
170 0.8566160520607375 0.5331288343558283 0.011713665943600867 0.0588957055214724
172 0.8702819956616051 0.5288343558282209 0.01388286334056399 0.0687116564417178
143 0.8854663774403471 0.5266871165644172 0.012147505422993492 0.07423312883435583
137 0.9212581344902385 0.5407975460122699 0.010845986984815618 0.04355828220858896
136 0.9377440347071583 0.5411042944785276 0.013449023861171366 0.044171779141104296
27 0.06312364425162689 0.638036809815951 0.02299349240780911 0.044171779141104296
16 0.11258134490238611 0.6180981595092024 0.00737527114967462 0.027607361963190184
137 0.12342733188720173 0.6386503067484663 0.010845986984815618 0.04294478527607362
137 0.16637744034707158 0.6386503067484663 0.010845986984815618 0.044171779141104296
136 0.1932754880694143 0.638957055214724 0.010845986984815618 0.04355828220858896
135 0.22733188720173536 0.6386503067484663 0.01475054229934924 0.044171779141104296
21 0.2579175704989154 0.6177914110429448 0.010845986984815618 0.020858895705521473
137 0.2924078091106291 0.6411042944785277 0.011279826464208243 0.049079754601226995
136 0.31908893709327546 0.6423312883435583 0.010845986984815618 0.051533742331288344
135 0.3459869848156182 0.6441717791411044 0.014316702819956615 0.053987730061349694
21 0.3802603036876356 0.6187116564417179 0.009978308026030369 0.020245398773006136
16 0.41258134490238607 0.6180981595092024 0.007809110629067245 0.02883435582822086
137 0.4232104121475054 0.64079754601227 0.010845986984815618 0.04846625766871166
136 0.4496746203904555 0.6423312883435583 0.010845986984815618 0.051533742331288344
135 0.48416485900216916 0.6438650306748467 0.01475054229934924 0.054601226993865035
103 0.5130151843817787 0.645398773006135 0.010845986984815618 0.05766871165644172
134 0.5462039045553145 0.645398773006135 0.011279826464208243 0.05766871165644172
21 0.5637744034707158 0.6184049079754601 0.010845986984815618 0.020858895705521473
101 0.5893709327548806 0.6361963190184049 0.010845986984815618 0.049079754601226995
131 0.6724511930585683 0.638957055214724 0.01822125813449024 0.04355828220858896
130 0.6991323210412147 0.6365030674846626 0.015184381778741865 0.06073619631901841
135 0.7154013015184382 0.6334355828220859 0.011279826464208243 0.054601226993865035
134 0.734056399132321 0.6334355828220859 0.011279826464208243 0.054601226993865035
133 0.751409978308026 0.6334355828220859 0.011279826464208243 0.054601226993865035
101 0.7770065075921908 0.6358895705521472 0.011279826464208243 0.04846625766871166
131 0.8603036876355747 0.638957055214724 0.01822125813449024 0.04355828220858896
130 0.8852494577006507 0.652760736196319 0.010845986984815618 0.07116564417177915
135 0.9026030368763557 0.6496932515337424 0.010845986984815618 0.06748466257668712
134 0.9210412147505422 0.6478527607361964 0.010412147505422993 0.06257668711656442
135 0.9377440347071583 0.645398773006135 0.013449023861171366 0.0588957055214724
28 0.06377440347071583 0.8033742331288344 0.022559652928416486 0.04478527607361964
17 0.1123644251626898 0.7726993865030676 0.006941431670281995 0.03374233128834356
195 0.12169197396963123 0.796319018404908 0.010845986984815618 0.0588957055214724
171 0.13449023861171366 0.7938650306748467 0.013015184381778741 0.0638036809815951
193 0.15357917570498913 0.800920245398773 0.010412147505422993 0.049693251533742336
169 0.16420824295010844 0.7984662576687117 0.012581344902386117 0.054601226993865035
17 0.18242950108459868 0.7932515337423314 0.00737527114967462 0.033128834355828224
191 0.19197396963123645 0.8079754601226994 0.010845986984815618 0.053987730061349694
167 0.20216919739696312 0.807361963190184 0.01388286334056399 0.05276073619631902
193 0.22190889370932754 0.800920245398773 0.010845986984815618 0.049693251533742336
169 0.23253796095444684 0.7984662576687117 0.013015184381778741 0.054601226993865035
16 0.2509761388286334 0.7668711656441718 0.00824295010845987 0.0294478527607362
195 0.2622559652928416 0.7957055214723927 0.012581344902386117 0.060122699386503074
171 0.27527114967462035 0.793558282208589 0.014316702819956615 0.06441717791411043
197 0.2943600867678959 0.7911042944785277 0.013449023861171366 0.06809815950920246
173 0.3073752711496746 0.7886503067484663 0.014316702819956615 0.07423312883435583
197 0.3268980477223427 0.79079754601227 0.013449023861171366 0.0687116564417178
173 0.3401301518438178 0.7883435582822086 0.013015184381778741 0.0736196319018405
197 0.35900216919739697 0.7911042944785277 0.012581344902386117 0.06809815950920246
173 0.3715835140997831 0.7877300613496933 0.013449023861171366 0.0736196319018405
102 0.39436008676789586 0.798159509202454 0.010412147505422993 0.05276073619631902
106 0.4303687635574837 0.8033742331288344 0.011279826464208243 0.04355828220858896
105 0.4672451193058568 0.8061349693251534 0.010412147505422993 0.049079754601226995
20 0.5219088937093275 0.7809815950920246 0.008676789587852495 0.033128834355828224
170 0.5841648590021692 0.7960122699386504 0.012581344902386117 0.05950920245398773
169 0.5976138828633405 0.7984662576687117 0.010845986984815618 0.054601226993865035
167 0.6088937093275488 0.8033742331288344 0.009978308026030369 0.04478527607361964
165 0.620173535791757 0.8042944785276074 0.012581344902386117 0.04539877300613497
166 0.6344902386117136 0.804601226993865 0.010845986984815618 0.04601226993865031
168 0.6496746203904555 0.8012269938650307 0.010845986984815618 0.049079754601226995
170 0.66529284164859 0.7960122699386504 0.011713665943600867 0.05828220858895706
172 0.679175704989154 0.7911042944785277 0.013449023861171366 0.06932515337423313
143 0.6943600867678958 0.7886503067484663 0.012581344902386117 0.07423312883435583
138 0.7119305856832971 0.8030674846625767 0.010412147505422993 0.04785276073619632
137 0.7303687635574837 0.8030674846625767 0.010845986984815618 0.044171779141104296
136 0.747288503253796 0.803680981595092 0.013449023861171366 0.044171779141104296
170 0.7741865509761388 0.7960122699386504 0.012581344902386117 0.05950920245398773
169 0.7876355748373102 0.7984662576687117 0.010845986984815618 0.054601226993865035
167 0.7989154013015184 0.803680981595092 0.010845986984815618 0.04539877300613497
165 0.8101952277657266 0.8042944785276074 0.012581344902386117 0.04539877300613497
166 0.8245119305856833 0.804601226993865 0.010845986984815618 0.04601226993865031
168 0.8396963123644251 0.8012269938650307 0.010845986984815618 0.049079754601226995
170 0.8550976138828633 0.7957055214723927 0.011279826464208243 0.0588957055214724
172 0.8689804772234273 0.7914110429447854 0.01388286334056399 0.06993865030674846
143 0.8841648590021691 0.7889570552147239 0.012147505422993492 0.0736196319018405
137 0.9203904555314533 0.8030674846625767 0.010845986984815618 0.044171779141104296
136 0.9373101952277657 0.803680981595092 0.013449023861171366 0.044171779141104296
27 0.06312364425162689 0.9006134969325154 0.02299349240780911 0.044171779141104296
131 0.12342733188720173 0.9012269938650307 0.015184381778741865 0.044171779141104296
131 0.15379609544468545 0.900920245398773 0.011713665943600867 0.04478527607361964
131 0.19219088937093273 0.9012269938650307 0.012147505422993492 0.044171779141104296
131 0.22234273318872017 0.9015337423312884 0.011713665943600867 0.04478527607361964
131 0.2635574837310195 0.9012269938650307 0.015184381778741865 0.044171779141104296
131 0.2943600867678959 0.9012269938650307 0.011713665943600867 0.044171779141104296
17 0.31713665943600866 0.9165644171779141 0.007809110629067245 0.033128834355828224
131 0.32733188720173534 0.900920245398773 0.010845986984815618 0.04478527607361964
131 0.35900216919739697 0.9015337423312884 0.011713665943600867 0.04478527607361964
132 0.39566160520607374 0.8996932515337424 0.01388286334056399 0.04601226993865031
132 0.4123644251626898 0.9003067484662577 0.010845986984815618 0.04601226993865031
132 0.43015184381778737 0.9 0.010845986984815618 0.04539877300613497
132 0.4481561822125813 0.9 0.010412147505422993 0.04539877300613497
165 0.4672451193058568 0.9024539877300614 0.011279826464208243 0.046625766871165646
169 0.48221258134490236 0.8969325153374234 0.010845986984815618 0.05521472392638037
168 0.49587852494577006 0.8993865030674847 0.010412147505422993 0.049079754601226995
167 0.5082429501084599 0.9012269938650307 0.012581344902386117 0.044171779141104296
166 0.5229934924078091 0.9073619631901841 0.010845986984815618 0.05766871165644172
165 0.5362255965292841 0.9085889570552148 0.010412147505422993 0.060122699386503074
164 0.5496746203904556 0.9104294478527608 0.010412147505422993 0.06257668711656442
163 0.5624728850325379 0.9116564417177915 0.012581344902386117 0.0638036809815951
101 0.5845986984815618 0.8987730061349694 0.010845986984815618 0.04785276073619632
131 0.6689804772234273 0.9015337423312884 0.01822125813449024 0.04355828220858896
130 0.6958785249457701 0.8987730061349694 0.01561822125813449 0.060122699386503074
135 0.7123644251626897 0.8957055214723927 0.011279826464208243 0.053987730061349694
134 0.7310195227765727 0.8957055214723927 0.011279826464208243 0.053987730061349694
133 0.748590021691974 0.8957055214723927 0.010845986984815618 0.053987730061349694
101 0.7746203904555314 0.8987730061349694 0.011713665943600867 0.04785276073619632
131 0.8590021691973969 0.900920245398773 0.01822125813449024 0.04355828220858896
130 0.8839479392624728 0.9147239263803681 0.010845986984815618 0.07116564417177915
135 0.9017353579175704 0.9119631901840491 0.010845986984815618 0.06687116564417178
134 0.9206073752711497 0.9098159509202455 0.010412147505422993 0.06257668711656442
135 0.9373101952277657 0.9082822085889571 0.013449023861171366 0.05828220858895706
