2 0.09183673469387756 0.11868686868686869 0.017346938775510204 0.051226551226551224
11 0.9244897959183674 0.13564213564213565 0.01326530612244898 0.049062049062049064
12 0.5864795918367347 0.13564213564213565 0.007653061224489797 0.047619047619047616
12 0.37219387755102046 0.13636363636363635 0.008673469387755102 0.047619047619047616
12 0.8316326530612246 0.13600288600288601 0.00816326530612245 0.046897546897546896
14 0.9257653061224491 0.3037518037518038 0.00663265306122449 0.0101010101010101
14 0.8494897959183674 0.31565656565656564 0.0071428571428571435 0.010822510822510822
14 0.2066326530612245 0.31601731601731603 0.0071428571428571435 0.0101010101010101
14 0.2834183673469388 0.31601731601731603 0.00663265306122449 0.0101010101010101
2 0.09158163265306123 0.34054834054834054 0.01785714285714286 0.049062049062049064
14 0.37117346938775514 0.32756132756132755 0.00663265306122449 0.0101010101010101
14 0.6872448979591838 0.32756132756132755 0.006122448979591837 0.0101010101010101
14 0.8073979591836735 0.32756132756132755 0.007653061224489797 0.0101010101010101
14 0.45867346938775516 0.32756132756132755 0.006122448979591837 0.008658008658008658
12 0.9515306122448981 0.35678210678210676 0.009183673469387756 0.048340548340548344
12 0.29132653061224495 0.35714285714285715 0.00816326530612245 0.047619047619047616
12 0.6158163265306122 0.35714285714285715 0.00816326530612245 0.047619047619047616
12 0.777295918367347 0.35714285714285715 0.008673469387755102 0.047619047619047616
12 0.4670918367346939 0.3575036075036075 0.007653061224489797 0.046897546897546896
14 0.588265306122449 0.33910533910533913 0.0071428571428571435 0.0101010101010101
14 0.6454081632653061 0.35064935064935066 0.006122448979591837 0.008658008658008658
14 0.13724489795918368 0.5371572871572872 0.0071428571428571435 0.010822510822510822
14 0.6349489795918368 0.5371572871572872 0.007653061224489797 0.010822510822510822
14 0.6795918367346939 0.5371572871572872 0.0071428571428571435 0.010822510822510822
2 0.09158163265306123 0.5613275613275613 0.01683673469387755 0.050505050505050504
14 0.5262755102040817 0.5487012987012987 0.00663265306122449 0.00937950937950938
14 0.576530612244898 0.5487012987012987 0.0071428571428571435 0.00937950937950938
12 0.9515306122448981 0.5782828282828283 0.009183673469387756 0.049783549783549784
12 0.43061224489795924 0.5782828282828283 0.00816326530612245 0.048340548340548344
12 0.25994897959183677 0.5786435786435786 0.008673469387755102 0.047619047619047616
12 0.603826530612245 0.5786435786435786 0.008673469387755102 0.047619047619047616
12 0.7821428571428573 0.5782828282828283 0.00816326530612245 0.046897546897546896
14 0.3262755102040817 0.5606060606060606 0.007653061224489797 0.0101010101010101
14 0.942091836734694 0.5606060606060606 0.00663265306122449 0.0101010101010101
14 0.8681122448979592 0.560966810966811 0.00663265306122449 0.00937950937950938
14 0.44642857142857145 0.7579365079365079 0.0071428571428571435 0.010822510822510822
14 0.5125000000000001 0.7579365079365079 0.00663265306122449 0.010822510822510822
2 0.09183673469387756 0.7824675324675324 0.017346938775510204 0.049783549783549784
14 0.35102040816326535 0.7698412698412699 0.0071428571428571435 0.0101010101010101
14 0.5915816326530613 0.7698412698412699 0.00663265306122449 0.0101010101010101
14 0.6724489795918368 0.7698412698412699 0.006122448979591837 0.008658008658008658
14 0.8742346938775512 0.7702020202020202 0.00663265306122449 0.00937950937950938
12 0.3729591836734694 0.7994227994227994 0.00816326530612245 0.047619047619047616
12 0.5188775510204082 0.7994227994227994 0.00816326530612245 0.047619047619047616
12 0.6793367346938776 0.799062049062049 0.007653061224489797 0.046897546897546896
12 0.8076530612244899 0.7994227994227994 0.00816326530612245 0.047619047619047616
12 0.9517857142857143 0.7994227994227994 0.007653061224489797 0.047619047619047616
14 0.7839285714285715 0.7813852813852814 0.00663265306122449 0.0101010101010101
12 0.23571428571428574 0.8001443001443002 0.0071428571428571435 0.046176046176046176
14 0.8354591836734695 0.7932900432900433 0.005612244897959184 0.00937950937950938
14 0.2114795918367347 0.9794372294372294 0.007653061224489797 0.010822510822510822
14 0.13673469387755102 0.9906204906204906 0.0071428571428571435 0.0101010101010101
26 0.06454081632653062 0.1341991341991342 0.023979591836734697 0.08946608946608947
143 0.12525510204081633 0.11868686868686869 0.01479591836734694 0.0873015873015873
144 0.14234693877551022 0.11616161616161616 0.01326530612244898 0.08946608946608947
142 0.15790816326530613 0.1204906204906205 0.015816326530612247 0.08225108225108226
143 0.17551020408163268 0.11868686868686869 0.01326530612244898 0.0873015873015873
144 0.19183673469387758 0.11652236652236653 0.01326530612244898 0.08874458874458875
142 0.20739795918367349 0.1204906204906205 0.015816326530612247 0.08225108225108226
143 0.22525510204081634 0.11868686868686869 0.013775510204081635 0.0873015873015873
144 0.24158163265306123 0.11652236652236653 0.013775510204081635 0.08874458874458875
142 0.2568877551020408 0.12085137085137085 0.015816326530612247 0.08297258297258298
143 0.27448979591836736 0.11868686868686869 0.014285714285714287 0.08874458874458875
172 0.29336734693877553 0.12121212121212122 0.014285714285714287 0.0808080808080808
171 0.30867346938775514 0.12481962481962482 0.0163265306122449 0.07503607503607504
111 0.32704081632653065 0.12157287157287157 0.015306122448979593 0.08008658008658008
109 0.35127551020408165 0.12734487734487734 0.01479591836734694 0.06854256854256854
141 0.3872448979591837 0.12445887445887446 0.014285714285714287 0.07575757575757576
138 0.4033163265306123 0.13347763347763347 0.012755102040816327 0.05772005772005772
141 0.42500000000000004 0.12445887445887446 0.014285714285714287 0.07575757575757576
138 0.4415816326530613 0.13347763347763347 0.012755102040816327 0.05772005772005772
141 0.4630102040816327 0.12445887445887446 0.01479591836734694 0.07575757575757576
138 0.4783163265306123 0.1331168831168831 0.01479591836734694 0.056998556998557
141 0.5012755102040817 0.12445887445887446 0.01479591836734694 0.07575757575757576
136 0.516326530612245 0.13744588744588745 0.015306122448979593 0.05266955266955267
106 0.5372448979591837 0.13636363636363635 0.01326530612244898 0.05194805194805195
104 0.5632653061224491 0.1266233766233766 0.012244897959183675 0.07142857142857142
134 0.602295918367347 0.14466089466089466 0.013775510204081635 0.06854256854256854
166 0.6232142857142857 0.14285714285714285 0.011734693877551022 0.06493506493506493
165 0.6369897959183674 0.14285714285714285 0.01479591836734694 0.06349206349206349
134 0.6533163265306123 0.14466089466089466 0.012755102040816327 0.06854256854256854
166 0.6744897959183674 0.14285714285714285 0.012244897959183675 0.06493506493506493
165 0.6880102040816327 0.1424963924963925 0.01479591836734694 0.06421356421356421
134 0.7045918367346939 0.14466089466089466 0.012244897959183675 0.06854256854256854
166 0.7255102040816327 0.14285714285714285 0.012244897959183675 0.06493506493506493
165 0.7392857142857143 0.14285714285714285 0.015306122448979593 0.06349206349206349
103 0.7558673469387756 0.12950937950937952 0.012755102040816327 0.06998556998556998
104 0.7826530612244899 0.1259018759018759 0.012244897959183675 0.06998556998556998
102 0.8073979591836735 0.12987012987012986 0.012755102040816327 0.06349206349206349
75 0.8451530612244899 0.12806637806637808 0.012755102040816327 0.06565656565656566
18 0.8808673469387756 0.12806637806637808 0.018877551020408164 0.015151515151515152
26 0.06454081632653062 0.35533910533910534 0.023979591836734697 0.09018759018759019
132 0.14438775510204083 0.37193362193362195 0.01326530612244898 0.08152958152958154
196 0.17704081632653063 0.34523809523809523 0.012244897959183675 0.09451659451659451
171 0.19336734693877553 0.3477633477633478 0.0163265306122449 0.07936507936507936
15 0.20790816326530615 0.37554112554112556 0.010714285714285714 0.03823953823953824
131 0.22117346938775512 0.3777056277056277 0.013775510204081635 0.09163059163059163
197 0.2538265306122449 0.35425685425685427 0.013775510204081635 0.10101010101010101
170 0.2698979591836735 0.354978354978355 0.017346938775510204 0.08225108225108226
134 0.3091836734693878 0.36832611832611833 0.01326530612244898 0.07287157287157287
196 0.34234693877551026 0.3495670995670996 0.01326530612244898 0.08297258297258298
169 0.35816326530612247 0.3531746031746032 0.0163265306122449 0.0670995670995671
133 0.38367346938775515 0.37193362193362195 0.01326530612244898 0.08152958152958154
195 0.4168367346938776 0.3582251082251082 0.014285714285714287 0.09163059163059163
15 0.4344387755102041 0.3336940836940837 0.010714285714285714 0.03823953823953824
168 0.4446428571428572 0.36147186147186144 0.01785714285714286 0.06926406926406926
132 0.48469387755102045 0.3676046176046176 0.01326530612244898 0.07142857142857142
137 0.5150510204081633 0.36038961038961037 0.01785714285714286 0.056998556998557
21 0.5477040816326532 0.3582251082251082 0.010714285714285714 0.025252525252525252
166 0.5767857142857143 0.36183261183261184 0.012755102040816327 0.06132756132756133
190 0.5994897959183674 0.363997113997114 0.020408163265306124 0.06132756132756133
164 0.6341836734693879 0.37734487734487737 0.01326530612244898 0.09235209235209235
187 0.6543367346938777 0.3740981240981241 0.019897959183673472 0.08585858585858586
169 0.6760204081632654 0.36507936507936506 0.01326530612244898 0.08946608946608947
195 0.6984693877551021 0.3596681096681097 0.01938775510204082 0.09307359307359307
15 0.7196428571428573 0.33405483405483405 0.010714285714285714 0.03896103896103896
107 0.7323979591836736 0.354978354978355 0.011734693877551022 0.05772005772005772
169 0.7961734693877551 0.3575036075036075 0.012755102040816327 0.07575757575757576
191 0.8165816326530613 0.3629148629148629 0.018877551020408164 0.06204906204906205
171 0.8382653061224491 0.3499278499278499 0.014285714285714287 0.08513708513708514
197 0.8614795918367347 0.34704184704184704 0.020918367346938777 0.08802308802308802
140 0.8818877551020409 0.3492063492063492 0.013775510204081635 0.06926406926406926
173 0.9145408163265307 0.3398268398268398 0.013775510204081635 0.08658008658008658
195 0.9372448979591838 0.3484848484848485 0.01938775510204082 0.0707070707070707
26 0.06479591836734694 0.5764790764790765 0.02448979591836735 0.08946608946608947
171 0.125765306122449 0.5663780663780664 0.01479591836734694 0.07503607503607504
195 0.1497448979591837 0.56998556998557 0.019897959183673472 0.06926406926406926
139 0.1688775510204082 0.5728715728715729 0.015306122448979593 0.06204906204906205
21 0.20127551020408166 0.5793650793650794 0.010714285714285714 0.025974025974025976
138 0.23214285714285715 0.5761183261183261 0.01326530612244898 0.056998556998557
138 0.2793367346938776 0.5786435786435786 0.012755102040816327 0.06349206349206349
17 0.30331632653061225 0.5616883116883117 0.008673469387755102 0.04112554112554113
167 0.3150510204081633 0.5833333333333334 0.012755102040816327 0.06277056277056277
191 0.338265306122449 0.5847763347763347 0.018367346938775512 0.06277056277056277
15 0.3594387755102041 0.5728715728715729 0.010714285714285714 0.03751803751803752
135 0.37244897959183676 0.5811688311688312 0.01326530612244898 0.056998556998557
136 0.4025510204081633 0.5800865800865801 0.017346938775510204 0.05339105339105339
132 0.4484693877551021 0.588023088023088 0.01326530612244898 0.07215007215007214
139 0.4803571428571429 0.5735930735930735 0.01785714285714286 0.06349206349206349
169 0.5145408163265307 0.5743145743145743 0.012755102040816327 0.06637806637806638
17 0.5362244897959184 0.560966810966811 0.00816326530612245 0.03823953823953824
192 0.5448979591836736 0.5822510822510822 0.018367346938775512 0.05772005772005772
168 0.565561224489796 0.5808080808080808 0.012755102040816327 0.06637806637806638
191 0.5875 0.5847763347763347 0.01785714285714286 0.06277056277056277
171 0.6232142857142857 0.5667388167388168 0.01479591836734694 0.07575757575757576
195 0.6477040816326531 0.5696248196248196 0.019897959183673472 0.06998556998556998
171 0.6678571428571429 0.5663780663780664 0.014285714285714287 0.07647907647907648
194 0.689795918367347 0.5725108225108225 0.017346938775510204 0.06421356421356421
15 0.7107142857142857 0.5310245310245311 0.010204081632653062 0.03751803751803752
142 0.7247448979591837 0.5631313131313131 0.01479591836734694 0.08008658008658008
143 0.7543367346938776 0.5602453102453102 0.019897959183673472 0.0873015873015873
21 0.7987244897959185 0.5793650793650794 0.010714285714285714 0.025974025974025976
194 0.828826530612245 0.5728715728715729 0.012755102040816327 0.06493506493506493
17 0.8454081632653062 0.5606060606060606 0.00816326530612245 0.03896103896103896
167 0.8551020408163266 0.5800865800865801 0.0163265306122449 0.05483405483405483
21 0.8826530612244898 0.579004329004329 0.011224489795918368 0.025252525252525252
193 0.9130102040816327 0.5772005772005772 0.011734693877551022 0.06060606060606061
166 0.9295918367346939 0.5826118326118326 0.015306122448979593 0.05988455988455989
26 0.06454081632653062 0.7972582972582972 0.023979591836734697 0.08946608946608947
17 0.1142857142857143 0.7828282828282829 0.00816326530612245 0.03896103896103896
137 0.12602040816326532 0.8008658008658008 0.01326530612244898 0.05483405483405483
15 0.1469387755102041 0.7940115440115441 0.012244897959183675 0.03823953823953824
135 0.15994897959183674 0.8012265512265512 0.012755102040816327 0.05411255411255411
136 0.1864795918367347 0.8012265512265512 0.012755102040816327 0.05411255411255411
140 0.21301020408163268 0.7932900432900433 0.018877551020408164 0.07142857142857142
140 0.25331632653061226 0.7914862914862915 0.01479591836734694 0.06926406926406926
139 0.27984693877551026 0.7947330447330447 0.013775510204081635 0.06277056277056277
139 0.30612244897959184 0.7943722943722944 0.01326530612244898 0.06349206349206349
15 0.32704081632653065 0.7756132756132756 0.011224489795918368 0.03896103896103896
168 0.3400510204081633 0.8041125541125541 0.012755102040816327 0.06998556998556998
188 0.3589285714285715 0.812049062049062 0.01683673469387755 0.07575757575757576
134 0.38979591836734695 0.8102453102453102 0.01326530612244898 0.07215007215007214
198 0.41811224489795923 0.7857142857142857 0.013775510204081635 0.09235209235209235
171 0.43367346938775514 0.7886002886002886 0.0163265306122449 0.07647907647907648
133 0.4556122448979592 0.8116883116883117 0.01326530612244898 0.07647907647907648
197 0.48469387755102045 0.79004329004329 0.015306122448979593 0.08802308802308802
170 0.5 0.7932900432900433 0.017346938775510204 0.07287157287157287
132 0.5344387755102041 0.8178210678210678 0.012755102040816327 0.0873015873015873
196 0.5635204081632653 0.797979797979798 0.013775510204081635 0.09523809523809523
169 0.5778061224489797 0.8008658008658008 0.01683673469387755 0.07936507936507936
15 0.5900510204081634 0.8178210678210678 0.010714285714285714 0.03823953823953824
131 0.6030612244897959 0.8178210678210678 0.01326530612244898 0.0873015873015873
195 0.6316326530612245 0.8023088023088023 0.014285714285714287 0.09379509379509379
15 0.6487244897959185 0.775974025974026 0.010714285714285714 0.03968253968253968
168 0.6586734693877552 0.8041125541125541 0.017346938775510204 0.06998556998556998
21 0.6938775510204083 0.8001443001443002 0.010204081632653062 0.024531024531024532
137 0.7191326530612245 0.7994227994227994 0.012755102040816327 0.050505050505050504
137 0.7456632653061225 0.799062049062049 0.012755102040816327 0.049783549783549784
166 0.7724489795918368 0.8044733044733045 0.012244897959183675 0.06060606060606061
190 0.7923469387755103 0.8055555555555556 0.020408163265306124 0.06132756132756133
164 0.8242346938775511 0.8196248196248196 0.012755102040816327 0.09090909090909091
187 0.8426020408163266 0.816017316017316 0.019897959183673472 0.08513708513708514
169 0.863265306122449 0.8066378066378066 0.01326530612244898 0.09235209235209235
195 0.8829081632653062 0.8023088023088023 0.018877551020408164 0.09090909090909091
15 0.9028061224489796 0.7756132756132756 0.010714285714285714 0.03896103896103896
107 0.915561224489796 0.7968975468975469 0.011734693877551022 0.05844155844155844
