2 0.09285714285714286 0.06962481962481963 0.0163265306122449 0.049783549783549784
12 0.42525510204081635 0.07323232323232323 0.008673469387755102 0.048340548340548344
12 0.6885204081632653 0.07323232323232323 0.008673469387755102 0.048340548340548344
12 0.048469387755102046 0.07323232323232323 0.0071428571428571435 0.046897546897546896
12 0.9510204081632654 0.07395382395382395 0.00816326530612245 0.048340548340548344
2 0.09285714285714286 0.33585858585858586 0.017346938775510204 0.051226551226551224
12 0.9512755102040817 0.35209235209235207 0.008673469387755102 0.050505050505050504
12 0.7431122448979592 0.35245310245310246 0.008673469387755102 0.049783549783549784
12 0.048469387755102046 0.35245310245310246 0.0071428571428571435 0.048340548340548344
12 0.3209183673469388 0.35245310245310246 0.00816326530612245 0.048340548340548344
12 0.5341836734693878 0.35245310245310246 0.009183673469387756 0.048340548340548344
14 0.188265306122449 0.3347763347763348 0.0071428571428571435 0.0101010101010101
14 0.18852040816326532 0.34595959595959597 0.007653061224489797 0.00937950937950938
14 0.18852040816326532 0.3575036075036075 0.00663265306122449 0.00937950937950938
14 0.18852040816326532 0.38203463203463206 0.00663265306122449 0.010822510822510822
2 0.09260204081632654 0.4668109668109668 0.01683673469387755 0.050505050505050504
12 0.5339285714285715 0.4707792207792208 0.007653061224489797 0.049783549783549784
12 0.7428571428571429 0.4707792207792208 0.00816326530612245 0.049783549783549784
12 0.9512755102040817 0.47113997113997114 0.007653061224489797 0.050505050505050504
12 0.04872448979591837 0.47005772005772006 0.007653061224489797 0.046897546897546896
12 0.3209183673469388 0.4707792207792208 0.00816326530612245 0.048340548340548344
2 0.09285714285714286 0.7334054834054834 0.017346938775510204 0.051226551226551224
12 0.04872448979591837 0.7496392496392497 0.007653061224489797 0.050505050505050504
12 0.6938775510204083 0.7496392496392497 0.009183673469387756 0.049062049062049064
12 0.9510204081632654 0.7496392496392497 0.010204081632653062 0.049062049062049064
12 0.3676020408163266 0.7496392496392497 0.008673469387755102 0.047619047619047616
2 0.09260204081632654 0.8647186147186147 0.015816326530612247 0.049783549783549784
12 0.9512755102040817 0.8679653679653679 0.007653061224489797 0.050505050505050504
12 0.04872448979591837 0.8676046176046176 0.007653061224489797 0.048340548340548344
12 0.3678571428571429 0.8679653679653679 0.00816326530612245 0.049062049062049064
12 0.6936224489795919 0.8683261183261183 0.008673469387755102 0.049783549783549784
27 0.06607142857142857 0.0735930735930736 0.027040816326530614 0.050505050505050504
127 0.21071428571428574 0.08585858585858586 0.015306122448979593 0.07503607503607504
127 0.2729591836734694 0.08585858585858586 0.015306122448979593 0.07503607503607504
127 0.3349489795918368 0.08585858585858586 0.015816326530612247 0.07503607503607504
127 0.3969387755102041 0.08585858585858586 0.015306122448979593 0.07503607503607504
127 0.4742346938775511 0.0854978354978355 0.015816326530612247 0.07575757575757576
127 0.5362244897959184 0.08585858585858586 0.015306122448979593 0.07503607503607504
127 0.5982142857142858 0.0854978354978355 0.015816326530612247 0.07431457431457432
127 0.6602040816326531 0.0854978354978355 0.015306122448979593 0.07575757575757576
127 0.7375 0.08513708513708514 0.015816326530612247 0.07503607503607504
127 0.7997448979591838 0.0854978354978355 0.015816326530612247 0.07431457431457432
127 0.8614795918367347 0.0854978354978355 0.015816326530612247 0.07575757575757576
127 0.9232142857142858 0.08621933621933622 0.013775510204081635 0.07575757575757576
26 0.06658163265306123 0.3495670995670996 0.025 0.09307359307359307
20 0.338265306122449 0.35064935064935066 0.011224489795918368 0.03896103896103896
20 0.48596938775510207 0.3502886002886003 0.011734693877551022 0.03968253968253968
20 0.5474489795918368 0.351010101010101 0.012244897959183675 0.03968253968253968
20 0.6946428571428572 0.3502886002886003 0.011734693877551022 0.03968253968253968
20 0.7561224489795919 0.35064935064935066 0.012244897959183675 0.03896103896103896
20 0.9035714285714287 0.3495670995670996 0.010204081632653062 0.03823953823953824
27 0.06607142857142857 0.4707792207792208 0.02602040816326531 0.051226551226551224
127 0.15204081632653063 0.48268398268398266 0.015306122448979593 0.07647907647907648
127 0.20102040816326533 0.48268398268398266 0.015306122448979593 0.07647907647907648
127 0.25025510204081636 0.48304473304473305 0.01479591836734694 0.07575757575757576
127 0.29923469387755103 0.48304473304473305 0.01479591836734694 0.07575757575757576
127 0.3650510204081633 0.48268398268398266 0.01479591836734694 0.07647907647907648
127 0.41454081632653067 0.48268398268398266 0.01479591836734694 0.07647907647907648
127 0.46326530612244904 0.48268398268398266 0.014285714285714287 0.07647907647907648
127 0.5125000000000001 0.4834054834054834 0.01479591836734694 0.07647907647907648
127 0.5739795918367347 0.4834054834054834 0.014285714285714287 0.07647907647907648
127 0.6229591836734695 0.48268398268398266 0.014285714285714287 0.07647907647907648
127 0.6719387755102041 0.48268398268398266 0.014285714285714287 0.07647907647907648
127 0.7211734693877552 0.48268398268398266 0.01479591836734694 0.07503607503607504
127 0.7829081632653062 0.48304473304473305 0.01479591836734694 0.07575757575757576
127 0.8318877551020409 0.48268398268398266 0.01479591836734694 0.07503607503607504
127 0.8808673469387756 0.48304473304473305 0.01479591836734694 0.07575757575757576
127 0.9295918367346939 0.48268398268398266 0.014285714285714287 0.07647907647907648
26 0.06709183673469388 0.7474747474747475 0.02602040816326531 0.09235209235209235
20 0.125 0.7471139971139971 0.011224489795918368 0.03823953823953824
20 0.31301020408163266 0.7474747474747475 0.011734693877551022 0.0404040404040404
17 0.39540816326530615 0.6893939393939394 0.006122448979591837 0.025252525252525252
15 0.41938775510204085 0.6843434343434344 0.00816326530612245 0.025252525252525252
20 0.6318877551020409 0.7474747474747475 0.011734693877551022 0.03896103896103896
20 0.7091836734693878 0.7478354978354979 0.012244897959183675 0.03968253968253968
20 0.8971938775510205 0.7471139971139971 0.010714285714285714 0.03823953823953824
27 0.0663265306122449 0.8679653679653679 0.02653061224489796 0.05194805194805195
127 0.15892857142857145 0.8802308802308803 0.015816326530612247 0.07503607503607504
127 0.22142857142857145 0.8802308802308803 0.015306122448979593 0.07503607503607504
127 0.2841836734693878 0.8802308802308803 0.015306122448979593 0.07503607503607504
127 0.3464285714285715 0.8802308802308803 0.014285714285714287 0.07503607503607504
127 0.478061224489796 0.8809523809523809 0.015306122448979593 0.07503607503607504
127 0.5403061224489797 0.8809523809523809 0.015306122448979593 0.07503607503607504
127 0.6030612244897959 0.8809523809523809 0.015306122448979593 0.07503607503607504
127 0.6655612244897959 0.8805916305916306 0.015816326530612247 0.07431457431457432
127 0.7433673469387756 0.8802308802308803 0.015306122448979593 0.07503607503607504
127 0.8056122448979592 0.8802308802308803 0.015306122448979593 0.07503607503607504
127 0.8678571428571429 0.8802308802308803 0.015306122448979593 0.07503607503607504
127 0.9298469387755103 0.8805916305916306 0.013775510204081635 0.07431457431457432
