12 0.1191326530612245 0.18903318903318903 0.007653061224489797 0.049062049062049064
12 0.3045918367346939 0.18867243867243869 0.00816326530612245 0.046897546897546896
12 0.41454081632653067 0.18867243867243869 0.007653061224489797 0.046897546897546896
12 0.5071428571428572 0.18903318903318903 0.0071428571428571435 0.047619047619047616
12 0.7464285714285714 0.18867243867243869 0.00816326530612245 0.046897546897546896
12 0.9517857142857143 0.18975468975468976 0.007653061224489797 0.049062049062049064
12 0.6221938775510205 0.18903318903318903 0.007653061224489797 0.046176046176046176
12 0.8589285714285715 0.1893939393939394 0.007653061224489797 0.046897546897546896
12 0.11938775510204083 0.3124098124098124 0.0071428571428571435 0.047619047619047616
12 0.3048469387755102 0.3120490620490621 0.007653061224489797 0.046897546897546896
12 0.5073979591836735 0.3124098124098124 0.007653061224489797 0.047619047619047616
12 0.6224489795918368 0.31277056277056275 0.0071428571428571435 0.048340548340548344
12 0.7466836734693878 0.31277056277056275 0.007653061224489797 0.048340548340548344
12 0.8594387755102042 0.31277056277056275 0.007653061224489797 0.048340548340548344
12 0.9517857142857143 0.31277056277056275 0.007653061224489797 0.048340548340548344
12 0.41454081632653067 0.31277056277056275 0.007653061224489797 0.046897546897546896
12 0.047704081632653064 0.455988455988456 0.00663265306122449 0.049062049062049064
12 0.29260204081632657 0.4556277056277056 0.007653061224489797 0.048340548340548344
12 0.47602040816326535 0.4556277056277056 0.0071428571428571435 0.048340548340548344
12 0.9515306122448981 0.45526695526695526 0.00816326530612245 0.047619047619047616
12 0.19132653061224492 0.4556277056277056 0.0071428571428571435 0.046897546897546896
12 0.39260204081632655 0.4556277056277056 0.007653061224489797 0.046897546897546896
12 0.6760204081632654 0.4549062049062049 0.006122448979591837 0.045454545454545456
12 0.7823979591836735 0.4556277056277056 0.007653061224489797 0.046897546897546896
12 0.8658163265306124 0.455988455988456 0.0071428571428571435 0.047619047619047616
12 0.7829081632653062 0.5761183261183261 0.007653061224489797 0.048340548340548344
12 0.19132653061224492 0.5764790764790765 0.00816326530612245 0.047619047619047616
12 0.2923469387755102 0.5768398268398268 0.0071428571428571435 0.048340548340548344
12 0.3928571428571429 0.5768398268398268 0.0071428571428571435 0.048340548340548344
12 0.6760204081632654 0.5764790764790765 0.0071428571428571435 0.047619047619047616
12 0.865561224489796 0.5768398268398268 0.007653061224489797 0.048340548340548344
12 0.9515306122448981 0.5764790764790765 0.00816326530612245 0.047619047619047616
12 0.047959183673469394 0.5772005772005772 0.0071428571428571435 0.047619047619047616
12 0.047704081632653064 0.7196969696969697 0.00663265306122449 0.048340548340548344
12 0.21607142857142858 0.7196969696969697 0.007653061224489797 0.048340548340548344
12 0.34260204081632656 0.7189754689754689 0.007653061224489797 0.046897546897546896
12 0.6479591836734695 0.7196969696969697 0.0071428571428571435 0.048340548340548344
12 0.9517857142857143 0.7196969696969697 0.007653061224489797 0.048340548340548344
12 0.4372448979591837 0.7200577200577201 0.0071428571428571435 0.047619047619047616
12 0.5357142857142858 0.7196969696969697 0.0071428571428571435 0.046897546897546896
12 0.7456632653061225 0.7196969696969697 0.007653061224489797 0.046897546897546896
12 0.839795918367347 0.7200577200577201 0.0071428571428571435 0.047619047619047616
12 0.43673469387755104 0.8405483405483406 0.0071428571428571435 0.047619047619047616
12 0.5359693877551021 0.8405483405483406 0.00663265306122449 0.047619047619047616
12 0.7456632653061225 0.8409090909090909 0.007653061224489797 0.048340548340548344
12 0.8395408163265307 0.8412698412698413 0.007653061224489797 0.049062049062049064
12 0.9517857142857143 0.8409090909090909 0.007653061224489797 0.048340548340548344
12 0.047704081632653064 0.8412698412698413 0.00663265306122449 0.047619047619047616
12 0.21607142857142858 0.8412698412698413 0.007653061224489797 0.047619047619047616
12 0.3431122448979592 0.8416305916305916 0.007653061224489797 0.048340548340548344
12 0.6479591836734695 0.8412698412698413 0.0071428571428571435 0.047619047619047616
11 0.9471938775510205 0.9783549783549783 0.012755102040816327 0.03896103896103896
12 0.047704081632653064 0.9794372294372294 0.00663265306122449 0.03823953823953824
29 0.1364795918367347 0.18073593073593072 0.025 0.10606060606060606
15 0.15994897959183674 0.16594516594516595 0.011734693877551022 0.03896103896103896
19 0.20969387755102042 0.1865079365079365 0.015306122448979593 0.010822510822510822
103 0.250765306122449 0.1976911976911977 0.012755102040816327 0.06637806637806638
103 0.2806122448979592 0.19696969696969696 0.012244897959183675 0.06493506493506493
75 0.3206632653061225 0.19624819624819625 0.012755102040816327 0.06349206349206349
102 0.36071428571428577 0.18362193362193363 0.01326530612244898 0.05988455988455989
102 0.389030612244898 0.18434343434343434 0.012755102040816327 0.05988455988455989
75 0.4298469387755102 0.19624819624819625 0.012755102040816327 0.06349206349206349
73 0.4706632653061225 0.18686868686868688 0.013775510204081635 0.05483405483405483
75 0.5224489795918368 0.19624819624819625 0.01326530612244898 0.06493506493506493
102 0.564030612244898 0.18398268398268397 0.012755102040816327 0.06060606060606061
102 0.5910714285714286 0.1847041847041847 0.012755102040816327 0.05916305916305916
75 0.6392857142857143 0.19624819624819625 0.01326530612244898 0.06349206349206349
101 0.6895408163265306 0.1865079365079365 0.012755102040816327 0.056998556998557
101 0.7176020408163266 0.18686868686868688 0.012755102040816327 0.05772005772005772
75 0.7630102040816327 0.19552669552669552 0.012755102040816327 0.06349206349206349
102 0.8066326530612246 0.18398268398268397 0.01326530612244898 0.06060606060606061
102 0.8339285714285715 0.18434343434343434 0.012755102040816327 0.05988455988455989
75 0.8747448979591838 0.19552669552669552 0.012755102040816327 0.06349206349206349
73 0.9153061224489797 0.18686868686868688 0.01326530612244898 0.05483405483405483
29 0.13673469387755102 0.3051948051948052 0.02448979591836735 0.10533910533910534
15 0.15994897959183674 0.288961038961039 0.011734693877551022 0.03823953823953824
19 0.20994897959183675 0.30952380952380953 0.015816326530612247 0.011544011544011544
101 0.2512755102040817 0.30952380952380953 0.013775510204081635 0.05627705627705628
101 0.2811224489795919 0.3098845598845599 0.01326530612244898 0.056998556998557
73 0.3209183673469388 0.30916305916305914 0.014285714285714287 0.05555555555555555
98 0.3604591836734694 0.3185425685425685 0.013775510204081635 0.06421356421356421
98 0.3887755102040817 0.3181818181818182 0.01326530612244898 0.06349206349206349
73 0.4301020408163266 0.30952380952380953 0.014285714285714287 0.05627705627705628
71 0.47040816326530616 0.3152958152958153 0.014285714285714287 0.05772005772005772
73 0.5229591836734694 0.3098845598845599 0.014285714285714287 0.05555555555555555
100 0.5635204081632653 0.31277056277056275 0.013775510204081635 0.051226551226551224
98 0.5908163265306123 0.3185425685425685 0.01326530612244898 0.06421356421356421
73 0.639795918367347 0.30952380952380953 0.014285714285714287 0.05627705627705628
99 0.6895408163265306 0.31601731601731603 0.012755102040816327 0.05772005772005772
98 0.7173469387755103 0.3185425685425685 0.01326530612244898 0.06421356421356421
73 0.763265306122449 0.30952380952380953 0.014285714285714287 0.05627705627705628
100 0.8063775510204082 0.31313131313131315 0.013775510204081635 0.05194805194805195
98 0.8336734693877552 0.3181818181818182 0.01326530612244898 0.06349206349206349
73 0.8752551020408164 0.3098845598845599 0.013775510204081635 0.05555555555555555
71 0.9153061224489797 0.3152958152958153 0.014285714285714287 0.05772005772005772
29 0.06556122448979593 0.44696969696969696 0.023979591836734697 0.10606060606060606
15 0.08852040816326531 0.43217893217893216 0.011734693877551022 0.03896103896103896
74 0.12015306122448981 0.45021645021645024 0.013775510204081635 0.06204906204906205
74 0.1594387755102041 0.4494949494949495 0.013775510204081635 0.06060606060606061
73 0.20688775510204083 0.4523809523809524 0.013775510204081635 0.05627705627705628
101 0.24336734693877554 0.4527417027417027 0.01326530612244898 0.056998556998557
101 0.2691326530612245 0.4531024531024531 0.012755102040816327 0.05627705627705628
73 0.3073979591836735 0.4527417027417027 0.013775510204081635 0.05555555555555555
102 0.3438775510204082 0.4494949494949495 0.01326530612244898 0.06060606060606061
102 0.36964285714285716 0.44985569985569984 0.012755102040816327 0.06132756132756133
75 0.4073979591836735 0.46320346320346323 0.013775510204081635 0.06637806637806638
73 0.4438775510204082 0.4527417027417027 0.01326530612244898 0.05555555555555555
75 0.4908163265306123 0.4639249639249639 0.01326530612244898 0.06637806637806638
73 0.5295918367346939 0.44985569985569984 0.014285714285714287 0.05844155844155844
75 0.590561224489796 0.4639249639249639 0.012755102040816327 0.06637806637806638
101 0.6267857142857144 0.4531024531024531 0.012755102040816327 0.05627705627705628
101 0.652295918367347 0.4538239538239538 0.012755102040816327 0.05483405483405483
75 0.6908163265306123 0.46356421356421357 0.01326530612244898 0.0670995670995671
102 0.7280612244897959 0.4494949494949495 0.01326530612244898 0.06060606060606061
102 0.7599489795918368 0.45021645021645024 0.012755102040816327 0.06060606060606061
75 0.7971938775510204 0.4639249639249639 0.012755102040816327 0.06637806637806638
73 0.8339285714285715 0.4531024531024531 0.013775510204081635 0.05483405483405483
74 0.8806122448979593 0.4512987012987013 0.014285714285714287 0.05844155844155844
74 0.9198979591836736 0.4505772005772006 0.014285714285714287 0.05988455988455989
29 0.06556122448979593 0.5692640692640693 0.023979591836734697 0.1038961038961039
15 0.08852040816326531 0.5526695526695526 0.011734693877551022 0.03896103896103896
70 0.12015306122448981 0.5822510822510822 0.013775510204081635 0.06349206349206349
77 0.1584183673469388 0.5793650793650794 0.012755102040816327 0.05483405483405483
75 0.20612244897959187 0.5844155844155844 0.01326530612244898 0.06493506493506493
101 0.24336734693877554 0.5735930735930735 0.01326530612244898 0.05627705627705628
101 0.26887755102040817 0.573953823953824 0.01326530612244898 0.056998556998557
71 0.30714285714285716 0.5793650793650794 0.014285714285714287 0.05772005772005772
98 0.34413265306122454 0.5826118326118326 0.013775510204081635 0.06421356421356421
98 0.36964285714285716 0.5826118326118326 0.013775510204081635 0.06421356421356421
73 0.40816326530612246 0.5735930735930735 0.014285714285714287 0.05627705627705628
71 0.4438775510204082 0.5800865800865801 0.014285714285714287 0.05772005772005772
70 0.49132653061224496 0.5818903318903319 0.014285714285714287 0.06421356421356421
100 0.5288265306122449 0.5768398268398268 0.013775510204081635 0.051226551226551224
98 0.5525510204081633 0.5826118326118326 0.014285714285714287 0.06421356421356421
73 0.5913265306122449 0.5735930735930735 0.014285714285714287 0.05627705627705628
99 0.626530612244898 0.5800865800865801 0.014285714285714287 0.05916305916305916
99 0.652295918367347 0.5800865800865801 0.013775510204081635 0.05772005772005772
73 0.6913265306122449 0.5735930735930735 0.014285714285714287 0.05627705627705628
100 0.7275510204081633 0.5768398268398268 0.014285714285714287 0.051226551226551224
98 0.7594387755102041 0.5826118326118326 0.013775510204081635 0.06421356421356421
73 0.7979591836734694 0.5735930735930735 0.014285714285714287 0.05627705627705628
71 0.8336734693877552 0.5793650793650794 0.014285714285714287 0.05772005772005772
70 0.8806122448979593 0.5829725829725829 0.01326530612244898 0.06349206349206349
77 0.9193877551020408 0.5786435786435786 0.01326530612244898 0.05483405483405483
29 0.06556122448979593 0.7113997113997114 0.02295918367346939 0.10533910533910534
15 0.08852040816326531 0.6962481962481962 0.011734693877551022 0.03896103896103896
73 0.12040816326530614 0.7160894660894661 0.014285714285714287 0.05555555555555555
101 0.16173469387755104 0.7171717171717171 0.01326530612244898 0.05627705627705628
101 0.1892857142857143 0.7171717171717171 0.01326530612244898 0.05627705627705628
103 0.23163265306122452 0.7272727272727273 0.012244897959183675 0.06493506493506493
102 0.2594387755102041 0.7135642135642135 0.012755102040816327 0.06060606060606061
103 0.289030612244898 0.7272727272727273 0.012755102040816327 0.06637806637806638
102 0.3165816326530613 0.713924963924964 0.012755102040816327 0.06132756132756133
75 0.3584183673469388 0.7272727272727273 0.012755102040816327 0.06493506493506493
73 0.4 0.7168109668109668 0.014285714285714287 0.05555555555555555
75 0.45306122448979597 0.7276334776334776 0.01326530612244898 0.06565656565656566
73 0.4966836734693878 0.7142857142857143 0.013775510204081635 0.05916305916305916
75 0.551530612244898 0.727994227994228 0.01326530612244898 0.06637806637806638
101 0.5923469387755103 0.7168109668109668 0.01326530612244898 0.056998556998557
101 0.6209183673469388 0.7171717171717171 0.01326530612244898 0.05627705627705628
75 0.6635204081632654 0.7272727272727273 0.013775510204081635 0.06637806637806638
73 0.7063775510204082 0.7142857142857143 0.013775510204081635 0.05916305916305916
75 0.7609693877551021 0.7272727272727273 0.013775510204081635 0.06493506493506493
73 0.8025510204081633 0.7168109668109668 0.014285714285714287 0.05555555555555555
74 0.8551020408163266 0.715007215007215 0.014285714285714287 0.05916305916305916
102 0.8987244897959185 0.7135642135642135 0.012755102040816327 0.06204906204906205
102 0.9278061224489796 0.713924963924964 0.012755102040816327 0.06132756132756133
29 0.06556122448979593 0.834054834054834 0.02295918367346939 0.10533910533910534
15 0.08852040816326531 0.8178210678210678 0.011734693877551022 0.03823953823953824
75 0.11938775510204083 0.8488455988455988 0.01326530612244898 0.06565656565656566
101 0.16173469387755104 0.838023088023088 0.01326530612244898 0.056998556998557
98 0.18903061224489798 0.8474025974025974 0.013775510204081635 0.06421356421356421
101 0.23163265306122452 0.838023088023088 0.01326530612244898 0.056998556998557
98 0.25892857142857145 0.847041847041847 0.01479591836734694 0.06493506493506493
101 0.2892857142857143 0.838023088023088 0.01326530612244898 0.056998556998557
98 0.3163265306122449 0.8474025974025974 0.014285714285714287 0.06421356421356421
73 0.3589285714285715 0.838023088023088 0.01479591836734694 0.05555555555555555
71 0.3997448979591837 0.8437950937950938 0.01479591836734694 0.05844155844155844
70 0.45331632653061227 0.8463203463203464 0.01479591836734694 0.06349206349206349
72 0.4969387755102041 0.8412698412698413 0.014285714285714287 0.05194805194805195
73 0.5517857142857143 0.8376623376623377 0.01479591836734694 0.05627705627705628
99 0.5923469387755103 0.8441558441558441 0.014285714285714287 0.05916305916305916
99 0.6211734693877552 0.8445165945165946 0.013775510204081635 0.05844155844155844
73 0.664030612244898 0.8376623376623377 0.01479591836734694 0.05627705627705628
72 0.7063775510204082 0.8412698412698413 0.013775510204081635 0.05194805194805195
73 0.7612244897959184 0.838023088023088 0.014285714285714287 0.05555555555555555
71 0.802295918367347 0.8441558441558441 0.01479591836734694 0.05772005772005772
70 0.8551020408163266 0.8466810966810967 0.01326530612244898 0.06421356421356421
105 0.8987244897959185 0.8437950937950938 0.011734693877551022 0.056998556998557
105 0.927295918367347 0.8434343434343434 0.011734693877551022 0.05627705627705628
15 0.08852040816326531 0.9606782106782107 0.011734693877551022 0.03823953823953824
101 0.11989795918367348 0.9761904761904762 0.01326530612244898 0.047619047619047616
19 0.5711734693877552 0.9812409812409812 0.015816326530612247 0.011544011544011544
