12 0.04872448979591837 0.13167388167388167 0.007653061224489797 0.049783549783549784
12 0.40688775510204084 0.1305916305916306 0.008673469387755102 0.047619047619047616
12 0.5301020408163266 0.13095238095238096 0.00816326530612245 0.048340548340548344
12 0.664795918367347 0.13131313131313133 0.00816326530612245 0.049062049062049064
12 0.8283163265306123 0.13095238095238096 0.008673469387755102 0.048340548340548344
12 0.9515306122448981 0.13095238095238096 0.00816326530612245 0.048340548340548344
12 0.04872448979591837 0.2839105339105339 0.008673469387755102 0.049783549783549784
12 0.4071428571428572 0.2839105339105339 0.009183673469387756 0.049783549783549784
12 0.828061224489796 0.2839105339105339 0.009183673469387756 0.049783549783549784
12 0.9517857142857143 0.2839105339105339 0.008673469387755102 0.049783549783549784
12 0.5303571428571429 0.2842712842712843 0.008673469387755102 0.049062049062049064
12 0.664795918367347 0.2842712842712843 0.00816326530612245 0.049062049062049064
14 0.13112244897959185 0.4072871572871573 0.006122448979591837 0.00937950937950938
12 0.048214285714285716 0.43614718614718617 0.007653061224489797 0.049783549783549784
12 0.4071428571428572 0.4365079365079365 0.009183673469387756 0.049062049062049064
12 0.5301020408163266 0.43686868686868685 0.00816326530612245 0.049783549783549784
12 0.9515306122448981 0.43614718614718617 0.00816326530612245 0.048340548340548344
12 0.664795918367347 0.43686868686868685 0.00816326530612245 0.048340548340548344
12 0.8283163265306123 0.43686868686868685 0.008673469387755102 0.048340548340548344
14 0.3094387755102041 0.43037518037518036 0.00663265306122449 0.00937950937950938
14 0.6903061224489797 0.43073593073593075 0.006122448979591837 0.0101010101010101
14 0.8543367346938776 0.43037518037518036 0.00663265306122449 0.00937950937950938
14 0.43214285714285716 0.4538239538239538 0.006122448979591837 0.008658008658008658
14 0.5551020408163265 0.4538239538239538 0.006122448979591837 0.008658008658008658
12 0.048469387755102046 0.5891053391053391 0.00816326530612245 0.049783549783549784
12 0.40688775510204084 0.5891053391053391 0.008673469387755102 0.049783549783549784
12 0.9515306122448981 0.5887445887445888 0.00816326530612245 0.049062049062049064
12 0.5301020408163266 0.5894660894660895 0.00816326530612245 0.049062049062049064
12 0.664795918367347 0.5894660894660895 0.00816326530612245 0.049062049062049064
12 0.828061224489796 0.5887445887445888 0.00816326530612245 0.047619047619047616
12 0.047959183673469394 0.740981240981241 0.00816326530612245 0.049062049062049064
12 0.4071428571428572 0.7417027417027418 0.00816326530612245 0.049062049062049064
12 0.5298469387755103 0.7417027417027418 0.008673469387755102 0.049062049062049064
12 0.664795918367347 0.7420634920634921 0.00816326530612245 0.049783549783549784
12 0.9515306122448981 0.7417027417027418 0.00816326530612245 0.049062049062049064
12 0.8278061224489797 0.7420634920634921 0.007653061224489797 0.048340548340548344
14 0.13137755102040818 0.806998556998557 0.005612244897959184 0.007936507936507936
26 0.06505102040816327 0.1323953823953824 0.02295918367346939 0.08441558441558442
143 0.12066326530612247 0.113997113997114 0.015816326530612247 0.08513708513708514
143 0.14336734693877554 0.11327561327561328 0.018367346938775512 0.08513708513708514
136 0.1660714285714286 0.1331168831168831 0.012755102040816327 0.05411255411255411
136 0.19234693877551023 0.1331168831168831 0.017346938775510204 0.05411255411255411
137 0.22372448979591839 0.13203463203463203 0.012755102040816327 0.05194805194805195
137 0.25 0.13203463203463203 0.017346938775510204 0.05194805194805195
107 0.29923469387755103 0.12878787878787878 0.013775510204081635 0.05844155844155844
109 0.33392857142857146 0.12301587301587301 0.015816326530612247 0.06998556998556998
21 0.36683673469387756 0.13095238095238096 0.011224489795918368 0.023809523809523808
138 0.38852040816326533 0.12878787878787878 0.013775510204081635 0.056998556998557
104 0.42193877551020414 0.1370851370851371 0.01326530612244898 0.06349206349206349
106 0.4568877551020409 0.13167388167388167 0.013775510204081635 0.051226551226551224
21 0.4900510204081633 0.1305916305916306 0.010714285714285714 0.023088023088023088
135 0.5112244897959184 0.13744588744588745 0.01326530612244898 0.06277056277056277
103 0.5448979591836736 0.13924963924963926 0.012244897959183675 0.06637806637806638
105 0.5798469387755103 0.13455988455988455 0.012755102040816327 0.05844155844155844
21 0.6250000000000001 0.1305916305916306 0.011224489795918368 0.023088023088023088
136 0.6469387755102042 0.13455988455988455 0.014285714285714287 0.056998556998557
135 0.6798469387755103 0.1341991341991342 0.012755102040816327 0.05627705627705628
136 0.7012755102040817 0.13275613275613277 0.015816326530612247 0.05483405483405483
136 0.7313775510204082 0.1331168831168831 0.012755102040816327 0.05411255411255411
137 0.752295918367347 0.13203463203463203 0.015816326530612247 0.05194805194805195
17 0.7693877551020409 0.10786435786435787 0.00816326530612245 0.03535353535353535
138 0.7808673469387756 0.12878787878787878 0.012755102040816327 0.05844155844155844
138 0.8076530612244899 0.12914862914862915 0.0163265306122449 0.05772005772005772
107 0.8436224489795919 0.12914862914862915 0.013775510204081635 0.05772005772005772
109 0.8785714285714287 0.12301587301587301 0.015306122448979593 0.06998556998556998
21 0.9119897959183674 0.1305916305916306 0.010714285714285714 0.023088023088023088
138 0.9336734693877552 0.12914862914862915 0.014285714285714287 0.05772005772005772
26 0.06479591836734694 0.284992784992785 0.023469387755102045 0.08513708513708514
136 0.12091836734693878 0.2842712842712843 0.01326530612244898 0.05194805194805195
138 0.14234693877551022 0.2813852813852814 0.0163265306122449 0.05772005772005772
136 0.1660714285714286 0.2875180375180375 0.012755102040816327 0.05844155844155844
134 0.19285714285714287 0.2907647907647908 0.0163265306122449 0.06349206349206349
132 0.225765306122449 0.281024531024531 0.01683673469387755 0.056998556998557
134 0.2528061224489796 0.27813852813852813 0.012755102040816327 0.06421356421356421
100 0.2994897959183674 0.2842712842712843 0.01326530612244898 0.050505050505050504
20 0.3321428571428572 0.2839105339105339 0.011224489795918368 0.03823953823953824
100 0.3676020408163266 0.2842712842712843 0.013775510204081635 0.05194805194805195
97 0.42193877551020414 0.2925685425685426 0.014285714285714287 0.06854256854256854
20 0.4553571428571429 0.2839105339105339 0.010714285714285714 0.03823953823953824
99 0.4908163265306123 0.28715728715728717 0.01326530612244898 0.05772005772005772
96 0.5454081632653062 0.29545454545454547 0.01326530612244898 0.07575757575757576
20 0.5785714285714286 0.2839105339105339 0.010204081632653062 0.0367965367965368
98 0.6255102040816327 0.29004329004329005 0.012244897959183675 0.06349206349206349
98 0.6803571428571429 0.2896825396825397 0.012755102040816327 0.06421356421356421
99 0.7318877551020408 0.2875180375180375 0.012755102040816327 0.05844155844155844
99 0.7813775510204082 0.28715728715728717 0.012755102040816327 0.05916305916305916
100 0.8441326530612245 0.2846320346320346 0.012755102040816327 0.051226551226551224
20 0.8770408163265306 0.28354978354978355 0.010204081632653062 0.03751803751803752
102 0.9127551020408164 0.2777777777777778 0.01326530612244898 0.06060606060606061
26 0.06505102040816327 0.43722943722943725 0.023979591836734697 0.08513708513708514
108 0.12066326530612247 0.4310966810966811 0.01479591836734694 0.06277056277056277
75 0.29923469387755103 0.4444444444444444 0.012755102040816327 0.06637806637806638
72 0.42244897959183675 0.43686868686868685 0.01326530612244898 0.051226551226551224
71 0.5451530612244898 0.4393939393939394 0.013775510204081635 0.05627705627705628
76 0.6795918367346939 0.4422799422799423 0.012244897959183675 0.06204906204906205
75 0.8433673469387756 0.4440836940836941 0.012244897959183675 0.06565656565656566
27 0.06505102040816327 0.5891053391053391 0.025 0.05266955266955267
133 0.1229591836734694 0.5822510822510822 0.017346938775510204 0.06349206349206349
133 0.14464285714285716 0.5833333333333334 0.012755102040816327 0.06421356421356421
135 0.16581632653061226 0.5955988455988456 0.01326530612244898 0.06421356421356421
135 0.19260204081632654 0.5955988455988456 0.01683673469387755 0.06421356421356421
137 0.22346938775510206 0.5894660894660895 0.012244897959183675 0.05194805194805195
137 0.25 0.5891053391053391 0.0163265306122449 0.051226551226551224
20 0.2977040816326531 0.5887445887445888 0.010714285714285714 0.03751803751803752
102 0.33418367346938777 0.5829725829725829 0.01326530612244898 0.06204906204906205
102 0.3678571428571429 0.5829725829725829 0.012244897959183675 0.06060606060606061
20 0.4209183673469388 0.5891053391053391 0.011224489795918368 0.03823953823953824
101 0.4571428571428572 0.5862193362193362 0.01326530612244898 0.056998556998557
101 0.49132653061224496 0.5862193362193362 0.01326530612244898 0.056998556998557
20 0.5436224489795919 0.5894660894660895 0.011734693877551022 0.03896103896103896
131 0.5813775510204082 0.5891053391053391 0.01683673469387755 0.05266955266955267
131 0.6025510204081633 0.5898268398268398 0.01326530612244898 0.05266955266955267
100 0.6257653061224491 0.5894660894660895 0.013775510204081635 0.05194805194805195
20 0.6785714285714286 0.5891053391053391 0.011224489795918368 0.03823953823953824
133 0.7334183673469389 0.5862193362193362 0.015816326530612247 0.05555555555555555
132 0.754591836734694 0.588023088023088 0.01326530612244898 0.05483405483405483
133 0.7829081632653062 0.5862193362193362 0.015816326530612247 0.05555555555555555
132 0.8099489795918368 0.5876623376623377 0.012755102040816327 0.05411255411255411
20 0.8423469387755103 0.5891053391053391 0.011224489795918368 0.03823953823953824
104 0.8783163265306123 0.5959595959595959 0.012755102040816327 0.06349206349206349
104 0.9122448979591837 0.5955988455988456 0.012244897959183675 0.06277056277056277
27 0.06454081632653062 0.740981240981241 0.025 0.050505050505050504
92 0.12142857142857144 0.7644300144300145 0.0163265306122449 0.09740259740259741
95 0.2997448979591837 0.7561327561327561 0.01479591836734694 0.0808080808080808
19 0.3344387755102041 0.7402597402597403 0.01785714285714286 0.01443001443001443
94 0.4227040816326531 0.7593795093795094 0.015816326530612247 0.0873015873015873
19 0.4573979591836735 0.7402597402597403 0.01785714285714286 0.01443001443001443
93 0.5459183673469388 0.7615440115440115 0.017346938775510204 0.09163059163059163
20 0.5783163265306123 0.7417027417027418 0.010714285714285714 0.03751803751803752
93 0.6260204081632653 0.7615440115440115 0.017346938775510204 0.09451659451659451
94 0.6803571428571429 0.76010101010101 0.015816326530612247 0.0873015873015873
96 0.7318877551020408 0.753968253968254 0.01479591836734694 0.07647907647907648
97 0.7811224489795919 0.7503607503607503 0.014285714285714287 0.06926406926406926
95 0.8443877551020409 0.7554112554112554 0.015306122448979593 0.07936507936507936
19 0.879591836734694 0.7402597402597403 0.018367346938775512 0.015873015873015872
