14 0.6901854364540931 0.22808701215611005 0.008141112618724558 0.009596928982725527
14 0.8649932157394844 0.22808701215611005 0.008593396653098146 0.009596928982725527
12 0.9509271822704659 0.25399872040946897 0.007688828584350972 0.04222648752399232
12 0.11962912709181366 0.2543186180422265 0.0067842605156037995 0.04158669225847728
12 0.2600633197648123 0.2543186180422265 0.008141112618724558 0.04158669225847728
12 0.43419267299864317 0.254638515674984 0.008141112618724558 0.04222648752399232
12 0.6090004522840343 0.254638515674984 0.007688828584350972 0.04222648752399232
12 0.7831298055178653 0.254638515674984 0.007688828584350972 0.04222648752399232
12 0.11985526910900045 0.36340371081253997 0.005427408412483039 0.04222648752399232
12 0.2598371777476255 0.36308381317978244 0.007688828584350972 0.04158669225847728
12 0.43441881501582996 0.36340371081253997 0.007688828584350972 0.04222648752399232
12 0.6090004522840343 0.36308381317978244 0.007688828584350972 0.04158669225847728
12 0.7835820895522388 0.36308381317978244 0.007688828584350972 0.04158669225847728
12 0.9511533242876526 0.36340371081253997 0.007236544549977386 0.04222648752399232
14 0.12189054726368159 0.5047984644913628 0.005879692446856626 0.008957133717210491
12 0.5083672546359114 0.5521433141394754 0.009045680687471733 0.04350607805502239
12 0.04862053369516056 0.5524632117722329 0.007688828584350972 0.042866282789507354
12 0.2752148349163275 0.5521433141394754 0.008593396653098146 0.04222648752399232
12 0.7519222071460877 0.5524632117722329 0.0067842605156037995 0.042866282789507354
12 0.9513794663048395 0.5527831094049904 0.0067842605156037995 0.04350607805502239
14 0.2331524197195839 0.5470249520153551 0.005879692446856626 0.008957133717210491
14 0.9188150158299412 0.5790147152911068 0.005879692446856626 0.008957133717210491
14 0.9185888738127544 0.600127959053103 0.006331976481230212 0.008957133717210491
12 0.5083672546359114 0.6557901471529111 0.007236544549977386 0.04350607805502239
12 0.9509271822704659 0.6557901471529111 0.0067842605156037995 0.04350607805502239
12 0.048846675712347354 0.6561100447856686 0.006331976481230212 0.042866282789507354
12 0.2749886928991407 0.6554702495201535 0.007236544549977386 0.04158669225847728
12 0.7523744911804613 0.6561100447856686 0.007688828584350972 0.042866282789507354
14 0.12234283129805518 0.6506717850287908 0.005879692446856626 0.008957133717210491
14 0.9185888738127544 0.6612284069097888 0.005427408412483039 0.008317338451695458
14 0.23405698778833106 0.6919385796545106 0.0067842605156037995 0.009596928982725527
12 0.04839439167797377 0.8451695457453614 0.006331976481230212 0.04350607805502239
12 0.669606512890095 0.844849648112604 0.007688828584350972 0.042866282789507354
12 0.9513794663048395 0.844849648112604 0.007688828584350972 0.042866282789507354
12 0.3880597014925373 0.8454894433781189 0.007236544549977386 0.042866282789507354
12 0.04862053369516056 0.9619321817018553 0.005879692446856626 0.042866282789507354
12 0.6700587969244686 0.9619321817018553 0.007688828584350972 0.042866282789507354
12 0.3882858435097241 0.9622520793346129 0.008593396653098146 0.04222648752399232
12 0.9509271822704659 0.9622520793346129 0.007688828584350972 0.04222648752399232
14 0.14495703301673452 0.946257197696737 0.0067842605156037995 0.008957133717210491
14 0.18679330619629128 0.9574536148432501 0.006331976481230212 0.009596928982725527
27 0.1352329262777024 0.254638515674984 0.023518769787426504 0.046065259117082535
15 0.15671641791044777 0.24440179142674343 0.011307100859339666 0.035828534868841966
108 0.20036182722749887 0.24888035828534869 0.011759384893713252 0.05630198336532309
20 0.28900949796472186 0.25271912987843886 0.010854816824966078 0.035828534868841966
15 0.30303030303030304 0.23384516954574536 0.007236544549977386 0.022392834293026232
139 0.3301673450927182 0.25079974408189376 0.010854816824966078 0.060140754958413305
165 0.3469018543645409 0.26103646833013433 0.016282225237449117 0.05502239283429303
20 0.3701944821347806 0.2533589251439539 0.011307100859339666 0.035828534868841966
139 0.40660334690185435 0.2504798464491363 0.010854816824966078 0.060780550223928344
165 0.4233378561736771 0.26039667306461933 0.016282225237449117 0.05502239283429303
20 0.46381727725011307 0.2530390275111964 0.011307100859339666 0.036468330134357005
15 0.47761194029850745 0.23352527191298783 0.007236544549977386 0.023032629558541268
139 0.5047489823609227 0.2504798464491363 0.010854816824966078 0.0582213691618682
165 0.5217096336499322 0.2607165706973768 0.015829941203075532 0.05438259756877799
20 0.5445499773857982 0.2533589251439539 0.010854816824966078 0.035828534868841966
139 0.5811849841700588 0.25079974408189376 0.010854816824966078 0.060140754958413305
165 0.5979194934418816 0.26039667306461933 0.016282225237449117 0.05502239283429303
20 0.6381727725011307 0.2530390275111964 0.010854816824966078 0.036468330134357005
15 0.6521935775667119 0.23384516954574536 0.007236544549977386 0.022392834293026232
139 0.6793306196291271 0.2504798464491363 0.010854816824966078 0.0582213691618682
165 0.6962912709181366 0.26103646833013433 0.015829941203075532 0.05502239283429303
20 0.7191316146540028 0.25271912987843886 0.010854816824966078 0.035828534868841966
139 0.7559927634554501 0.2504798464491363 0.011307100859339666 0.05950095969289827
165 0.772501130710086 0.26039667306461933 0.016282225237449117 0.05502239283429303
20 0.8127544097693351 0.25271912987843886 0.010854816824966078 0.035828534868841966
15 0.8267752148349163 0.23352527191298783 0.008141112618724558 0.023032629558541268
139 0.8539122568973315 0.2504798464491363 0.010854816824966078 0.0582213691618682
165 0.870872908186341 0.26039667306461933 0.015829941203075532 0.05502239283429303
20 0.8937132519222072 0.2523992322456814 0.009950248756218905 0.035188739603326934
21 0.9158751696065129 0.2549584133077415 0.010854816824966078 0.022392834293026232
169 0.9364540931705111 0.2495201535508637 0.011307100859339666 0.05630198336532309
27 0.1350067842605156 0.364043506078055 0.023066485753052916 0.046065259117082535
15 0.15649027589326098 0.3534868841970569 0.011759384893713252 0.036468330134357005
15 0.26571687019448215 0.3790786948176583 0.009497964721845319 0.022392834293026232
15 0.44007236544549977 0.3790786948176583 0.009045680687471733 0.022392834293026232
15 0.614880144730891 0.3787587971849008 0.008593396653098146 0.023032629558541268
15 0.7894617819990954 0.3784388995521433 0.008593396653098146 0.022392834293026232
162 0.939846223428313 0.36148432501599487 0.018091361374943465 0.04990403071017274
27 0.06354590682948892 0.5524632117722329 0.02397105382180009 0.04670505438259757
15 0.08502939846223428 0.5428662827895073 0.010854816824966078 0.035188739603326934
142 0.11239258254183628 0.5393474088291746 0.012211668928086838 0.07293666026871401
169 0.13658977838082315 0.5470249520153551 0.015377657168701944 0.05630198336532309
169 0.155359565807327 0.5476647472808701 0.011307100859339666 0.05630198336532309
168 0.1723202170963365 0.5502239283429302 0.010854816824966078 0.05118362124120281
167 0.189280868385346 0.5524632117722329 0.011307100859339666 0.04670505438259757
166 0.20443238353686116 0.5524632117722329 0.013568521031207599 0.045425463851567496
104 0.223202170963365 0.5579014715291106 0.011307100859339666 0.05630198336532309
21 0.2593848937132519 0.5534229046705054 0.010402532790592492 0.023032629558541268
169 0.3310719131614654 0.5476647472808701 0.010854816824966078 0.05630198336532309
169 0.34599728629579374 0.5479846449136276 0.014473089099954772 0.05694177863083813
108 0.3756218905472637 0.5473448496481126 0.012211668928086838 0.05694177863083813
169 0.4414292175486205 0.5476647472808701 0.010854816824966078 0.05630198336532309
169 0.45658073270013566 0.5473448496481126 0.014020805065581185 0.05694177863083813
108 0.4862053369516056 0.5476647472808701 0.011759384893713252 0.05630198336532309
172 0.5682948891904116 0.5390275111964171 0.011307100859339666 0.07229686500319897
172 0.5834464043419267 0.5393474088291746 0.015377657168701944 0.07165706973768393
111 0.6132971506105834 0.5399872040946897 0.012663952962460425 0.07293666026871401
172 0.6784260515603799 0.5387076135636596 0.011759384893713252 0.07165706973768393
172 0.6938037087290818 0.5390275111964171 0.014473089099954772 0.07229686500319897
111 0.7236544549977386 0.5393474088291746 0.012663952962460425 0.07165706973768393
26 0.7390321121664405 0.555022392834293 0.016282225237449117 0.06589891234804862
21 0.7878787878787878 0.553103007037748 0.010854816824966078 0.022392834293026232
15 0.8003165988240615 0.5796545105566219 0.010402532790592492 0.03326935380678183
21 0.8362731795567616 0.5534229046705054 0.010854816824966078 0.023032629558541268
21 0.8844414292175486 0.5534229046705054 0.010402532790592492 0.021753039027511197
17 0.8980099502487562 0.5793346129238643 0.007688828584350972 0.03390914907229686
157 0.9369063772048847 0.5639795265515035 0.012211668928086838 0.06717850287907869
27 0.06377204884667571 0.6554702495201535 0.024423337856173677 0.04670505438259757
15 0.08480325644504749 0.6455534229046704 0.011307100859339666 0.035828534868841966
135 0.11397557666214382 0.6490722968650032 0.014473089099954772 0.0582213691618682
162 0.1388511985526911 0.6535508637236084 0.011759384893713252 0.05054382597568778
162 0.15716870194482135 0.6561100447856686 0.014020805065581185 0.045425463851567496
161 0.17299864314789687 0.6564299424184261 0.012211668928086838 0.046065259117082535
160 0.18973315241971958 0.6586692258477287 0.012211668928086838 0.05054382597568778
159 0.2064676616915423 0.6612284069097888 0.011307100859339666 0.05566218809980806
97 0.2229760289461782 0.663787587971849 0.012663952962460425 0.060780550223928344
21 0.2591587516960651 0.6781829814459372 0.010854816824966078 0.023032629558541268
15 0.2810945273631841 0.6721049264235445 0.007688828584350972 0.0236724248240563
15 0.34984170058796926 0.6615483045425463 0.007688828584350972 0.023032629558541268
16 0.5323383084577115 0.6609085092770314 0.008141112618724558 0.029430582213691617
21 0.7878787878787878 0.6781829814459372 0.011759384893713252 0.023032629558541268
21 0.8364993215739485 0.6781829814459372 0.011307100859339666 0.023032629558541268
21 0.8846675712347354 0.6785028790786948 0.010854816824966078 0.022392834293026232
162 0.9371325192220714 0.6500319897632757 0.010854816824966078 0.05758157389635316
26 0.06445047489823609 0.8429302623160588 0.023066485753052916 0.08253358925143954
15 0.08502939846223428 0.8243761996161229 0.011759384893713252 0.035188739603326934
156 0.11420171867933061 0.8579654510556621 0.017639077340569877 0.07293666026871401
15 0.30529172320217096 0.872040946896993 0.010854816824966078 0.0345489443378119
21 0.352329262777024 0.8454894433781189 0.010854816824966078 0.022392834293026232
27 0.3729081863410222 0.8451695457453614 0.019448213478064226 0.046065259117082535
15 0.3950701040253279 0.8246960972488804 0.007688828584350972 0.021753039027511197
139 0.4224332881049299 0.8406909788867563 0.010854816824966078 0.05758157389635316
165 0.4561284486657621 0.8490083173384516 0.011307100859339666 0.053742802303262956
165 0.4769335142469471 0.8506078055022392 0.014925373134328358 0.05694177863083813
104 0.501130710085934 0.8506078055022392 0.011759384893713252 0.05694177863083813
15 0.5303030303030303 0.808381317978247 0.007688828584350972 0.022392834293026232
142 0.557892356399819 0.8320537428023033 0.013116236996834011 0.07229686500319897
169 0.5906829488919041 0.8400511836212412 0.010854816824966078 0.05758157389635316
169 0.6112618724559024 0.8397312859884837 0.014925373134328358 0.05694177863083813
108 0.6361374943464496 0.8397312859884837 0.011307100859339666 0.05694177863083813
15 0.6768430574400723 0.8243761996161229 0.007688828584350972 0.022392834293026232
139 0.7042062415196744 0.8406909788867563 0.010854816824966078 0.05758157389635316
165 0.7379014020805066 0.8490083173384516 0.011307100859339666 0.053742802303262956
165 0.7587064676616916 0.8509277031349968 0.014925373134328358 0.05630198336532309
104 0.7826775214834917 0.8506078055022392 0.011307100859339666 0.05694177863083813
15 0.8120759837177748 0.808381317978247 0.007688828584350972 0.022392834293026232
142 0.8398914518317503 0.8320537428023033 0.012663952962460425 0.07229686500319897
169 0.8726820443238353 0.8394113883557262 0.010402532790592492 0.05630198336532309
169 0.8930348258706468 0.8397312859884837 0.014925373134328358 0.05566218809980806
108 0.917910447761194 0.8397312859884837 0.010402532790592492 0.05566218809980806
21 0.28177295341474445 0.9200255918106206 0.011759384893713252 0.023032629558541268
27 0.0639981908638625 0.9625719769673704 0.02397105382180009 0.045425463851567496
15 0.08480325644504749 0.9523352527191299 0.011307100859339666 0.035188739603326934
131 0.11216644052464948 0.9699296225207933 0.011759384893713252 0.060140754958413305
134 0.1786521935775667 0.95489443378119 0.015377657168701944 0.060780550223928344
21 0.28222523744911804 0.9840051183621241 0.011759384893713252 0.021753039027511197
21 0.352329262777024 0.9840051183621241 0.011759384893713252 0.021753039027511197
15 0.3948439620081411 0.9782469609724888 0.007236544549977386 0.021753039027511197
15 0.6766169154228856 0.9782469609724888 0.007236544549977386 0.021753039027511197
