7 0.16052060737527113 0.21411042944785277 0.020824295010845987 0.049079754601226995
12 0.11930585683297179 0.2196319018404908 0.007809110629067245 0.04171779141104295
12 0.47787418655097613 0.21932515337423314 0.00737527114967462 0.04110429447852761
12 0.951409978308026 0.21932515337423314 0.006941431670281995 0.04110429447852761
12 0.7598698481561822 0.21932515337423314 0.00737527114967462 0.03987730061349694
7 0.16052060737527113 0.3254601226993865 0.019956616052060738 0.04846625766871166
12 0.9516268980477223 0.32607361963190185 0.00737527114967462 0.04233128834355829
12 0.1195227765726681 0.3263803680981595 0.00737527114967462 0.04171779141104295
12 0.47787418655097613 0.32607361963190185 0.00737527114967462 0.04110429447852761
12 0.7598698481561822 0.32607361963190185 0.00737527114967462 0.04110429447852761
7 0.08915401301518437 0.48527607361963193 0.020390455531453362 0.04785276073619632
12 0.42754880694143166 0.4904907975460123 0.00737527114967462 0.04110429447852761
12 0.951409978308026 0.49079754601227 0.007809110629067245 0.04171779141104295
12 0.04772234273318872 0.49110429447852766 0.007809110629067245 0.04110429447852761
12 0.6574837310195227 0.4904907975460123 0.00737527114967462 0.03987730061349694
7 0.08893709327548807 0.5868098159509203 0.01908893709327549 0.04601226993865031
12 0.04793926247288503 0.5886503067484663 0.00737527114967462 0.04110429447852761
12 0.42754880694143166 0.5886503067484663 0.00737527114967462 0.04110429447852761
12 0.6574837310195227 0.5886503067484663 0.00737527114967462 0.04110429447852761
12 0.951409978308026 0.5886503067484663 0.007809110629067245 0.04110429447852761
14 0.8511930585683297 0.5736196319018405 0.006073752711496746 0.0098159509202454
14 0.13101952277657267 0.7180981595092025 0.006073752711496746 0.009202453987730062
14 0.39262472885032534 0.7180981595092025 0.006073752711496746 0.009202453987730062
7 0.08872017353579176 0.7475460122699387 0.020390455531453362 0.047239263803680986
12 0.2665943600867679 0.7527607361963191 0.00737527114967462 0.04049079754601227
12 0.952060737527115 0.7536809815950921 0.006507592190889371 0.04233128834355829
12 0.04772234273318872 0.7533742331288344 0.006941431670281995 0.04049079754601227
12 0.372234273318872 0.7536809815950921 0.006941431670281995 0.04110429447852761
12 0.5507592190889371 0.7536809815950921 0.00737527114967462 0.04110429447852761
12 0.7561822125813449 0.7536809815950921 0.006941431670281995 0.04110429447852761
7 0.08872017353579176 0.8493865030674848 0.02125813449023861 0.047239263803680986
12 0.04793926247288503 0.8515337423312884 0.00737527114967462 0.04171779141104295
12 0.2668112798264642 0.8512269938650308 0.006941431670281995 0.04110429447852761
12 0.37288503253796096 0.8512269938650308 0.00737527114967462 0.04110429447852761
12 0.5507592190889371 0.8512269938650308 0.00737527114967462 0.04110429447852761
12 0.7563991323210412 0.8512269938650308 0.00737527114967462 0.04110429447852761
12 0.9518438177874187 0.8512269938650308 0.006941431670281995 0.04110429447852761
27 0.1351409978308026 0.32607361963190185 0.02299349240780911 0.04478527607361964
28 0.13579175704989152 0.21993865030674847 0.023427331887201735 0.04355828220858896
21 0.2106290672451193 0.30644171779141105 0.010845986984815618 0.02147239263803681
107 0.23774403470715835 0.21748466257668714 0.011279826464208243 0.04846625766871166
133 0.23991323210412147 0.3211656441717792 0.01475054229934924 0.054601226993865035
135 0.2668112798264642 0.3211656441717792 0.011279826464208243 0.054601226993865035
139 0.29197396963123645 0.21441717791411044 0.011279826464208243 0.05337423312883436
133 0.29219088937093274 0.3211656441717792 0.010845986984815618 0.054601226993865035
134 0.32928416485900214 0.3319018404907976 0.011279826464208243 0.05521472392638037
167 0.3295010845986985 0.22116564417177914 0.010845986984815618 0.047239263803680986
17 0.34099783080260304 0.2088957055214724 0.006941431670281995 0.03251533742331288
166 0.3509761388286334 0.22085889570552147 0.010412147505422993 0.04539877300613497
167 0.3809110629067245 0.22116564417177914 0.011279826464208243 0.047239263803680986
134 0.3809110629067245 0.33220858895705524 0.011279826464208243 0.05582822085889571
166 0.39761388286334054 0.22116564417177914 0.013449023861171366 0.04601226993865031
134 0.42776572668112794 0.3325153374233129 0.011279826464208243 0.05644171779141104
106 0.4281995661605206 0.21993865030674847 0.010412147505422993 0.04355828220858896
133 0.4535791757049891 0.3325153374233129 0.014316702819956615 0.05644171779141104
17 0.48546637744034704 0.3365030674846626 0.007809110629067245 0.03374233128834356
132 0.4971800433839479 0.3248466257668712 0.01388286334056399 0.04601226993865031
132 0.5223427331887202 0.3254601226993865 0.011279826464208243 0.04601226993865031
106 0.5225596529284164 0.21993865030674847 0.010845986984815618 0.04355828220858896
132 0.5496746203904556 0.3254601226993865 0.011279826464208243 0.04601226993865031
138 0.5767895878524946 0.2168711656441718 0.010845986984815618 0.047239263803680986
132 0.5770065075921909 0.3254601226993865 0.011279826464208243 0.04601226993865031
166 0.6145336225596529 0.2254601226993865 0.010845986984815618 0.054601226993865035
133 0.616702819956616 0.3211656441717792 0.015184381778741865 0.054601226993865035
165 0.6323210412147505 0.22515337423312884 0.010845986984815618 0.053987730061349694
133 0.662472885032538 0.32147239263803684 0.011279826464208243 0.053987730061349694
166 0.6626898047722343 0.22484662576687117 0.010845986984815618 0.054601226993865035
165 0.6796095444685466 0.22515337423312884 0.013449023861171366 0.053987730061349694
105 0.7095444685466377 0.22208588957055217 0.010845986984815618 0.049079754601226995
133 0.7095444685466377 0.3211656441717792 0.010845986984815618 0.054601226993865035
21 0.7366594360086768 0.3061349693251534 0.010412147505422993 0.020858895705521473
45 0.7748373101952277 0.32852760736196324 0.01388286334056399 0.05092024539877301
17 0.7915401301518438 0.18895705521472395 0.00737527114967462 0.033128834355828224
142 0.9281995661605206 0.20736196319018407 0.011713665943600867 0.0687116564417178
28 0.06442516268980476 0.4914110429447853 0.02299349240780911 0.04294478527607362
112 0.12147505422993492 0.4766871165644172 0.012147505422993492 0.07484662576687116
142 0.18698481561822125 0.47822085889570554 0.013015184381778741 0.06932515337423313
141 0.2177874186550976 0.48067484662576687 0.01561822125813449 0.06441717791411043
17 0.24078091106290672 0.4607361963190184 0.006941431670281995 0.0343558282208589
170 0.2509761388286334 0.48404907975460126 0.012581344902386117 0.0588957055214724
172 0.26941431670281996 0.4785276073619632 0.013015184381778741 0.0687116564417178
170 0.2837310195227766 0.48404907975460126 0.01388286334056399 0.0588957055214724
168 0.29913232104121473 0.49110429447852766 0.010845986984815618 0.05337423312883436
165 0.31409978308026026 0.49662576687116566 0.010412147505422993 0.054601226993865035
163 0.32776572668112797 0.49938650306748467 0.012581344902386117 0.060122699386503074
131 0.3490238611713666 0.49110429447852766 0.017787418655097614 0.04355828220858896
21 0.38676789587852495 0.47147239263803686 0.009978308026030369 0.02147239263803681
34 0.4140997830802603 0.48803680981595093 0.017787418655097614 0.049693251533742336
17 0.4655097613882863 0.48711656441717793 0.007809110629067245 0.033128834355828224
109 0.6704989154013015 0.4739263803680982 0.011713665943600867 0.07914110429447853
139 0.7366594360086768 0.4757668711656442 0.013015184381778741 0.07546012269938651
138 0.7678958785249458 0.47730061349693254 0.011279826464208243 0.07239263803680981
138 0.8017353579175704 0.47607361963190187 0.01388286334056399 0.07484662576687116
137 0.8212581344902385 0.47699386503067487 0.010412147505422993 0.07177914110429448
106 0.8418655097613883 0.4794478527607362 0.010845986984815618 0.06564417177914111
21 0.9169197396963124 0.4708588957055215 0.010845986984815618 0.02147239263803681
28 0.9383947939262473 0.49110429447852766 0.01822125813449024 0.04233128834355829
27 0.06399132321041215 0.588957055214724 0.02299349240780911 0.044171779141104296
130 0.12342733188720173 0.5914110429447853 0.015184381778741865 0.049079754601226995
130 0.15401301518438176 0.591717791411043 0.012147505422993492 0.049693251533742336
17 0.17678958785249457 0.5993865030674846 0.00824295010845987 0.0343558282208589
132 0.18676789587852494 0.588957055214724 0.010845986984815618 0.04539877300613497
133 0.21908893709327548 0.587116564417178 0.011279826464208243 0.04785276073619632
99 0.2509761388286334 0.5911042944785276 0.011713665943600867 0.049693251533742336
160 0.3477223427331887 0.5812883435582823 0.015184381778741865 0.07177914110429448
167 0.3683297180043384 0.5782208588957055 0.011279826464208243 0.06564417177914111
164 0.3872017353579176 0.5785276073619632 0.011713665943600867 0.06503067484662577
162 0.4060737527114967 0.5785276073619632 0.011279826464208243 0.06503067484662577
45 0.44338394793926245 0.5920245398773006 0.01475054229934924 0.051533742331288344
130 0.672234273318872 0.591717791411043 0.014316702819956615 0.049693251533742336
130 0.7030368763557483 0.591717791411043 0.011713665943600867 0.049693251533742336
17 0.7255965292841648 0.5993865030674846 0.00737527114967462 0.0343558282208589
132 0.7355748373101952 0.5886503067484663 0.010845986984815618 0.04478527607361964
133 0.7678958785249458 0.587116564417178 0.011279826464208243 0.04785276073619632
130 0.7997830802603036 0.6049079754601228 0.010845986984815618 0.07730061349693251
167 0.8418655097613883 0.598159509202454 0.010845986984815618 0.0638036809815951
193 0.865943600867679 0.591717791411043 0.01561822125813449 0.06073619631901841
137 0.8839479392624728 0.5892638036809816 0.010845986984815618 0.04355828220858896
136 0.9145336225596529 0.59079754601227 0.01388286334056399 0.04785276073619632
28 0.06442516268980476 0.7536809815950921 0.02299349240780911 0.04233128834355829
134 0.13427331887201735 0.7601226993865031 0.012581344902386117 0.05766871165644172
171 0.1420824295010846 0.7303680981595092 0.010845986984815618 0.08527607361963191
17 0.16572668112798264 0.7582822085889571 0.006941431670281995 0.03190184049079755
102 0.18937093275488068 0.7613496932515338 0.009978308026030369 0.06134969325153375
170 0.20260303687635575 0.7254601226993865 0.012147505422993492 0.09877300613496934
110 0.21626898047722343 0.7312883435582822 0.011713665943600867 0.08588957055214724
21 0.2299349240780911 0.7742331288343559 0.010412147505422993 0.022085889570552148
77 0.24425162689804772 0.7555214723926381 0.011279826464208243 0.04846625766871166
81 0.2774403470715835 0.7358895705521473 0.012581344902386117 0.08036809815950921
77 0.29913232104121473 0.7555214723926381 0.010845986984815618 0.04846625766871166
137 0.3490238611713666 0.7530674846625768 0.010845986984815618 0.04355828220858896
107 0.3633405639913232 0.750920245398773 0.010845986984815618 0.04785276073619632
140 0.38351409978308026 0.7328220858895705 0.01388286334056399 0.08650306748466258
139 0.4015184381778742 0.7487730061349693 0.010845986984815618 0.05337423312883436
170 0.4134490238611713 0.7297546012269939 0.011279826464208243 0.08895705521472393
170 0.4266811279826464 0.7279141104294479 0.013449023861171366 0.09631901840490797
107 0.49913232104121474 0.750920245398773 0.010845986984815618 0.049079754601226995
77 0.5275488069414317 0.7552147239263804 0.011279826464208243 0.04785276073619632
139 0.571583514099783 0.7484662576687117 0.009978308026030369 0.053987730061349694
168 0.5845986984815618 0.750920245398773 0.009978308026030369 0.04785276073619632
167 0.5956616052060737 0.7536809815950921 0.012147505422993492 0.04233128834355829
167 0.640997830802603 0.7625766871165645 0.009978308026030369 0.0638036809815951
166 0.6509761388286334 0.7634969325153375 0.012581344902386117 0.06441717791411043
165 0.6642082429501084 0.7585889570552148 0.010412147505422993 0.05337423312883436
170 0.6778741865509761 0.749079754601227 0.011713665943600867 0.0638036809815951
166 0.6872017353579175 0.7549079754601228 0.009544468546637744 0.04355828220858896
170 0.6997830802603037 0.7469325153374233 0.01388286334056399 0.06073619631901841
167 0.7108459869848156 0.7536809815950921 0.009978308026030369 0.04355828220858896
170 0.7245119305856833 0.746319018404908 0.012147505422993492 0.05950920245398773
168 0.7353579175704988 0.7515337423312883 0.010412147505422993 0.04785276073619632
170 0.748590021691974 0.7460122699386503 0.014316702819956615 0.0588957055214724
169 0.7672451193058568 0.7487730061349693 0.010845986984815618 0.05337423312883436
170 0.7789587852494577 0.746319018404908 0.011713665943600867 0.05828220858895706
167 0.788937093275488 0.7536809815950921 0.009978308026030369 0.04355828220858896
170 0.8015184381778742 0.7460122699386503 0.013449023861171366 0.0588957055214724
168 0.8134490238611713 0.7512269938650307 0.010412147505422993 0.04846625766871166
170 0.8268980477223427 0.7460122699386503 0.012147505422993492 0.05766871165644172
166 0.8364425162689805 0.7536809815950921 0.009544468546637744 0.04233128834355829
170 0.8490238611713665 0.7469325153374233 0.01388286334056399 0.05950920245398773
165 0.8596529284164859 0.7582822085889571 0.009978308026030369 0.053987730061349694
170 0.8733188720173536 0.749079754601227 0.012147505422993492 0.0638036809815951
166 0.882646420824295 0.7549079754601228 0.009978308026030369 0.047239263803680986
170 0.8952277657266811 0.7466257668711657 0.014316702819956615 0.0588957055214724
167 0.906290672451193 0.7533742331288344 0.010412147505422993 0.044171779141104296
170 0.9195227765726681 0.7460122699386503 0.012581344902386117 0.0588957055214724
168 0.93058568329718 0.7512269938650307 0.010412147505422993 0.04846625766871166
170 0.9438177874186551 0.7460122699386503 0.014316702819956615 0.0588957055214724
27 0.06355748373101952 0.8509202453987731 0.02299349240780911 0.044171779141104296
137 0.1212581344902386 0.8512269938650308 0.010845986984815618 0.04355828220858896
137 0.13557483731019523 0.8512269938650308 0.010845986984815618 0.04355828220858896
137 0.15574837310195228 0.8518404907975461 0.011279826464208243 0.04355828220858896
137 0.18676789587852494 0.8512269938650308 0.014316702819956615 0.04355828220858896
138 0.21561822125813448 0.8487730061349694 0.010412147505422993 0.04846625766871166
138 0.2299349240780911 0.8487730061349694 0.010412147505422993 0.04846625766871166
137 0.2438177874186551 0.8509202453987731 0.010412147505422993 0.04294478527607362
137 0.25704989154013014 0.8512269938650308 0.012581344902386117 0.04355828220858896
134 0.27657266811279824 0.8576687116564418 0.009978308026030369 0.05644171779141104
104 0.29088937093275485 0.8558282208588958 0.009978308026030369 0.05276073619631902
136 0.30715835140997827 0.8530674846625768 0.010412147505422993 0.047239263803680986
135 0.3212581344902386 0.8564417177914111 0.009978308026030369 0.053987730061349694
135 0.3349240780911063 0.8561349693251534 0.010412147505422993 0.05337423312883436
135 0.3488069414316703 0.8561349693251534 0.010412147505422993 0.05337423312883436
135 0.36247288503253794 0.8561349693251534 0.012581344902386117 0.05337423312883436
137 0.38308026030368764 0.8512269938650308 0.010412147505422993 0.04355828220858896
137 0.4017353579175705 0.8512269938650308 0.010412147505422993 0.04355828220858896
137 0.4264642082429501 0.8512269938650308 0.011279826464208243 0.04355828220858896
137 0.45835140997830803 0.8512269938650308 0.014316702819956615 0.04355828220858896
138 0.49913232104121474 0.8484662576687118 0.010845986984815618 0.04785276073619632
138 0.513232104121475 0.8487730061349694 0.010412147505422993 0.04846625766871166
137 0.5273318872017353 0.8509202453987731 0.010845986984815618 0.04294478527607362
137 0.540347071583514 0.8509202453987731 0.012581344902386117 0.04294478527607362
136 0.5718004338394793 0.8567484662576688 0.010412147505422993 0.054601226993865035
134 0.5850325379609544 0.8579754601226994 0.010845986984815618 0.057055214723926384
135 0.6210412147505423 0.8601226993865031 0.010845986984815618 0.06257668711656442
17 0.631236442516269 0.8665644171779142 0.006941431670281995 0.03128834355828221
131 0.6403470715835141 0.8619631901840491 0.012147505422993492 0.06503067484662577
132 0.6659436008676789 0.8490797546012271 0.01388286334056399 0.04785276073619632
133 0.6874186550976139 0.8478527607361964 0.010845986984815618 0.05030674846625767
134 0.7110629067245119 0.8466257668711656 0.011279826464208243 0.05276073619631902
135 0.7355748373101952 0.845398773006135 0.010845986984815618 0.05644171779141104
136 0.7670281995661605 0.8536809815950921 0.011279826464208243 0.04846625766871166
134 0.788937093275488 0.8549079754601228 0.010845986984815618 0.049693251533742336
135 0.8132321041214751 0.8558282208588958 0.010845986984815618 0.05276073619631902
133 0.83470715835141 0.8567484662576688 0.01475054229934924 0.054601226993865035
132 0.8616052060737527 0.8490797546012271 0.01388286334056399 0.04785276073619632
133 0.8828633405639913 0.8484662576687118 0.011279826464208243 0.05030674846625767
134 0.9067245119305857 0.8466257668711656 0.011279826464208243 0.05276073619631902
135 0.9308026030368763 0.8447852760736196 0.010845986984815618 0.05644171779141104
21 0.417353579175705 0.9920245398773007 0.009544468546637744 0.0147239263803681
17 0.5822125813449024 0.9895705521472393 0.007809110629067245 0.020858895705521473
16 0.7125813449023861 0.9785276073619632 0.00911062906724512 0.0294478527607362
17 0.7718004338394794 0.988957055214724 0.007809110629067245 0.022085889570552148
