1 0.09540816326530613 0.09740259740259741 0.02653061224489796 0.05772005772005772
8 0.2900510204081633 0.09704184704184704 0.034183673469387756 0.056998556998557
1 0.4158163265306123 0.09740259740259741 0.02653061224489796 0.05772005772005772
12 0.048469387755102046 0.11544011544011544 0.0071428571428571435 0.049062049062049064
13 0.38188775510204087 0.11544011544011544 0.012755102040816327 0.049062049062049064
12 0.9512755102040817 0.11544011544011544 0.007653061224489797 0.049062049062049064
12 0.2650510204081633 0.11544011544011544 0.008673469387755102 0.047619047619047616
12 0.5278061224489796 0.11544011544011544 0.008673469387755102 0.047619047619047616
12 0.6168367346938776 0.11544011544011544 0.00816326530612245 0.047619047619047616
12 0.7392857142857143 0.11507936507936507 0.00816326530612245 0.046897546897546896
12 0.8525510204081633 0.11544011544011544 0.00816326530612245 0.047619047619047616
8 0.29056122448979593 0.21897546897546896 0.034183673469387756 0.05844155844155844
1 0.09540816326530613 0.21933621933621933 0.02653061224489796 0.05772005772005772
1 0.41556122448979593 0.21933621933621933 0.027040816326530614 0.05772005772005772
13 0.3816326530612245 0.23737373737373738 0.01326530612244898 0.049062049062049064
12 0.048469387755102046 0.23773448773448774 0.0071428571428571435 0.048340548340548344
12 0.5278061224489796 0.23809523809523808 0.008673469387755102 0.049062049062049064
12 0.6170918367346939 0.23737373737373738 0.008673469387755102 0.047619047619047616
12 0.7392857142857143 0.23809523809523808 0.00816326530612245 0.049062049062049064
12 0.853061224489796 0.23809523809523808 0.00816326530612245 0.049062049062049064
12 0.9512755102040817 0.23773448773448774 0.008673469387755102 0.048340548340548344
12 0.2650510204081633 0.23809523809523808 0.008673469387755102 0.047619047619047616
1 0.09540816326530613 0.35353535353535354 0.02653061224489796 0.05772005772005772
8 0.29030612244897963 0.35353535353535354 0.0326530612244898 0.05772005772005772
1 0.41530612244897963 0.35425685425685427 0.02755102040816327 0.05772005772005772
12 0.2650510204081633 0.3596681096681097 0.008673469387755102 0.049783549783549784
13 0.3821428571428572 0.36002886002886003 0.012244897959183675 0.049062049062049064
12 0.5278061224489796 0.3596681096681097 0.008673469387755102 0.048340548340548344
12 0.6173469387755103 0.36002886002886003 0.009183673469387756 0.049062049062049064
12 0.8525510204081633 0.3596681096681097 0.00816326530612245 0.048340548340548344
12 0.9510204081632654 0.36038961038961037 0.00816326530612245 0.049783549783549784
12 0.04872448979591837 0.36038961038961037 0.007653061224489797 0.048340548340548344
12 0.7390306122448981 0.36002886002886003 0.008673469387755102 0.047619047619047616
14 0.3487244897959184 0.3538961038961039 0.00663265306122449 0.010822510822510822
14 0.7625000000000001 0.35425685425685427 0.00663265306122449 0.0101010101010101
14 0.7627551020408164 0.38961038961038963 0.006122448979591837 0.011544011544011544
14 0.34846938775510206 0.38961038961038963 0.006122448979591837 0.0101010101010101
8 0.29030612244897963 0.47619047619047616 0.0336734693877551 0.06060606060606061
1 0.09566326530612246 0.4758297258297258 0.027040816326530614 0.05844155844155844
1 0.41556122448979593 0.47619047619047616 0.027040816326530614 0.05916305916305916
12 0.2650510204081633 0.4816017316017316 0.008673469387755102 0.048340548340548344
13 0.3816326530612245 0.481962481962482 0.01326530612244898 0.049062049062049064
12 0.950765306122449 0.481962481962482 0.008673469387755102 0.049062049062049064
12 0.04872448979591837 0.4823232323232323 0.007653061224489797 0.048340548340548344
12 0.5278061224489796 0.4823232323232323 0.008673469387755102 0.048340548340548344
12 0.6168367346938776 0.4823232323232323 0.00816326530612245 0.048340548340548344
12 0.7392857142857143 0.481962481962482 0.00816326530612245 0.047619047619047616
12 0.8528061224489797 0.4823232323232323 0.008673469387755102 0.048340548340548344
14 0.1420918367346939 0.5119047619047619 0.00663265306122449 0.00937950937950938
1 0.09566326530612246 0.784992784992785 0.027040816326530614 0.05772005772005772
12 0.04872448979591837 0.8037518037518038 0.007653061224489797 0.049062049062049064
12 0.2209183673469388 0.803030303030303 0.00816326530612245 0.047619047619047616
12 0.4910714285714286 0.8033910533910534 0.008673469387755102 0.048340548340548344
12 0.5918367346938777 0.8033910533910534 0.00816326530612245 0.048340548340548344
12 0.6913265306122449 0.8033910533910534 0.00816326530612245 0.048340548340548344
12 0.9515306122448981 0.8033910533910534 0.00816326530612245 0.048340548340548344
12 0.36811224489795924 0.8037518037518038 0.008673469387755102 0.047619047619047616
12 0.8316326530612246 0.8037518037518038 0.00816326530612245 0.047619047619047616
1 0.09566326530612246 0.9072871572871573 0.027040816326530614 0.05555555555555555
12 0.22117346938775512 0.9256854256854257 0.00969387755102041 0.049062049062049064
12 0.36811224489795924 0.926046176046176 0.00969387755102041 0.049783549783549784
12 0.4918367346938776 0.9256854256854257 0.009183673469387756 0.049062049062049064
12 0.5923469387755103 0.926046176046176 0.009183673469387756 0.049783549783549784
12 0.6910714285714287 0.926046176046176 0.008673469387755102 0.049783549783549784
12 0.9512755102040817 0.926046176046176 0.008673469387755102 0.049783549783549784
12 0.048469387755102046 0.926046176046176 0.00816326530612245 0.048340548340548344
12 0.8318877551020409 0.926046176046176 0.008673469387755102 0.048340548340548344
26 0.06505102040816327 0.11688311688311688 0.02295918367346939 0.07503607503607504
18 0.18571428571428572 0.10678210678210678 0.0163265306122449 0.012987012987012988
18 0.3420918367346939 0.10678210678210678 0.01683673469387755 0.012987012987012988
17 0.39617346938775516 0.1038961038961039 0.00969387755102041 0.03751803751803752
18 0.4767857142857143 0.10678210678210678 0.01683673469387755 0.012987012987012988
18 0.5727040816326531 0.10678210678210678 0.01683673469387755 0.012987012987012988
18 0.678061224489796 0.10678210678210678 0.0163265306122449 0.012987012987012988
18 0.7959183673469389 0.10678210678210678 0.0163265306122449 0.012987012987012988
18 0.9020408163265307 0.10678210678210678 0.0163265306122449 0.012987012987012988
26 0.06505102040816327 0.23881673881673882 0.02295918367346939 0.07503607503607504
18 0.18571428571428572 0.22907647907647907 0.0163265306122449 0.013708513708513708
18 0.3420918367346939 0.22907647907647907 0.01683673469387755 0.013708513708513708
17 0.39617346938775516 0.22546897546897546 0.00969387755102041 0.0367965367965368
141 0.4528061224489796 0.2287157287157287 0.012755102040816327 0.0808080808080808
15 0.49413265306122456 0.2261904761904762 0.010714285714285714 0.0367965367965368
141 0.5415816326530613 0.2297979797979798 0.012755102040816327 0.08152958152958154
165 0.630357142857143 0.24963924963924963 0.010714285714285714 0.07503607503607504
163 0.6459183673469389 0.25036075036075034 0.011224489795918368 0.07503607503607504
161 0.6619897959183674 0.24963924963924963 0.010714285714285714 0.07503607503607504
167 0.6821428571428572 0.24963924963924963 0.011224489795918368 0.07647907647907648
15 0.6951530612244898 0.22582972582972582 0.00969387755102041 0.03463203463203463
166 0.7063775510204082 0.24963924963924963 0.010714285714285714 0.07647907647907648
170 0.7247448979591837 0.240981240981241 0.01683673469387755 0.09235209235209235
169 0.7520408163265306 0.2326839826839827 0.010204081632653062 0.06421356421356421
168 0.7706632653061225 0.23593073593073594 0.010714285714285714 0.05916305916305916
167 0.7885204081632654 0.23953823953823955 0.010714285714285714 0.05483405483405483
15 0.8015306122448981 0.22582972582972582 0.010204081632653062 0.03463203463203463
166 0.8112244897959184 0.2398989898989899 0.01326530612244898 0.05411255411255411
137 0.8283163265306123 0.24062049062049062 0.01479591836734694 0.05555555555555555
17 0.8614795918367347 0.2077922077922078 0.008673469387755102 0.03607503607503607
139 0.8724489795918368 0.2417027417027417 0.010204081632653062 0.08225108225108226
17 0.8895408163265307 0.24963924963924963 0.008673469387755102 0.03607503607503607
27 0.06556122448979593 0.36002886002886003 0.023979591836734697 0.05194805194805195
172 0.13239795918367347 0.34595959595959597 0.012755102040816327 0.08152958152958154
169 0.14489795918367349 0.354978354978355 0.010204081632653062 0.06349206349206349
167 0.15790816326530613 0.3621933621933622 0.010714285714285714 0.05627705627705628
169 0.1747448979591837 0.35678210678210676 0.010714285714285714 0.0670995670995671
167 0.18775510204081636 0.36363636363636365 0.010204081632653062 0.05916305916305916
165 0.200765306122449 0.3647186147186147 0.010714285714285714 0.05988455988455989
168 0.21760204081632656 0.3629148629148629 0.010714285714285714 0.06782106782106782
166 0.2306122448979592 0.36507936507936506 0.010204081632653062 0.06349206349206349
15 0.24362244897959187 0.36002886002886003 0.00969387755102041 0.03318903318903319
164 0.25331632653061226 0.3665223665223665 0.012755102040816327 0.06637806637806638
17 0.39617346938775516 0.3596681096681097 0.010714285714285714 0.0367965367965368
18 0.4767857142857143 0.3513708513708514 0.01683673469387755 0.012987012987012988
18 0.5727040816326531 0.3513708513708514 0.01683673469387755 0.012987012987012988
138 0.630357142857143 0.3596681096681097 0.011734693877551022 0.06132756132756133
139 0.6619897959183674 0.36002886002886003 0.011734693877551022 0.07503607503607504
132 0.703826530612245 0.37265512265512263 0.01479591836734694 0.07575757575757576
18 0.9020408163265307 0.35064935064935066 0.0163265306122449 0.012987012987012988
27 0.06556122448979593 0.4823232323232323 0.023979591836734697 0.051226551226551224
97 0.13214285714285715 0.4902597402597403 0.01326530612244898 0.06854256854256854
18 0.3418367346938776 0.47294372294372294 0.017346938775510204 0.013708513708513708
17 0.39617346938775516 0.4816017316017316 0.010714285714285714 0.0367965367965368
18 0.4767857142857143 0.47294372294372294 0.01683673469387755 0.013708513708513708
18 0.5724489795918368 0.4733044733044733 0.0163265306122449 0.012987012987012988
18 0.6783163265306124 0.4733044733044733 0.01683673469387755 0.012987012987012988
18 0.7961734693877551 0.4733044733044733 0.01683673469387755 0.012987012987012988
18 0.9020408163265307 0.47294372294372294 0.0163265306122449 0.013708513708513708
26 0.06505102040816327 0.8048340548340548 0.02295918367346939 0.07575757575757576
18 0.16377551020408165 0.7943722943722944 0.017346938775510204 0.012987012987012988
18 0.29464285714285715 0.7947330447330447 0.01683673469387755 0.013708513708513708
18 0.4295918367346939 0.7947330447330447 0.0163265306122449 0.013708513708513708
18 0.5415816326530613 0.7947330447330447 0.01683673469387755 0.013708513708513708
18 0.6415816326530612 0.7947330447330447 0.01683673469387755 0.013708513708513708
18 0.7614795918367347 0.7947330447330447 0.01683673469387755 0.013708513708513708
18 0.8915816326530613 0.7947330447330447 0.01683673469387755 0.013708513708513708
26 0.0653061224489796 0.9271284271284271 0.023469387755102045 0.07503607503607504
17 0.12244897959183675 0.895021645021645 0.009183673469387756 0.0367965367965368
139 0.13520408163265307 0.9076479076479076 0.014285714285714287 0.08946608946608947
158 0.24336734693877554 0.9336219336219336 0.0163265306122449 0.06926406926406926
161 0.264030612244898 0.9235209235209235 0.012755102040816327 0.05772005772005772
160 0.2834183673469388 0.9238816738816739 0.012755102040816327 0.06854256854256854
164 0.3053571428571429 0.9177489177489178 0.011734693877551022 0.06637806637806638
15 0.3191326530612245 0.9314574314574314 0.00969387755102041 0.03463203463203463
163 0.33086734693877556 0.9145021645021645 0.011734693877551022 0.07287157287157287
167 0.35204081632653067 0.9137806637806638 0.011224489795918368 0.07864357864357864
166 0.3816326530612245 0.9329004329004329 0.011224489795918368 0.06637806637806638
165 0.40102040816326534 0.9336219336219336 0.011224489795918368 0.06782106782106782
164 0.42040816326530617 0.9347041847041847 0.011224489795918368 0.06998556998556998
15 0.4344387755102041 0.9310966810966811 0.00969387755102041 0.03391053391053391
163 0.44438775510204087 0.935064935064935 0.01326530612244898 0.06926406926406926
134 0.46352040816326534 0.9361471861471862 0.013775510204081635 0.07142857142857142
138 0.5063775510204082 0.9101731601731602 0.01479591836734694 0.08441558441558442
138 0.6071428571428572 0.9083694083694084 0.0163265306122449 0.08802308802308802
129 0.6339285714285715 0.9206349206349206 0.012755102040816327 0.08658008658008658
128 0.664795918367347 0.93001443001443 0.014285714285714287 0.07792207792207792
157 0.7122448979591838 0.9368686868686869 0.0163265306122449 0.07575757575757576
160 0.7326530612244898 0.9253246753246753 0.01326530612244898 0.06277056277056277
159 0.7525510204081634 0.926046176046176 0.012244897959183675 0.07287157287157287
163 0.7742346938775511 0.9173881673881674 0.011734693877551022 0.06854256854256854
162 0.7936224489795919 0.9148629148629148 0.011734693877551022 0.07215007215007214
166 0.8153061224489797 0.9126984126984127 0.012244897959183675 0.07792207792207792
165 0.8474489795918368 0.9155844155844156 0.015306122448979593 0.07215007215007214
164 0.8658163265306124 0.9166666666666666 0.012244897959183675 0.07142857142857142
163 0.8846938775510205 0.9177489177489178 0.012244897959183675 0.06926406926406926
162 0.9040816326530613 0.9188311688311688 0.011224489795918368 0.0670995670995671
133 0.9234693877551021 0.9195526695526696 0.011224489795918368 0.06565656565656566
