8 0.17500000000000002 0.2774170274170274 0.039795918367346944 0.05988455988455989
12 0.11938775510204083 0.29545454545454547 0.0071428571428571435 0.049783549783549784
12 0.4650510204081633 0.2950937950937951 0.00969387755102041 0.047619047619047616
12 0.7086734693877552 0.2950937950937951 0.009183673469387756 0.047619047619047616
12 0.9512755102040817 0.29545454545454547 0.008673469387755102 0.048340548340548344
1 0.17525510204081635 0.4531024531024531 0.03928571428571429 0.06060606060606061
12 0.12015306122448981 0.4603174603174603 0.007653061224489797 0.049062049062049064
12 0.4650510204081633 0.4595959595959596 0.008673469387755102 0.047619047619047616
12 0.7089285714285715 0.45995670995670995 0.008673469387755102 0.048340548340548344
12 0.9512755102040817 0.45995670995670995 0.008673469387755102 0.048340548340548344
8 0.1747448979591837 0.6071428571428571 0.040306122448979596 0.06277056277056277
12 0.11989795918367348 0.6244588744588745 0.0071428571428571435 0.049783549783549784
12 0.9512755102040817 0.6244588744588745 0.008673469387755102 0.048340548340548344
12 0.46479591836734696 0.6248196248196248 0.009183673469387756 0.047619047619047616
12 0.7084183673469389 0.6244588744588745 0.008673469387755102 0.046897546897546896
8 0.17500000000000002 0.7579365079365079 0.039795918367346944 0.05988455988455989
12 0.12015306122448981 0.7637085137085137 0.00663265306122449 0.048340548340548344
12 0.46479591836734696 0.7633477633477633 0.009183673469387756 0.047619047619047616
12 0.7089285714285715 0.7640692640692641 0.008673469387755102 0.047619047619047616
12 0.9512755102040817 0.7637085137085137 0.008673469387755102 0.046897546897546896
26 0.138265306122449 0.2925685425685426 0.025510204081632654 0.09307359307359307
19 0.23852040816326534 0.2925685425685426 0.01683673469387755 0.012265512265512266
20 0.35229591836734697 0.29365079365079366 0.010714285714285714 0.03896103896103896
108 0.4114795918367347 0.2896825396825397 0.012755102040816327 0.06421356421356421
107 0.48265306122448987 0.29292929292929293 0.01326530612244898 0.05772005772005772
20 0.5385204081632654 0.29365079365079366 0.010714285714285714 0.0404040404040404
137 0.5979591836734695 0.29545454545454547 0.012244897959183675 0.051226551226551224
138 0.6255102040816327 0.29292929292929293 0.01326530612244898 0.05772005772005772
139 0.6558673469387756 0.29004329004329005 0.012755102040816327 0.06349206349206349
137 0.6806122448979592 0.29545454545454547 0.0163265306122449 0.051226551226551224
104 0.725765306122449 0.30158730158730157 0.012755102040816327 0.06349206349206349
20 0.7818877551020409 0.29365079365079366 0.010714285714285714 0.03896103896103896
137 0.8410714285714287 0.29545454545454547 0.012755102040816327 0.051226551226551224
138 0.8688775510204082 0.29292929292929293 0.01326530612244898 0.05772005772005772
139 0.8992346938775511 0.29004329004329005 0.012755102040816327 0.06349206349206349
137 0.9237244897959185 0.29545454545454547 0.01683673469387755 0.051226551226551224
27 0.1375 0.4603174603174603 0.02602040816326531 0.05194805194805195
76 0.23877551020408166 0.4657287157287157 0.01326530612244898 0.06132756132756133
76 0.35382653061224495 0.4660894660894661 0.012755102040816327 0.06204906204906205
80 0.48316326530612247 0.4541847041847042 0.01326530612244898 0.06421356421356421
80 0.5984693877551021 0.4541847041847042 0.01326530612244898 0.06421356421356421
81 0.7262755102040817 0.4512987012987013 0.01479591836734694 0.06998556998556998
81 0.8418367346938777 0.4512987012987013 0.015306122448979593 0.07142857142857142
26 0.13852040816326533 0.6215728715728716 0.025 0.09307359307359307
21 0.23877551020408166 0.6259018759018758 0.012244897959183675 0.025252525252525252
21 0.29642857142857143 0.6255411255411255 0.01326530612244898 0.025974025974025976
21 0.35408163265306125 0.6255411255411255 0.01326530612244898 0.025974025974025976
21 0.4117346938775511 0.6255411255411255 0.01326530612244898 0.025974025974025976
21 0.48290816326530617 0.6255411255411255 0.012755102040816327 0.025974025974025976
21 0.5408163265306123 0.6255411255411255 0.01326530612244898 0.025974025974025976
21 0.5984693877551021 0.6259018759018758 0.01326530612244898 0.025252525252525252
21 0.6561224489795919 0.6259018759018758 0.01326530612244898 0.025252525252525252
21 0.7262755102040817 0.6255411255411255 0.012755102040816327 0.025974025974025976
21 0.7839285714285715 0.6255411255411255 0.013775510204081635 0.025974025974025976
21 0.8415816326530613 0.6255411255411255 0.013775510204081635 0.025974025974025976
21 0.8994897959183674 0.6251803751803752 0.01326530612244898 0.025252525252525252
27 0.13724489795918368 0.7633477633477633 0.025510204081632654 0.05194805194805195
78 0.23852040816326534 0.762987012987013 0.012755102040816327 0.051226551226551224
78 0.35408163265306125 0.7633477633477633 0.01326530612244898 0.050505050505050504
77 0.48290816326530617 0.766955266955267 0.012755102040816327 0.05627705627705628
73 0.5989795918367348 0.7611832611832612 0.014285714285714287 0.05627705627705628
74 0.7270408163265307 0.7582972582972582 0.01326530612244898 0.06204906204906205
74 0.8423469387755103 0.7582972582972582 0.01326530612244898 0.06060606060606061
