11 0.9471938775510205 0.1240981240981241 0.013775510204081635 0.049062049062049064
12 0.44209183673469393 0.12445887445887446 0.008673469387755102 0.048340548340548344
12 0.6094387755102041 0.12445887445887446 0.008673469387755102 0.048340548340548344
12 0.22551020408163266 0.12518037518037517 0.010204081632653062 0.048340548340548344
12 0.5260204081632653 0.12481962481962482 0.009183673469387756 0.047619047619047616
12 0.6933673469387756 0.12481962481962482 0.009183673469387756 0.047619047619047616
12 0.7770408163265307 0.12481962481962482 0.009183673469387756 0.047619047619047616
12 0.8607142857142858 0.12481962481962482 0.009183673469387756 0.047619047619047616
12 0.048214285714285716 0.12554112554112554 0.007653061224489797 0.047619047619047616
12 0.3318877551020408 0.12554112554112554 0.008673469387755102 0.046176046176046176
12 0.6936224489795919 0.2344877344877345 0.00969387755102041 0.050505050505050504
12 0.8607142857142858 0.23376623376623376 0.009183673469387756 0.049062049062049064
12 0.22500000000000003 0.2344877344877345 0.009183673469387756 0.049062049062049064
12 0.44234693877551023 0.23412698412698413 0.00816326530612245 0.048340548340548344
12 0.6094387755102041 0.2344877344877345 0.007653061224489797 0.049062049062049064
12 0.7770408163265307 0.2344877344877345 0.009183673469387756 0.049062049062049064
11 0.9469387755102041 0.2344877344877345 0.01326530612244898 0.049062049062049064
12 0.048214285714285716 0.2352092352092352 0.007653061224489797 0.049062049062049064
12 0.3316326530612245 0.2352092352092352 0.009183673469387756 0.046176046176046176
12 0.5260204081632653 0.2352092352092352 0.009183673469387756 0.046176046176046176
11 0.9477040816326532 0.36327561327561325 0.012755102040816327 0.049783549783549784
12 0.525765306122449 0.36363636363636365 0.007653061224489797 0.049062049062049064
12 0.6094387755102041 0.36363636363636365 0.007653061224489797 0.049062049062049064
12 0.6931122448979592 0.36363636363636365 0.007653061224489797 0.049062049062049064
12 0.776530612244898 0.36327561327561325 0.00816326530612245 0.048340548340548344
12 0.8602040816326532 0.36327561327561325 0.00816326530612245 0.048340548340548344
12 0.048469387755102046 0.363997113997114 0.00816326530612245 0.048340548340548344
12 0.2247448979591837 0.36363636363636365 0.007653061224489797 0.047619047619047616
12 0.3318877551020408 0.36363636363636365 0.007653061224489797 0.047619047619047616
12 0.44209183673469393 0.36363636363636365 0.007653061224489797 0.047619047619047616
11 0.9474489795918368 0.47474747474747475 0.01326530612244898 0.049062049062049064
12 0.048214285714285716 0.4751082251082251 0.007653061224489797 0.048340548340548344
12 0.22500000000000003 0.4751082251082251 0.00816326530612245 0.048340548340548344
12 0.44234693877551023 0.4751082251082251 0.00816326530612245 0.048340548340548344
12 0.6094387755102041 0.4751082251082251 0.008673469387755102 0.048340548340548344
12 0.6931122448979592 0.47474747474747475 0.008673469387755102 0.047619047619047616
12 0.7767857142857143 0.4743867243867244 0.008673469387755102 0.046897546897546896
12 0.8604591836734695 0.4743867243867244 0.00969387755102041 0.046897546897546896
12 0.3316326530612245 0.4751082251082251 0.009183673469387756 0.046897546897546896
12 0.525765306122449 0.4754689754689755 0.008673469387755102 0.047619047619047616
12 0.04872448979591837 0.6038961038961039 0.008673469387755102 0.049062049062049064
11 0.9471938775510205 0.6035353535353535 0.013775510204081635 0.048340548340548344
12 0.22551020408163266 0.6042568542568543 0.010204081632653062 0.048340548340548344
12 0.3318877551020408 0.6038961038961039 0.008673469387755102 0.047619047619047616
12 0.4426020408163266 0.6042568542568543 0.00969387755102041 0.048340548340548344
12 0.6931122448979592 0.6042568542568543 0.008673469387755102 0.048340548340548344
12 0.7767857142857143 0.6042568542568543 0.008673469387755102 0.048340548340548344
12 0.8604591836734695 0.6038961038961039 0.008673469387755102 0.047619047619047616
12 0.5262755102040817 0.6042568542568543 0.008673469387755102 0.046897546897546896
12 0.6094387755102041 0.6038961038961039 0.008673469387755102 0.046176046176046176
12 0.22551020408163266 0.7135642135642135 0.010204081632653062 0.049062049062049064
12 0.4426020408163266 0.7135642135642135 0.00969387755102041 0.049062049062049064
11 0.9466836734693879 0.7132034632034632 0.013775510204081635 0.048340548340548344
12 0.3323979591836735 0.7135642135642135 0.010714285714285714 0.047619047619047616
12 0.6096938775510204 0.7135642135642135 0.009183673469387756 0.047619047619047616
12 0.6933673469387756 0.713924963924964 0.009183673469387756 0.048340548340548344
12 0.7770408163265307 0.713924963924964 0.009183673469387756 0.048340548340548344
12 0.048469387755102046 0.7142857142857143 0.00816326530612245 0.047619047619047616
12 0.8607142857142858 0.7142857142857143 0.009183673469387756 0.047619047619047616
12 0.5260204081632653 0.7142857142857143 0.009183673469387756 0.046176046176046176
12 0.2247448979591837 0.8232323232323232 0.008673469387755102 0.049062049062049064
12 0.6931122448979592 0.8228715728715729 0.008673469387755102 0.048340548340548344
12 0.7767857142857143 0.8228715728715729 0.008673469387755102 0.048340548340548344
12 0.8604591836734695 0.8228715728715729 0.008673469387755102 0.048340548340548344
11 0.9469387755102041 0.8232323232323232 0.01326530612244898 0.049062049062049064
12 0.04872448979591837 0.823953823953824 0.007653061224489797 0.049062049062049064
12 0.3318877551020408 0.8235930735930735 0.008673469387755102 0.048340548340548344
12 0.44209183673469393 0.8235930735930735 0.008673469387755102 0.048340548340548344
12 0.5260204081632653 0.8235930735930735 0.00816326530612245 0.048340548340548344
12 0.6091836734693878 0.8235930735930735 0.00816326530612245 0.048340548340548344
12 0.7770408163265307 0.9523809523809523 0.010204081632653062 0.050505050505050504
12 0.8604591836734695 0.9523809523809523 0.00969387755102041 0.050505050505050504
12 0.6933673469387756 0.9527417027417028 0.009183673469387756 0.049783549783549784
11 0.9471938775510205 0.9523809523809523 0.013775510204081635 0.049062049062049064
12 0.22500000000000003 0.9527417027417028 0.009183673469387756 0.048340548340548344
12 0.3316326530612245 0.9527417027417028 0.009183673469387756 0.048340548340548344
12 0.44234693877551023 0.9527417027417028 0.009183673469387756 0.048340548340548344
12 0.5260204081632653 0.9567099567099567 0.010204081632653062 0.05627705627705628
12 0.6096938775510204 0.9527417027417028 0.00816326530612245 0.048340548340548344
12 0.0489795918367347 0.9534632034632035 0.009183673469387756 0.048340548340548344
26 0.06683673469387756 0.12265512265512266 0.025510204081632654 0.09235209235209235
15 0.08954081632653062 0.10173160173160173 0.011734693877551022 0.03896103896103896
52 0.12321428571428572 0.12554112554112554 0.01683673469387755 0.05194805194805195
77 0.24464285714285716 0.1266233766233766 0.013775510204081635 0.05555555555555555
16 0.2780612244897959 0.10064935064935066 0.009183673469387756 0.03391053391053391
78 0.29158163265306125 0.12554112554112554 0.01479591836734694 0.05194805194805195
52 0.35714285714285715 0.12626262626262627 0.0163265306122449 0.05194805194805195
55 0.4683673469387756 0.11507936507936507 0.0163265306122449 0.06998556998556998
55 0.5517857142857143 0.11616161616161616 0.021938775510204084 0.0707070707070707
26 0.06683673469387756 0.23232323232323232 0.02653061224489796 0.09379509379509379
15 0.08979591836734695 0.21103896103896103 0.01326530612244898 0.03968253968253968
50 0.12372448979591838 0.23484848484848486 0.01683673469387755 0.051226551226551224
50 0.2461734693877551 0.23376623376623376 0.015816326530612247 0.050505050505050504
50 0.35714285714285715 0.2352092352092352 0.0163265306122449 0.05194805194805195
50 0.4678571428571429 0.23412698412698413 0.0163265306122449 0.051226551226551224
50 0.5520408163265307 0.2352092352092352 0.0163265306122449 0.05194805194805195
49 0.6349489795918368 0.23376623376623376 0.015816326530612247 0.05194805194805195
49 0.7188775510204082 0.23484848484848486 0.0163265306122449 0.05266955266955267
49 0.8028061224489796 0.23484848484848486 0.015816326530612247 0.051226551226551224
49 0.8864795918367347 0.23484848484848486 0.015816326530612247 0.051226551226551224
27 0.06581632653061226 0.3621933621933622 0.025510204081632654 0.050505050505050504
16 0.08903061224489797 0.36796536796536794 0.011734693877551022 0.03463203463203463
18 0.16352040816326532 0.354978354978355 0.01683673469387755 0.01443001443001443
18 0.2783163265306123 0.3556998556998557 0.015816326530612247 0.012987012987012988
18 0.3869897959183674 0.354978354978355 0.015816326530612247 0.012987012987012988
18 0.4841836734693878 0.35533910533910534 0.0163265306122449 0.013708513708513708
18 0.567857142857143 0.35533910533910534 0.0163265306122449 0.013708513708513708
18 0.651530612244898 0.35533910533910534 0.0163265306122449 0.013708513708513708
18 0.7349489795918368 0.3556998556998557 0.01683673469387755 0.01443001443001443
18 0.8186224489795919 0.35533910533910534 0.01683673469387755 0.013708513708513708
18 0.902295918367347 0.354978354978355 0.01683673469387755 0.01443001443001443
26 0.06709183673469388 0.4722222222222222 0.025 0.09307359307359307
73 0.12219387755102042 0.47186147186147187 0.01479591836734694 0.05772005772005772
72 0.18469387755102043 0.4754689754689755 0.014285714285714287 0.05194805194805195
73 0.2448979591836735 0.47186147186147187 0.014285714285714287 0.05483405483405483
16 0.2778061224489796 0.474025974025974 0.00969387755102041 0.03463203463203463
74 0.29183673469387755 0.46933621933621933 0.014285714285714287 0.06277056277056277
16 0.34234693877551026 0.4686147186147186 0.009183673469387756 0.03535353535353535
75 0.35561224489795923 0.4837662337662338 0.014285714285714287 0.0670995670995671
76 0.40204081632653066 0.48124098124098125 0.014285714285714287 0.06349206349206349
51 0.4681122448979592 0.4751082251082251 0.01683673469387755 0.051226551226551224
51 0.5517857142857143 0.4758297258297258 0.01683673469387755 0.051226551226551224
52 0.6357142857142858 0.4754689754689755 0.017346938775510204 0.050505050505050504
52 0.7196428571428573 0.47619047619047616 0.01683673469387755 0.05194805194805195
52 0.8028061224489796 0.4758297258297258 0.01683673469387755 0.051226551226551224
26 0.06709183673469388 0.6024531024531025 0.025 0.09235209235209235
15 0.08979591836734695 0.5815295815295816 0.012244897959183675 0.03896103896103896
77 0.12168367346938777 0.6075036075036075 0.013775510204081635 0.05772005772005772
76 0.18392857142857144 0.6107503607503607 0.013775510204081635 0.06277056277056277
77 0.24464285714285716 0.6067821067821068 0.013775510204081635 0.05627705627705628
16 0.2780612244897959 0.5800865800865801 0.009183673469387756 0.03463203463203463
78 0.2910714285714286 0.604978354978355 0.01479591836734694 0.05266955266955267
17 0.3433673469387755 0.5815295815295816 0.009183673469387756 0.04184704184704185
79 0.35586734693877553 0.6028138528138528 0.013775510204081635 0.05988455988455989
80 0.40204081632653066 0.5992063492063492 0.015306122448979593 0.06421356421356421
55 0.4678571428571429 0.5952380952380952 0.020408163265306124 0.06782106782106782
55 0.5517857142857143 0.5966810966810967 0.020918367346938777 0.0707070707070707
54 0.6357142857142858 0.5984848484848485 0.017346938775510204 0.06277056277056277
54 0.7191326530612245 0.5992063492063492 0.01785714285714286 0.06421356421356421
54 0.8028061224489796 0.5995670995670995 0.01785714285714286 0.06349206349206349
54 0.8864795918367347 0.5992063492063492 0.01683673469387755 0.06421356421356421
26 0.06709183673469388 0.7113997113997114 0.025 0.09235209235209235
15 0.08979591836734695 0.6908369408369408 0.012244897959183675 0.03968253968253968
77 0.12168367346938777 0.7164502164502164 0.013775510204081635 0.05772005772005772
76 0.18418367346938777 0.7196969696969697 0.014285714285714287 0.06277056277056277
77 0.24464285714285716 0.7160894660894661 0.013775510204081635 0.05411255411255411
76 0.29132653061224495 0.7200577200577201 0.014285714285714287 0.06204906204906205
77 0.35561224489795923 0.7171717171717171 0.014285714285714287 0.05772005772005772
16 0.38852040816326533 0.6901154401154401 0.008673469387755102 0.03391053391053391
78 0.40229591836734696 0.7146464646464646 0.01479591836734694 0.05266955266955267
51 0.4678571428571429 0.713924963924964 0.0163265306122449 0.049783549783549784
51 0.5517857142857143 0.7146464646464646 0.01683673469387755 0.051226551226551224
51 0.6352040816326531 0.7135642135642135 0.0163265306122449 0.050505050505050504
51 0.7191326530612245 0.713924963924964 0.01683673469387755 0.051226551226551224
51 0.8028061224489796 0.713924963924964 0.01683673469387755 0.051226551226551224
51 0.8867346938775511 0.713924963924964 0.0163265306122449 0.051226551226551224
26 0.06683673469387756 0.8210678210678211 0.025510204081632654 0.09235209235209235
15 0.08979591836734695 0.7997835497835498 0.012244897959183675 0.03968253968253968
18 0.16377551020408165 0.8145743145743146 0.0163265306122449 0.012987012987012988
18 0.2780612244897959 0.8145743145743146 0.0163265306122449 0.012987012987012988
18 0.3869897959183674 0.8145743145743146 0.015816326530612247 0.012987012987012988
18 0.4839285714285715 0.8145743145743146 0.015816326530612247 0.012987012987012988
18 0.5676020408163266 0.814935064935065 0.015816326530612247 0.013708513708513708
18 0.651530612244898 0.8145743145743146 0.015306122448979593 0.012987012987012988
18 0.7349489795918368 0.814935064935065 0.015816326530612247 0.013708513708513708
18 0.8188775510204083 0.8145743145743146 0.0163265306122449 0.01443001443001443
18 0.902295918367347 0.8145743145743146 0.015816326530612247 0.01443001443001443
27 0.06556122448979593 0.952020202020202 0.02602040816326531 0.051226551226551224
16 0.08877551020408164 0.9574314574314574 0.010204081632653062 0.03318903318903319
47 0.12372448979591838 0.952020202020202 0.01785714285714286 0.05266955266955267
47 0.2459183673469388 0.952020202020202 0.017346938775510204 0.05266955266955267
47 0.3573979591836735 0.9523809523809523 0.01785714285714286 0.05339105339105339
44 0.4681122448979592 0.9581529581529582 0.01785714285714286 0.06493506493506493
44 0.5517857142857143 0.9588744588744589 0.01785714285714286 0.06493506493506493
44 0.6344387755102041 0.9574314574314574 0.01785714285714286 0.06493506493506493
44 0.7196428571428573 0.9581529581529582 0.01785714285714286 0.06493506493506493
44 0.803826530612245 0.9595959595959596 0.01785714285714286 0.06493506493506493
44 0.8864795918367347 0.9581529581529582 0.01785714285714286 0.06493506493506493
