12 0.9515306122448981 0.13347763347763347 0.009183673469387756 0.049062049062049064
12 0.5193877551020408 0.13383838383838384 0.00816326530612245 0.048340548340548344
12 0.048214285714285716 0.1341991341991342 0.007653061224489797 0.047619047619047616
12 0.7357142857142858 0.1341991341991342 0.0071428571428571435 0.047619047619047616
12 0.3056122448979592 0.13383838383838384 0.00816326530612245 0.045454545454545456
12 0.9515306122448981 0.2593795093795094 0.00816326530612245 0.049783549783549784
12 0.048469387755102046 0.2597402597402597 0.00816326530612245 0.049062049062049064
12 0.7354591836734694 0.2593795093795094 0.008673469387755102 0.048340548340548344
12 0.3056122448979592 0.2597402597402597 0.009183673469387756 0.047619047619047616
12 0.5191326530612246 0.2597402597402597 0.008673469387755102 0.047619047619047616
12 0.3056122448979592 0.376984126984127 0.00816326530612245 0.048340548340548344
12 0.5193877551020408 0.376984126984127 0.009183673469387756 0.048340548340548344
12 0.048469387755102046 0.3777056277056277 0.00816326530612245 0.048340548340548344
12 0.7354591836734694 0.376984126984127 0.008673469387755102 0.046897546897546896
12 0.9510204081632654 0.37734487734487737 0.00816326530612245 0.047619047619047616
12 0.3091836734693878 0.6424963924963925 0.009183673469387756 0.048340548340548344
12 0.5214285714285715 0.6424963924963925 0.009183673469387756 0.048340548340548344
12 0.9515306122448981 0.6428571428571429 0.010204081632653062 0.049062049062049064
12 0.048214285714285716 0.6432178932178932 0.007653061224489797 0.048340548340548344
12 0.7318877551020408 0.6432178932178932 0.007653061224489797 0.046897546897546896
12 0.9515306122448981 0.7687590187590188 0.00816326530612245 0.049783549783549784
12 0.048469387755102046 0.7687590187590188 0.00816326530612245 0.048340548340548344
12 0.3094387755102041 0.7691197691197691 0.008673469387755102 0.046176046176046176
12 0.5216836734693878 0.7691197691197691 0.008673469387755102 0.046176046176046176
12 0.7321428571428572 0.7691197691197691 0.009183673469387756 0.046176046176046176
14 0.7645408163265307 0.8326118326118326 0.007653061224489797 0.011544011544011544
12 0.7321428571428572 0.8856421356421357 0.009183673469387756 0.048340548340548344
12 0.9515306122448981 0.8863636363636364 0.00816326530612245 0.049783549783549784
12 0.04872448979591837 0.8863636363636364 0.007653061224489797 0.048340548340548344
12 0.3091836734693878 0.886002886002886 0.009183673469387756 0.047619047619047616
12 0.5216836734693878 0.8856421356421357 0.008673469387755102 0.046897546897546896
27 0.06352040816326532 0.13347763347763347 0.025 0.05194805194805195
15 0.08775510204081634 0.12265512265512266 0.012244897959183675 0.03607503607503607
135 0.11658163265306123 0.13636363636363635 0.010714285714285714 0.05772005772005772
137 0.14285714285714288 0.13600288600288601 0.011224489795918368 0.05555555555555555
136 0.16658163265306125 0.13672438672438672 0.010714285714285714 0.056998556998557
135 0.18877551020408165 0.13636363636363635 0.014285714285714287 0.05627705627705628
139 0.21683673469387757 0.12878787878787878 0.011224489795918368 0.06277056277056277
137 0.238265306122449 0.1341991341991342 0.011224489795918368 0.050505050505050504
136 0.2622448979591837 0.1349206349206349 0.011224489795918368 0.05339105339105339
135 0.28443877551020413 0.13636363636363635 0.01479591836734694 0.05627705627705628
134 0.32806122448979597 0.14213564213564214 0.011224489795918368 0.06637806637806638
17 0.34566326530612246 0.12157287157287157 0.008673469387755102 0.03535353535353535
136 0.3563775510204082 0.14213564213564214 0.010714285714285714 0.06637806637806638
135 0.3801020408163266 0.14105339105339104 0.011224489795918368 0.0670995670995671
134 0.40229591836734696 0.1414141414141414 0.01479591836734694 0.06637806637806638
139 0.4301020408163266 0.12950937950937952 0.010204081632653062 0.06421356421356421
136 0.451530612244898 0.1370851370851371 0.011224489795918368 0.05772005772005772
135 0.47576530612244905 0.13924963924963926 0.010714285714285714 0.06349206349206349
134 0.4982142857142858 0.14177489177489178 0.01479591836734694 0.0670995670995671
141 0.5423469387755102 0.12229437229437229 0.012244897959183675 0.07575757575757576
140 0.5658163265306123 0.1259018759018759 0.012244897959183675 0.06854256854256854
139 0.589795918367347 0.12878787878787878 0.011224489795918368 0.06277056277056277
138 0.6114795918367347 0.13167388167388167 0.01479591836734694 0.056998556998557
15 0.6321428571428572 0.11652236652236653 0.010204081632653062 0.03535353535353535
137 0.6433673469387756 0.13528138528138528 0.011224489795918368 0.05411255411255411
136 0.667091836734694 0.13600288600288601 0.010714285714285714 0.05555555555555555
135 0.6910714285714287 0.13600288600288601 0.010714285714285714 0.05555555555555555
136 0.7132653061224491 0.13672438672438672 0.015306122448979593 0.056998556998557
15 0.7469387755102042 0.11652236652236653 0.010204081632653062 0.03535353535353535
137 0.7581632653061225 0.13383838383838384 0.011224489795918368 0.051226551226551224
138 0.7816326530612245 0.13167388167388167 0.011224489795918368 0.056998556998557
139 0.8058673469387756 0.12806637806637808 0.010714285714285714 0.06277056277056277
140 0.8285714285714286 0.12518037518037517 0.015306122448979593 0.06854256854256854
141 0.853826530612245 0.12229437229437229 0.012755102040816327 0.07575757575757576
140 0.8775510204081634 0.12554112554112554 0.012244897959183675 0.06926406926406926
141 0.9012755102040817 0.12265512265512266 0.012755102040816327 0.07647907647907648
139 0.928826530612245 0.12914862914862915 0.01479591836734694 0.06349206349206349
26 0.06505102040816327 0.26046176046176045 0.02295918367346939 0.07503607503607504
15 0.08775510204081634 0.23593073593073594 0.010204081632653062 0.03463203463203463
108 0.11658163265306123 0.25432900432900435 0.010714285714285714 0.06277056277056277
103 0.16683673469387755 0.2676767676767677 0.011224489795918368 0.06637806637806638
106 0.2170918367346939 0.2593795093795094 0.011734693877551022 0.051226551226551224
108 0.26198979591836735 0.25396825396825395 0.010714285714285714 0.06349206349206349
110 0.32806122448979597 0.2481962481962482 0.012244897959183675 0.07503607503607504
15 0.3688775510204082 0.23015873015873015 0.010204081632653062 0.03463203463203463
139 0.3801020408163266 0.25396825396825395 0.011224489795918368 0.06349206349206349
106 0.4303571428571429 0.2597402597402597 0.011734693877551022 0.050505050505050504
103 0.47602040816326535 0.268037518037518 0.011224489795918368 0.0670995670995671
15 0.5308673469387756 0.27164502164502163 0.010714285714285714 0.03535353535353535
101 0.5428571428571429 0.2564935064935065 0.011224489795918368 0.056998556998557
103 0.5900510204081634 0.2676767676767677 0.011734693877551022 0.06782106782106782
130 0.6451530612244899 0.26334776334776333 0.01479591836734694 0.05772005772005772
131 0.667091836734694 0.2597402597402597 0.011734693877551022 0.05194805194805195
132 0.6913265306122449 0.25901875901875904 0.011224489795918368 0.05194805194805195
133 0.7153061224489796 0.25757575757575757 0.011224489795918368 0.05627705627705628
134 0.7581632653061225 0.2683982683982684 0.011224489795918368 0.06782106782106782
135 0.7818877551020409 0.26695526695526695 0.010714285714285714 0.06637806637806638
136 0.8058673469387756 0.2665945165945166 0.010714285714285714 0.06565656565656566
135 0.8278061224489797 0.26587301587301587 0.01479591836734694 0.06421356421356421
134 0.8563775510204082 0.2528860028860029 0.01479591836734694 0.06565656565656566
133 0.878061224489796 0.2528860028860029 0.012244897959183675 0.06565656565656566
134 0.902295918367347 0.25216450216450215 0.011734693877551022 0.06565656565656566
15 0.9201530612244899 0.27164502164502163 0.00969387755102041 0.03391053391053391
132 0.9313775510204082 0.2518037518037518 0.010714285714285714 0.06493506493506493
27 0.0642857142857143 0.37662337662337664 0.02448979591836735 0.05194805194805195
15 0.08775510204081634 0.3658008658008658 0.011224489795918368 0.03607503607503607
76 0.11862244897959184 0.38311688311688313 0.013775510204081635 0.06204906204906205
19 0.21836734693877552 0.3740981240981241 0.0163265306122449 0.012265512265512266
15 0.3163265306122449 0.36002886002886003 0.010204081632653062 0.03463203463203463
78 0.32984693877551025 0.376984126984127 0.013775510204081635 0.051226551226551224
19 0.43214285714285716 0.37481962481962483 0.0163265306122449 0.012265512265512266
80 0.5436224489795919 0.37193362193362195 0.01479591836734694 0.06277056277056277
19 0.6448979591836735 0.37445887445887444 0.0163265306122449 0.011544011544011544
20 0.7568877551020409 0.3722943722943723 0.011734693877551022 0.03463203463203463
111 0.8063775510204082 0.36363636363636365 0.013775510204081635 0.08225108225108226
15 0.8423469387755103 0.3593073593073593 0.010204081632653062 0.03463203463203463
106 0.8540816326530613 0.37662337662337664 0.011224489795918368 0.050505050505050504
104 0.901530612244898 0.3838383838383838 0.011224489795918368 0.06349206349206349
27 0.06403061224489796 0.6428571428571429 0.025 0.05194805194805195
15 0.08775510204081634 0.6313131313131313 0.010204081632653062 0.03463203463203463
140 0.11734693877551021 0.6341991341991342 0.01326530612244898 0.06782106782106782
141 0.14158163265306123 0.6313131313131313 0.012755102040816327 0.07503607503607504
142 0.16632653061224492 0.6284271284271284 0.01326530612244898 0.08225108225108226
17 0.18392857142857144 0.5891053391053391 0.008673469387755102 0.0367965367965368
143 0.1931122448979592 0.6255411255411255 0.015816326530612247 0.08658008658008658
138 0.21734693877551023 0.6403318903318903 0.011224489795918368 0.056998556998557
139 0.24183673469387756 0.6374458874458875 0.011224489795918368 0.06277056277056277
140 0.26607142857142857 0.6345598845598845 0.011734693877551022 0.06854256854256854
141 0.28877551020408165 0.6313131313131313 0.015306122448979593 0.07503607503607504
139 0.32602040816326533 0.637085137085137 0.012244897959183675 0.06204906204906205
140 0.35000000000000003 0.6338383838383839 0.012244897959183675 0.06854256854256854
141 0.3744897959183674 0.6305916305916306 0.012244897959183675 0.07503607503607504
142 0.3977040816326531 0.6284271284271284 0.015816326530612247 0.0808080808080808
15 0.41785714285714287 0.6255411255411255 0.010204081632653062 0.03463203463203463
137 0.42908163265306126 0.6428571428571429 0.011224489795918368 0.05194805194805195
138 0.4538265306122449 0.6403318903318903 0.011734693877551022 0.056998556998557
139 0.478061224489796 0.6374458874458875 0.011224489795918368 0.06277056277056277
140 0.5007653061224491 0.6345598845598845 0.015816326530612247 0.06854256854256854
138 0.5380102040816327 0.6403318903318903 0.011734693877551022 0.056998556998557
139 0.5625 0.6374458874458875 0.011734693877551022 0.06277056277056277
140 0.5869897959183674 0.6341991341991342 0.011734693877551022 0.06926406926406926
141 0.6099489795918368 0.6313131313131313 0.015816326530612247 0.07503607503607504
136 0.6341836734693879 0.6432178932178932 0.011224489795918368 0.05266955266955267
15 0.6525510204081634 0.6251803751803752 0.010204081632653062 0.03535353535353535
137 0.6637755102040817 0.6424963924963925 0.011224489795918368 0.051226551226551224
138 0.6882653061224491 0.63997113997114 0.011224489795918368 0.05627705627705628
139 0.7107142857142857 0.6378066378066378 0.015306122448979593 0.06204906204906205
15 0.7433673469387756 0.6255411255411255 0.010204081632653062 0.03607503607503607
137 0.754591836734694 0.6432178932178932 0.011224489795918368 0.05266955266955267
138 0.7790816326530613 0.6414141414141414 0.011224489795918368 0.05916305916305916
139 0.8035714285714286 0.6388888888888888 0.011224489795918368 0.06565656565656566
135 0.8244897959183675 0.6453823953823954 0.014285714285714287 0.05555555555555555
137 0.851530612244898 0.6432178932178932 0.011224489795918368 0.051226551226551224
139 0.8744897959183674 0.6374458874458875 0.014285714285714287 0.06277056277056277
111 0.9020408163265307 0.6287878787878788 0.01326530612244898 0.08152958152958154
26 0.06505102040816327 0.7698412698412699 0.023979591836734697 0.07503607503607504
15 0.08775510204081634 0.7445887445887446 0.010204081632653062 0.03463203463203463
52 0.12091836734693878 0.7694805194805194 0.018367346938775512 0.051226551226551224
52 0.33010204081632655 0.7691197691197691 0.017346938775510204 0.05194805194805195
52 0.5423469387755102 0.7691197691197691 0.017346938775510204 0.05194805194805195
78 0.7566326530612245 0.7687590187590188 0.014285714285714287 0.051226551226551224
137 0.851530612244898 0.7694805194805194 0.011224489795918368 0.05411255411255411
136 0.8767857142857144 0.7712842712842712 0.010714285714285714 0.05772005772005772
135 0.9020408163265307 0.773088023088023 0.011224489795918368 0.06132756132756133
134 0.9301020408163266 0.7752525252525253 0.014285714285714287 0.06421356421356421
27 0.06377551020408163 0.8852813852813853 0.025510204081632654 0.05339105339105339
15 0.08775510204081634 0.8751803751803752 0.011224489795918368 0.03607503607503607
107 0.1170918367346939 0.8831168831168831 0.011734693877551022 0.05772005772005772
100 0.16581632653061226 0.8863636363636364 0.011224489795918368 0.051226551226551224
102 0.21734693877551023 0.8802308802308803 0.011224489795918368 0.06204906204906205
100 0.26607142857142857 0.8863636363636364 0.011734693877551022 0.051226551226551224
20 0.32448979591836735 0.8816738816738817 0.012244897959183675 0.03607503607503607
104 0.3744897959183674 0.8928571428571429 0.011224489795918368 0.06421356421356421
15 0.41785714285714287 0.8686868686868687 0.010204081632653062 0.03463203463203463
106 0.4295918367346939 0.886002886002886 0.011224489795918368 0.050505050505050504
104 0.478061224489796 0.8924963924963925 0.011224489795918368 0.06493506493506493
20 0.536734693877551 0.8820346320346321 0.01326530612244898 0.0367965367965368
107 0.5872448979591838 0.8834776334776335 0.012244897959183675 0.05844155844155844
109 0.6336734693877552 0.8773448773448773 0.012244897959183675 0.06782106782106782
107 0.6885204081632653 0.8831168831168831 0.011734693877551022 0.05772005772005772
111 0.7548469387755102 0.8719336219336219 0.013775510204081635 0.08152958152958154
141 0.8262755102040817 0.8740981240981242 0.012755102040816327 0.07575757575757576
140 0.8517857142857144 0.876984126984127 0.011734693877551022 0.0670995670995671
139 0.8767857142857144 0.8802308802308803 0.010714285714285714 0.06204906204906205
138 0.902295918367347 0.8834776334776335 0.010714285714285714 0.056998556998557
15 0.9209183673469389 0.8686868686868687 0.010204081632653062 0.03607503607503607
137 0.9308673469387756 0.8856421356421357 0.013775510204081635 0.051226551226551224
