12 0.048469387755102046 0.11507936507936507 0.0071428571428571435 0.049783549783549784
12 0.9515306122448981 0.11544011544011544 0.009183673469387756 0.049062049062049064
12 0.3017857142857143 0.11544011544011544 0.007653061224489797 0.047619047619047616
12 0.5193877551020408 0.11580086580086581 0.00816326530612245 0.048340548340548344
12 0.7336734693877551 0.11652236652236653 0.00816326530612245 0.048340548340548344
12 0.04872448979591837 0.2683982683982684 0.007653061224489797 0.049062049062049064
12 0.9515306122448981 0.2683982683982684 0.009183673469387756 0.049062049062049064
12 0.3020408163265306 0.2683982683982684 0.00816326530612245 0.047619047619047616
12 0.5196428571428572 0.2683982683982684 0.008673469387755102 0.047619047619047616
12 0.7344387755102042 0.268037518037518 0.007653061224489797 0.046897546897546896
12 0.7341836734693878 0.4199134199134199 0.00816326530612245 0.047619047619047616
12 0.9515306122448981 0.42063492063492064 0.009183673469387756 0.049062049062049064
12 0.048214285714285716 0.420995670995671 0.008673469387755102 0.048340548340548344
12 0.3020408163265306 0.4202741702741703 0.00816326530612245 0.046897546897546896
12 0.5196428571428572 0.42063492063492064 0.008673469387755102 0.047619047619047616
12 0.9512755102040817 0.5732323232323232 0.008673469387755102 0.048340548340548344
12 0.048214285714285716 0.573953823953824 0.007653061224489797 0.048340548340548344
12 0.3020408163265306 0.5735930735930735 0.00816326530612245 0.047619047619047616
12 0.5196428571428572 0.5735930735930735 0.008673469387755102 0.047619047619047616
12 0.7341836734693878 0.5735930735930735 0.00816326530612245 0.047619047619047616
12 0.048214285714285716 0.7261904761904762 0.007653061224489797 0.048340548340548344
12 0.5198979591836735 0.7258297258297258 0.009183673469387756 0.047619047619047616
12 0.9515306122448981 0.7261904761904762 0.00816326530612245 0.048340548340548344
12 0.3025510204081633 0.7265512265512265 0.009183673469387756 0.047619047619047616
12 0.7349489795918368 0.7265512265512265 0.008673469387755102 0.047619047619047616
26 0.06479591836734694 0.11580086580086581 0.022448979591836737 0.08297258297258298
128 0.10408163265306124 0.12373737373737374 0.01938775510204082 0.06998556998556998
128 0.12806122448979593 0.1240981240981241 0.015306122448979593 0.06926406926406926
16 0.1413265306122449 0.15007215007215008 0.00816326530612245 0.03318903318903319
127 0.15433673469387757 0.1266233766233766 0.01479591836734694 0.07431457431457432
128 0.18010204081632655 0.1240981240981241 0.015306122448979593 0.06926406926406926
21 0.20484693877551022 0.11471861471861472 0.011734693877551022 0.023088023088023088
125 0.23367346938775513 0.13347763347763347 0.02142857142857143 0.08802308802308802
21 0.25510204081632654 0.11471861471861472 0.012244897959183675 0.023088023088023088
125 0.2841836734693878 0.13275613275613277 0.02142857142857143 0.08802308802308802
128 0.31734693877551023 0.12445887445887446 0.01938775510204082 0.06854256854256854
131 0.3436224489795919 0.11580086580086581 0.013775510204081635 0.05266955266955267
130 0.36862244897959184 0.11868686868686869 0.013775510204081635 0.05844155844155844
128 0.39336734693877556 0.1240981240981241 0.015306122448979593 0.06926406926406926
19 0.4188775510204082 0.11219336219336219 0.0163265306122449 0.013708513708513708
128 0.5352040816326531 0.12337662337662338 0.018367346938775512 0.06782106782106782
128 0.5604591836734695 0.12373737373737374 0.01479591836734694 0.06854256854256854
16 0.5734693877551021 0.15007215007215008 0.00816326530612245 0.03318903318903319
127 0.5867346938775511 0.1266233766233766 0.014285714285714287 0.07431457431457432
128 0.6125 0.12373737373737374 0.015816326530612247 0.06854256854256854
21 0.6369897959183674 0.11435786435786435 0.011734693877551022 0.022366522366522368
125 0.6660714285714286 0.1331168831168831 0.021938775510204084 0.0873015873015873
21 0.6872448979591838 0.11435786435786435 0.011224489795918368 0.022366522366522368
125 0.7160714285714286 0.1331168831168831 0.021938775510204084 0.0873015873015873
128 0.7494897959183674 0.1240981240981241 0.01938775510204082 0.06926406926406926
131 0.7757653061224491 0.11544011544011544 0.013775510204081635 0.05194805194805195
130 0.800765306122449 0.11832611832611832 0.013775510204081635 0.05772005772005772
128 0.825765306122449 0.1240981240981241 0.01479591836734694 0.06926406926406926
19 0.8505102040816327 0.11255411255411256 0.0163265306122449 0.012987012987012988
26 0.06479591836734694 0.26875901875901875 0.022448979591836737 0.08441558441558442
135 0.10153061224489797 0.2745310245310245 0.01326530612244898 0.06421356421356421
135 0.1278061224489796 0.2748917748917749 0.012755102040816327 0.06349206349206349
16 0.14158163265306123 0.2597402597402597 0.008673469387755102 0.03318903318903319
134 0.15408163265306124 0.2748917748917749 0.01326530612244898 0.06349206349206349
135 0.17704081632653063 0.2745310245310245 0.018367346938775512 0.06421356421356421
19 0.20612244897959187 0.26587301587301587 0.0163265306122449 0.015151515151515152
18 0.41096938775510206 0.25865800865800864 0.01683673469387755 0.015151515151515152
135 0.5336734693877552 0.2745310245310245 0.01326530612244898 0.06421356421356421
135 0.5599489795918368 0.2748917748917749 0.012755102040816327 0.06493506493506493
16 0.5737244897959184 0.26046176046176045 0.008673469387755102 0.03318903318903319
134 0.5862244897959185 0.2745310245310245 0.01326530612244898 0.06421356421356421
135 0.6099489795918368 0.2741702741702742 0.01683673469387755 0.06349206349206349
19 0.638265306122449 0.26551226551226553 0.0163265306122449 0.01443001443001443
18 0.8433673469387756 0.2593795093795094 0.0163265306122449 0.015151515151515152
28 0.06479591836734694 0.420995670995671 0.02448979591836735 0.051226551226551224
134 0.1017857142857143 0.4274891774891775 0.013775510204081635 0.06421356421356421
134 0.12831632653061226 0.4264069264069264 0.013775510204081635 0.06349206349206349
16 0.1413265306122449 0.41955266955266957 0.009183673469387756 0.031024531024531024
133 0.1538265306122449 0.42676767676767674 0.013775510204081635 0.06421356421356421
134 0.17780612244897961 0.42676767676767674 0.018877551020408164 0.06421356421356421
20 0.20484693877551022 0.4202741702741703 0.011734693877551022 0.022366522366522368
131 0.2344387755102041 0.4199134199134199 0.020918367346938777 0.050505050505050504
21 0.25510204081632654 0.4199134199134199 0.011224489795918368 0.023088023088023088
131 0.28469387755102044 0.42063492063492064 0.020408163265306124 0.050505050505050504
134 0.31556122448979596 0.4292929292929293 0.012755102040816327 0.06637806637806638
137 0.3438775510204082 0.4282106782106782 0.01326530612244898 0.0670995670995671
136 0.36836734693877554 0.42857142857142855 0.01326530612244898 0.06637806637806638
134 0.39056122448979597 0.4282106782106782 0.01785714285714286 0.06565656565656566
19 0.41913265306122455 0.4184704184704185 0.015816326530612247 0.01443001443001443
134 0.5339285714285715 0.42676767676767674 0.013775510204081635 0.06421356421356421
134 0.5604591836734695 0.42676767676767674 0.013775510204081635 0.06277056277056277
16 0.5737244897959184 0.4199134199134199 0.008673469387755102 0.031746031746031744
133 0.5862244897959185 0.42712842712842713 0.01326530612244898 0.06349206349206349
134 0.6104591836734694 0.4264069264069264 0.01785714285714286 0.06349206349206349
20 0.6367346938775511 0.4199134199134199 0.011224489795918368 0.023088023088023088
131 0.6668367346938776 0.42063492063492064 0.02142857142857143 0.050505050505050504
21 0.6872448979591838 0.4199134199134199 0.011224489795918368 0.023088023088023088
131 0.7170918367346939 0.420995670995671 0.020918367346938777 0.049783549783549784
134 0.7479591836734695 0.42893217893217894 0.01326530612244898 0.06565656565656566
137 0.7757653061224491 0.42893217893217894 0.013775510204081635 0.06565656565656566
136 0.8005102040816328 0.4282106782106782 0.01326530612244898 0.0670995670995671
134 0.8229591836734694 0.42784992784992787 0.018367346938775512 0.06637806637806638
19 0.8510204081632654 0.4184704184704185 0.0163265306122449 0.012987012987012988
27 0.06505102040816327 0.5735930735930735 0.02602040816326531 0.05194805194805195
140 0.10229591836734694 0.5645743145743146 0.015816326530612247 0.06854256854256854
140 0.12831632653061226 0.5652958152958153 0.01479591836734694 0.06854256854256854
16 0.1413265306122449 0.5364357864357865 0.00816326530612245 0.032467532467532464
139 0.1538265306122449 0.5681818181818182 0.013775510204081635 0.06421356421356421
140 0.17704081632653063 0.5645743145743146 0.01938775510204082 0.06998556998556998
19 0.2056122448979592 0.5707070707070707 0.015306122448979593 0.011544011544011544
18 0.41096938775510206 0.5645743145743146 0.01683673469387755 0.013708513708513708
140 0.5349489795918367 0.5645743145743146 0.015816326530612247 0.06998556998556998
140 0.5609693877551021 0.564935064935065 0.01479591836734694 0.06926406926406926
16 0.5734693877551021 0.5364357864357865 0.00816326530612245 0.032467532467532464
139 0.5859693877551021 0.5678210678210678 0.013775510204081635 0.06349206349206349
140 0.6096938775510204 0.564935064935065 0.01938775510204082 0.06926406926406926
19 0.6380102040816327 0.5707070707070707 0.015816326530612247 0.011544011544011544
18 0.8431122448979592 0.5645743145743146 0.01683673469387755 0.013708513708513708
37 0.06454081632653062 0.7326839826839827 0.02602040816326531 0.06565656565656566
133 0.10408163265306124 0.7027417027417028 0.01938775510204082 0.09523809523809523
140 0.1278061224489796 0.7038239538239538 0.015816326530612247 0.09740259740259741
133 0.15357142857142858 0.7045454545454546 0.01326530612244898 0.09595959595959595
140 0.17984693877551022 0.7038239538239538 0.01479591836734694 0.09595959595959595
133 0.20816326530612247 0.7041847041847041 0.018367346938775512 0.09812409812409813
140 0.2306122448979592 0.7038239538239538 0.014285714285714287 0.09595959595959595
133 0.25586734693877555 0.7052669552669553 0.012755102040816327 0.09595959595959595
140 0.2808673469387755 0.7038239538239538 0.01479591836734694 0.09740259740259741
133 0.31836734693877555 0.7045454545454546 0.018367346938775512 0.09740259740259741
140 0.3436224489795919 0.7041847041847041 0.01479591836734694 0.09668109668109669
133 0.36862244897959184 0.7049062049062049 0.012755102040816327 0.09668109668109669
140 0.39362244897959187 0.7041847041847041 0.01479591836734694 0.09668109668109669
133 0.42193877551020414 0.7041847041847041 0.01938775510204082 0.09812409812409813
140 0.4466836734693878 0.7041847041847041 0.01479591836734694 0.09668109668109669
133 0.47040816326530616 0.7052669552669553 0.01326530612244898 0.09595959595959595
140 0.4982142857142858 0.7041847041847041 0.01479591836734694 0.09668109668109669
133 0.5369897959183674 0.7038239538239538 0.018877551020408164 0.09740259740259741
140 0.5602040816326531 0.7041847041847041 0.015306122448979593 0.09668109668109669
133 0.5862244897959185 0.7049062049062049 0.01326530612244898 0.09668109668109669
140 0.6122448979591837 0.7034632034632035 0.015306122448979593 0.09668109668109669
133 0.6403061224489797 0.7038239538239538 0.017346938775510204 0.09740259740259741
140 0.6627551020408163 0.7038239538239538 0.015306122448979593 0.09595959595959595
133 0.6882653061224491 0.7049062049062049 0.01326530612244898 0.09668109668109669
140 0.7130102040816327 0.7038239538239538 0.01479591836734694 0.09595959595959595
133 0.7507653061224491 0.7038239538239538 0.01785714285714286 0.09595959595959595
140 0.7755102040816327 0.7041847041847041 0.015306122448979593 0.09668109668109669
133 0.8012755102040817 0.7045454545454546 0.012755102040816327 0.09595959595959595
140 0.8255102040816328 0.7034632034632035 0.015306122448979593 0.09668109668109669
133 0.8540816326530613 0.7034632034632035 0.018367346938775512 0.09668109668109669
140 0.878826530612245 0.7045454545454546 0.015816326530612247 0.09740259740259741
133 0.903061224489796 0.7038239538239538 0.01326530612244898 0.09740259740259741
140 0.930357142857143 0.7034632034632035 0.01479591836734694 0.09668109668109669
