10 0.10765306122448981 0.17893217893217894 0.0489795918367347 0.05916305916305916
11 0.9474489795918368 0.18614718614718614 0.01326530612244898 0.049062049062049064
12 0.42627551020408166 0.18722943722943722 0.00663265306122449 0.049783549783549784
12 0.7497448979591838 0.1865079365079365 0.008673469387755102 0.048340548340548344
12 0.048214285714285716 0.18722943722943722 0.008673469387755102 0.048340548340548344
12 0.2872448979591837 0.18686868686868688 0.00816326530612245 0.047619047619047616
12 0.5984693877551021 0.1865079365079365 0.009183673469387756 0.046897546897546896
12 0.8704081632653062 0.1865079365079365 0.009183673469387756 0.046897546897546896
10 0.10765306122448981 0.3170995670995671 0.05 0.05844155844155844
12 0.2869897959183674 0.3246753246753247 0.008673469387755102 0.049062049062049064
12 0.42627551020408166 0.3217893217893218 0.00663265306122449 0.04329004329004329
12 0.048214285714285716 0.325036075036075 0.008673469387755102 0.048340548340548344
12 0.5987244897959184 0.3253968253968254 0.008673469387755102 0.049062049062049064
12 0.8701530612244899 0.3246753246753247 0.008673469387755102 0.047619047619047616
11 0.9471938775510205 0.325036075036075 0.012755102040816327 0.048340548340548344
12 0.7497448979591838 0.3253968253968254 0.007653061224489797 0.047619047619047616
10 0.10765306122448981 0.455988455988456 0.05102040816326531 0.05916305916305916
12 0.2869897959183674 0.46356421356421357 0.007653061224489797 0.049783549783549784
12 0.42627551020408166 0.46176046176046176 0.007653061224489797 0.046176046176046176
11 0.9471938775510205 0.46284271284271283 0.012755102040816327 0.048340548340548344
12 0.5982142857142858 0.46356421356421357 0.00969387755102041 0.048340548340548344
12 0.8701530612244899 0.46320346320346323 0.008673469387755102 0.047619047619047616
12 0.047959183673469394 0.4639249639249639 0.00816326530612245 0.047619047619047616
12 0.7500000000000001 0.46356421356421357 0.00816326530612245 0.046897546897546896
10 0.10765306122448981 0.5945165945165946 0.05 0.05916305916305916
12 0.2869897959183674 0.6013708513708513 0.008673469387755102 0.046897546897546896
12 0.42627551020408166 0.6017316017316018 0.008673469387755102 0.047619047619047616
12 0.5977040816326531 0.6024531024531025 0.00969387755102041 0.049062049062049064
12 0.8701530612244899 0.6017316017316018 0.008673469387755102 0.047619047619047616
11 0.9469387755102041 0.6017316017316018 0.012244897959183675 0.047619047619047616
12 0.047959183673469394 0.6020923520923521 0.00816326530612245 0.046897546897546896
12 0.7500000000000001 0.6020923520923521 0.009183673469387756 0.046897546897546896
10 0.10790816326530613 0.7442279942279942 0.048469387755102046 0.05988455988455989
11 0.9469387755102041 0.73989898989899 0.012244897959183675 0.048340548340548344
12 0.047959183673469394 0.7402597402597403 0.00816326530612245 0.047619047619047616
12 0.28750000000000003 0.73989898989899 0.008673469387755102 0.046897546897546896
12 0.5984693877551021 0.7406204906204906 0.00816326530612245 0.048340548340548344
12 0.7500000000000001 0.7406204906204906 0.00816326530612245 0.048340548340548344
12 0.8701530612244899 0.7402597402597403 0.008673469387755102 0.047619047619047616
12 0.42627551020408166 0.7406204906204906 0.007653061224489797 0.046897546897546896
26 0.0653061224489796 0.18831168831168832 0.023469387755102045 0.07647907647907648
51 0.16224489795918368 0.18759018759018758 0.017346938775510204 0.05194805194805195
105 0.3063775510204082 0.18975468975468976 0.010714285714285714 0.05627705627705628
105 0.3349489795918368 0.18975468975468976 0.010714285714285714 0.05627705627705628
106 0.36377551020408166 0.18686868686868688 0.011224489795918368 0.050505050505050504
137 0.3920918367346939 0.18759018759018758 0.010714285714285714 0.05194805194805195
136 0.40943877551020413 0.18831168831168832 0.013775510204081635 0.05339105339105339
51 0.44821428571428573 0.18795093795093795 0.01785714285714286 0.051226551226551224
108 0.6122448979591837 0.18073593073593072 0.011224489795918368 0.06421356421356421
139 0.640561224489796 0.1810966810966811 0.011734693877551022 0.06349206349206349
140 0.6584183673469388 0.17857142857142858 0.015816326530612247 0.06854256854256854
141 0.6783163265306124 0.17532467532467533 0.012755102040816327 0.07503607503607504
139 0.6971938775510205 0.18181818181818182 0.011734693877551022 0.06349206349206349
141 0.7183673469387756 0.17532467532467533 0.01326530612244898 0.07503607503607504
142 0.7354591836734694 0.17207792207792208 0.01683673469387755 0.08008658008658008
58 0.775 0.16955266955266957 0.022448979591836737 0.08658008658008658
58 0.8948979591836735 0.16955266955266957 0.02142857142857143 0.08802308802308802
26 0.06505102040816327 0.3272005772005772 0.02295918367346939 0.07575757575757576
105 0.1573979591836735 0.3286435786435786 0.010714285714285714 0.056998556998557
136 0.18596938775510205 0.3268398268398268 0.010714285714285714 0.05483405483405483
135 0.20306122448979594 0.32792207792207795 0.01326530612244898 0.05555555555555555
103 0.22321428571428573 0.3336940836940837 0.010714285714285714 0.06565656565656566
133 0.25306122448979596 0.32287157287157287 0.014285714285714287 0.05555555555555555
132 0.27066326530612245 0.32395382395382394 0.010714285714285714 0.05483405483405483
102 0.30688775510204086 0.3185425685425685 0.011734693877551022 0.06132756132756133
102 0.33545918367346944 0.3185425685425685 0.011734693877551022 0.06132756132756133
103 0.36377551020408166 0.332972582972583 0.011224489795918368 0.06565656565656566
134 0.3943877551020408 0.31782106782106784 0.014285714285714287 0.06565656565656566
133 0.4112244897959184 0.31926406926406925 0.011224489795918368 0.06421356421356421
132 0.4456632653061225 0.3217893217893218 0.01479591836734694 0.05627705627705628
133 0.46913265306122454 0.3207070707070707 0.011734693877551022 0.05988455988455989
134 0.48877551020408166 0.31926406926406925 0.011224489795918368 0.06277056277056277
135 0.5071428571428572 0.3181818181818182 0.011224489795918368 0.06493506493506493
105 0.5260204081632653 0.3282828282828283 0.011224489795918368 0.05772005772005772
105 0.5637755102040817 0.3282828282828283 0.011224489795918368 0.05772005772005772
106 0.6125 0.32575757575757575 0.011734693877551022 0.051226551226551224
137 0.6408163265306123 0.3253968253968254 0.011224489795918368 0.050505050505050504
138 0.6579081632653062 0.32287157287157287 0.01479591836734694 0.056998556998557
139 0.6785714285714286 0.31998556998557 0.012244897959183675 0.06277056277056277
137 0.6971938775510205 0.32575757575757575 0.011734693877551022 0.051226551226551224
139 0.7181122448979592 0.31998556998557 0.011734693877551022 0.06132756132756133
140 0.7357142857142858 0.31673881673881676 0.0163265306122449 0.06782106782106782
54 0.775 0.3207070707070707 0.018367346938775512 0.06132756132756133
54 0.8956632653061225 0.31962481962481964 0.01785714285714286 0.06349206349206349
26 0.0653061224489796 0.4653679653679654 0.023469387755102045 0.07503607503607504
17 0.1469387755102041 0.45670995670995673 0.00816326530612245 0.03607503607503607
104 0.1576530612244898 0.47005772005772006 0.010204081632653062 0.06277056277056277
135 0.18622448979591838 0.4704184704184704 0.010204081632653062 0.06493506493506493
134 0.2028061224489796 0.4715007215007215 0.013775510204081635 0.06565656565656566
102 0.22346938775510206 0.4574314574314574 0.011224489795918368 0.06204906204906205
17 0.2410714285714286 0.4751082251082251 0.008673469387755102 0.03535353535353535
132 0.25331632653061226 0.4621212121212121 0.013775510204081635 0.05411255411255411
131 0.2698979591836735 0.46356421356421357 0.011224489795918368 0.05266955266955267
17 0.2959183673469388 0.474025974025974 0.009183673469387756 0.03463203463203463
101 0.3073979591836735 0.4603174603174603 0.011734693877551022 0.05627705627705628
101 0.33545918367346944 0.45995670995670995 0.011734693877551022 0.056998556998557
102 0.36403061224489797 0.45707070707070707 0.011734693877551022 0.06132756132756133
133 0.39362244897959187 0.4603174603174603 0.013775510204081635 0.05483405483405483
132 0.4112244897959184 0.46176046176046176 0.011224489795918368 0.05339105339105339
131 0.4456632653061225 0.46176046176046176 0.015816326530612247 0.05483405483405483
17 0.45867346938775516 0.47474747474747475 0.00816326530612245 0.03318903318903319
132 0.46913265306122454 0.45995670995670995 0.011734693877551022 0.056998556998557
133 0.488265306122449 0.4588744588744589 0.012244897959183675 0.06060606060606061
134 0.5071428571428572 0.4574314574314574 0.011224489795918368 0.06349206349206349
73 0.5288265306122449 0.4606782106782107 0.01479591836734694 0.05844155844155844
74 0.614795918367347 0.45815295815295815 0.015306122448979593 0.06349206349206349
17 0.6676020408163266 0.45707070707070707 0.008673469387755102 0.0367965367965368
76 0.6806122448979592 0.47005772005772006 0.014285714285714287 0.06132756132756133
52 0.7747448979591838 0.46356421356421357 0.018877551020408164 0.05266955266955267
52 0.8954081632653063 0.4639249639249639 0.01938775510204082 0.05194805194805195
26 0.06505102040816327 0.6038961038961039 0.023979591836734697 0.07503607503607504
48 0.16224489795918368 0.6017316017316018 0.017346938775510204 0.05194805194805195
17 0.2959183673469388 0.637085137085137 0.009183673469387756 0.03607503607503607
129 0.4456632653061225 0.6075036075036075 0.015816326530612247 0.06204906204906205
130 0.4688775510204082 0.6046176046176046 0.012244897959183675 0.05627705627705628
131 0.488265306122449 0.6017316017316018 0.012244897959183675 0.05194805194805195
132 0.5068877551020409 0.6017316017316018 0.010714285714285714 0.050505050505050504
133 0.5275510204081633 0.5995670995670995 0.014285714285714287 0.05627705627705628
132 0.5448979591836736 0.6013708513708513 0.011224489795918368 0.05266955266955267
131 0.5635204081632653 0.6020923520923521 0.011734693877551022 0.051226551226551224
130 0.5829081632653061 0.604978354978355 0.011734693877551022 0.056998556998557
70 0.6145408163265307 0.6071428571428571 0.015816326530612247 0.06277056277056277
72 0.6808673469387756 0.6020923520923521 0.01479591836734694 0.051226551226551224
98 0.7709183673469389 0.6071428571428571 0.012244897959183675 0.06277056277056277
17 0.7926020408163266 0.6367243867243867 0.008673469387755102 0.03391053391053391
97 0.803826530612245 0.6103896103896104 0.012755102040816327 0.06926406926406926
67 0.8323979591836735 0.6161616161616161 0.01785714285714286 0.07936507936507936
41 0.8954081632653063 0.6158008658008658 0.023469387755102045 0.08008658008658008
27 0.0642857142857143 0.7413419913419913 0.023469387755102045 0.051226551226551224
53 0.16224489795918368 0.73989898989899 0.018367346938775512 0.056998556998557
51 0.3104591836734694 0.7417027417027418 0.01785714285714286 0.05194805194805195
135 0.4438775510204082 0.7435064935064936 0.011224489795918368 0.05555555555555555
136 0.46913265306122454 0.7417027417027418 0.010714285714285714 0.05194805194805195
137 0.48775510204081635 0.740981240981241 0.011224489795918368 0.050505050505050504
138 0.5051020408163266 0.7380952380952381 0.014285714285714287 0.05627705627705628
139 0.5260204081632653 0.7352092352092352 0.011224489795918368 0.06204906204906205
138 0.5443877551020408 0.7380952380952381 0.011224489795918368 0.05627705627705628
137 0.5632653061224491 0.7406204906204906 0.011224489795918368 0.051226551226551224
136 0.5811224489795919 0.740981240981241 0.014285714285714287 0.05194805194805195
104 0.6122448979591837 0.7467532467532467 0.011224489795918368 0.06349206349206349
135 0.640561224489796 0.7431457431457431 0.010714285714285714 0.05627705627705628
136 0.6579081632653062 0.7420634920634921 0.013775510204081635 0.05411255411255411
137 0.6783163265306124 0.7420634920634921 0.011734693877551022 0.05411255411255411
135 0.6971938775510205 0.7417027417027418 0.010714285714285714 0.05339105339105339
137 0.7176020408163266 0.7413419913419913 0.011734693877551022 0.051226551226551224
138 0.7349489795918368 0.7384559884559885 0.01479591836734694 0.056998556998557
99 0.7706632653061225 0.7431457431457431 0.012755102040816327 0.05772005772005772
98 0.8033163265306124 0.7456709956709957 0.011734693877551022 0.06277056277056277
68 0.8321428571428572 0.7521645021645021 0.017346938775510204 0.07431457431457432
45 0.8954081632653063 0.7420634920634921 0.018367346938775512 0.05844155844155844
