1 0.09540816326530613 0.04148629148629149 0.02755102040816327 0.05844155844155844
12 0.22117346938775512 0.047979797979797977 0.008673469387755102 0.049783549783549784
12 0.048469387755102046 0.048340548340548344 0.0071428571428571435 0.049062049062049064
12 0.36811224489795924 0.047979797979797977 0.008673469387755102 0.048340548340548344
12 0.49132653061224496 0.047619047619047616 0.009183673469387756 0.047619047619047616
12 0.5918367346938777 0.047619047619047616 0.009183673469387756 0.047619047619047616
12 0.6910714285714287 0.047979797979797977 0.008673469387755102 0.048340548340548344
12 0.8316326530612246 0.047979797979797977 0.009183673469387756 0.048340548340548344
12 0.9510204081632654 0.048340548340548344 0.00816326530612245 0.047619047619047616
1 0.09566326530612246 0.16378066378066378 0.027040816326530614 0.05772005772005772
12 0.048469387755102046 0.17027417027417027 0.0071428571428571435 0.049062049062049064
12 0.8316326530612246 0.17027417027417027 0.00816326530612245 0.049062049062049064
12 0.9510204081632654 0.17027417027417027 0.00816326530612245 0.049062049062049064
12 0.2209183673469388 0.17063492063492064 0.00816326530612245 0.048340548340548344
12 0.3678571428571429 0.17063492063492064 0.00816326530612245 0.048340548340548344
12 0.49132653061224496 0.17063492063492064 0.00816326530612245 0.048340548340548344
12 0.5918367346938777 0.17063492063492064 0.00816326530612245 0.048340548340548344
12 0.6913265306122449 0.17063492063492064 0.00816326530612245 0.048340548340548344
1 0.09540816326530613 0.4736652236652237 0.025510204081632654 0.056998556998557
12 0.04872448979591837 0.49206349206349204 0.007653061224489797 0.049062049062049064
12 0.6775510204081633 0.4917027417027417 0.009183673469387756 0.048340548340548344
12 0.8137755102040817 0.4917027417027417 0.009183673469387756 0.048340548340548344
12 0.9515306122448981 0.4917027417027417 0.00816326530612245 0.048340548340548344
12 0.25765306122448983 0.49206349206349204 0.009183673469387756 0.047619047619047616
12 0.3974489795918368 0.4917027417027417 0.009183673469387756 0.046897546897546896
12 0.5377551020408163 0.49206349206349204 0.009183673469387756 0.047619047619047616
1 0.0951530612244898 0.5959595959595959 0.027040816326530614 0.05772005772005772
12 0.814030612244898 0.613997113997114 0.00969387755102041 0.050505050505050504
12 0.25790816326530613 0.613997113997114 0.00969387755102041 0.049062049062049064
12 0.3977040816326531 0.613997113997114 0.00969387755102041 0.049062049062049064
12 0.5380102040816327 0.613997113997114 0.00969387755102041 0.049062049062049064
12 0.6775510204081633 0.613997113997114 0.010204081632653062 0.049062049062049064
12 0.9510204081632654 0.613997113997114 0.009183673469387756 0.049062049062049064
12 0.048469387755102046 0.6143578643578643 0.00816326530612245 0.048340548340548344
1 0.0951530612244898 0.7301587301587301 0.027040816326530614 0.05772005772005772
14 0.7020408163265307 0.7067099567099567 0.00816326530612245 0.010822510822510822
12 0.678061224489796 0.7359307359307359 0.010204081632653062 0.049062049062049064
12 0.04872448979591837 0.7362914862914863 0.007653061224489797 0.048340548340548344
12 0.3974489795918368 0.7362914862914863 0.009183673469387756 0.048340548340548344
12 0.5377551020408163 0.7359307359307359 0.009183673469387756 0.047619047619047616
12 0.8135204081632654 0.7362914862914863 0.00969387755102041 0.048340548340548344
12 0.9510204081632654 0.7362914862914863 0.00816326530612245 0.048340548340548344
12 0.25765306122448983 0.7362914862914863 0.009183673469387756 0.046897546897546896
1 0.09540816326530613 0.8520923520923521 0.02755102040816327 0.05772005772005772
12 0.048469387755102046 0.8585858585858586 0.0071428571428571435 0.049062049062049064
12 0.6778061224489796 0.8582251082251082 0.008673469387755102 0.048340548340548344
12 0.814030612244898 0.8582251082251082 0.008673469387755102 0.048340548340548344
12 0.9510204081632654 0.8582251082251082 0.00816326530612245 0.048340548340548344
12 0.25765306122448983 0.8585858585858586 0.00816326530612245 0.047619047619047616
12 0.3977040816326531 0.8585858585858586 0.008673469387755102 0.047619047619047616
12 0.5380102040816327 0.8585858585858586 0.008673469387755102 0.047619047619047616
27 0.0653061224489796 0.047979797979797977 0.023469387755102045 0.051226551226551224
18 0.16352040816326532 0.03896103896103896 0.01683673469387755 0.012987012987012988
15 0.2306122448979592 0.024170274170274172 0.010204081632653062 0.03535353535353535
138 0.24234693877551022 0.045454545454545456 0.011224489795918368 0.05772005772005772
17 0.2727040816326531 0.029942279942279944 0.008673469387755102 0.0367965367965368
137 0.28316326530612246 0.047979797979797977 0.011224489795918368 0.051226551226551224
136 0.3278061224489796 0.048340548340548344 0.01479591836734694 0.05194805194805195
139 0.3816326530612245 0.04292929292929293 0.011224489795918368 0.06277056277056277
101 0.4214285714285715 0.045093795093795096 0.011224489795918368 0.056998556998557
18 0.5413265306122449 0.03932178932178932 0.0163265306122449 0.012265512265512266
21 0.6051020408163266 0.048340548340548344 0.011224489795918368 0.024531024531024532
139 0.6336734693877552 0.04292929292929293 0.011224489795918368 0.06277056277056277
138 0.6614795918367348 0.045815295815295816 0.015816326530612247 0.056998556998557
17 0.7002551020408164 0.02958152958152958 0.008673469387755102 0.03607503607503607
137 0.7109693877551021 0.050865800865800864 0.010714285714285714 0.056998556998557
136 0.7517857142857144 0.05230880230880231 0.010714285714285714 0.06132756132756133
135 0.7910714285714286 0.05447330447330447 0.01479591836734694 0.06421356421356421
138 0.8448979591836735 0.045454545454545456 0.011224489795918368 0.05772005772005772
100 0.8841836734693879 0.048340548340548344 0.011224489795918368 0.050505050505050504
27 0.0653061224489796 0.17027417027417027 0.023469387755102045 0.050505050505050504
18 0.16352040816326532 0.1616161616161616 0.01683673469387755 0.012987012987012988
18 0.29464285714285715 0.1608946608946609 0.015816326530612247 0.012987012987012988
18 0.4295918367346939 0.1616161616161616 0.0163265306122449 0.012987012987012988
18 0.5413265306122449 0.16125541125541126 0.0163265306122449 0.012265512265512266
18 0.641326530612245 0.16125541125541126 0.0163265306122449 0.012265512265512266
18 0.7612244897959184 0.1608946608946609 0.0163265306122449 0.012987012987012988
18 0.891326530612245 0.1608946608946609 0.0163265306122449 0.012987012987012988
26 0.06505102040816327 0.49242424242424243 0.02295918367346939 0.07575757575757576
137 0.1326530612244898 0.4917027417027417 0.011224489795918368 0.051226551226551224
139 0.17500000000000002 0.4862914862914863 0.011224489795918368 0.06349206349206349
140 0.21581632653061225 0.4834054834054834 0.0163265306122449 0.06926406926406926
141 0.2721938775510204 0.48088023088023085 0.011734693877551022 0.07575757575757576
20 0.314030612244898 0.48665223665223667 0.011734693877551022 0.03535353535353535
21 0.4127551020408164 0.4917027417027417 0.011224489795918368 0.023809523809523808
139 0.45510204081632655 0.4862914862914863 0.011224489795918368 0.06349206349206349
140 0.4956632653061225 0.48304473304473305 0.015816326530612247 0.06854256854256854
141 0.552295918367347 0.4805194805194805 0.011734693877551022 0.07647907647907648
20 0.5938775510204082 0.48665223665223667 0.012244897959183675 0.03535353535353535
18 0.7456632653061225 0.4823232323232323 0.01683673469387755 0.013708513708513708
18 0.8826530612244898 0.48268398268398266 0.0163265306122449 0.012987012987012988
26 0.06505102040816327 0.6150793650793651 0.023979591836734697 0.07575757575757576
165 0.13443877551020408 0.6035353535353535 0.01479591836734694 0.07142857142857142
160 0.15204081632653063 0.6064213564213564 0.01326530612244898 0.07864357864357864
166 0.175765306122449 0.6038961038961039 0.011734693877551022 0.07215007215007214
160 0.1951530612244898 0.6064213564213564 0.012755102040816327 0.07864357864357864
165 0.21862244897959185 0.6035353535353535 0.011734693877551022 0.07142857142857142
160 0.23775510204081635 0.6064213564213564 0.012244897959183675 0.07864357864357864
166 0.27423469387755106 0.6024531024531025 0.01479591836734694 0.07647907647907648
160 0.29183673469387755 0.6053391053391053 0.012244897959183675 0.07936507936507936
165 0.31556122448979596 0.6028138528138528 0.011734693877551022 0.07287157287157287
160 0.3346938775510204 0.6075036075036075 0.012244897959183675 0.07792207792207792
164 0.3584183673469388 0.6053391053391053 0.011734693877551022 0.06782106782106782
160 0.3775510204081633 0.6089466089466089 0.012244897959183675 0.07215007215007214
165 0.4142857142857143 0.6031746031746031 0.014285714285714287 0.07215007215007214
160 0.43188775510204086 0.6064213564213564 0.012755102040816327 0.07864357864357864
166 0.45586734693877556 0.6035353535353535 0.011734693877551022 0.07142857142857142
160 0.4752551020408164 0.6071428571428571 0.012755102040816327 0.07864357864357864
165 0.49872448979591844 0.6031746031746031 0.011734693877551022 0.07215007215007214
160 0.5181122448979593 0.6064213564213564 0.012755102040816327 0.07864357864357864
166 0.5543367346938776 0.6020923520923521 0.01479591836734694 0.0772005772005772
160 0.5719387755102041 0.6056998556998557 0.012244897959183675 0.08008658008658008
165 0.5956632653061225 0.6031746031746031 0.011734693877551022 0.0707070707070707
160 0.614795918367347 0.6075036075036075 0.012244897959183675 0.07647907647907648
164 0.6385204081632654 0.6053391053391053 0.011734693877551022 0.06782106782106782
160 0.6573979591836735 0.6089466089466089 0.011734693877551022 0.0707070707070707
165 0.692091836734694 0.6204906204906205 0.010714285714285714 0.06349206349206349
163 0.7112244897959185 0.6204906204906205 0.011224489795918368 0.06349206349206349
166 0.7346938775510204 0.6201298701298701 0.011224489795918368 0.06421356421356421
164 0.7543367346938776 0.6204906204906205 0.010714285714285714 0.06493506493506493
167 0.7775510204081634 0.6197691197691197 0.011224489795918368 0.06637806637806638
165 0.7954081632653062 0.6201298701298701 0.014285714285714287 0.06277056277056277
27 0.0653061224489796 0.7359307359307359 0.023469387755102045 0.05194805194805195
18 0.1816326530612245 0.7272727272727273 0.0163265306122449 0.012987012987012988
21 0.2721938775510204 0.7366522366522367 0.011734693877551022 0.024531024531024532
138 0.314795918367347 0.7341269841269841 0.011224489795918368 0.056998556998557
137 0.35561224489795923 0.7359307359307359 0.015306122448979593 0.050505050505050504
138 0.4119897959183674 0.7334054834054834 0.011734693877551022 0.056998556998557
20 0.4543367346938776 0.7312409812409812 0.010714285714285714 0.03535353535353535
21 0.552295918367347 0.7366522366522367 0.011734693877551022 0.024531024531024532
138 0.5948979591836735 0.7337662337662337 0.011224489795918368 0.05772005772005772
137 0.6354591836734694 0.7359307359307359 0.01479591836734694 0.050505050505050504
107 0.6918367346938776 0.7334054834054834 0.011224489795918368 0.056998556998557
18 0.8826530612244898 0.7272727272727273 0.0163265306122449 0.012987012987012988
27 0.0653061224489796 0.8578643578643579 0.023469387755102045 0.050505050505050504
18 0.1816326530612245 0.8492063492063492 0.0163265306122449 0.012987012987012988
18 0.3278061224489796 0.8492063492063492 0.015816326530612247 0.012987012987012988
18 0.46760204081632656 0.8492063492063492 0.015816326530612247 0.012987012987012988
18 0.6079081632653062 0.8492063492063492 0.015816326530612247 0.012987012987012988
18 0.7456632653061225 0.8492063492063492 0.015816326530612247 0.012987012987012988
18 0.8829081632653062 0.8492063492063492 0.01683673469387755 0.012987012987012988
