12 0.11989795918367348 0.13564213564213565 0.00816326530612245 0.049062049062049064
12 0.9517857142857143 0.13564213564213565 0.008673469387755102 0.049062049062049064
12 0.28290816326530616 0.13564213564213565 0.008673469387755102 0.047619047619047616
12 0.505357142857143 0.13564213564213565 0.008673469387755102 0.047619047619047616
12 0.7278061224489797 0.13600288600288601 0.007653061224489797 0.046897546897546896
12 0.12040816326530614 0.35533910533910534 0.010204081632653062 0.049783549783549784
12 0.28316326530612246 0.354978354978355 0.00816326530612245 0.047619047619047616
12 0.505357142857143 0.354978354978355 0.007653061224489797 0.047619047619047616
12 0.7280612244897959 0.354978354978355 0.009183673469387756 0.047619047619047616
12 0.9517857142857143 0.354978354978355 0.008673469387755102 0.047619047619047616
14 0.5267857142857143 0.3492063492063492 0.005612244897959184 0.008658008658008658
14 0.6362244897959184 0.36075036075036077 0.006122448979591837 0.008658008658008658
12 0.12015306122448981 0.5746753246753247 0.008673469387755102 0.049783549783549784
12 0.505357142857143 0.5743145743145743 0.008673469387755102 0.047619047619047616
12 0.9517857142857143 0.5746753246753247 0.008673469387755102 0.048340548340548344
12 0.28290816326530616 0.5746753246753247 0.007653061224489797 0.046897546897546896
12 0.7278061224489797 0.5746753246753247 0.008673469387755102 0.046897546897546896
26 0.1362244897959184 0.13672438672438672 0.023469387755102045 0.08585858585858586
18 0.22755102040816327 0.12626262626262627 0.0163265306122449 0.012987012987012988
18 0.3941326530612245 0.1266233766233766 0.015816326530612247 0.013708513708513708
18 0.616326530612245 0.1266233766233766 0.0163265306122449 0.013708513708513708
101 0.743622448979592 0.1331168831168831 0.012755102040816327 0.056998556998557
132 0.8229591836734694 0.1331168831168831 0.01938775510204082 0.05555555555555555
135 0.8497448979591837 0.14177489177489178 0.012755102040816327 0.06421356421356421
137 0.8920918367346939 0.1388888888888889 0.01785714285714286 0.056998556998557
21 0.9257653061224491 0.13528138528138528 0.011734693877551022 0.023809523809523808
27 0.1364795918367347 0.3546176046176046 0.025 0.051226551226551224
18 0.22755102040816327 0.34595959595959597 0.0163265306122449 0.013708513708513708
18 0.3943877551020408 0.34595959595959597 0.0163265306122449 0.013708513708513708
20 0.5173469387755103 0.354978354978355 0.010204081632653062 0.03751803751803752
102 0.6267857142857144 0.3492063492063492 0.012755102040816327 0.06349206349206349
102 0.7428571428571429 0.3495670995670996 0.01326530612244898 0.06277056277056277
133 0.8224489795918368 0.3495670995670996 0.020408163265306124 0.06277056277056277
135 0.8497448979591837 0.3611111111111111 0.012755102040816327 0.06421356421356421
137 0.8920918367346939 0.3582251082251082 0.01785714285714286 0.056998556998557
21 0.9257653061224491 0.3546176046176046 0.011734693877551022 0.023809523809523808
37 0.1364795918367347 0.5808080808080808 0.023979591836734697 0.06493506493506493
18 0.2278061224489796 0.5652958152958153 0.015816326530612247 0.012265512265512266
163 0.300765306122449 0.5678210678210678 0.019897959183673472 0.06204906204906205
22 0.32015306122448983 0.5797258297258298 0.012755102040816327 0.03391053391053391
20 0.33954081632653066 0.5743145743145743 0.010714285714285714 0.03751803751803752
160 0.4073979591836735 0.577922077922078 0.019897959183673472 0.05772005772005772
22 0.4270408163265306 0.5797258297258298 0.012244897959183675 0.03391053391053391
20 0.4466836734693878 0.575036075036075 0.010714285714285714 0.03751803751803752
163 0.5232142857142857 0.5689033189033189 0.019897959183673472 0.06277056277056277
22 0.5423469387755102 0.5800865800865801 0.012244897959183675 0.03463203463203463
20 0.5619897959183674 0.5746753246753247 0.010714285714285714 0.03823953823953824
160 0.6298469387755102 0.577922077922078 0.019897959183673472 0.05627705627705628
22 0.6494897959183674 0.5797258297258298 0.012244897959183675 0.03391053391053391
20 0.6691326530612246 0.575036075036075 0.010714285714285714 0.03751803751803752
163 0.7461734693877552 0.5685425685425686 0.019897959183673472 0.06204906204906205
22 0.7658163265306123 0.5800865800865801 0.012244897959183675 0.03463203463203463
20 0.7854591836734695 0.5746753246753247 0.010714285714285714 0.03823953823953824
160 0.853826530612245 0.577922077922078 0.019897959183673472 0.05627705627705628
22 0.8732142857142858 0.5797258297258298 0.011734693877551022 0.03391053391053391
20 0.8928571428571429 0.5746753246753247 0.010204081632653062 0.0367965367965368
