8 0.10229591836734694 0.06385281385281386 0.0413265306122449 0.06565656565656566
12 0.048469387755102046 0.06746031746031746 0.0071428571428571435 0.049783549783549784
12 0.32295918367346943 0.0670995670995671 0.00816326530612245 0.047619047619047616
12 0.5204081632653061 0.0670995670995671 0.00816326530612245 0.047619047619047616
12 0.7599489795918368 0.06818181818181818 0.008673469387755102 0.049783549783549784
12 0.9517857142857143 0.06818181818181818 0.007653061224489797 0.049783549783549784
8 0.10255102040816327 0.1810966810966811 0.04081632653061225 0.06204906204906205
12 0.04872448979591837 0.18722943722943722 0.00663265306122449 0.049783549783549784
12 0.3227040816326531 0.18722943722943722 0.007653061224489797 0.049783549783549784
12 0.5206632653061225 0.18759018759018758 0.008673469387755102 0.049062049062049064
12 0.7604591836734694 0.18759018759018758 0.007653061224489797 0.049062049062049064
12 0.9515306122448981 0.18795093795093795 0.00816326530612245 0.049783549783549784
14 0.788265306122449 0.21717171717171718 0.0071428571428571435 0.011544011544011544
12 0.048469387755102046 0.4834054834054834 0.0071428571428571435 0.049062049062049064
12 0.33418367346938777 0.48268398268398266 0.00816326530612245 0.047619047619047616
12 0.7505102040816327 0.48448773448773447 0.006122448979591837 0.051226551226551224
12 0.9517857142857143 0.4834054834054834 0.007653061224489797 0.047619047619047616
8 0.10255102040816327 0.4945887445887446 0.039795918367346944 0.06132756132756133
12 0.5505102040816326 0.4888167388167388 0.0071428571428571435 0.03823953823953824
8 0.10255102040816327 0.5909090909090909 0.039795918367346944 0.06060606060606061
12 0.048469387755102046 0.6028138528138528 0.0071428571428571435 0.051226551226551224
12 0.33418367346938777 0.6024531024531025 0.00816326530612245 0.047619047619047616
12 0.55 0.6028138528138528 0.00816326530612245 0.048340548340548344
12 0.7505102040816327 0.6028138528138528 0.00816326530612245 0.048340548340548344
12 0.9517857142857143 0.6038961038961039 0.007653061224489797 0.049062049062049064
14 0.3612244897959184 0.5966810966810967 0.0071428571428571435 0.0101010101010101
8 0.1028061224489796 0.7478354978354979 0.040306122448979596 0.06565656565656566
12 0.048469387755102046 0.7514430014430015 0.0071428571428571435 0.049783549783549784
12 0.3344387755102041 0.7514430014430015 0.007653061224489797 0.048340548340548344
12 0.9515306122448981 0.7514430014430015 0.00816326530612245 0.048340548340548344
12 0.55 0.7518037518037518 0.00816326530612245 0.047619047619047616
12 0.7507653061224491 0.7518037518037518 0.008673469387755102 0.047619047619047616
8 0.10255102040816327 0.8654401154401155 0.039795918367346944 0.05988455988455989
12 0.04872448979591837 0.8708513708513709 0.00663265306122449 0.049062049062049064
12 0.7507653061224491 0.8708513708513709 0.008673469387755102 0.049062049062049064
12 0.3344387755102041 0.8712121212121212 0.007653061224489797 0.048340548340548344
12 0.9510204081632654 0.8712121212121212 0.00816326530612245 0.048340548340548344
12 0.55 0.8712121212121212 0.00816326530612245 0.046897546897546896
14 0.15867346938775512 0.8885281385281385 0.006122448979591837 0.00937950937950938
34 0.0653061224489796 0.06096681096681097 0.02448979591836735 0.06132756132756133
106 0.14719387755102042 0.06782106782106782 0.012755102040816327 0.050505050505050504
138 0.19158163265306125 0.06457431457431458 0.012755102040816327 0.056998556998557
136 0.2191326530612245 0.06782106782106782 0.015816326530612247 0.05194805194805195
137 0.24515306122448982 0.05447330447330447 0.015816326530612247 0.0772005772005772
133 0.26377551020408163 0.0588023088023088 0.01326530612244898 0.06854256854256854
103 0.28596938775510206 0.07503607503607504 0.012755102040816327 0.06493506493506493
102 0.33877551020408164 0.06204906204906205 0.012244897959183675 0.06060606060606061
105 0.38265306122448983 0.06998556998556998 0.012244897959183675 0.05627705627705628
20 0.4331632653061225 0.06565656565656566 0.011224489795918368 0.03607503607503607
15 0.4678571428571429 0.08513708513708514 0.011224489795918368 0.03751803751803752
100 0.4813775510204082 0.06746031746031746 0.012755102040816327 0.051226551226551224
101 0.5451530612244898 0.06457431457431458 0.012755102040816327 0.056998556998557
98 0.6033163265306123 0.07323232323232323 0.013775510204081635 0.06421356421356421
133 0.675765306122449 0.06493506493506493 0.01683673469387755 0.05483405483405483
132 0.6964285714285715 0.06673881673881674 0.01326530612244898 0.05266955266955267
131 0.7183673469387756 0.06782106782106782 0.014285714285714287 0.05194805194805195
130 0.7410714285714286 0.0707070707070707 0.013775510204081635 0.05772005772005772
129 0.7778061224489796 0.0735930735930736 0.01683673469387755 0.06349206349206349
128 0.7987244897959185 0.07575757575757576 0.015816326530612247 0.06926406926406926
96 0.8206632653061225 0.07936507936507936 0.01479591836734694 0.07792207792207792
127 0.866326530612245 0.07972582972582973 0.017346938775510204 0.07431457431457432
128 0.8872448979591837 0.07683982683982683 0.015306122448979593 0.06854256854256854
129 0.9099489795918368 0.0735930735930736 0.013775510204081635 0.06349206349206349
130 0.9326530612244899 0.07034632034632035 0.01326530612244898 0.056998556998557
27 0.0642857142857143 0.18686868686868688 0.02448979591836735 0.05194805194805195
78 0.1469387755102041 0.18722943722943722 0.01326530612244898 0.051226551226551224
137 0.2431122448979592 0.19011544011544013 0.012755102040816327 0.056998556998557
135 0.26352040816326533 0.1911976911976912 0.012755102040816327 0.06060606060606061
136 0.28571428571428575 0.19264069264069264 0.01326530612244898 0.06204906204906205
134 0.3048469387755102 0.1937229437229437 0.015816326530612247 0.06277056277056277
135 0.3400510204081633 0.18037518037518038 0.01683673469387755 0.06493506493506493
134 0.36096938775510207 0.18145743145743146 0.012755102040816327 0.06277056277056277
133 0.3831632653061225 0.18326118326118326 0.01326530612244898 0.06060606060606061
15 0.39948979591836736 0.2002164502164502 0.011224489795918368 0.03823953823953824
132 0.4127551020408164 0.1847041847041847 0.01326530612244898 0.05627705627705628
133 0.43647959183673474 0.18722943722943722 0.015816326530612247 0.051226551226551224
131 0.45510204081632655 0.18831168831168832 0.01326530612244898 0.05194805194805195
17 0.46938775510204084 0.1994949494949495 0.00816326530612245 0.03968253968253968
132 0.48086734693877553 0.18795093795093795 0.012755102040816327 0.051226551226551224
130 0.501530612244898 0.19083694083694083 0.01326530612244898 0.056998556998557
15 0.5313775510204082 0.20562770562770563 0.011734693877551022 0.03751803751803752
131 0.5466836734693878 0.18795093795093795 0.015816326530612247 0.05266955266955267
15 0.5609693877551021 0.2002164502164502 0.010714285714285714 0.0367965367965368
132 0.5742346938775511 0.18614718614718614 0.012755102040816327 0.05339105339105339
102 0.6035714285714286 0.18181818181818182 0.012244897959183675 0.06060606060606061
102 0.6739795918367347 0.18181818181818182 0.01326530612244898 0.06204906204906205
97 0.7183673469387756 0.19624819624819625 0.014285714285714287 0.06926406926406926
70 0.7770408163265307 0.19336219336219337 0.01326530612244898 0.06349206349206349
128 0.9107142857142858 0.19660894660894662 0.018367346938775512 0.06998556998556998
129 0.9323979591836735 0.1937229437229437 0.013775510204081635 0.06421356421356421
33 0.06505102040816327 0.4945887445887446 0.02295918367346939 0.07431457431457432
51 0.1497448979591837 0.4834054834054834 0.01683673469387755 0.050505050505050504
136 0.351530612244898 0.4725829725829726 0.0163265306122449 0.07215007215007214
15 0.3670918367346939 0.4953102453102453 0.010714285714285714 0.03823953823953824
132 0.38086734693877555 0.474025974025974 0.012755102040816327 0.06926406926406926
133 0.40382653061224494 0.4751082251082251 0.013775510204081635 0.06854256854256854
134 0.4341836734693878 0.4754689754689755 0.01326530612244898 0.06637806637806638
76 0.45790816326530615 0.4888167388167388 0.013775510204081635 0.06132756132756133
76 0.5663265306122449 0.4888167388167388 0.01326530612244898 0.06277056277056277
75 0.6602040816326531 0.49098124098124096 0.01326530612244898 0.06565656565656566
134 0.7665816326530613 0.49134199134199136 0.012755102040816327 0.06637806637806638
106 0.789795918367347 0.48268398268398266 0.01326530612244898 0.050505050505050504
15 0.8173469387755102 0.47186147186147187 0.011224489795918368 0.03751803751803752
136 0.8306122448979593 0.48593073593073594 0.01326530612244898 0.056998556998557
78 0.8535714285714286 0.48304473304473305 0.012244897959183675 0.051226551226551224
28 0.06505102040816327 0.6031746031746031 0.025 0.050505050505050504
108 0.1469387755102041 0.5963203463203464 0.012244897959183675 0.06277056277056277
138 0.1941326530612245 0.59992784992785 0.012755102040816327 0.056998556998557
137 0.21556122448979595 0.6028138528138528 0.015816326530612247 0.049783549783549784
136 0.2410714285714286 0.6031746031746031 0.012755102040816327 0.05194805194805195
137 0.264030612244898 0.6035353535353535 0.012755102040816327 0.05266955266955267
136 0.28775510204081634 0.6053391053391053 0.01326530612244898 0.05483405483405483
17 0.30306122448979594 0.597041847041847 0.00816326530612245 0.0367965367965368
135 0.3135204081632653 0.6056998556998557 0.015816326530612247 0.056998556998557
75 0.35000000000000003 0.6103896103896104 0.012244897959183675 0.06493506493506493
135 0.5079081632653062 0.6056998556998557 0.012755102040816327 0.056998556998557
136 0.5295918367346939 0.6042568542568543 0.0163265306122449 0.05411255411255411
137 0.5660714285714287 0.604978354978355 0.012755102040816327 0.05555555555555555
136 0.5895408163265307 0.6064213564213564 0.012755102040816327 0.05844155844155844
135 0.6127551020408164 0.6078643578643579 0.01326530612244898 0.06132756132756133
134 0.6346938775510205 0.6096681096681097 0.015306122448979593 0.06349206349206349
102 0.6596938775510205 0.5981240981240982 0.01326530612244898 0.06204906204906205
105 0.7063775510204082 0.6053391053391053 0.012755102040816327 0.05627705627705628
77 0.7660714285714286 0.6056998556998557 0.012755102040816327 0.05555555555555555
136 0.853826530612245 0.6031746031746031 0.012755102040816327 0.05194805194805195
15 0.8714285714285716 0.5912698412698413 0.011224489795918368 0.03823953823953824
136 0.8846938775510205 0.6028138528138528 0.012244897959183675 0.051226551226551224
137 0.9076530612244899 0.6024531024531025 0.01326530612244898 0.050505050505050504
17 0.9234693877551021 0.5797258297258298 0.00816326530612245 0.03823953823953824
138 0.9336734693877552 0.6002886002886003 0.015306122448979593 0.05772005772005772
34 0.0653061224489796 0.7445887445887446 0.02448979591836735 0.06060606060606061
131 0.14923469387755103 0.7507215007215007 0.01683673469387755 0.05266955266955267
132 0.1709183673469388 0.75 0.01326530612244898 0.05411255411255411
72 0.19489795918367347 0.7510822510822511 0.014285714285714287 0.05194805194805195
132 0.2900510204081633 0.7492784992784993 0.01683673469387755 0.05411255411255411
133 0.31454081632653064 0.7492784992784993 0.012755102040816327 0.05555555555555555
75 0.35000000000000003 0.7575757575757576 0.01326530612244898 0.06349206349206349
134 0.4599489795918368 0.7453102453102453 0.01683673469387755 0.06349206349206349
133 0.48469387755102045 0.7471139971139971 0.01326530612244898 0.06132756132756133
132 0.5081632653061225 0.7485569985569985 0.01326530612244898 0.056998556998557
131 0.5313775510204082 0.7496392496392497 0.013775510204081635 0.05483405483405483
99 0.5668367346938776 0.753968253968254 0.01326530612244898 0.05772005772005772
131 0.6145408163265307 0.7507215007215007 0.01683673469387755 0.05266955266955267
132 0.6364795918367347 0.75 0.012755102040816327 0.05411255411255411
102 0.6596938775510205 0.7463924963924964 0.01326530612244898 0.06132756132756133
105 0.7061224489795919 0.7543290043290043 0.012244897959183675 0.056998556998557
98 0.766326530612245 0.7568542568542569 0.012244897959183675 0.06349206349206349
19 0.8081632653061225 0.7485569985569985 0.0163265306122449 0.012265512265512266
105 0.9076530612244899 0.7536075036075036 0.012244897959183675 0.05555555555555555
27 0.06454081632653062 0.8704906204906205 0.025 0.051226551226551224
71 0.1479591836734694 0.8737373737373737 0.01326530612244898 0.05772005772005772
131 0.28979591836734697 0.8712121212121212 0.017346938775510204 0.05266955266955267
132 0.3150510204081633 0.8697691197691197 0.012755102040816327 0.05411255411255411
102 0.34974489795918373 0.8658008658008658 0.012755102040816327 0.06060606060606061
134 0.4033163265306123 0.8791486291486291 0.012755102040816327 0.06565656565656566
15 0.4209183673469388 0.8650793650793651 0.011224489795918368 0.03751803751803752
135 0.43188775510204086 0.876984126984127 0.01683673469387755 0.06421356421356421
136 0.4573979591836735 0.8744588744588745 0.012755102040816327 0.05772005772005772
17 0.47295918367346945 0.8661616161616161 0.00816326530612245 0.03968253968253968
133 0.48469387755102045 0.8759018759018758 0.012244897959183675 0.06204906204906205
134 0.5079081632653062 0.8777056277056277 0.012755102040816327 0.06277056277056277
133 0.5301020408163266 0.8787878787878788 0.0163265306122449 0.06493506493506493
101 0.5665816326530613 0.8683261183261183 0.013775510204081635 0.056998556998557
133 0.6150510204081633 0.8654401154401155 0.01683673469387755 0.06421356421356421
134 0.6364795918367347 0.8643578643578643 0.012755102040816327 0.06637806637806638
135 0.6617346938775511 0.863997113997114 0.0163265306122449 0.06565656565656566
134 0.6836734693877552 0.8654401154401155 0.01326530612244898 0.06277056277056277
133 0.7066326530612246 0.8668831168831169 0.01326530612244898 0.05988455988455989
132 0.7301020408163266 0.8683261183261183 0.01326530612244898 0.056998556998557
100 0.7665816326530613 0.8715728715728716 0.013775510204081635 0.050505050505050504
138 0.8071428571428572 0.8683261183261183 0.01326530612244898 0.056998556998557
137 0.8283163265306123 0.8708513708513709 0.015816326530612247 0.050505050505050504
107 0.853826530612245 0.8679653679653679 0.012755102040816327 0.05772005772005772
100 0.9081632653061226 0.8715728715728716 0.01326530612244898 0.050505050505050504
