10 0.10739795918367348 0.10858585858585859 0.04744897959183674 0.05844155844155844
12 0.26377551020408163 0.11580086580086581 0.00816326530612245 0.048340548340548344
12 0.4086734693877551 0.11616161616161616 0.00816326530612245 0.049062049062049064
12 0.5441326530612245 0.11616161616161616 0.008673469387755102 0.049062049062049064
12 0.048469387755102046 0.11652236652236653 0.00816326530612245 0.048340548340548344
12 0.6584183673469388 0.11652236652236653 0.008673469387755102 0.048340548340548344
12 0.9515306122448981 0.11544011544011544 0.00816326530612245 0.046176046176046176
12 0.7971938775510204 0.11652236652236653 0.008673469387755102 0.046897546897546896
10 0.10739795918367348 0.24711399711399712 0.048469387755102046 0.05844155844155844
12 0.5441326530612245 0.25432900432900435 0.008673469387755102 0.049783549783549784
12 0.26352040816326533 0.25432900432900435 0.008673469387755102 0.048340548340548344
12 0.40790816326530616 0.25432900432900435 0.007653061224489797 0.048340548340548344
12 0.6581632653061225 0.25432900432900435 0.00816326530612245 0.048340548340548344
12 0.048214285714285716 0.2546897546897547 0.007653061224489797 0.047619047619047616
12 0.7969387755102042 0.2546897546897547 0.009183673469387756 0.047619047619047616
12 0.9517857142857143 0.25432900432900435 0.008673469387755102 0.046897546897546896
10 0.10739795918367348 0.3852813852813853 0.048469387755102046 0.05916305916305916
12 0.4084183673469388 0.3924963924963925 0.008673469387755102 0.049062049062049064
12 0.5441326530612245 0.39105339105339104 0.007653061224489797 0.046176046176046176
12 0.6584183673469388 0.3924963924963925 0.007653061224489797 0.049062049062049064
12 0.7969387755102042 0.3921356421356421 0.009183673469387756 0.048340548340548344
12 0.048214285714285716 0.39285714285714285 0.007653061224489797 0.048340548340548344
12 0.26352040816326533 0.3924963924963925 0.008673469387755102 0.047619047619047616
12 0.9512755102040817 0.3921356421356421 0.008673469387755102 0.046897546897546896
10 0.10765306122448981 0.5241702741702742 0.0489795918367347 0.05844155844155844
12 0.40816326530612246 0.5306637806637806 0.00816326530612245 0.049783549783549784
12 0.048214285714285716 0.5310245310245311 0.007653061224489797 0.047619047619047616
12 0.5438775510204082 0.5313852813852814 0.00816326530612245 0.048340548340548344
12 0.9517857142857143 0.5317460317460317 0.008673469387755102 0.049062049062049064
12 0.6581632653061225 0.5321067821067821 0.00816326530612245 0.048340548340548344
12 0.7971938775510204 0.5313852813852814 0.008673469387755102 0.046897546897546896
14 0.16964285714285715 0.5248917748917749 0.005612244897959184 0.00937950937950938
10 0.10790816326530613 0.6738816738816739 0.048469387755102046 0.05916305916305916
12 0.26352040816326533 0.6691919191919192 0.008673469387755102 0.048340548340548344
12 0.5443877551020408 0.6691919191919192 0.009183673469387756 0.048340548340548344
12 0.6586734693877552 0.6695526695526696 0.00816326530612245 0.049062049062049064
12 0.048469387755102046 0.6695526695526696 0.00816326530612245 0.047619047619047616
12 0.40816326530612246 0.6695526695526696 0.00816326530612245 0.047619047619047616
12 0.7974489795918368 0.6691919191919192 0.00816326530612245 0.046897546897546896
12 0.9515306122448981 0.6699134199134199 0.00816326530612245 0.048340548340548344
26 0.06556122448979593 0.11724386724386725 0.023979591836734697 0.07575757575757576
101 0.15714285714285717 0.11291486291486291 0.012244897959183675 0.05844155844155844
132 0.18341836734693878 0.11363636363636363 0.013775510204081635 0.05411255411255411
133 0.19974489795918368 0.11363636363636363 0.010714285714285714 0.056998556998557
73 0.22015306122448983 0.11327561327561328 0.01479591836734694 0.05772005772005772
103 0.2780612244897959 0.12373737373737374 0.011224489795918368 0.06565656565656566
134 0.30612244897959184 0.10894660894660894 0.014285714285714287 0.06493506493506493
133 0.32117346938775515 0.10966810966810966 0.010714285714285714 0.06493506493506493
134 0.34260204081632656 0.12373737373737374 0.010714285714285714 0.06565656565656566
134 0.3589285714285715 0.12157287157287157 0.010714285714285714 0.06277056277056277
136 0.377295918367347 0.11976911976911978 0.010714285714285714 0.05916305916305916
137 0.3928571428571429 0.11796536796536797 0.014285714285714287 0.05555555555555555
107 0.4214285714285715 0.11363636363636363 0.011224489795918368 0.056998556998557
138 0.44744897959183677 0.11327561327561328 0.011224489795918368 0.05627705627705628
139 0.4630102040816327 0.11038961038961038 0.01479591836734694 0.06204906204906205
108 0.4864795918367347 0.11038961038961038 0.010714285714285714 0.06349206349206349
138 0.5127551020408164 0.11327561327561328 0.011224489795918368 0.05772005772005772
137 0.5285714285714286 0.11580086580086581 0.01326530612244898 0.051226551226551224
105 0.5573979591836735 0.11904761904761904 0.010714285714285714 0.05772005772005772
105 0.5839285714285715 0.11904761904761904 0.010714285714285714 0.05772005772005772
105 0.6096938775510204 0.11940836940836941 0.011224489795918368 0.05844155844155844
106 0.6357142857142858 0.11652236652236653 0.011224489795918368 0.051226551226551224
136 0.6719387755102041 0.11724386724386725 0.011224489795918368 0.05411255411255411
136 0.6936224489795919 0.11688311688311688 0.010714285714285714 0.05339105339105339
136 0.7107142857142857 0.11688311688311688 0.011224489795918368 0.05339105339105339
138 0.7301020408163266 0.11471861471861472 0.015306122448979593 0.05916305916305916
107 0.7484693877551021 0.11363636363636363 0.011224489795918368 0.056998556998557
107 0.7747448979591838 0.11327561327561328 0.011734693877551022 0.05772005772005772
51 0.8206632653061225 0.11652236652236653 0.01785714285714286 0.049783549783549784
26 0.0653061224489796 0.25613275613275616 0.023469387755102045 0.07503607503607504
108 0.15612244897959185 0.24927849927849927 0.012244897959183675 0.06277056277056277
139 0.18214285714285716 0.24891774891774893 0.011224489795918368 0.06204906204906205
140 0.19821428571428573 0.24567099567099568 0.015816326530612247 0.0670995670995671
80 0.21938775510204084 0.24963924963924963 0.0163265306122449 0.06349206349206349
105 0.2785714285714286 0.25793650793650796 0.01326530612244898 0.05844155844155844
136 0.30408163265306126 0.25613275613275616 0.011224489795918368 0.05483405483405483
136 0.3198979591836735 0.25577200577200576 0.014285714285714287 0.05411255411255411
136 0.34285714285714286 0.25613275613275616 0.011224489795918368 0.05483405483405483
136 0.35867346938775513 0.25613275613275616 0.011224489795918368 0.05483405483405483
136 0.3775510204081633 0.25613275613275616 0.011224489795918368 0.05627705627705628
135 0.39336734693877556 0.2564935064935065 0.014285714285714287 0.05555555555555555
102 0.42219387755102045 0.24855699855699856 0.011734693877551022 0.06277056277056277
133 0.44897959183673475 0.25216450216450215 0.01326530612244898 0.056998556998557
132 0.4650510204081633 0.2532467532467532 0.010714285714285714 0.05483405483405483
98 0.4864795918367347 0.2597402597402597 0.012755102040816327 0.06349206349206349
131 0.5135204081632654 0.25432900432900435 0.013775510204081635 0.05266955266955267
132 0.5303571428571429 0.2528860028860029 0.010714285714285714 0.05411255411255411
100 0.5579081632653061 0.25432900432900435 0.012755102040816327 0.051226551226551224
100 0.5836734693877551 0.2546897546897547 0.012244897959183675 0.05194805194805195
100 0.6096938775510204 0.2546897546897547 0.012244897959183675 0.05194805194805195
101 0.6362244897959184 0.2518037518037518 0.012244897959183675 0.05772005772005772
133 0.6742346938775511 0.24639249639249639 0.01479591836734694 0.06854256854256854
134 0.6941326530612245 0.24711399711399712 0.011734693877551022 0.0670995670995671
133 0.7114795918367347 0.2474747474747475 0.011734693877551022 0.06637806637806638
131 0.7323979591836736 0.24783549783549783 0.011734693877551022 0.06421356421356421
98 0.7489795918367348 0.25901875901875904 0.012244897959183675 0.06493506493506493
98 0.7744897959183674 0.2597402597402597 0.012244897959183675 0.06349206349206349
101 0.817091836734694 0.2510822510822511 0.012755102040816327 0.05772005772005772
132 0.8436224489795919 0.25216450216450215 0.01479591836734694 0.05411255411255411
133 0.8614795918367347 0.2518037518037518 0.011734693877551022 0.05627705627705628
134 0.8826530612244898 0.24783549783549783 0.015306122448979593 0.06421356421356421
132 0.8994897959183674 0.24783549783549783 0.012244897959183675 0.06565656565656566
134 0.9191326530612246 0.24639249639249639 0.011734693877551022 0.0670995670995671
135 0.9377551020408164 0.2453102453102453 0.011224489795918368 0.06782106782106782
26 0.0653061224489796 0.3939393939393939 0.023469387755102045 0.07503607503607504
102 0.15714285714285717 0.38672438672438675 0.012244897959183675 0.06349206349206349
133 0.18392857142857144 0.38636363636363635 0.01479591836734694 0.06421356421356421
134 0.20025510204081634 0.3856421356421356 0.011734693877551022 0.0670995670995671
74 0.2198979591836735 0.38672438672438675 0.0163265306122449 0.06493506493506493
102 0.27882653061224494 0.3870851370851371 0.011734693877551022 0.06277056277056277
133 0.3056122448979592 0.3870851370851371 0.014285714285714287 0.06421356421356421
134 0.32142857142857145 0.3852813852813853 0.010204081632653062 0.06637806637806638
17 0.3323979591836735 0.386002886002886 0.008673469387755102 0.03607503607503607
135 0.34260204081632656 0.39935064935064934 0.010714285714285714 0.0670995670995671
133 0.35867346938775513 0.4000721500721501 0.011224489795918368 0.06565656565656566
135 0.37704081632653064 0.398989898989899 0.011224489795918368 0.06493506493506493
136 0.39336734693877556 0.398989898989899 0.015306122448979593 0.06349206349206349
106 0.42117346938775513 0.39285714285714285 0.011734693877551022 0.051226551226551224
137 0.44744897959183677 0.39321789321789324 0.011224489795918368 0.05194805194805195
136 0.4630102040816327 0.39466089466089466 0.013775510204081635 0.05339105339105339
17 0.47576530612244905 0.386002886002886 0.008673469387755102 0.03751803751803752
135 0.4862244897959184 0.39935064935064934 0.011224489795918368 0.06421356421356421
134 0.514795918367347 0.3856421356421356 0.014285714285714287 0.06565656565656566
133 0.5301020408163266 0.38636363636363635 0.011224489795918368 0.06421356421356421
103 0.5579081632653061 0.40115440115440115 0.011734693877551022 0.06782106782106782
103 0.5836734693877551 0.40115440115440115 0.011224489795918368 0.06782106782106782
103 0.6094387755102041 0.4007936507936508 0.011734693877551022 0.0670995670995671
105 0.6359693877551021 0.39574314574314573 0.011734693877551022 0.05844155844155844
137 0.6716836734693878 0.3953823953823954 0.010714285714285714 0.05483405483405483
17 0.6831632653061225 0.386002886002886 0.009183673469387756 0.03751803751803752
135 0.6936224489795919 0.39754689754689754 0.010714285714285714 0.06204906204906205
134 0.7102040816326531 0.4000721500721501 0.011224489795918368 0.0670995670995671
17 0.7219387755102041 0.40404040404040403 0.009183673469387756 0.03463203463203463
17 0.7247448979591837 0.40404040404040403 0.011734693877551022 0.050505050505050504
132 0.7313775510204082 0.4036796536796537 0.012755102040816327 0.07287157287157287
99 0.7487244897959184 0.3953823953823954 0.012755102040816327 0.05772005772005772
99 0.775 0.3953823953823954 0.012244897959183675 0.05772005772005772
17 0.806122448979592 0.38636363636363635 0.010204081632653062 0.0367965367965368
50 0.8209183673469389 0.39285714285714285 0.017346938775510204 0.051226551226551224
26 0.06505102040816327 0.5321067821067821 0.023979591836734697 0.07431457431457432
19 0.1576530612244898 0.5288600288600288 0.0163265306122449 0.015873015873015872
95 0.24158163265306123 0.5447330447330447 0.013775510204081635 0.0808080808080808
98 0.2783163265306123 0.5367965367965368 0.012755102040816327 0.06349206349206349
129 0.3053571428571429 0.5367965367965368 0.01479591836734694 0.06349206349206349
130 0.3216836734693878 0.5339105339105339 0.011734693877551022 0.05772005772005772
131 0.34413265306122454 0.5313852813852814 0.01479591836734694 0.05266955266955267
129 0.3591836734693878 0.5364357864357865 0.011224489795918368 0.06421356421356421
131 0.37780612244897965 0.5295815295815296 0.011734693877551022 0.05483405483405483
132 0.39540816326530615 0.5288600288600288 0.011224489795918368 0.05627705627705628
102 0.42219387755102045 0.525974025974026 0.011734693877551022 0.06204906204906205
133 0.44897959183673475 0.5288600288600288 0.01326530612244898 0.05627705627705628
132 0.4650510204081633 0.5303030303030303 0.010714285714285714 0.05483405483405483
100 0.4867346938775511 0.5313852813852814 0.012244897959183675 0.051226551226551224
130 0.5137755102040816 0.5342712842712842 0.014285714285714287 0.056998556998557
129 0.5301020408163266 0.5367965367965368 0.011224489795918368 0.06204906204906205
99 0.5584183673469388 0.5335497835497836 0.012755102040816327 0.056998556998557
99 0.5841836734693878 0.5339105339105339 0.012244897959183675 0.05772005772005772
99 0.6099489795918368 0.5339105339105339 0.012755102040816327 0.05772005772005772
98 0.6359693877551021 0.5367965367965368 0.012755102040816327 0.06349206349206349
130 0.6737244897959185 0.5339105339105339 0.01479591836734694 0.05772005772005772
131 0.6936224489795919 0.5310245310245311 0.011734693877551022 0.05194805194805195
130 0.7107142857142857 0.5339105339105339 0.011224489795918368 0.05772005772005772
17 0.7219387755102041 0.5667388167388168 0.009183673469387756 0.0367965367965368
128 0.7326530612244898 0.5393217893217893 0.01326530612244898 0.06854256854256854
95 0.7484693877551021 0.5454545454545454 0.014285714285714287 0.07936507936507936
95 0.7747448979591838 0.5450937950937951 0.01479591836734694 0.08008658008658008
98 0.8168367346938776 0.5367965367965368 0.01326530612244898 0.06349206349206349
129 0.8441326530612245 0.536075036075036 0.015816326530612247 0.06204906204906205
130 0.8619897959183674 0.5331890331890332 0.011734693877551022 0.05627705627705628
131 0.8816326530612246 0.5310245310245311 0.015306122448979593 0.05194805194805195
129 0.8992346938775511 0.536075036075036 0.011734693877551022 0.06349206349206349
131 0.9186224489795919 0.5299422799422799 0.011734693877551022 0.05555555555555555
132 0.9377551020408164 0.5284992784992785 0.011224489795918368 0.05555555555555555
27 0.06454081632653062 0.6673881673881674 0.023979591836734697 0.046176046176046176
106 0.1566326530612245 0.6699134199134199 0.012244897959183675 0.051226551226551224
137 0.1823979591836735 0.6699134199134199 0.010714285714285714 0.051226551226551224
138 0.19846938775510206 0.6666666666666666 0.014285714285714287 0.05627705627705628
106 0.21760204081632656 0.6699134199134199 0.012755102040816327 0.051226551226551224
103 0.2410714285714286 0.6771284271284271 0.011734693877551022 0.0670995670995671
106 0.27882653061224494 0.6702741702741702 0.013775510204081635 0.05194805194805195
137 0.3038265306122449 0.6699134199134199 0.010714285714285714 0.051226551226551224
138 0.3191326530612245 0.6677489177489178 0.01479591836734694 0.056998556998557
139 0.34285714285714286 0.6645021645021645 0.011224489795918368 0.06204906204906205
137 0.3589285714285715 0.6702741702741702 0.010714285714285714 0.050505050505050504
139 0.3775510204081633 0.6648629148629148 0.011224489795918368 0.06277056277056277
140 0.39362244897959187 0.661976911976912 0.01479591836734694 0.06854256854256854
110 0.4214285714285715 0.6583694083694084 0.01326530612244898 0.07431457431457432
141 0.44744897959183677 0.6576479076479076 0.012244897959183675 0.07431457431457432
140 0.46352040816326534 0.6608946608946609 0.01479591836734694 0.06782106782106782
108 0.4867346938775511 0.6641414141414141 0.011224489795918368 0.06277056277056277
138 0.5127551020408164 0.6673881673881674 0.011224489795918368 0.05772005772005772
137 0.5283163265306123 0.6699134199134199 0.013775510204081635 0.051226551226551224
107 0.5579081632653061 0.6670274170274171 0.011734693877551022 0.056998556998557
107 0.5839285714285715 0.6670274170274171 0.011734693877551022 0.056998556998557
107 0.6099489795918368 0.6670274170274171 0.011734693877551022 0.056998556998557
106 0.6359693877551021 0.6699134199134199 0.011734693877551022 0.051226551226551224
138 0.6721938775510204 0.6670274170274171 0.011734693877551022 0.05555555555555555
139 0.6936224489795919 0.6645021645021645 0.010714285714285714 0.06204906204906205
138 0.7112244897959185 0.6673881673881674 0.011224489795918368 0.05772005772005772
136 0.7306122448979593 0.6706349206349206 0.014285714285714287 0.051226551226551224
103 0.7484693877551021 0.6785714285714286 0.011224489795918368 0.0670995670995671
103 0.7742346938775511 0.6778499278499278 0.011734693877551022 0.0670995670995671
103 0.8168367346938776 0.6782106782106783 0.011224489795918368 0.06637806637806638
134 0.8426020408163266 0.6774891774891775 0.010714285714285714 0.06493506493506493
135 0.8594387755102042 0.6756854256854257 0.013775510204081635 0.06421356421356421
136 0.8806122448979593 0.6771284271284271 0.011224489795918368 0.06565656565656566
134 0.8989795918367348 0.6764069264069265 0.011224489795918368 0.06565656565656566
136 0.9183673469387756 0.6764069264069265 0.011224489795918368 0.06565656565656566
137 0.9354591836734695 0.6756854256854257 0.01479591836734694 0.06421356421356421
