14 0.8801020408163266 0.10822510822510822 0.006122448979591837 0.0101010101010101
12 0.048469387755102046 0.13672438672438672 0.006122448979591837 0.048340548340548344
12 0.4571428571428572 0.13672438672438672 0.00816326530612245 0.048340548340548344
12 0.5826530612244899 0.13636363636363635 0.00816326530612245 0.047619047619047616
12 0.828061224489796 0.13600288600288601 0.00816326530612245 0.046897546897546896
12 0.9515306122448981 0.1378066378066378 0.0071428571428571435 0.050505050505050504
12 0.21096938775510207 0.13672438672438672 0.007653061224489797 0.046897546897546896
12 0.33392857142857146 0.13672438672438672 0.007653061224489797 0.046897546897546896
12 0.7066326530612246 0.13672438672438672 0.00816326530612245 0.046897546897546896
14 0.5096938775510205 0.13095238095238096 0.006122448979591837 0.010822510822510822
14 0.6331632653061225 0.13095238095238096 0.006122448979591837 0.010822510822510822
14 0.13801020408163267 0.13131313131313133 0.005612244897959184 0.0101010101010101
14 0.2622448979591837 0.13131313131313133 0.006122448979591837 0.0101010101010101
14 0.7566326530612245 0.13131313131313133 0.006122448979591837 0.0101010101010101
14 0.38571428571428573 0.14321789321789322 0.006122448979591837 0.010822510822510822
14 0.8801020408163266 0.15512265512265513 0.006122448979591837 0.0101010101010101
14 0.13801020408163267 0.15512265512265513 0.005612244897959184 0.008658008658008658
14 0.2622448979591837 0.15548340548340547 0.006122448979591837 0.00937950937950938
14 0.5094387755102041 0.15548340548340547 0.00663265306122449 0.00937950937950938
14 0.6331632653061225 0.15548340548340547 0.006122448979591837 0.00937950937950938
14 0.7563775510204083 0.15512265512265513 0.005612244897959184 0.008658008658008658
14 0.38545918367346943 0.16666666666666666 0.00663265306122449 0.008658008658008658
14 0.6334183673469388 0.17857142857142858 0.00663265306122449 0.00937950937950938
14 0.2622448979591837 0.19083694083694083 0.006122448979591837 0.00937950937950938
14 0.5091836734693878 0.19083694083694083 0.006122448979591837 0.00937950937950938
14 0.38545918367346943 0.20238095238095238 0.005612244897959184 0.00937950937950938
14 0.7563775510204083 0.20202020202020202 0.005612244897959184 0.008658008658008658
14 0.8798469387755102 0.20202020202020202 0.005612244897959184 0.008658008658008658
14 0.13775510204081634 0.20274170274170275 0.006122448979591837 0.008658008658008658
14 0.6563775510204082 0.38636363636363635 0.005612244897959184 0.007936507936507936
12 0.5025510204081634 0.424963924963925 0.00816326530612245 0.046176046176046176
11 0.9471938775510205 0.4264069264069264 0.013775510204081635 0.049062049062049064
12 0.048214285714285716 0.42712842712842713 0.00663265306122449 0.047619047619047616
12 0.3834183673469388 0.4274891774891775 0.008673469387755102 0.048340548340548344
12 0.6002551020408163 0.4274891774891775 0.00969387755102041 0.048340548340548344
12 0.23214285714285715 0.42784992784992787 0.009183673469387756 0.047619047619047616
12 0.6954081632653062 0.42784992784992787 0.00816326530612245 0.047619047619047616
12 0.7783163265306123 0.42784992784992787 0.007653061224489797 0.047619047619047616
14 0.5604591836734695 0.4090909090909091 0.005612244897959184 0.008658008658008658
12 0.8612244897959185 0.4282106782106782 0.00816326530612245 0.046897546897546896
14 0.6568877551020409 0.4098124098124098 0.005612244897959184 0.008658008658008658
14 0.5607142857142857 0.43362193362193363 0.006122448979591837 0.008658008658008658
12 0.6005102040816327 0.5461760461760462 0.010204081632653062 0.050505050505050504
12 0.6956632653061225 0.5468975468975469 0.00969387755102041 0.050505050505050504
12 0.8617346938775511 0.5465367965367965 0.009183673469387756 0.049783549783549784
11 0.9469387755102041 0.5465367965367965 0.01326530612244898 0.049783549783549784
12 0.7785714285714287 0.5465367965367965 0.009183673469387756 0.048340548340548344
12 0.04872448979591837 0.5468975468975469 0.00663265306122449 0.047619047619047616
12 0.23188775510204085 0.5468975468975469 0.007653061224489797 0.047619047619047616
12 0.38290816326530613 0.5468975468975469 0.007653061224489797 0.047619047619047616
12 0.502295918367347 0.5472582972582972 0.008673469387755102 0.048340548340548344
14 0.14336734693877554 0.5407647907647908 0.006122448979591837 0.010822510822510822
14 0.29642857142857143 0.5404040404040404 0.006122448979591837 0.0101010101010101
14 0.5599489795918368 0.5404040404040404 0.005612244897959184 0.008658008658008658
14 0.6563775510204082 0.5407647907647908 0.005612244897959184 0.00937950937950938
14 0.439030612244898 0.5411255411255411 0.005612244897959184 0.008658008658008658
14 0.14387755102040817 0.564935064935065 0.006122448979591837 0.0101010101010101
14 0.29642857142857143 0.5645743145743146 0.006122448979591837 0.00937950937950938
14 0.43928571428571433 0.564935064935065 0.005102040816326531 0.008658008658008658
14 0.5607142857142857 0.564935064935065 0.005102040816326531 0.008658008658008658
14 0.6568877551020409 0.5652958152958153 0.005612244897959184 0.007936507936507936
14 0.14387755102040817 0.59992784992785 0.006122448979591837 0.00937950937950938
14 0.43928571428571433 0.601010101010101 0.006122448979591837 0.008658008658008658
14 0.5604591836734695 0.601010101010101 0.005612244897959184 0.008658008658008658
14 0.6568877551020409 0.601010101010101 0.005612244897959184 0.008658008658008658
14 0.29642857142857143 0.6125541125541125 0.005102040816326531 0.008658008658008658
14 0.29617346938775513 0.6479076479076479 0.005612244897959184 0.008658008658008658
14 0.43954081632653064 0.6486291486291487 0.005612244897959184 0.008658008658008658
14 0.5607142857142857 0.6486291486291487 0.006122448979591837 0.008658008658008658
14 0.6568877551020409 0.6482683982683982 0.005612244897959184 0.007936507936507936
27 0.06505102040816327 0.1378066378066378 0.025 0.05194805194805195
26 0.06454081632653062 0.42857142857142855 0.02295918367346939 0.08513708513708514
27 0.0653061224489796 0.5476190476190477 0.02653061224489796 0.05194805194805195
