12 0.9520408163265307 0.22835497835497837 0.010204081632653062 0.048340548340548344
12 0.047959183673469394 0.22943722943722944 0.0071428571428571435 0.049062049062049064
12 0.4283163265306123 0.2287157287157287 0.008673469387755102 0.047619047619047616
12 0.7500000000000001 0.22907647907647907 0.009183673469387756 0.048340548340548344
12 0.2563775510204082 0.22907647907647907 0.008673469387755102 0.046897546897546896
12 0.6030612244897959 0.22943722943722944 0.009183673469387756 0.046176046176046176
12 0.048214285714285716 0.37554112554112556 0.007653061224489797 0.048340548340548344
12 0.2566326530612245 0.37518037518037517 0.00816326530612245 0.047619047619047616
12 0.9512755102040817 0.37554112554112556 0.008673469387755102 0.048340548340548344
12 0.4285714285714286 0.37626262626262624 0.0071428571428571435 0.048340548340548344
12 0.7494897959183674 0.37554112554112556 0.00816326530612245 0.046897546897546896
12 0.6033163265306123 0.37662337662337664 0.00969387755102041 0.047619047619047616
12 0.048214285714285716 0.5223665223665224 0.00663265306122449 0.049062049062049064
12 0.9515306122448981 0.5223665223665224 0.00816326530612245 0.049062049062049064
12 0.2566326530612245 0.522005772005772 0.00816326530612245 0.046897546897546896
12 0.42882653061224496 0.5227272727272727 0.008673469387755102 0.048340548340548344
12 0.6033163265306123 0.5227272727272727 0.008673469387755102 0.048340548340548344
12 0.7497448979591838 0.5223665223665224 0.008673469387755102 0.047619047619047616
12 0.04872448979591837 0.6515151515151515 0.00663265306122449 0.049062049062049064
12 0.4285714285714286 0.6518759018759018 0.00816326530612245 0.048340548340548344
12 0.6035714285714286 0.6518759018759018 0.00816326530612245 0.048340548340548344
12 0.7497448979591838 0.6518759018759018 0.007653061224489797 0.048340548340548344
12 0.9510204081632654 0.6518759018759018 0.00816326530612245 0.048340548340548344
12 0.2563775510204082 0.6522366522366523 0.008673469387755102 0.047619047619047616
12 0.047959183673469394 0.816017316017316 0.0071428571428571435 0.047619047619047616
12 0.2566326530612245 0.8163780663780664 0.00816326530612245 0.048340548340548344
12 0.42882653061224496 0.816017316017316 0.008673469387755102 0.047619047619047616
12 0.6035714285714286 0.816017316017316 0.009183673469387756 0.047619047619047616
12 0.7497448979591838 0.8156565656565656 0.008673469387755102 0.046897546897546896
12 0.9512755102040817 0.816017316017316 0.008673469387755102 0.047619047619047616
26 0.06505102040816327 0.22763347763347763 0.023979591836734697 0.09018759018759019
53 0.10484693877551021 0.22655122655122656 0.01785714285714286 0.06060606060606061
53 0.2767857142857143 0.22655122655122656 0.018877551020408164 0.05916305916305916
52 0.4484693877551021 0.22907647907647907 0.018367346938775512 0.049783549783549784
52 0.6234693877551021 0.2297979797979798 0.018367346938775512 0.051226551226551224
104 0.7668367346938776 0.2344877344877345 0.012244897959183675 0.06204906204906205
105 0.8145408163265306 0.23196248196248195 0.012755102040816327 0.056998556998557
106 0.8619897959183674 0.22907647907647907 0.013775510204081635 0.051226551226551224
106 0.9089285714285715 0.22943722943722944 0.013775510204081635 0.05194805194805195
26 0.06505102040816327 0.37373737373737376 0.025 0.09090909090909091
51 0.10459183673469388 0.37626262626262624 0.018367346938775512 0.05266955266955267
48 0.276530612244898 0.37554112554112556 0.017346938775510204 0.051226551226551224
99 0.4459183673469388 0.3777056277056277 0.01326530612244898 0.056998556998557
102 0.4954081632653062 0.3694083694083694 0.01326530612244898 0.06204906204906205
76 0.5436224489795919 0.38167388167388167 0.013775510204081635 0.06204906204906205
76 0.6209183673469388 0.3813131313131313 0.01326530612244898 0.06277056277056277
74 0.6872448979591838 0.3704906204906205 0.014285714285714287 0.06277056277056277
102 0.7676020408163265 0.36976911976911975 0.012755102040816327 0.06277056277056277
103 0.8145408163265306 0.3838383838383838 0.012755102040816327 0.06637806637806638
104 0.8617346938775511 0.38167388167388167 0.01326530612244898 0.06349206349206349
102 0.9096938775510205 0.37012987012987014 0.01326530612244898 0.06349206349206349
26 0.06581632653061226 0.5209235209235209 0.025510204081632654 0.08946608946608947
109 0.10204081632653061 0.5144300144300145 0.014285714285714287 0.0707070707070707
20 0.14744897959183675 0.5212842712842712 0.012244897959183675 0.03823953823953824
19 0.1941326530612245 0.5194805194805194 0.018877551020408164 0.01443001443001443
111 0.27423469387755106 0.5082972582972582 0.01479591836734694 0.08152958152958154
20 0.3198979591836735 0.5212842712842712 0.012244897959183675 0.03823953823953824
19 0.3660714285714286 0.5198412698412699 0.018877551020408164 0.013708513708513708
18 0.5160714285714286 0.5140692640692641 0.01785714285714286 0.013708513708513708
18 0.676530612244898 0.5140692640692641 0.018367346938775512 0.013708513708513708
18 0.850765306122449 0.5137085137085137 0.01785714285714286 0.012987012987012988
27 0.06505102040816327 0.6479076479076479 0.025 0.044733044733044736
18 0.16632653061224492 0.6428571428571429 0.018367346938775512 0.01443001443001443
18 0.34260204081632656 0.6428571428571429 0.01785714285714286 0.01443001443001443
18 0.5160714285714286 0.6432178932178932 0.01785714285714286 0.013708513708513708
18 0.6767857142857143 0.6428571428571429 0.01785714285714286 0.012987012987012988
18 0.850765306122449 0.6428571428571429 0.01785714285714286 0.01443001443001443
27 0.06479591836734694 0.8152958152958153 0.025510204081632654 0.050505050505050504
18 0.16658163265306125 0.8077200577200577 0.01785714285714286 0.013708513708513708
18 0.34285714285714286 0.8077200577200577 0.018367346938775512 0.013708513708513708
46 0.44821428571428573 0.8170995670995671 0.01785714285714286 0.05411255411255411
48 0.6232142857142857 0.816017316017316 0.01683673469387755 0.05194805194805195
48 0.7698979591836735 0.8156565656565656 0.017346938775510204 0.051226551226551224
