2 0.09158163265306123 0.10137085137085138 0.01785714285714286 0.048340548340548344
11 0.9479591836734694 0.11507936507936507 0.014285714285714287 0.049783549783549784
12 0.6142857142857143 0.11507936507936507 0.00816326530612245 0.048340548340548344
12 0.7859693877551022 0.11507936507936507 0.008673469387755102 0.048340548340548344
12 0.04872448979591837 0.11616161616161616 0.007653061224489797 0.049062049062049064
12 0.28188775510204084 0.11544011544011544 0.008673469387755102 0.047619047619047616
12 0.43954081632653064 0.11507936507936507 0.007653061224489797 0.046897546897546896
14 0.3903061224489796 0.10966810966810966 0.0071428571428571435 0.0101010101010101
14 0.8948979591836735 0.11002886002886003 0.0071428571428571435 0.010822510822510822
14 0.1688775510204082 0.12121212121212122 0.006122448979591837 0.008658008658008658
14 0.6729591836734694 0.12121212121212122 0.006122448979591837 0.008658008658008658
2 0.09132653061224491 0.21572871572871574 0.017346938775510204 0.047619047619047616
11 0.9482142857142858 0.2297979797979798 0.01479591836734694 0.049783549783549784
12 0.048469387755102046 0.23015873015873015 0.0071428571428571435 0.049062049062049064
12 0.6142857142857143 0.2297979797979798 0.00816326530612245 0.048340548340548344
12 0.7859693877551022 0.2297979797979798 0.008673469387755102 0.048340548340548344
12 0.28188775510204084 0.23015873015873015 0.008673469387755102 0.047619047619047616
12 0.43954081632653064 0.2297979797979798 0.007653061224489797 0.046897546897546896
14 0.8948979591836735 0.22402597402597402 0.0071428571428571435 0.010822510822510822
14 0.3903061224489796 0.22438672438672438 0.0071428571428571435 0.0101010101010101
14 0.1691326530612245 0.23556998556998557 0.00663265306122449 0.00937950937950938
14 0.6729591836734694 0.23593073593073594 0.006122448979591837 0.008658008658008658
2 0.09132653061224491 0.33044733044733043 0.017346938775510204 0.047619047619047616
11 0.9477040816326532 0.3445165945165945 0.01479591836734694 0.049783549783549784
12 0.0489795918367347 0.3448773448773449 0.0071428571428571435 0.049062049062049064
12 0.7859693877551022 0.34415584415584416 0.008673469387755102 0.047619047619047616
12 0.28188775510204084 0.3445165945165945 0.008673469387755102 0.046897546897546896
12 0.43954081632653064 0.3448773448773449 0.008673469387755102 0.047619047619047616
12 0.614030612244898 0.3448773448773449 0.008673469387755102 0.047619047619047616
14 0.3903061224489796 0.3272005772005772 0.0071428571428571435 0.010822510822510822
14 0.8951530612244899 0.3272005772005772 0.007653061224489797 0.010822510822510822
14 0.1691326530612245 0.3383838383838384 0.00663265306122449 0.008658008658008658
14 0.6729591836734694 0.33874458874458874 0.0071428571428571435 0.00937950937950938
2 0.09158163265306123 0.44516594516594515 0.01683673469387755 0.046176046176046176
11 0.9474489795918368 0.4588744588744589 0.014285714285714287 0.050505050505050504
12 0.04872448979591837 0.4592352092352092 0.00663265306122449 0.048340548340548344
12 0.4400510204081633 0.4592352092352092 0.00969387755102041 0.048340548340548344
12 0.614030612244898 0.4592352092352092 0.00969387755102041 0.048340548340548344
12 0.28188775510204084 0.4595959595959596 0.008673469387755102 0.047619047619047616
12 0.7859693877551022 0.4595959595959596 0.00969387755102041 0.047619047619047616
2 0.09132653061224491 0.5721500721500722 0.0163265306122449 0.046176046176046176
11 0.9477040816326532 0.573953823953824 0.013775510204081635 0.049783549783549784
12 0.439795918367347 0.5735930735930735 0.009183673469387756 0.047619047619047616
12 0.614030612244898 0.5735930735930735 0.00969387755102041 0.047619047619047616
12 0.7859693877551022 0.573953823953824 0.00969387755102041 0.048340548340548344
12 0.048214285714285716 0.5746753246753247 0.00663265306122449 0.048340548340548344
12 0.28188775510204084 0.573953823953824 0.008673469387755102 0.046897546897546896
2 0.09158163265306123 0.6742424242424242 0.01683673469387755 0.046897546897546896
14 0.3903061224489796 0.6590909090909091 0.006122448979591837 0.00937950937950938
14 0.8948979591836735 0.6590909090909091 0.006122448979591837 0.00937950937950938
11 0.9477040816326532 0.687950937950938 0.013775510204081635 0.049783549783549784
12 0.048469387755102046 0.6883116883116883 0.006122448979591837 0.049062049062049064
12 0.6142857142857143 0.687950937950938 0.009183673469387756 0.048340548340548344
12 0.2823979591836735 0.6883116883116883 0.00969387755102041 0.047619047619047616
12 0.43954081632653064 0.6883116883116883 0.008673469387755102 0.047619047619047616
12 0.7862244897959184 0.6883116883116883 0.009183673469387756 0.047619047619047616
14 0.1688775510204082 0.6702741702741702 0.006122448979591837 0.008658008658008658
14 0.6732142857142858 0.6706349206349206 0.005612244897959184 0.007936507936507936
2 0.09132653061224491 0.788961038961039 0.017346938775510204 0.046897546897546896
11 0.9477040816326532 0.8026695526695526 0.01479591836734694 0.049783549783549784
12 0.04872448979591837 0.803030303030303 0.00663265306122449 0.049062049062049064
12 0.28188775510204084 0.803030303030303 0.008673469387755102 0.047619047619047616
12 0.43954081632653064 0.803030303030303 0.008673469387755102 0.047619047619047616
12 0.7859693877551022 0.803030303030303 0.008673469387755102 0.047619047619047616
14 0.3900510204081633 0.7853535353535354 0.00663265306122449 0.010822510822510822
12 0.614030612244898 0.8033910533910534 0.008673469387755102 0.046897546897546896
14 0.8948979591836735 0.7853535353535354 0.0071428571428571435 0.010822510822510822
14 0.1691326530612245 0.7968975468975469 0.00663265306122449 0.00937950937950938
14 0.6727040816326532 0.7972582972582972 0.00663265306122449 0.008658008658008658
2 0.09158163265306123 0.9155844155844156 0.01683673469387755 0.047619047619047616
11 0.9471938775510205 0.9173881673881674 0.01479591836734694 0.049783549783549784
12 0.614030612244898 0.9173881673881674 0.00969387755102041 0.048340548340548344
12 0.04923469387755103 0.9177489177489178 0.00663265306122449 0.047619047619047616
12 0.28188775510204084 0.9177489177489178 0.008673469387755102 0.047619047619047616
12 0.43954081632653064 0.9177489177489178 0.008673469387755102 0.047619047619047616
12 0.7859693877551022 0.9181096681096681 0.00969387755102041 0.048340548340548344
26 0.06505102040816327 0.11688311688311688 0.023979591836734697 0.07503607503607504
103 0.125 0.12301587301587301 0.011224489795918368 0.0670995670995671
16 0.14719387755102042 0.11652236652236653 0.008673469387755102 0.02958152958152958
133 0.16147959183673471 0.1075036075036075 0.01479591836734694 0.06493506493506493
17 0.17755102040816328 0.12121212121212122 0.006122448979591837 0.023088023088023088
163 0.2017857142857143 0.10714285714285714 0.011734693877551022 0.06565656565656566
103 0.2178571428571429 0.12373737373737374 0.011224489795918368 0.06565656565656566
103 0.25204081632653064 0.12301587301587301 0.011224489795918368 0.0670995670995671
103 0.2969387755102041 0.12301587301587301 0.011224489795918368 0.0670995670995671
104 0.33112244897959187 0.12193362193362194 0.011224489795918368 0.06493506493506493
16 0.35306122448979593 0.09992784992784992 0.009183673469387756 0.02958152958152958
166 0.36530612244897964 0.12193362193362194 0.011224489795918368 0.06493506493506493
135 0.3793367346938776 0.12301587301587301 0.012755102040816327 0.06565656565656566
103 0.4099489795918368 0.12337662337662338 0.010714285714285714 0.06637806637806638
134 0.4553571428571429 0.12337662337662338 0.011734693877551022 0.06637806637806638
134 0.4739795918367347 0.12301587301587301 0.014285714285714287 0.06565656565656566
103 0.4979591836734694 0.1240981240981241 0.010204081632653062 0.06637806637806638
133 0.5323979591836735 0.1240981240981241 0.010714285714285714 0.06926406926406926
134 0.553826530612245 0.12373737373737374 0.010714285714285714 0.0670995670995671
135 0.5752551020408164 0.12229437229437229 0.010714285714285714 0.06565656565656566
134 0.5954081632653062 0.12193362193362194 0.014285714285714287 0.06349206349206349
103 0.6293367346938776 0.12337662337662338 0.010714285714285714 0.06637806637806638
16 0.651530612244898 0.11580086580086581 0.009183673469387756 0.02958152958152958
133 0.6660714285714286 0.10822510822510822 0.01479591836734694 0.06493506493506493
17 0.6813775510204082 0.12121212121212122 0.005612244897959184 0.023088023088023088
163 0.7061224489795919 0.10786435786435787 0.011224489795918368 0.06565656565656566
103 0.7219387755102041 0.12337662337662338 0.011224489795918368 0.06637806637806638
103 0.7561224489795919 0.12337662337662338 0.011224489795918368 0.06782106782106782
103 0.8015306122448981 0.12301587301587301 0.011224489795918368 0.0670995670995671
104 0.8359693877551021 0.12193362193362194 0.011734693877551022 0.06493506493506493
16 0.8576530612244899 0.09956709956709957 0.009183673469387756 0.030303030303030304
166 0.8701530612244899 0.12193362193362194 0.010714285714285714 0.06493506493506493
135 0.8844387755102041 0.12337662337662338 0.012755102040816327 0.06493506493506493
103 0.9145408163265307 0.12337662337662338 0.011734693877551022 0.06782106782106782
26 0.06556122448979593 0.23124098124098125 0.023979591836734697 0.07431457431457432
103 0.125 0.23773448773448774 0.011224489795918368 0.0670995670995671
16 0.14719387755102042 0.23088023088023088 0.008673469387755102 0.030303030303030304
133 0.16173469387755104 0.2222222222222222 0.015306122448979593 0.06349206349206349
17 0.17704081632653063 0.23556998556998557 0.006122448979591837 0.023809523809523808
163 0.2017857142857143 0.22186147186147187 0.011734693877551022 0.06565656565656566
103 0.21760204081632656 0.23809523809523808 0.010714285714285714 0.06637806637806638
103 0.25178571428571433 0.23773448773448774 0.010714285714285714 0.0670995670995671
103 0.2966836734693878 0.23809523809523808 0.010714285714285714 0.06782106782106782
104 0.33086734693877556 0.2362914862914863 0.010714285714285714 0.06421356421356421
16 0.35306122448979593 0.21428571428571427 0.009183673469387756 0.030303030303030304
166 0.36556122448979594 0.23665223665223664 0.010714285714285714 0.06349206349206349
135 0.3793367346938776 0.23773448773448774 0.012755102040816327 0.06565656565656566
103 0.40969387755102044 0.23809523809523808 0.010204081632653062 0.06637806637806638
134 0.4553571428571429 0.23773448773448774 0.011734693877551022 0.06565656565656566
134 0.4739795918367347 0.23773448773448774 0.014285714285714287 0.06565656565656566
103 0.4979591836734694 0.23845598845598845 0.010204081632653062 0.0670995670995671
133 0.5323979591836735 0.23845598845598845 0.010714285714285714 0.06854256854256854
134 0.553826530612245 0.23809523809523808 0.010714285714285714 0.06637806637806638
135 0.5752551020408164 0.237012987012987 0.010714285714285714 0.06565656565656566
134 0.5954081632653062 0.2362914862914863 0.014285714285714287 0.06277056277056277
103 0.6290816326530613 0.23809523809523808 0.010204081632653062 0.06637806637806638
16 0.651530612244898 0.2305194805194805 0.009183673469387756 0.02958152958152958
133 0.6658163265306123 0.22258297258297258 0.015306122448979593 0.06421356421356421
17 0.6813775510204082 0.2362914862914863 0.005612244897959184 0.023809523809523808
163 0.7061224489795919 0.2222222222222222 0.011224489795918368 0.06493506493506493
103 0.7216836734693878 0.23809523809523808 0.010714285714285714 0.06637806637806638
103 0.7561224489795919 0.23773448773448774 0.011224489795918368 0.0670995670995671
103 0.8015306122448981 0.23773448773448774 0.011224489795918368 0.0670995670995671
104 0.8357142857142857 0.2362914862914863 0.011224489795918368 0.06421356421356421
16 0.8576530612244899 0.21392496392496393 0.009183673469387756 0.031024531024531024
166 0.8701530612244899 0.23665223665223664 0.010714285714285714 0.06349206349206349
135 0.8844387755102041 0.23737373737373738 0.012755102040816327 0.06493506493506493
103 0.9145408163265307 0.23809523809523808 0.011734693877551022 0.06782106782106782
26 0.0653061224489796 0.34595959595959597 0.023469387755102045 0.07575757575757576
104 0.125 0.35064935064935066 0.011224489795918368 0.06493506493506493
134 0.1594387755102041 0.35533910533910534 0.010714285714285714 0.07287157287157287
17 0.17729591836734696 0.34415584415584416 0.005612244897959184 0.024531024531024532
164 0.1987244897959184 0.35533910533910534 0.01683673469387755 0.07287157287157287
104 0.21734693877551023 0.35064935064935066 0.010204081632653062 0.06349206349206349
104 0.25204081632653064 0.35064935064935066 0.011224489795918368 0.06349206349206349
104 0.2966836734693878 0.35064935064935066 0.010714285714285714 0.06349206349206349
105 0.33086734693877556 0.3474025974025974 0.010714285714285714 0.056998556998557
167 0.3650510204081633 0.34559884559884557 0.010714285714285714 0.05339105339105339
136 0.3793367346938776 0.3474025974025974 0.012755102040816327 0.05555555555555555
104 0.4099489795918368 0.35064935064935066 0.010714285714285714 0.06349206349206349
135 0.45459183673469394 0.351010101010101 0.010204081632653062 0.06421356421356421
135 0.4744897959183674 0.35064935064935066 0.01326530612244898 0.06349206349206349
104 0.4982142857142858 0.35064935064935066 0.010714285714285714 0.06349206349206349
17 0.5216836734693878 0.3434343434343434 0.008673469387755102 0.03607503607503607
134 0.5323979591836735 0.3528138528138528 0.00969387755102041 0.06782106782106782
135 0.553826530612245 0.35173160173160173 0.010714285714285714 0.0670995670995671
136 0.5750000000000001 0.35173160173160173 0.011224489795918368 0.06565656565656566
135 0.5948979591836735 0.35064935064935066 0.014285714285714287 0.06349206349206349
104 0.6293367346938776 0.3513708513708514 0.010714285714285714 0.06349206349206349
134 0.6635204081632654 0.35533910533910534 0.010714285714285714 0.07142857142857142
17 0.6813775510204082 0.34415584415584416 0.00663265306122449 0.024531024531024532
164 0.703061224489796 0.35533910533910534 0.0163265306122449 0.07142857142857142
104 0.7219387755102041 0.35064935064935066 0.010204081632653062 0.06349206349206349
104 0.7561224489795919 0.35064935064935066 0.011224489795918368 0.06349206349206349
104 0.8012755102040817 0.35064935064935066 0.011734693877551022 0.06349206349206349
105 0.8357142857142857 0.3477633477633478 0.011224489795918368 0.05772005772005772
167 0.8701530612244899 0.34559884559884557 0.010714285714285714 0.05194805194805195
136 0.8839285714285715 0.3474025974025974 0.012755102040816327 0.05555555555555555
104 0.9142857142857144 0.35064935064935066 0.011224489795918368 0.06349206349206349
26 0.0653061224489796 0.4603174603174603 0.023469387755102045 0.07503607503607504
18 0.19056122448979593 0.45021645021645024 0.01683673469387755 0.01443001443001443
18 0.36071428571428577 0.45021645021645024 0.0163265306122449 0.012987012987012988
51 0.45867346938775516 0.45995670995670995 0.017346938775510204 0.051226551226551224
53 0.6329081632653062 0.4574314574314574 0.01785714285714286 0.05772005772005772
57 0.8048469387755103 0.44877344877344877 0.019897959183673472 0.07503607503607504
27 0.06556122448979593 0.573953823953824 0.023979591836734697 0.051226551226551224
18 0.1903061224489796 0.564935064935065 0.0163265306122449 0.01443001443001443
18 0.36071428571428577 0.564935064935065 0.0163265306122449 0.012987012987012988
48 0.45867346938775516 0.5743145743145743 0.017346938775510204 0.05194805194805195
50 0.6331632653061225 0.5743145743145743 0.017346938775510204 0.05194805194805195
47 0.8051020408163266 0.5735930735930735 0.01938775510204082 0.05339105339105339
26 0.06556122448979593 0.6897546897546898 0.02295918367346939 0.07503607503607504
107 0.12525510204081633 0.6861471861471862 0.011734693877551022 0.05627705627705628
137 0.15994897959183674 0.689033189033189 0.011734693877551022 0.05194805194805195
17 0.17729591836734696 0.6702741702741702 0.00663265306122449 0.024531024531024532
167 0.1987244897959184 0.689033189033189 0.01785714285714286 0.05194805194805195
107 0.21760204081632656 0.6857864357864358 0.010714285714285714 0.056998556998557
107 0.25229591836734694 0.6861471861471862 0.011734693877551022 0.05772005772005772
107 0.2966836734693878 0.6861471861471862 0.011734693877551022 0.05772005772005772
108 0.33112244897959187 0.6829004329004329 0.011224489795918368 0.06277056277056277
16 0.3533163265306123 0.6486291486291487 0.008673469387755102 0.030303030303030304
170 0.36530612244897964 0.6796536796536796 0.012244897959183675 0.06782106782106782
139 0.3793367346938776 0.6832611832611832 0.012755102040816327 0.06204906204906205
107 0.4099489795918368 0.6865079365079365 0.011734693877551022 0.056998556998557
138 0.45459183673469394 0.6861471861471862 0.011224489795918368 0.05772005772005772
138 0.4744897959183674 0.6861471861471862 0.014285714285714287 0.05627705627705628
107 0.4979591836734694 0.6861471861471862 0.011224489795918368 0.05772005772005772
17 0.5216836734693878 0.6706349206349206 0.008673469387755102 0.03535353535353535
137 0.5323979591836735 0.6886724386724387 0.010714285714285714 0.051226551226551224
138 0.553826530612245 0.6865079365079365 0.011734693877551022 0.056998556998557
139 0.5755102040816327 0.6832611832611832 0.011224489795918368 0.06204906204906205
138 0.5954081632653062 0.6861471861471862 0.014285714285714287 0.05627705627705628
107 0.6290816326530613 0.6861471861471862 0.011224489795918368 0.05772005772005772
137 0.664030612244898 0.6886724386724387 0.011734693877551022 0.051226551226551224
17 0.6813775510204082 0.6702741702741702 0.00663265306122449 0.024531024531024532
167 0.7033163265306123 0.689033189033189 0.01683673469387755 0.05194805194805195
107 0.7216836734693878 0.6861471861471862 0.011734693877551022 0.05627705627705628
107 0.7566326530612245 0.6861471861471862 0.012244897959183675 0.05772005772005772
107 0.8015306122448981 0.6861471861471862 0.012244897959183675 0.05772005772005772
108 0.8359693877551021 0.6829004329004329 0.011734693877551022 0.06277056277056277
16 0.8581632653061225 0.6486291486291487 0.009183673469387756 0.030303030303030304
170 0.8701530612244899 0.6796536796536796 0.012755102040816327 0.06782106782106782
139 0.8839285714285715 0.6829004329004329 0.013775510204081635 0.06277056277056277
107 0.9145408163265307 0.6861471861471862 0.011734693877551022 0.05772005772005772
26 0.06505102040816327 0.8044733044733045 0.02295918367346939 0.07503607503607504
104 0.125 0.8088023088023089 0.011224489795918368 0.06349206349206349
134 0.1594387755102041 0.8134920634920635 0.010714285714285714 0.07287157287157287
17 0.17729591836734696 0.8026695526695526 0.005612244897959184 0.023809523809523808
164 0.1987244897959184 0.8138528138528138 0.01683673469387755 0.07215007215007214
104 0.21760204081632656 0.8088023088023089 0.010714285714285714 0.06349206349206349
104 0.25229591836734694 0.8088023088023089 0.011734693877551022 0.06349206349206349
104 0.2966836734693878 0.8095238095238095 0.011734693877551022 0.06349206349206349
105 0.33086734693877556 0.8066378066378066 0.010714285714285714 0.05772005772005772
167 0.36530612244897964 0.8041125541125541 0.010204081632653062 0.05266955266955267
136 0.3790816326530613 0.8059163059163059 0.01326530612244898 0.05627705627705628
104 0.40969387755102044 0.8095238095238095 0.011224489795918368 0.06349206349206349
135 0.4543367346938776 0.8098845598845599 0.010714285714285714 0.06421356421356421
135 0.4744897959183674 0.8095238095238095 0.01326530612244898 0.06349206349206349
104 0.4977040816326531 0.8095238095238095 0.010714285714285714 0.06349206349206349
17 0.5216836734693878 0.8026695526695526 0.008673469387755102 0.03535353535353535
134 0.5326530612244899 0.8113275613275613 0.010204081632653062 0.06854256854256854
135 0.553826530612245 0.8106060606060606 0.010714285714285714 0.0670995670995671
136 0.5750000000000001 0.8102453102453102 0.011224489795918368 0.06493506493506493
135 0.5948979591836735 0.8088023088023089 0.014285714285714287 0.06349206349206349
104 0.6290816326530613 0.8095238095238095 0.011224489795918368 0.06349206349206349
134 0.6635204081632654 0.8138528138528138 0.010714285714285714 0.07215007215007214
17 0.6813775510204082 0.8026695526695526 0.00663265306122449 0.023809523809523808
164 0.703061224489796 0.8134920634920635 0.0163265306122449 0.07142857142857142
104 0.7219387755102041 0.8088023088023089 0.010204081632653062 0.06349206349206349
104 0.7563775510204083 0.8088023088023089 0.011734693877551022 0.06349206349206349
104 0.8012755102040817 0.8091630591630592 0.011734693877551022 0.06277056277056277
105 0.8357142857142857 0.8066378066378066 0.011224489795918368 0.05772005772005772
167 0.8701530612244899 0.8041125541125541 0.010714285714285714 0.05266955266955267
136 0.8844387755102041 0.8059163059163059 0.012755102040816327 0.05627705627705628
104 0.9145408163265307 0.8095238095238095 0.011734693877551022 0.06349206349206349
27 0.06505102040816327 0.9177489177489178 0.023979591836734697 0.050505050505050504
18 0.1903061224489796 0.9090909090909091 0.017346938775510204 0.01443001443001443
18 0.36071428571428577 0.9083694083694084 0.0163265306122449 0.012987012987012988
46 0.45867346938775516 0.9181096681096681 0.018367346938775512 0.05411255411255411
48 0.6329081632653062 0.9177489177489178 0.01683673469387755 0.050505050505050504
51 0.8053571428571429 0.9181096681096681 0.018877551020408164 0.05266955266955267
