12 0.9512755102040817 0.11544011544011544 0.00969387755102041 0.049062049062049064
12 0.048469387755102046 0.11580086580086581 0.00816326530612245 0.048340548340548344
12 0.3091836734693878 0.11507936507936507 0.009183673469387756 0.046897546897546896
12 0.5153061224489797 0.11580086580086581 0.010204081632653062 0.048340548340548344
12 0.7311224489795919 0.11580086580086581 0.00816326530612245 0.046897546897546896
12 0.048469387755102046 0.24134199134199133 0.00816326530612245 0.048340548340548344
12 0.9515306122448981 0.240981240981241 0.00816326530612245 0.047619047619047616
12 0.3091836734693878 0.24134199134199133 0.00816326530612245 0.046897546897546896
12 0.5150510204081633 0.24206349206349206 0.008673469387755102 0.048340548340548344
12 0.7308673469387755 0.24134199134199133 0.008673469387755102 0.046897546897546896
12 0.04872448979591837 0.35894660894660896 0.008673469387755102 0.048340548340548344
12 0.3091836734693878 0.35858585858585856 0.00816326530612245 0.047619047619047616
12 0.5155612244897959 0.35894660894660896 0.00969387755102041 0.048340548340548344
12 0.9515306122448981 0.3593073593073593 0.00816326530612245 0.047619047619047616
12 0.7313775510204082 0.3596681096681097 0.008673469387755102 0.046897546897546896
12 0.2602040816326531 0.6240981240981242 0.00816326530612245 0.047619047619047616
12 0.5959183673469388 0.6240981240981242 0.010204081632653062 0.047619047619047616
12 0.7816326530612245 0.6240981240981242 0.009183673469387756 0.047619047619047616
12 0.9512755102040817 0.6248196248196248 0.007653061224489797 0.049062049062049064
12 0.048214285714285716 0.6240981240981242 0.007653061224489797 0.046176046176046176
12 0.4283163265306123 0.6244588744588745 0.00969387755102041 0.046897546897546896
14 0.2104591836734694 0.6071428571428571 0.005612244897959184 0.00937950937950938
14 0.12627551020408165 0.7207792207792207 0.00663265306122449 0.008658008658008658
12 0.9517857142857143 0.7507215007215007 0.007653061224489797 0.049783549783549784
12 0.048469387755102046 0.7507215007215007 0.00816326530612245 0.048340548340548344
12 0.25994897959183677 0.7507215007215007 0.008673469387755102 0.048340548340548344
12 0.7811224489795919 0.7507215007215007 0.00816326530612245 0.048340548340548344
12 0.42780612244897964 0.7514430014430015 0.007653061224489797 0.048340548340548344
12 0.5959183673469388 0.7510822510822511 0.00816326530612245 0.047619047619047616
14 0.21071428571428574 0.7326839826839827 0.006122448979591837 0.00937950937950938
12 0.25994897959183677 0.8679653679653679 0.008673469387755102 0.049062049062049064
12 0.5954081632653062 0.8679653679653679 0.0071428571428571435 0.049062049062049064
12 0.048469387755102046 0.8683261183261183 0.0071428571428571435 0.048340548340548344
12 0.7816326530612245 0.8679653679653679 0.00816326530612245 0.047619047619047616
12 0.9512755102040817 0.8683261183261183 0.007653061224489797 0.048340548340548344
12 0.42780612244897964 0.8686868686868687 0.007653061224489797 0.047619047619047616
27 0.06352040816326532 0.11580086580086581 0.02602040816326531 0.05266955266955267
15 0.08775510204081634 0.10461760461760462 0.011224489795918368 0.03607503607503607
141 0.11658163265306123 0.1038961038961039 0.011734693877551022 0.07647907647907648
103 0.16785714285714287 0.1240981240981241 0.011224489795918368 0.06637806637806638
103 0.21658163265306124 0.1240981240981241 0.010714285714285714 0.06637806637806638
105 0.26556122448979597 0.11868686868686869 0.010714285714285714 0.056998556998557
78 0.32704081632653065 0.11580086580086581 0.014285714285714287 0.051226551226551224
20 0.42193877551020414 0.11075036075036075 0.011224489795918368 0.03535353535353535
108 0.4716836734693878 0.11002886002886003 0.010714285714285714 0.06277056277056277
138 0.5377551020408163 0.11363636363636363 0.011224489795918368 0.056998556998557
139 0.5627551020408164 0.11038961038961038 0.011224489795918368 0.06349206349206349
15 0.5811224489795919 0.08008658008658008 0.010204081632653062 0.03463203463203463
140 0.5931122448979592 0.1075036075036075 0.011734693877551022 0.06926406926406926
141 0.6153061224489796 0.10425685425685426 0.015306122448979593 0.07575757575757576
137 0.639030612244898 0.11616161616161616 0.010714285714285714 0.050505050505050504
138 0.6635204081632654 0.11327561327561328 0.010714285714285714 0.05627705627705628
139 0.6877551020408164 0.11002886002886003 0.010204081632653062 0.06277056277056277
140 0.7104591836734695 0.10786435786435787 0.01479591836734694 0.06854256854256854
105 0.7471938775510205 0.11796536796536797 0.010714285714285714 0.056998556998557
34 0.7826530612244899 0.11183261183261184 0.01938775510204082 0.05772005772005772
80 0.8033163265306124 0.10966810966810966 0.013775510204081635 0.06349206349206349
107 0.9051020408163266 0.11327561327561328 0.011224489795918368 0.05772005772005772
26 0.06505102040816327 0.24242424242424243 0.02295918367346939 0.07503607503607504
15 0.08801020408163267 0.2178932178932179 0.010714285714285714 0.03463203463203463
138 0.11683673469387756 0.23917748917748918 0.011224489795918368 0.056998556998557
140 0.14362244897959184 0.2326839826839827 0.011734693877551022 0.06854256854256854
139 0.16785714285714287 0.2362914862914863 0.011224489795918368 0.06277056277056277
138 0.1900510204081633 0.23917748917748918 0.01479591836734694 0.056998556998557
137 0.21658163265306124 0.2427849927849928 0.010714285714285714 0.05411255411255411
136 0.24081632653061227 0.2435064935064935 0.011224489795918368 0.05555555555555555
135 0.26556122448979597 0.24314574314574314 0.010714285714285714 0.05627705627705628
136 0.2880102040816327 0.24386724386724387 0.01479591836734694 0.05627705627705628
134 0.32602040816326533 0.24891774891774893 0.011224489795918368 0.06637806637806638
133 0.34974489795918373 0.2481962481962482 0.011734693877551022 0.06493506493506493
134 0.37397959183673474 0.24855699855699856 0.011224489795918368 0.06565656565656566
135 0.39668367346938777 0.2474747474747475 0.01479591836734694 0.06493506493506493
136 0.42321428571428577 0.24206349206349206 0.010714285714285714 0.05266955266955267
137 0.44744897959183677 0.2417027417027417 0.011224489795918368 0.05194805194805195
138 0.4716836734693878 0.23953823953823955 0.010714285714285714 0.05627705627705628
139 0.4938775510204082 0.23665223665223664 0.014285714285714287 0.06204906204906205
15 0.526530612244898 0.23593073593073594 0.010204081632653062 0.03463203463203463
104 0.5380102040816327 0.24783549783549783 0.010714285714285714 0.06277056277056277
109 0.5923469387755103 0.23376623376623376 0.011224489795918368 0.06926406926406926
103 0.639030612244898 0.24963924963924963 0.011734693877551022 0.06637806637806638
108 0.6872448979591838 0.23593073593073594 0.010204081632653062 0.06349206349206349
133 0.7474489795918368 0.24963924963924963 0.011224489795918368 0.06637806637806638
15 0.7660714285714286 0.2362914862914863 0.010714285714285714 0.03535353535353535
135 0.7770408163265307 0.24855699855699856 0.011224489795918368 0.0670995670995671
134 0.8017857142857143 0.24891774891774893 0.011734693877551022 0.06637806637806638
133 0.8295918367346939 0.24927849927849927 0.015306122448979593 0.0670995670995671
101 0.8563775510204082 0.23845598845598845 0.011734693877551022 0.056998556998557
108 0.904591836734694 0.23593073593073594 0.011224489795918368 0.06349206349206349
27 0.06479591836734694 0.35894660894660896 0.02448979591836735 0.05266955266955267
15 0.08775510204081634 0.3474025974025974 0.011224489795918368 0.03535353535353535
102 0.11734693877551021 0.3531746031746032 0.011224489795918368 0.06132756132756133
132 0.16964285714285715 0.3578643578643579 0.01479591836734694 0.05339105339105339
131 0.1920918367346939 0.35894660894660896 0.011734693877551022 0.05266955266955267
132 0.2181122448979592 0.3575036075036075 0.01479591836734694 0.05411255411255411
133 0.24081632653061227 0.35678210678210676 0.010204081632653062 0.05555555555555555
103 0.26556122448979597 0.36724386724386726 0.010714285714285714 0.06637806637806638
103 0.32551020408163267 0.36724386724386726 0.011224489795918368 0.06637806637806638
99 0.3747448979591837 0.36183261183261184 0.011734693877551022 0.056998556998557
99 0.42346938775510207 0.3611111111111111 0.012244897959183675 0.056998556998557
106 0.47219387755102044 0.3593073593073593 0.011734693877551022 0.050505050505050504
106 0.5380102040816327 0.35894660894660896 0.011734693877551022 0.051226551226551224
77 0.5941326530612245 0.3621933621933622 0.013775510204081635 0.05627705627705628
104 0.6877551020408164 0.3658008658008658 0.011224489795918368 0.06349206349206349
104 0.7474489795918368 0.36544011544011545 0.011224489795918368 0.06277056277056277
134 0.8040816326530613 0.35173160173160173 0.015306122448979593 0.06565656565656566
15 0.8206632653061225 0.36544011544011545 0.00969387755102041 0.03391053391053391
133 0.8321428571428572 0.3528138528138528 0.011224489795918368 0.06349206349206349
132 0.8576530612244899 0.35894660894660896 0.014285714285714287 0.051226551226551224
131 0.880357142857143 0.35858585858585856 0.011734693877551022 0.05339105339105339
132 0.9051020408163266 0.3575036075036075 0.011224489795918368 0.05411255411255411
133 0.9298469387755103 0.35678210678210676 0.010714285714285714 0.05555555555555555
34 0.06479591836734694 0.6186868686868687 0.023469387755102045 0.06277056277056277
15 0.08826530612244898 0.637085137085137 0.010204081632653062 0.03463203463203463
107 0.11683673469387756 0.6222943722943723 0.011224489795918368 0.056998556998557
137 0.15586734693877552 0.6255411255411255 0.010714285714285714 0.050505050505050504
138 0.17346938775510207 0.6219336219336219 0.014285714285714287 0.05627705627705628
15 0.18979591836734697 0.6125541125541125 0.009183673469387756 0.03463203463203463
105 0.20102040816326533 0.6277056277056277 0.010204081632653062 0.05627705627705628
137 0.24362244897959187 0.6255411255411255 0.010714285714285714 0.050505050505050504
106 0.2739795918367347 0.6248196248196248 0.011224489795918368 0.050505050505050504
103 0.31556122448979596 0.6323953823953824 0.011734693877551022 0.0670995670995671
106 0.35714285714285715 0.6248196248196248 0.011224489795918368 0.050505050505050504
108 0.3938775510204082 0.6194083694083694 0.011224489795918368 0.06277056277056277
110 0.4418367346938776 0.6132756132756133 0.012244897959183675 0.07503607503607504
106 0.48367346938775513 0.6240981240981242 0.012244897959183675 0.050505050505050504
108 0.5244897959183674 0.6183261183261183 0.011224489795918368 0.06349206349206349
110 0.5612244897959184 0.612914862914863 0.012244897959183675 0.07575757575757576
108 0.6168367346938776 0.6190476190476191 0.011224489795918368 0.06349206349206349
15 0.6561224489795919 0.6067821067821068 0.010204081632653062 0.03463203463203463
106 0.6676020408163266 0.6244588744588745 0.010714285714285714 0.051226551226551224
104 0.7086734693877552 0.6305916305916306 0.011224489795918368 0.06204906204906205
106 0.7477040816326531 0.6248196248196248 0.010714285714285714 0.050505050505050504
108 0.8025510204081633 0.6194083694083694 0.011224489795918368 0.06421356421356421
110 0.8418367346938777 0.612914862914863 0.012244897959183675 0.07575757575757576
108 0.8811224489795919 0.6194083694083694 0.011224489795918368 0.06277056277056277
15 0.9086734693877552 0.6067821067821068 0.010204081632653062 0.03463203463203463
106 0.9201530612244899 0.6248196248196248 0.010714285714285714 0.050505050505050504
27 0.9359693877551021 0.6251803751803752 0.020918367346938777 0.051226551226551224
26 0.06505102040816327 0.7514430014430015 0.02295918367346939 0.07431457431457432
15 0.08775510204081634 0.726911976911977 0.010204081632653062 0.03391053391053391
107 0.11683673469387756 0.7481962481962482 0.011224489795918368 0.05772005772005772
137 0.175765306122449 0.7514430014430015 0.010714285714285714 0.051226551226551224
106 0.20102040816326533 0.7510822510822511 0.011224489795918368 0.050505050505050504
136 0.24362244897959187 0.7543290043290043 0.010714285714285714 0.05844155844155844
136 0.27423469387755106 0.7518037518037518 0.011734693877551022 0.05483405483405483
138 0.29566326530612247 0.7489177489177489 0.011734693877551022 0.05916305916305916
137 0.3153061224489796 0.7518037518037518 0.011224489795918368 0.05339105339105339
136 0.3331632653061225 0.7521645021645021 0.014285714285714287 0.05411255411255411
140 0.35688775510204085 0.7417027417027418 0.011734693877551022 0.06926406926406926
138 0.3744897959183674 0.7478354978354979 0.011224489795918368 0.056998556998557
137 0.3938775510204082 0.7503607503607503 0.011224489795918368 0.050505050505050504
136 0.41224489795918373 0.7503607503607503 0.014285714285714287 0.050505050505050504
135 0.4418367346938776 0.7532467532467533 0.011224489795918368 0.05627705627705628
137 0.46352040816326534 0.7521645021645021 0.011734693877551022 0.05555555555555555
136 0.4834183673469388 0.7528860028860029 0.010714285714285714 0.056998556998557
135 0.5010204081632653 0.7525252525252525 0.014285714285714287 0.05627705627705628
140 0.5247448979591838 0.7420634920634921 0.011734693877551022 0.06854256854256854
137 0.5415816326530613 0.7503607503607503 0.010714285714285714 0.050505050505050504
136 0.5612244897959184 0.7514430014430015 0.010204081632653062 0.05266955266955267
135 0.5795918367346939 0.7525252525252525 0.01326530612244898 0.05627705627705628
134 0.6168367346938776 0.7579365079365079 0.011224489795918368 0.06565656565656566
15 0.6308673469387756 0.7388167388167388 0.00969387755102041 0.03463203463203463
136 0.6420918367346939 0.7586580086580087 0.010714285714285714 0.06565656565656566
15 0.6561224489795919 0.7445887445887446 0.010204081632653062 0.03607503607503607
135 0.6673469387755102 0.7575757575757576 0.011224489795918368 0.06637806637806638
134 0.6854591836734695 0.7579365079365079 0.013775510204081635 0.06565656565656566
140 0.7086734693877552 0.7417027417027418 0.012244897959183675 0.06782106782106782
139 0.7283163265306123 0.7449494949494949 0.010714285714285714 0.06277056277056277
138 0.7479591836734695 0.7478354978354979 0.011224489795918368 0.056998556998557
137 0.765561224489796 0.7503607503607503 0.013775510204081635 0.050505050505050504
15 0.791326530612245 0.7388167388167388 0.010204081632653062 0.03463203463203463
136 0.8025510204081633 0.7510822510822511 0.011224489795918368 0.05194805194805195
137 0.8219387755102041 0.7507215007215007 0.011224489795918368 0.051226551226551224
138 0.8418367346938777 0.7481962481962482 0.011224489795918368 0.05772005772005772
139 0.8594387755102042 0.7453102453102453 0.01479591836734694 0.06204906204906205
140 0.8813775510204083 0.7420634920634921 0.011734693877551022 0.06854256854256854
139 0.9005102040816327 0.7453102453102453 0.011224489795918368 0.06204906204906205
140 0.9204081632653062 0.7424242424242424 0.012244897959183675 0.06926406926406926
138 0.9359693877551021 0.7489177489177489 0.013775510204081635 0.05627705627705628
27 0.06377551020408163 0.8672438672438673 0.025510204081632654 0.05194805194805195
15 0.08775510204081634 0.8560606060606061 0.011224489795918368 0.03535353535353535
134 0.1163265306122449 0.8740981240981242 0.011224489795918368 0.06421356421356421
135 0.13596938775510206 0.8722943722943723 0.010714285714285714 0.06060606060606061
136 0.15535714285714286 0.8708513708513709 0.010714285714285714 0.05772005772005772
137 0.17346938775510207 0.8694083694083694 0.014285714285714287 0.05339105339105339
107 0.200765306122449 0.8654401154401155 0.010714285714285714 0.056998556998557
100 0.22755102040816327 0.8686868686868687 0.011224489795918368 0.050505050505050504
75 0.275765306122449 0.8759018759018758 0.013775510204081635 0.06637806637806638
19 0.35816326530612247 0.8654401154401155 0.0163265306122449 0.012265512265512266
75 0.4438775510204082 0.8759018759018758 0.014285714285714287 0.06637806637806638
19 0.525765306122449 0.8654401154401155 0.01683673469387755 0.012265512265512266
15 0.6056122448979593 0.8686868686868687 0.010204081632653062 0.03607503607503607
75 0.6191326530612246 0.8759018759018758 0.013775510204081635 0.06637806637806638
19 0.7102040816326531 0.8654401154401155 0.0163265306122449 0.012265512265512266
20 0.8012755102040817 0.8636363636363636 0.011734693877551022 0.03607503607503607
108 0.8415816326530613 0.8625541125541125 0.010714285714285714 0.06277056277056277
15 0.8696428571428573 0.8690476190476191 0.00969387755102041 0.03535353535353535
103 0.8811224489795919 0.8759018759018758 0.011224489795918368 0.06637806637806638
101 0.9204081632653062 0.8650793650793651 0.011224489795918368 0.05772005772005772
