6 0.09181365897783808 0.10620601407549583 0.018091361374943465 0.060140754958413305
13 0.6741293532338308 0.12124120281509916 0.012211668928086838 0.044145873320537425
12 0.40049751243781095 0.12092130518234165 0.009497964721845319 0.04222648752399232
12 0.555857078245138 0.12124120281509916 0.009045680687471733 0.042866282789507354
12 0.9511533242876526 0.12092130518234165 0.007236544549977386 0.04222648752399232
12 0.04794210764360018 0.12156110044785669 0.007236544549977386 0.04222648752399232
12 0.30551786521935775 0.12124120281509916 0.008593396653098146 0.04158669225847728
6 0.09181365897783808 0.21433141394753677 0.018091361374943465 0.060140754958413305
14 0.13749434644957034 0.2037747920665387 0.006331976481230212 0.010876519513755598
14 0.13749434644957034 0.21337172104926422 0.006331976481230212 0.010876519513755598
13 0.6741293532338308 0.22968650031989762 0.012211668928086838 0.04350607805502239
12 0.047715965626413386 0.23000639795265515 0.0067842605156037995 0.042866282789507354
12 0.30529172320217096 0.22968650031989762 0.009045680687471733 0.04222648752399232
12 0.40049751243781095 0.23000639795265515 0.009497964721845319 0.042866282789507354
12 0.555857078245138 0.23000639795265515 0.009045680687471733 0.042866282789507354
12 0.9509271822704659 0.22968650031989762 0.007688828584350972 0.04222648752399232
14 0.8962008141112618 0.3125399872040947 0.0067842605156037995 0.009596928982725527
12 0.40027137042062416 0.33749200255918105 0.009950248756218905 0.045425463851567496
12 0.5560832202623247 0.3384516954574536 0.009497964721845319 0.04350607805502239
12 0.04794210764360018 0.3387715930902111 0.007236544549977386 0.042866282789507354
12 0.30529172320217096 0.3384516954574536 0.009045680687471733 0.04222648752399232
13 0.6743554952510177 0.3387715930902111 0.011759384893713252 0.042866282789507354
12 0.9513794663048395 0.3384516954574536 0.0067842605156037995 0.04222648752399232
14 0.8964269561284487 0.3438899552143314 0.006331976481230212 0.009596928982725527
6 0.09203980099502487 0.4692898272552783 0.017639077340569877 0.05950095969289827
14 0.8959746720940751 0.4472168905950096 0.007236544549977386 0.010236724248240563
12 0.5560832202623247 0.4731285988483685 0.008593396653098146 0.044145873320537425
12 0.40049751243781095 0.4731285988483685 0.009497964721845319 0.042866282789507354
13 0.6741293532338308 0.473448496481126 0.013116236996834011 0.04350607805502239
12 0.04816824966078698 0.473448496481126 0.007688828584350972 0.04222648752399232
12 0.30529172320217096 0.473448496481126 0.009045680687471733 0.04222648752399232
12 0.9513794663048395 0.47280870121561097 0.0067842605156037995 0.04094689699296225
14 0.8964269561284487 0.4782469609724888 0.006331976481230212 0.009596928982725527
6 0.09203980099502487 0.5767754318618042 0.01854364540931705 0.060780550223928344
13 0.6743554952510177 0.5825335892514395 0.012663952962460425 0.044145873320537425
12 0.30529172320217096 0.5825335892514395 0.008141112618724558 0.042866282789507354
12 0.40027137042062416 0.5825335892514395 0.009045680687471733 0.042866282789507354
12 0.5556309362279511 0.5825335892514395 0.008593396653098146 0.042866282789507354
12 0.9511533242876526 0.5825335892514395 0.008141112618724558 0.042866282789507354
12 0.04794210764360018 0.5841330774152271 0.007236544549977386 0.044785668586052464
12 0.04839439167797377 0.7175303902751119 0.007236544549977386 0.044145873320537425
13 0.6743554952510177 0.7178502879078694 0.011759384893713252 0.04350607805502239
12 0.30506558118498417 0.7178502879078694 0.008593396653098146 0.04222648752399232
12 0.40049751243781095 0.7178502879078694 0.008593396653098146 0.04222648752399232
12 0.555857078245138 0.7178502879078694 0.009045680687471733 0.04222648752399232
12 0.9511533242876526 0.7178502879078694 0.008141112618724558 0.04222648752399232
12 0.30506558118498417 0.826935380678183 0.009497964721845319 0.044145873320537425
12 0.40049751243781095 0.8266154830454254 0.009497964721845319 0.04350607805502239
12 0.555857078245138 0.8262955854126679 0.009950248756218905 0.042866282789507354
13 0.6743554952510177 0.8266154830454254 0.011759384893713252 0.04350607805502239
12 0.9509271822704659 0.8262955854126679 0.008593396653098146 0.042866282789507354
12 0.04816824966078698 0.826935380678183 0.007688828584350972 0.042866282789507354
12 0.04816824966078698 0.9353806781829814 0.007688828584350972 0.04350607805502239
13 0.6741293532338308 0.9353806781829814 0.012211668928086838 0.04350607805502239
12 0.30506558118498417 0.935700575815739 0.009497964721845319 0.042866282789507354
12 0.40049751243781095 0.935700575815739 0.009497964721845319 0.042866282789507354
12 0.5560832202623247 0.935700575815739 0.009497964721845319 0.042866282789507354
12 0.9507010402532791 0.935700575815739 0.008141112618724558 0.042866282789507354
3 0.7073722297602895 0.3294945617402431 0.04613297150610583 0.0780550223928343
26 0.0642243328810493 0.12156110044785669 0.022614201718679332 0.09341010876519514
18 0.20036182722749887 0.10332693538067818 0.01990049751243781 0.013435700575815739
18 0.35052012663952964 0.10332693538067818 0.018995929443690638 0.013435700575815739
18 0.46426956128448665 0.10332693538067818 0.019448213478064226 0.013435700575815739
18 0.6119402985074627 0.10364683301343569 0.018995929443690638 0.014075495841330773
20 0.7654907281772954 0.10076775431861804 0.011307100859339666 0.036468330134357005
20 0.784486657620986 0.10108765195137556 0.011307100859339666 0.035828534868841966
81 0.8059701492537313 0.11356365962891875 0.014473089099954772 0.06206014075495841
20 0.8419267299864315 0.10076775431861804 0.011307100859339666 0.036468330134357005
81 0.8629579375848032 0.11388355726167626 0.014473089099954772 0.06269993602047344
20 0.9007236544549977 0.10044785668586052 0.011307100859339666 0.03710812539987204
109 0.925599276345545 0.1145233525271913 0.014020805065581185 0.06269993602047344
26 0.06467661691542288 0.23032629558541265 0.023518769787426504 0.09341010876519514
20 0.28923563998190865 0.209532949456174 0.011307100859339666 0.036468330134357005
18 0.35074626865671643 0.21241202815099167 0.019448213478064226 0.014075495841330773
18 0.46404341926729986 0.21241202815099167 0.018995929443690638 0.014075495841330773
18 0.6119402985074627 0.21241202815099167 0.018995929443690638 0.014075495841330773
26 0.06490275893260967 0.3390914907229686 0.023066485753052916 0.0946896992962252
17 0.11420171867933061 0.3342930262316059 0.008593396653098146 0.051823416506717845
20 0.28923563998190865 0.3186180422264875 0.011307100859339666 0.03710812539987204
18 0.35074626865671643 0.32117722328854764 0.019448213478064226 0.014075495841330773
18 0.46426956128448665 0.32149712092130517 0.019448213478064226 0.013435700575815739
18 0.6121664405246495 0.3208573256557901 0.019448213478064226 0.013435700575815739
20 0.7657168701944821 0.3186180422264875 0.011759384893713252 0.03710812539987204
17 0.8729081863410222 0.345489443378119 0.008141112618724558 0.052463211772232884
74 0.8839891451831751 0.34612923864363404 0.011307100859339666 0.06269993602047344
138 0.9138398914518318 0.32309660908509275 0.014925373134328358 0.07037747920665387
135 0.9253731343283582 0.32437619961612285 0.011759384893713252 0.07165706973768393
136 0.9405246494798734 0.32629558541266795 0.012211668928086838 0.07037747920665387
27 0.0673903211216644 0.4750479846449136 0.027137042062415198 0.051823416506717845
20 0.28923563998190865 0.45361484325015994 0.011307100859339666 0.035828534868841966
18 0.35052012663952964 0.4561740243122201 0.018995929443690638 0.014075495841330773
20 0.4183627317955676 0.4532949456174024 0.011759384893713252 0.036468330134357005
20 0.4366802351876979 0.4532949456174024 0.011307100859339666 0.036468330134357005
16 0.44776119402985076 0.4779270633397313 0.008141112618724558 0.03838771593090211
101 0.4599728629579376 0.47056941778630834 0.011759384893713252 0.04926423544465771
103 0.48009950248756217 0.4801663467690339 0.011307100859339666 0.05950095969289827
106 0.5018091361374943 0.47376839411388355 0.011307100859339666 0.045425463851567496
16 0.5126639529624605 0.44113883557261674 0.007688828584350972 0.03902751119641715
108 0.5239710538218001 0.4692898272552783 0.011307100859339666 0.05694177863083813
34 0.5407055630936228 0.46865003198976324 0.0203527815468114 0.0582213691618682
105 0.5671641791044776 0.4760076775431862 0.011759384893713252 0.04990403071017274
107 0.587516960651289 0.4715291106845809 0.011759384893713252 0.05118362124120281
109 0.6067390321121664 0.46673064619321813 0.012211668928086838 0.060780550223928344
16 0.6173677069199457 0.4257837492002559 0.008141112618724558 0.03902751119641715
111 0.6293532338308457 0.46129238643634035 0.013116236996834011 0.07293666026871401
19 0.6508367254635912 0.4494561740243122 0.016282225237449117 0.013435700575815739
20 0.7657168701944821 0.45361484325015994 0.011759384893713252 0.035828534868841966
20 0.7659430122116689 0.4948816378758797 0.011307100859339666 0.035188739603326934
138 0.9133876074174582 0.45553422904670504 0.014020805065581185 0.06397952655150352
135 0.925599276345545 0.45777351247600767 0.011307100859339666 0.06717850287907869
136 0.9405246494798734 0.4603326935380678 0.012211668928086838 0.06973768394113883
37 0.0673903211216644 0.5882917466410749 0.027137042062415198 0.06206014075495841
18 0.20036182722749887 0.5754958413307741 0.018995929443690638 0.013435700575815739
18 0.35052012663952964 0.5754958413307741 0.018995929443690638 0.013435700575815739
18 0.46404341926729986 0.5751759436980166 0.018995929443690638 0.012795905310300703
18 0.6119402985074627 0.5751759436980166 0.018995929443690638 0.012795905310300703
26 0.06467661691542288 0.7184900831733845 0.023518769787426504 0.09341010876519514
18 0.20013568521031208 0.7005758157389635 0.019448213478064226 0.014075495841330773
18 0.35074626865671643 0.700255918106206 0.019448213478064226 0.013435700575815739
18 0.46404341926729986 0.700255918106206 0.018995929443690638 0.013435700575815739
18 0.6121664405246495 0.700255918106206 0.019448213478064226 0.013435700575815739
26 0.06490275893260967 0.827575175943698 0.023066485753052916 0.09404990403071017
18 0.20058796924468567 0.809660908509277 0.019448213478064226 0.014715291106845808
18 0.35074626865671643 0.8087012156110045 0.019448213478064226 0.014075495841330773
18 0.46426956128448665 0.8090211132437619 0.019448213478064226 0.014715291106845808
18 0.6121664405246495 0.8093410108765194 0.019448213478064226 0.014075495841330773
20 0.7657168701944821 0.8064619321817018 0.011759384893713252 0.036468330134357005
20 0.8231569425599277 0.8064619321817018 0.011759384893713252 0.036468330134357005
20 0.8817277250113071 0.8064619321817018 0.011307100859339666 0.036468330134357005
26 0.06467661691542288 0.9360204734484965 0.023518769787426504 0.09341010876519514
18 0.20036182722749887 0.918426103646833 0.01990049751243781 0.014715291106845808
18 0.35074626865671643 0.918426103646833 0.019448213478064226 0.014715291106845808
18 0.46426956128448665 0.918426103646833 0.019448213478064226 0.014715291106845808
18 0.6121664405246495 0.9181062060140754 0.019448213478064226 0.014075495841330773
