2_10 2343 1193 2407 1396
16_5 3724 3800 3780 4024
Rests16 1355 5100 1408 5201
16_0 3424 3800 3496 4023
2_10 800 1191 865 1394
16_6 2901 873 2952 1098
16_5 2921 3799 2975 4021
Rests16 2218 4088 2275 4189
2_10 2205 2190 2271 2394
16_6 1959 3865 2014 4098
2_10 3022 3189 3079 3386
Gclef 374 3816 472 4081
8_11 2321 3170 2379 3386
16_9 2038 3836 2111 4098
dot 3178 5239 3203 5266
dot 716 5208 739 5233
dot 1510 5208 1533 5232
Rests16 555 2097 611 2200
2_10 1354 3188 1415 3388
16_-1 3520 4801 3577 5051
dot 3183 4211 3208 4235
dot 716 3179 739 3205
16_-1 2711 4801 2770 5053
2_10 551 3188 612 3388
dot 1508 2181 1533 2207
dot 2371 2180 2395 2206
dot 2364 5239 2389 5268
dot 716 4177 739 4202
dot 3179 2180 3204 2207
dot 2379 4210 2404 4236
dot 1520 4177 1544 4202
dot 3188 3179 3210 3205
8_8 3114 5222 3171 5380
Rests16 3021 4087 3080 4191
dot 714 2180 740 2208
dot 3238 1183 3262 1210
dot 1517 3178 1540 3205
dot 2385 3178 2409 3206
16_5 2618 3799 2692 4022
dot 2502 1185 2525 1211
16_1 2812 4800 2868 5020
Rests16 554 4088 612 4192
Rests16 555 3076 611 3176
2_10 3015 2191 3074 2392
2_10 1537 1192 1597 1395
16_6 3636 872 3689 1097
16_1 3623 4801 3678 5019
8_10 650 5183 712 5382
2_9 551 2206 608 2393
8_12 1452 3154 1516 3387
8_12 3115 2157 3174 2390
Rests16 1357 3076 1413 3175
dot 1693 1184 1717 1210
2_10 3080 1192 3142 1395
16_5 2914 4795 2970 5021
8_12 892 1157 954 1396
dot 958 1184 981 1210
Rests16 1359 4089 1416 4192
Rests16 3015 5164 3071 5268
8_12 649 3156 716 3388
2_9 2212 4201 2271 4385
8_12 1630 1158 1691 1396
8_10 2314 4185 2376 4386
16_1 2513 4865 2565 5024
2_9 551 4204 609 4385
16_10 952 2822 1016 3089
2_9 3021 4204 3073 4385
2_9 1347 2211 1402 2391
Rests16 806 1080 861 1181
Rests16 1347 2098 1405 2198
16_-1 2403 4866 2470 5056
2_4 3015 5233 3067 5419
16_5 3422 4796 3491 5018
8_11 3122 3172 3182 3388
16_9 1232 3835 1307 4096
16_7 1907 877 1962 1105
2_9 1356 4203 1413 4385
Rests16 3024 3074 3082 3178
16_9 1760 3834 1814 4099
Rests16 555 5100 613 5202
16_10 1753 2825 1815 3086
8_12 2304 2157 2369 2394
16_-1 3218 4866 3290 5053
16_7 2163 875 2235 1107
16_8 1744 1860 1799 2102
16_7 1426 877 1502 1107
16_6 1154 3867 1212 4098
2_10 2222 3188 2280 3388
16_7 1172 870 1227 1110
2_8 552 5217 613 5386
16_10 2033 2826 2112 3093
16_7 2611 1873 2669 2104
16_5 1817 808 1872 1037
2_8 1351 5217 1403 5383
Sharp 2468 4944 2508 5048
8_10 1446 5184 1504 5383
16_1 2721 2795 2780 3027
16_1 3522 2794 3582 3027
16_7 1953 2871 2007 3095
16_3 3269 876 3320 1092
16_7 3419 1872 3476 2103
Rests16 3084 1080 3138 1180
Single_barline 2274 884 2307 1025
16_7 3701 1875 3777 2104
16_9 955 3832 1010 4099
8_11 650 2174 711 2394
Rests16 2207 2072 2265 2174
Rests16 1540 1079 1596 1180
4_11 948 2175 1007 2392
16_5 2049 4799 2102 5016
16_5 2089 876 2144 1106
16_5 3727 4799 3780 5016
Single_barline 2138 4873 2172 5013
16_7 1153 2871 1206 3095
16_7 2893 1875 2969 2102
4_12 949 3153 1015 3390
16_10 1231 2823 1309 3091
4_12 3416 2158 3480 2391
Single_barline 2154 3874 2188 4015
4_11 3423 3173 3480 3389
16_6 2923 2793 2981 3027
16_2 1265 879 1317 1106
8_8 2301 5216 2357 5383
4_11 1742 2173 1799 2393
16_5 1354 877 1409 1107
16_0 2415 3870 2490 4039
16_8 3452 861 3508 1100
4_12 1750 3153 1815 3390
16_2 3624 3801 3682 4020
4_11 3450 1176 3510 1395
16_8 949 1858 1006 2107
16_2 853 4861 909 5017
16_2 2818 3801 2877 4020
16_8 3706 866 3779 1094
4_11 2713 1175 2774 1395
4_11 2620 3173 2680 3389
16_2 1998 877 2052 1108
16_7 1635 2871 1707 3068
16_0 3222 3870 3292 4040
16_1 3320 4868 3376 5018
16_2 1055 3868 1110 4097
Rests16 3017 2071 3073 2174
4_11 1756 4166 1817 4387
16_2 1150 4800 1208 5017
16_8 2970 864 3044 1097
16_3 3544 875 3599 1097
16_1 2427 2860 2496 3024
4_12 2608 2159 2671 2394
16_7 833 2871 907 3069
16_5 2513 1808 2567 2027
16_5 3322 1807 3375 2027
16_5 3621 1874 3677 2102
16_5 1252 4798 1307 5018
16_5 2813 1875 2868 2104
8_11 649 4165 712 4386
16_3 3325 2841 3380 3022
16_3 2808 877 2862 1100
Single_barline 335 4239 363 4380
16_2 1859 3866 1914 4097
16_5 1081 814 1137 1032
4_11 951 4167 1013 4386
16_2 1547 1875 1598 2097
16_2 2519 3865 2575 4020
16_0 751 4870 824 5034
16_3 2524 2842 2579 3022
16_3 1853 2875 1907 3094
16_0 1548 4868 1617 5034
Single_barline 334 3873 364 4017
16_3 1055 2875 1107 3094
16_6 3343 876 3414 1073
Sharp 2378 2950 2423 3053
16_2 3323 3864 3379 4020
Single_barline 334 2877 364 3019
Single_barline 334 4872 364 5016
Single_barline 2147 3243 2183 3382
16_2 752 3868 808 4091
16_2 1843 1876 1897 2101
8_11 1445 2176 1504 2395
Single_barline 2148 2880 2181 3017
4_8 2611 5216 2662 5382
16_2 1946 4801 2004 5016
16_5 2612 4798 2683 5018
16_0 2718 3802 2776 4041
16_2 1649 4862 1705 5018
Single_barline 2273 1247 2308 1388
Single_barline 508 883 538 1027
16_5 951 4798 1025 5019
16_2 2713 1876 2767 2101
16_0 3521 3800 3581 4041
8_11 1454 4165 1517 4387
16_3 2531 877 2583 1094
16_5 1748 4797 1820 5019
Single_barline 2135 1880 2166 2021
Rests8 1541 920 1590 991
Single_barline 3814 2242 3851 2387
4_12 1905 1161 1968 1394
16_2 1050 1877 1104 2102
8_11 2435 1178 2497 1396
Single_barline 509 1250 537 1389
4_10 2614 4187 2676 4385
16_1 3222 2860 3297 3023
16_2 2411 1832 2481 2023
16_2 3219 1832 3290 2024
4_10 3421 4187 3479 4384
16_6 3727 2792 3784 3025
16_2 1557 3868 1612 4091
16_6 1151 1873 1202 2104
Single_barline 3817 880 3850 1028
Single_barline 3818 1880 3851 2024
Single_barline 334 1881 364 2024
Single_barline 334 2244 363 2389
16_2 751 1877 805 2095
8_11 3170 1178 3234 1396
16_8 2717 861 2770 1100
4_12 1169 1162 1232 1394
16_6 1942 1874 1997 2103
Single_barline 2155 4239 2188 4378
16_2 989 837 1060 1029
Single_barline 334 3243 364 3384
16_2 3521 1876 3575 2101
Rests8 2223 2916 2272 2985
4_10 1746 5184 1806 5385
16_3 752 2875 806 3086
Single_barline 3818 4871 3849 5015
Single_barline 2133 2241 2168 2385
16_6 833 3869 908 4068
16_0 1050 4801 1107 5038
Single_barline 2139 5235 2173 5377
4_10 949 5182 1010 5384
16_0 1845 4802 1906 5037
8_10 3118 4187 3179 4386
16_6 1638 3868 1712 4067
Rests8 3017 1915 3067 1990
16_6 1622 1877 1698 2071
Rests8 2207 1915 2258 1988
16_3 1554 2875 1607 3086
16_2 1724 835 1795 1030
Rests8 2217 3911 2267 3982
16_3 2823 2793 2880 3023
16_3 3624 2793 3683 3023
Rests8 2201 4908 2251 4979
Single_barline 3816 5237 3850 5379
16_6 2625 2793 2697 3019
16_8 1223 1857 1300 2104
4_8 3420 5216 3472 5382
Rests8 3020 3910 3070 3985
Single_barline 3815 1248 3850 1390
Single_barline 335 5237 363 5378
Rests8 805 918 854 989
Single_barline 3817 3873 3850 4018
Rests8 2348 919 2397 989
16_8 2019 1860 2092 2104
Single_barline 3817 2878 3850 3017
Rests8 1348 1917 1395 1990
16_6 3426 2793 3499 3019
Rests8 553 3910 604 3981
Rests8 1356 2915 1404 2987
16_6 831 1875 903 2072
Single_barline 3816 4241 3850 4380
Rests8 1350 4908 1400 4981
Rests8 3084 919 3132 991
Single_barline 3816 3245 3850 3384
Gclef 372 2822 474 3080
Rests8 553 2915 603 2986
Rests8 1359 3910 1408 3983
Rests8 553 4908 605 4979
Rests8 3015 4908 3066 4980
Rests8 3023 2914 3073 2987
Rests8 553 1916 605 1987
16_6 2607 876 2676 1075
Gclef 373 1826 473 2082
Gclef 547 829 643 1088
Gclef 372 4816 472 5076
Fclef 363 4235 473 4385
Fclef 364 3239 473 3390
Fclef 364 2241 474 2394
Fclef 364 5232 473 5385
Fclef 538 1244 643 1395
