Single_barline 2325 3166 2363 3307
2_-4 1457 4036 1522 4268
Single_barline 3263 2014 3306 2155
Single_barline 1989 2014 2024 2154
8_10 1520 5134 1593 5332
Natural 2345 3162 2397 3283
Single_barline 843 4036 876 4180
2_-1 905 4031 961 4217
Sharp 3286 2014 3334 2133
2_-3 498 4610 565 4841
Single_barline 702 2019 737 2153
D_S 336 478 419 639
Single_barline 3360 4037 3393 4180
Single_barline 1017 4618 1050 4751
Single_barline 3189 2591 3225 2730
2_-1 3423 4033 3479 4220
D_S 337 1085 422 1247
Single_barline 1096 2590 1128 2728
Sharp 1120 2586 1164 2696
2_-1 3699 3159 3757 3347
Single_barline 1256 1137 1297 1284
2_-1 1889 2583 1947 2770
Sharp 2015 2012 2062 2127
8_10 2101 5134 2171 5332
8_9 3351 3124 3408 3344
Sharp 729 2013 775 2128
Sharp 3218 2588 3261 2700
D_S 336 3981 419 4143
D_S 339 5131 423 5292
8_9 1443 4575 1515 4758
8_8 862 5168 915 5332
8_9 2060 3125 2113 3312
Final_barline 3898 1136 3946 1282
Single_barline 1021 5189 1056 5328
4_6 499 531 557 696
Single_barline 3633 3162 3669 3307
8_10 3815 4560 3891 4759
D_S 337 4559 420 4718
8_10 766 1084 826 1287
8_9 2347 4001 2415 4183
8_9 1449 5147 1503 5336
8_11 2766 2515 2826 2738
8_10 3126 4559 3205 4759
Natural 2856 2516 2892 2635
8_9 2895 2550 2948 2735
8_9 908 1102 962 1289
4_11 1658 5113 1727 5334
Natural 2021 3090 2057 3206
Single_barline 2592 4038 2627 4180
Single_barline 1820 2590 1856 2730
Single_barline 3232 4615 3266 4753
8_4 2084 532 2139 709
Single_barline 3234 5188 3269 5327
Single_barline 1944 4038 1978 4179
Single_barline 1674 3166 1708 3306
Single_barline 2641 2014 2680 2156
Gclef 216 5115 310 5385
Single_barline 2186 5189 2220 5327
Single_barline 2991 3162 3026 3308
4_11 3293 4541 3357 4758
Natural 2887 492 2922 612
8_9 2604 5148 2658 5334
Single_barline 3231 535 3265 674
Natural 872 1064 905 1181
8_11 2276 2516 2335 2736
Single_barline 2482 2592 2514 2729
4_11 2605 4540 2671 4759
Single_barline 1779 535 1813 674
8_10 2661 2534 2723 2735
Single_barline 1400 4039 1434 4180
Single_barline 1607 5189 1641 5327
8_11 2239 1066 2301 1288
Natural 1435 495 1470 611
8_7 3740 4032 3798 4186
8_8 3818 4017 3891 4184
8_10 498 1083 559 1287
8_10 1570 3107 1647 3313
8_9 857 3125 915 3341
Single_barline 2763 5189 2796 5327
8_8 3796 2567 3876 2769
8_9 931 5148 999 5332
4_11 2237 5113 2305 5335
Sharp 1927 565 1977 679
8_9 649 1100 702 1287
Rests8 3814 5226 3860 5298
Single_barline 2801 1137 2838 1281
8_8 2269 4018 2326 4185
8_11 1489 3096 1550 3314
8_9 559 3124 616 3341
4_8 3098 5169 3153 5333
Sharp 2504 2516 2552 2631
8_8 1300 4017 1370 4184
8_10 2367 2535 2442 2736
4_6 3673 5184 3727 5350
Sharp 596 1068 643 1178
Flat 336 3166 375 3261
8_10 2445 4558 2517 4757
8_5 2187 532 2243 704
Single_barline 1034 3163 1070 3303
Rests4 798 546 845 658
8_11 1941 3093 2000 3310
4_10 3468 4558 3534 4759
4_10 1802 5132 1868 5335
8_9 2025 5148 2081 5338
8_5 1456 1135 1511 1290
Rests4 1946 4625 1993 4737
Single_barline 1707 4613 1744 4753
8_8 3449 3143 3504 3345
8_8 2987 1992 3043 2161
8_9 1845 4001 1917 4183
8_9 3733 4574 3787 4759
Single_barline 2494 536 2528 673
8_8 3718 515 3772 680
8_10 2121 1085 2185 1289
8_5 3264 2588 3320 2772
Single_barline 3912 4612 3945 4753
8_7 2506 3159 2563 3344
8_9 3804 498 3875 682
8_7 454 3160 511 3344
Sharp 1698 3091 1745 3204
8_7 1132 1135 1200 1286
8_10 2666 1087 2746 1287
Final_barline 3886 5185 3941 5328
8_7 2379 532 2449 694
Single_barline 2546 4615 2579 4751
8_8 1812 1120 1868 1287
8_6 3164 2010 3232 2159
8_8 1701 2567 1777 2773
4_9 499 5149 553 5333
Single_barline 3913 4037 3946 4178
4_10 2381 5132 2446 5335
Single_barline 3912 2012 3948 2156
Gclef 215 1069 311 1338
4_6 3290 5184 3345 5348
8_8 2536 1989 2610 2197
Flat 336 2012 376 2112
Single_barline 1357 2013 1393 2155
4_9 2819 5149 2874 5334
8_7 751 3159 808 3343
8_8 1365 4593 1419 4758
8_5 1665 532 1738 688
8_8 1523 1989 1581 2196
Single_barline 2043 1139 2082 1282
4_7 633 5185 691 5331
8_7 776 5183 832 5333
Flat 336 2588 375 2684
8_8 1027 1119 1083 1288
8_9 3733 1977 3792 2197
Sharp 1192 497 1238 608
8_9 3159 3124 3217 3345
4_6 1212 5183 1267 5345
8_6 2292 531 2347 700
8_8 1941 5166 1996 5335
8_7 1472 532 1526 681
8_5 2697 3158 2756 3345
8_9 1613 2552 1672 2771
Rests4 3431 5201 3477 5310
4_6 2877 1134 2932 1303
8_8 1365 5166 1418 5337
8_7 3441 2010 3498 2196
8_10 1846 3106 1907 3311
8_10 1201 3108 1263 3311
8_7 3529 3159 3599 3345
4_8 1077 5166 1133 5334
8_5 1170 2588 1223 2771
8_9 2460 1975 2517 2197
Single_barline 3913 533 3947 673
4_10 2783 4557 2848 4759
Sharp 2645 497 2690 608
8_9 2360 4576 2415 4759
8_8 1346 514 1399 682
4_6 1772 4608 1828 4774
8_9 911 4574 983 4757
Rests4 3731 1149 3781 1265
8_10 2677 5133 2747 5333
4_-1 2915 4033 2971 4218
Single_barline 3913 2589 3947 2733
8_7 1694 1135 1749 1286
8_10 1393 3109 1457 3311
8_9 1749 3125 1803 3311
8_3 1978 529 2034 716
8_5 2064 2011 2119 2198
8_6 1575 532 1632 685
8_6 604 2011 672 2160
8_9 2556 2550 2610 2737
Gclef 216 4541 310 4813
8_7 881 2009 938 2196
Gclef 215 464 311 734
8_8 1712 1989 1768 2197
8_9 1173 1976 1232 2196
8_8 1770 4018 1824 4187
8_8 2521 5167 2573 5334
8_5 2553 1136 2609 1289
8_8 782 2566 841 2771
8_7 2143 3160 2198 3311
8_6 1334 1132 1391 1294
8_7 2744 4033 2800 4188
4_-1 3541 1134 3599 1322
8_7 1270 4608 1322 4757
8_6 1133 4034 1188 4185
8_7 3612 531 3667 681
8_8 832 4592 887 4758
8_3 966 2010 1024 2196
8_5 776 2012 834 2199
8_4 1843 531 1901 724
8_7 2450 1135 2506 1288
8_5 2402 3162 2456 3346
8_7 3630 2009 3687 2197
8_9 1914 1102 1987 1288
8_3 3525 2010 3585 2197
8_8 2265 4592 2319 4759
8_6 3698 2585 3755 2770
4_-1 638 529 695 715
8_7 3187 4033 3241 4187
8_3 645 3160 701 3344
8_8 1096 3141 1152 3312
8_7 2925 532 2978 681
8_6 3078 2586 3147 2736
8_7 3083 2009 3139 2158
8_6 1576 1135 1631 1288
8_5 3593 2585 3650 2770
8_6 3507 530 3563 692
8_7 1242 531 1296 680
8_5 3121 531 3186 687
4_3 2438 4003 2494 4183
8_7 1808 2009 1863 2197
4_-1 3041 1135 3099 1322
8_8 570 2565 629 2771
8_7 1224 4032 1279 4183
8_3 1379 2585 1437 2771
8_3 3476 2586 3533 2770
8_3 2252 2011 2309 2197
8_8 533 1994 587 2160
8_8 2951 4594 3004 4758
8_6 1885 2009 1958 2197
8_6 2653 4034 2709 4186
Gclef 215 3093 310 3359
8_7 928 3159 999 3344
8_7 3382 2586 3440 2769
8_6 577 4034 631 4185
8_6 454 2584 511 2771
8_8 3636 4593 3692 4758
4_3 1542 4577 1597 4758
8_4 3298 531 3352 716
8_6 3028 533 3083 683
8_7 1070 2009 1125 2196
8_7 2986 2586 3041 2735
8_3 3246 3161 3303 3344
8_8 1109 512 1164 681
8_7 1286 2585 1342 2770
8_6 977 2584 1053 2772
8_8 744 4017 813 4184
8_9 3045 4575 3101 4760
8_6 3652 4034 3706 4188
8_8 2798 513 2853 679
8_7 2167 2009 2225 2195
8_8 2799 1992 2855 2160
8_6 3096 4033 3151 4186
8_7 3055 3158 3111 3346
8_8 3812 1989 3888 2196
Rests4 3231 1150 3279 1263
8_7 2355 2009 2412 2196
8_9 2346 1101 2401 1288
8_5 3403 531 3458 704
8_8 2820 4017 2889 4183
8_7 2180 4032 2234 4184
8_7 737 4609 791 4760
8_8 2561 512 2615 680
8_6 2884 2010 2938 2159
8_6 1419 2010 1476 2197
8_7 1681 4032 1733 4185
8_7 668 4032 721 4183
8_7 2704 2010 2759 2158
4_3 2008 4002 2063 4182
8_8 1249 1990 1324 2196
8_3 2593 3160 2652 3345
8_8 2880 3144 2957 3344
4_7 2955 5185 3010 5332
8_7 1497 2585 1554 2771
8_6 1288 3162 1342 3311
8_7 2694 530 2748 679
8_7 888 2585 945 2771
Gclef 215 3970 310 4235
8_6 2226 3161 2295 3312
8_8 3264 4017 3332 4185
Gclef 215 2518 310 2786
8_3 1606 2010 1665 2195
4_3 1082 4577 1138 4759
8_5 3338 2012 3394 2199
8_6 2794 3160 2850 3347
8_3 664 2586 722 2771
Gclef 216 1944 309 2210
