8_10 1744 4040 1813 4236
8_10 654 3014 778 3223
8_10 2264 5018 2385 5264
8_13 1465 4982 1526 5273
8_12 1877 4001 1937 4240
8_14 1542 3973 1604 4245
8_12 1471 4004 1530 4242
8_10 2853 3028 2918 3225
8_12 3776 4510 3837 4780
8_10 858 3512 931 3710
8_10 2352 3029 2429 3226
8_10 3840 3026 3911 3228
8_10 1766 5011 1827 5274
8_10 2019 4005 2081 4244
8_12 2638 4510 2702 4746
8_13 1956 4989 2015 5260
8_10 799 3002 862 3230
8_13 2293 2977 2356 3228
8_13 718 3989 781 4245
8_13 2983 4495 3044 4742
8_10 2021 5024 2087 5273
8_12 1613 4004 1673 4245
8_11 781 4022 847 4239
8_8 2913 4074 2979 4244
8_3 3524 3560 3590 3746
8_13 2974 2975 3041 3227
8_12 1277 5001 1338 5268
8_13 1138 2975 1202 3230
8_12 2791 4509 2857 4746
8_8 2010 3547 2062 3762
8_10 1333 5029 1405 5265
8_10 1817 5031 1897 5266
8_10 1683 4005 1743 4244
8_9 2212 4561 2268 4746
8_10 1535 5030 1595 5267
8_12 2789 2994 2850 3226
dot 2727 4168 2755 4196
8_12 2487 2993 2549 3225
8_12 2487 4511 2549 4743
8_10 682 808 745 1024
8_10 2854 4048 2913 4260
8_10 1685 5030 1746 5268
Single_barline 3090 3561 3128 3709
8_13 496 4983 557 5231
dot 3777 1825 3807 1855
8_13 990 2973 1052 3227
8_12 497 2993 560 3227
8_10 575 3510 638 3713
4_13 2446 4982 2510 5228
8_11 974 4023 1033 4243
2_-1 3755 5082 3814 5269
8_10 862 2549 924 2742
8_13 901 3991 964 4240
dot 2725 4063 2754 4092
8_8 3202 836 3278 1042
Final_barline 3886 5085 3940 5228
Single_barline 926 5085 962 5230
Sharp 3484 3595 3531 3705
8_9 1528 822 1584 1003
8_7 1983 853 2050 1002
dot 3817 5225 3847 5257
8_8 2219 4072 2283 4242
8_11 1190 4023 1249 4242
Single_barline 3418 4598 3456 4740
8_13 1047 3990 1109 4243
4_13 1461 3459 1524 3711
8_10 3036 4045 3094 4238
8_10 2175 5030 2239 5267
8_7 3847 4086 3910 4239
8_11 1122 4024 1179 4241
Rests8 585 4131 627 4201
8_11 1985 4526 2050 4744
Single_barline 1070 1821 1108 1967
8_8 1353 4575 1423 4780
8_4 2539 3561 2604 3746
Single_barline 1321 2599 1359 2741
8_10 722 3509 784 3710
8_9 3837 2562 3901 2743
Single_barline 3910 2593 3949 2739
Single_barline 3451 4091 3488 4237
8_12 1277 3476 1337 3711
8_11 2292 4527 2353 4745
Single_barline 1842 2598 1881 2742
4_4 3652 3559 3706 3746
8_7 652 4593 708 4762
8_9 2631 3046 2687 3227
Single_barline 3912 4090 3949 4237
8_10 3546 3026 3608 3226
Single_barline 3307 859 3347 1001
8_8 3470 4573 3527 4780
8_9 2059 4561 2115 4746
8_10 1488 4545 1550 4742
8_11 3450 2527 3515 2745
8_9 1253 4055 1315 4241
Single_barline 3212 1341 3251 1484
Single_barline 3595 3561 3636 3708
8_12 986 3476 1046 3709
8_10 1848 3027 1924 3230
8_10 567 5034 626 5231
8_6 645 4089 702 4246
Single_barline 1321 4093 1358 4237
8_5 3209 3561 3264 3718
8_10 3339 3027 3413 3229
Single_barline 1462 859 1502 1000
8_8 3316 2575 3380 2746
8_11 3768 2525 3831 2745
8_9 3472 3044 3528 3228
dot 1904 1344 1934 1376
8_11 2140 4526 2203 4744
8_10 3199 3026 3260 3229
Single_barline 1107 1342 1146 1485
Single_barline 2509 1342 2548 1484
Single_barline 2987 4091 3023 4235
Single_barline 2145 3562 2182 3710
8_8 1857 4578 1922 4744
8_10 2728 2545 2795 2778
D_S 338 5030 420 5193
Single_barline 937 4597 974 4742
8_7 3568 4089 3623 4240
8_6 2065 3560 2136 3750
8_10 3133 807 3200 1043
8_9 3500 4058 3555 4240
Single_barline 3418 3080 3457 3225
8_10 3697 3027 3759 3228
Single_barline 2354 2598 2391 2740
Single_barline 3394 2599 3432 2741
8_10 1643 4544 1703 4743
8_10 1795 4544 1855 4744
Single_barline 3006 1822 3045 1968
8_6 3378 4087 3442 4239
8_7 3141 3559 3196 3713
8_5 3353 3562 3408 3731
8_10 568 3022 630 3226
Single_barline 938 3083 973 3223
Single_barline 1436 4597 1475 4740
8_8 751 836 824 1009
Single_barline 2689 859 2728 1000
8_10 3056 4542 3115 4744
8_11 3609 2527 3674 2746
8_9 1785 3045 1841 3229
8_9 3773 3046 3829 3228
Rests4 3835 3575 3882 3687
8_7 3286 3560 3341 3722
8_8 725 2577 792 2748
8_10 1349 3027 1423 3228
Single_barline 810 2598 844 2739
Single_barline 2613 4090 2652 4234
Single_barline 856 859 893 999
8_10 1295 4543 1357 4776
Single_barline 3652 1821 3692 1966
8_9 707 1304 765 1488
Single_barline 2614 3562 2651 3708
D_S 337 803 419 963
8_10 3607 1286 3672 1490
8_8 3126 4577 3181 4744
Single_barline 2081 858 2119 1000
Natural 1432 3967 1465 4087
8_9 3715 1305 3771 1488
8_10 1339 3509 1407 3711
8_10 2855 4549 2923 4742
Rests8 1870 3600 1917 3673
Rests4 3748 3573 3793 3685
Single_barline 1929 3082 1967 3224
Single_barline 2363 1823 2400 1967
8_5 3555 1821 3621 2018
8_10 1200 3508 1260 3712
8_10 3250 2545 3312 2743
8_4 1231 1821 1288 2003
8_7 1898 2594 1953 2753
8_9 3369 1785 3426 2004
8_10 3693 4542 3756 4776
8_10 2160 4043 2217 4241
Single_barline 2290 4091 2329 4236
8_9 3686 2562 3742 2744
8_9 1129 3527 1184 3709
Single_barline 3912 3080 3948 3223
8_8 3458 836 3515 1006
8_9 2358 4560 2420 4744
8_10 2556 3027 2615 3227
Single_barline 2875 2600 2913 2741
4_9 2342 4055 2399 4242
Rests4 3611 5098 3661 5209
8_8 939 2577 993 2744
8_8 977 5068 1032 5265
8_7 3016 3558 3079 3711
8_7 1761 2595 1825 2742
Natural 1840 3969 1875 4082
8_10 2725 1772 2788 1970
D_S 339 1768 422 1927
8_8 3167 2577 3222 2745
8_7 3617 3077 3672 3226
8_9 3526 2562 3582 2744
8_10 3369 805 3435 1005
8_9 1483 3045 1540 3227
Single_barline 1714 1822 1753 1968
4_6 3719 1817 3774 1992
Single_barline 2432 4599 2469 4739
8_3 576 855 634 1048
Single_barline 934 3561 970 3707
8_10 2557 4545 2617 4745
Rests4 1779 3576 1826 3688
8_10 915 805 980 1004
8_9 3279 4562 3334 4743
8_8 3802 1320 3877 1489
D_S 337 2541 418 2704
8_9 1377 2562 1432 2744
8_8 3649 837 3705 1005
Single_barline 2925 3083 2962 3224
8_7 3339 4595 3402 4744
Gclef 216 5016 310 5282
Rests4 1562 3574 1609 3690
8_10 3047 3025 3108 3229
8_10 1196 5032 1255 5267
8_9 787 5049 841 5231
8_5 3493 1340 3548 1490
8_7 3710 4088 3766 4239
8_3 860 4593 923 4779
Single_barline 1908 5087 1941 5227
8_10 3181 4043 3239 4239
Single_barline 1815 4092 1853 4236
8_9 2956 3530 3011 3710
8_10 2710 4545 2771 4744
8_8 3744 837 3802 1006
8_10 1053 3510 1113 3709
8_9 499 1785 553 1970
Single_barline 1431 3082 1467 3224
8_10 1108 805 1173 1003
8_8 2195 3544 2250 3718
Single_barline 3912 4595 3949 4741
Rests4 2437 4104 2484 4218
8_9 2666 3527 2720 3711
8_10 3561 806 3627 1002
8_9 2823 1786 2879 1971
8_10 661 2547 724 2762
8_6 646 3560 698 3712
8_7 1452 2595 1506 2743
8_7 2146 854 2202 1013
8_6 3819 854 3886 1005
Single_barline 1416 5086 1450 5228
8_8 636 5067 691 5232
8_6 3540 4595 3595 4779
8_8 3005 2577 3060 2745
Rests4 3520 5096 3570 5209
8_10 3835 4544 3911 4778
D_S 338 1287 421 1445
8_10 2090 4040 2149 4241
Single_barline 2433 3079 2469 3224
8_10 1061 3029 1120 3229
8_6 1046 5085 1101 5266
Rests4 3185 5097 3235 5208
8_8 3321 4075 3373 4240
8_10 1212 3027 1270 3228
8_10 2929 2545 2993 2743
8_10 2708 3028 2768 3227
Single_barline 3698 5086 3740 5231
8_9 3787 4056 3844 4239
Single_barline 1934 4599 1971 4740
8_3 2779 4085 2835 4288
8_6 1243 2594 1308 2743
Single_barline 1774 1342 1811 1482
8_10 2064 3026 2126 3228
8_10 1945 4040 2006 4242
8_8 2788 2574 2861 2780
8_8 3268 3061 3323 3229
8_3 2274 2593 2339 2779
8_3 3456 1818 3513 2010
D_S 338 3511 421 3669
8_8 1715 4576 1768 4744
8_8 3106 4073 3159 4241
D_S 339 4544 422 4702
8_5 3426 3559 3481 3736
8_7 1612 854 1668 1002
Single_barline 2932 4598 2969 4739
8_8 2341 3545 2397 3727
8_3 3029 856 3087 1041
Single_barline 855 4092 889 4234
8_10 1559 3027 1620 3228
8_6 970 1821 1037 1970
D_S 339 3026 422 3186
8_6 2409 2595 2468 2781
D_S 340 4037 421 4194
8_8 1283 3061 1336 3229
8_10 1710 3028 1769 3228
Single_barline 1731 3561 1768 3708
8_8 1005 837 1060 1005
Single_barline 1413 3561 1448 3707
8_8 1562 4576 1616 4744
8_1 1933 3561 1987 3789
8_6 2263 3559 2316 3724
Rests4 1647 3574 1698 3687
8_9 498 1306 554 1487
8_8 1144 4575 1199 4777
8_10 3091 2545 3155 2742
8_8 1177 2579 1232 2744
8_8 2569 2577 2627 2779
8_5 798 4596 852 4774
8_9 1698 2563 1752 2743
8_8 2903 1805 2975 1973
Single_barline 3911 857 3947 999
8_3 2590 855 2658 1042
8_5 1132 1818 1189 2007
8_8 790 1803 844 1970
8_8 3250 4073 3301 4240
Rests4 3276 5097 3325 5208
8_9 1538 2562 1593 2744
8_9 3073 1787 3128 1980
Single_barline 3031 5087 3066 5227
8_9 3644 4056 3700 4239
8_7 847 5085 910 5231
Single_barline 3910 3561 3948 3710
8_5 569 4596 625 4757
8_5 2516 855 2572 1035
8_5 2620 1823 2673 1972
8_7 1803 854 1859 1002
8_5 1479 1339 1536 1513
Rests4 2552 5096 2600 5209
8_5 1268 1340 1325 1501
8_6 991 4594 1045 4779
8_6 2944 853 3003 1040
8_8 2903 1322 2961 1524
8_3 1607 5083 1661 5268
8_6 2408 3561 2462 3735
8_7 693 1820 747 1968
8_4 1876 1820 1934 2004
8_9 2812 3529 2866 3710
8_8 3118 3062 3172 3228
8_3 3612 4596 3667 4777
8_8 2078 1805 2136 2007
8_8 1982 3059 2038 3230
8_7 1629 3078 1683 3227
Single_barline 2395 5086 2431 5228
8_10 1023 2545 1084 2741
Rests4 498 4104 542 4215
8_6 3390 1339 3443 1489
8_4 2683 1337 2740 1522
8_3 2483 2595 2539 2779
8_7 887 1820 942 1969
8_7 2335 856 2392 1026
Single_barline 3911 1341 3948 1485
8_6 2753 854 2812 1044
8_8 1097 2575 1153 2743
8_3 2838 854 2896 1041
8_7 1612 2596 1666 2742
8_6 2480 3560 2535 3739
8_8 1291 837 1347 1005
8_7 1386 1338 1443 1507
8_6 1364 855 1431 1004
8_7 1178 1338 1233 1496
Single_barline 3366 5087 3401 5228
8_7 2426 1820 2483 1971
8_8 596 1803 650 1970
8_5 720 4594 775 4768
8_8 499 3544 555 3711
8_7 499 4595 554 4752
8_9 918 1306 973 1488
8_5 2420 855 2477 1031
8_3 2097 5083 2150 5267
8_7 3283 1339 3339 1489
8_10 2216 3028 2275 3228
8_6 2523 1818 2580 1973
8_3 1059 4596 1116 4777
8_8 1431 1805 1489 2006
8_6 1215 4597 1270 4778
8_7 2307 1340 2363 1487
8_7 2058 2594 2112 2763
8_6 2133 3080 2188 3229
8_6 1612 1819 1683 2006
8_8 3168 1803 3225 1987
8_5 1584 1338 1640 1519
8_7 2177 1819 2234 2006
Gclef 215 3013 311 3277
8_8 1197 837 1251 1005
8_7 999 1338 1065 1487
8_8 2203 1321 2258 1488
8_5 2131 2597 2186 2769
4_6 1845 1339 1900 1504
8_5 2210 2595 2266 2775
8_6 3100 1340 3172 1524
8_9 1909 822 1965 1003
8_6 3197 4595 3251 4745
8_3 1114 5084 1169 5267
8_6 2398 1341 2468 1488
Single_barline 2744 5087 2778 5227
8_5 1971 2595 2027 2757
8_3 1665 1338 1735 1520
8_6 2644 2595 2700 2781
8_3 2787 1339 2844 1523
8_7 2732 3559 2787 3710
8_5 2231 855 2287 1018
8_7 2879 3559 2933 3711
8_5 1780 1819 1835 2007
8_7 3010 1340 3067 1522
8_5 2577 1339 2633 1524
Gclef 216 1271 310 1539
8_7 3265 1820 3321 1995
8_3 1972 1819 2029 2005
8_3 576 2596 632 2793
8_9 1718 823 1774 1003
Gclef 217 1753 310 2019
8_6 707 5083 761 5232
8_6 2260 1819 2331 2006
8_7 801 1338 856 1486
8_7 1529 1820 1587 2005
Gclef 214 4527 311 4796
Gclef 215 2529 309 2796
8_3 1327 1820 1383 2004
8_7 591 1339 646 1486
Gclef 215 3497 311 3761
Gclef 214 789 311 1056
Gclef 215 4025 311 4293
